0.113589302681536
0.082777145826477
0.110670663552351
0.0788977371120916
0.0788092782636679
0.0675307351260206
0.0919254334269139
0.0890162256798949
0.121747620982581
0.10979061709609
0.0910419404712871
0.0924771283196946
0.082512526816009
0.078618714643015
0.196862596364439
0.0819551896604388
0.0740631699459578
0.073326429355591
0.0788843942999741
0.0615344015323122
0.0776867686521206
0.0568946938579213
0.0989504833811685
0.0817411392853594
0.0818565943990782
0.0987124027531335
0.0681473991355328
0.0935395708777253
0.107332655823246
0.129069090032803
0.100416559087686
0.0776551570330071
0.124313898520621
0.0870329411034753
0.278910091951115
0.0729321976464554
0.103085039923671
0.140701187372186
0.150305553254055
0.0732637999892805
0.275332294304732
0.140253542724902
0.0883628967201359
0.0728690296195256
0.134165638795594
0.093080109387302
0.103792303410779
0.0769700271580318
0.0948992413959333
0.0671098792659128
0.0850655471102277
0.105878320773717
0.0945129564962585
0.109885736826437
0.0707135333354284
0.0909196999945024
0.0861025353876425
0.0840854235148289
0.15803583669509
0.0989127936116847
0.117948959561015
0.0772647576559267
0.0857024660621231
0.0882514393476161
0.0795019519549503
0.0744950605125232
0.0833116182621521
0.087626605000821
0.0819250104060589
0.0972503270551077
0.0852775906592667
0.10255742533743
0.112114255680275
0.0692104967062693
0.0836203953395231
0.100078104628569
0.114168388812015
0.0961766519588344
0.101613367608119
0.0742097335723867
0.108040135269153
0.0724587896449659
0.099734643260374
0.0661335308542925
0.114055389788191
0.0744056011295055
0.0853760510505914
0.101265732057118
0.073524586438787
0.0880680840186102
0.0814186118891579
0.0670236256411352
0.0744034909175393
0.0980853983562457
0.080029849732733
0.059628278018658
0.0677415898707279
0.091710432930891
0.0729293127276884
0.112108365474986
0.133987794949154
0.07315672814538
0.0792669315532838
0.0773099520615137
0.102572842079752
0.088027245235962
0.0885227759320102
0.103401446003489
0.117767789394248
0.0854821221668265
0.0983024445209612
0.079411232960219
0.0966228628861478
0.0591745298784214
0.112005656635372
0.143197253098487
0.092456731256914
0.0915140013644809
0.0856457549288509
0.098810319467284
0.0841269480163131
0.101546416656698
0.165506427004803
0.0989001645088298
0.0770552840035929
0.0786469566902469
0.0980077508216377
0.0875529091647363
0.0651784234577454
0.0596596471567983
0.108172715920146
0.0696981704152366
0.0703648107290528
0.0894244633738799
0.0759652035999096
0.0787380594469176
0.101121903545139
0.142504824652486
0.0588668251649091
0.0860606599931923
0.110936862139142
0.0949607619124738
0.0952011004377026
0.0774393692298666
0.0790140452962445
0.0748978889444845
0.0659977766235714
0.0686441603956384
0.0837917667439115
0.0684987000495843
0.104344624706708
0.0993091551151357
0.113693400605786
0.104159467045434
0.0840666978445192
0.107235197167421
0.123339393193775
0.0964302283481196
0.0903544859899516
0.0784644684839847
0.133560021038589
0.207612266460571
0.142158552815855
0.0880724756216262
0.101062518209632
0.120898362226856
0.102635827775704
0.0819292581164602
0.0855090797323749
0.0958533368365651
0.101621748838901
0.0936795911106401
0.12859121571261
0.103692771362947
0.0971638923808635
0.075561796792101
0.0836641094950364
0.0911811392234872
0.12518794559351
0.0762353145183393
0.115633385022175
0.0962214537845708
0.081654300619479
0.0639437665426503
0.124391861154134
0.086232796215088
0.0942944823851465
0.0827148234887163
0.123541998016427
0.0673158729303964
0.0650176503329677
0.0978620747109276
0.0990194650466213
0.208065358397906
0.0741686998437003
0.156326260759411
0.105625912344893
0.0932024461139858
0.128785409379981
0.11053026579683
0.115988707015671
0.0728115173960395
0.0832912808254356
0.0906004864103239
0.103673054656362
0.0803929296012377
0.0702141968700575
0.123558603586097
0.0778534763988581
0.0929048680716184
0.140905130136225
0.0580829242326398
0.0914105873749082
0.0849049012259986
0.122980991102449
0.0827522058989144
0.107825207409503
0.0900228543644922
0.0727237493180026
0.0755941105425613
0.128811823197739
0.0937439594925147
0.109230877443221
0.0899074107893793
0.0655545019166293
0.144597379310262
0.135173837307009
0.0921828161310072
0.0879707476488971
0.0828865507459591
0.0805471539761474
0.0681134896984229
0.0808897197429347
0.118651533998865
0.0802694047869801
0.0940947678953186
0.113112036056856
0.0979507800381938
0.0882838418817758
0.11054414446186
0.0849833085545254
0.0867497505458925
0.148829702870761
0.0766304031257407
0.0907543940510841
0.0887724301033255
0.121197094446902
0.0757631934068171
0.0818314432266236
0.0673999173984562
0.101495110786516
0.0805246952295536
0.11471661709027
0.0982286071010509
0.0815390454796816
0.123333589439277
0.121356134859865
0.104718460378404
0.0772578090111515
0.140299699965291
0.117977506434726
0.106707926474418
0.0979866982699352
0.0648371582052186
0.128820259366233
0.105511177026138
0.0810804200200973
0.129521301406867
0.0898448315953904
0.0842522483630883
0.0762428406227735
0.0872034752107217
0.0917168641047664
0.0899691981503152
0.0836148014920978
0.0704975910190453
0.103139513179653
0.0717184817122768
0.0835441253453886
0.0988741710384045
0.0518000334025776
0.0757695445275556
0.0924728142848601
0.0763295594198189
0.158756137938518
0.0662434257076381
0.128241133877035
0.0728550055375466
0.0991841863020998
0.0893964276303671
0.109026198315046
0.106122542373795
0.0880308905661913
0.0529679632337156
0.0943252022459314
0.102269514647145
0.101830257915629
0.124626498621331
0.0756618917341671
0.0830708875638518
0.0734110900011043
0.0599237309650898
0.0884862984544944
0.0843630374647618
0.11189457848346
0.103140977463128
0.110186837567536
0.0787026696274921
0.0956741812006726
0.0785589618193817
0.0874931072727203
0.112816252638908
0.0660042097588924
0.0814694725724865
0.0819223884999957
0.0701174515834247
0.140351930100117
0.0719409729700281
0.0942042818828066
0.105235850850368
0.110943211230152
0.0942432695577087
0.0672482869335071
0.114735258023829
0.063857341834329
0.0824367448787755
0.0735378752481771
0.0844694939759029
0.103606031813032
0.136736816379367
0.0645050739273648
0.12507691925792
0.0960713933201953
0.124941008465158
0.111493026499976
0.0718361400549562
0.0758562304679247
0.0706138080043779
0.0590065586080753
0.0696104842372381
0.165003451423225
0.15286076580129
0.183780873801708
0.109360801592163
0.134083927423285
0.0898774779886246
0.0640597597964854
0.0718530092799018
0.0705110417510283
0.079742474089375
0.119515363212781
0.0898418086521008
0.112674781003158
0.0924150883171081
0.0770402287798942
0.121254876479936
0.129529888227332
0.172721073088645
0.144227083366475
0.0686522620847161
0.088647621004042
0.123399274318321
0.0816492776474942
0.0619149893294791
0.100768922849211
0.0888313793330002
0.0932002104719892
0.0848229262813685
0.168194956364851
0.079806904905962
0.0869267669764996
0.101154983970811
0.109238669760186
0.0884225764751742
0.0731017720336553
0.0997463142348777
0.0682837476282147
0.0963723970756136
0.0792421195178601
0.0694678990212684
0.107515619458473
0.0547309655831755
0.0991117450033305
0.114848811258525
0.124909221745885
0.0605015246640816
0.116082368439572
0.0663492749506532
0.109667663576655
0.0877820178484104
0.107483187278247
0.115667837792062
0.0681607830935453
0.0880750901989888
0.0806977655607981
0.0832944786353196
0.0734175114436406
0.0859249039755366
0.0868933226655448
0.128556722596328
0.116455359427381
0.0895343144019168
0.10004325728674
0.0719518681346537
0.0737257356722399
0.135898109056457
0.0651958979753626
0.089029177913988
0.0933371894399481
0.107828759006242
0.0892070006498686
0.0686900504147639
0.071230684785267
0.0610144700942434
0.09210170487544
0.0819556607066513
0.0877888929014103
0.0912470251359239
0.0735891535851263
0.156033552723435
0.0820494629453801
0.112212240944206
0.151020257125905
0.142128064906988
0.123440940824963
0.0963025606926456
0.10635461694944
0.107168269989315
0.0743886620442636
0.102086459770458
0.0751435274290187
0.0958260817006046
0.107214115152789
0.0734749855985982
0.062786277558841
0.0749876686690656
0.0732486552742514
0.0723636556588213
0.124614977173072
0.0778434800675154
0.0741526641529931
0.0970044874596916
0.0686739621453286
0.109424883661761
0.113080694496943
0.131435091538304
0.095725103070493
0.0708114036363828
0.0672015972491809
0.0972917981948209
0.0664623230289108
0.0885417738043036
0.0842472044582883
0.14290577864207
0.0865628463930061
0.065982001260091
0.143601584513779
0.138601297868578
0.0844591124146725
0.0757319571041012
0.0751722036884408
0.107090159664398
0.120633969512563
0.111899892411309
0.0727211098336505
0.0790207230497584
0.109711315835692
0.0822004475673114
0.0877553774843246
0.0621728579994135
0.0870574664387649
0.0801046207918228
0.203997089789201
0.0864959220174124
0.0951594107482463
0.0828121630070479
0.0806904372104455
0.110503807678658
0.0668486299846623
0.116871054693035
0.0866426439206894
0.0905631556872971
0.112983263478509
0.103706023325425
0.0956299214526782
0.0862150587875768
0.114849908582882
0.103929031432435
0.0925881053347653
0.0688877775890667
0.0809053016117747
0.0643657394046813
0.0912957546629377
0.103998272759406
0.0853646410091368
0.0648119494238717
0.0744353943667893
0.0841021074269844
0.0586255701158446
0.101502240498808
0.094783467925902
0.117228217787275
0.0951684662462773
0.118936796146016
0.089036867940825
0.14298859375688
0.104681974847205
0.0908023701557502
0.0854509553144144
0.10837256564656
0.149485750235906
0.0706768405755625
0.11022690773543
0.11494764724886
0.0793704725966587
0.0827267943235723
0.0933370515563831
0.0768266426002405
0.0726703807091377
0.0977028918507646
0.10000764833882
0.12957169406661
0.0799910811780767
0.0705057176799687
0.0876358741859642
0.0679557669600454
0.0768835392734212
0.0767984975759816
0.0861629337531673
0.0844963043976844
0.0744255862521109
0.0715348857352245
0.0960501728611533
0.0822800582859965
0.0895851371924571
0.14580229218588
0.132607688885741
0.125545000258538
0.0934331137968514
0.0788260546049676
0.0576150921576132
0.0874370395347625
0.070867147419068
0.107364227637915
0.0671224540423947
0.110289689533446
0.0681743178630788
0.0976091551532715
0.096525879197722
0.0749037791989018
0.0809861784927927
0.185024757693803
0.0754657678318624
0.135470708486805
0.126070635841552
0.0745675907042201
0.11610567556173
0.0952399740689285
0.104634418063842
0.0674430405719631
0.118204438550237
0.107331504927023
0.101080677599171
0.111468334474423
0.0659930884171629
0.0826436848330383
0.0862751127461984
0.103721512247875
0.0963303800047146
0.11829489489471
0.133309730718247
0.169234397751015
0.153710327879116
0.103590159436954
0.0650211953837039
0.104355810972401
0.0739205307548708
0.0776584560387956
0.0723713431779841
0.108242644829767
0.0615273040000344
0.067082416257466
0.0919876629206005
0.0893768352159091
0.118320128420454
0.0812110609868828
0.11158968373137
0.126583005556765
0.0866340058150912
0.115545207737421
0.0940973331360179
0.214919682110736
0.0681203959793681
0.0919011240182863
0.112648705370243
0.0786356448811551
0.124810008289453
0.11610079987786
0.0834687316254658
0.064296039729992
0.103925873646921
0.0902601082006528
0.0957600608397652
0.101159529856171
0.0906750013602002
0.117551035714156
0.0876498665350742
0.0907490478300596
0.0757328324866417
0.0804175118886192
0.0769945319847799
0.0659711874060799
0.0965594417856127
0.0984165575445636
0.129248583445014
0.124491568161482
0.108059273560407
0.0881751841742661
0.100978064283254
0.113864336094854
0.11545991117412
0.116031918182964
0.0802233337834379
0.0951061414253306
0.0898849989878044
0.20151831950078
0.0622590083199605
0.097140757529818
0.0891306928142181
0.114343551951784
0.104892141154053
0.119653704170785
0.101579940834636
0.0603646639932223
0.0724933766236713
0.0941463672566187
0.0601181720110416
0.0911841360882047
0.0871179462809815
0.079767085935731
0.0850826036311583
0.0679845581590803
0.0888288836978742
0.106413693784332
0.069724202397269
0.085420682934898
0.0641492020792867
0.11749636959975
0.0912167738929979
0.0699998103671541
0.06385627153521
0.0753818039544649
0.107786912997583
0.0641063901173049
0.0827404443498291
0.138601147113883
0.0882313446704402
0.112026697673122
0.0789164962897754
0.130557582791163
0.10294848185543
0.0987943071644262
0.0710651059066874
0.0753652483638541
0.0943449764242017
0.0724465449910412
0.0849385860723098
0.0993602029487379
0.0762080729905251
0.0849373043042543
0.0977223207619246
0.0655719709761416
0.094002417021647
0.0906526559272809
0.0960086542119638
0.0671559410438593
0.0710681455550989
0.0761233168604001
0.0674939448046443
0.100532964355936
0.0823999278439287
0.0747887951945842
0.0686642321556037
0.105658182993994
0.0732641310880835
0.0862972102235615
0.0712144649402105
0.0757246318462775
0.107283837098639
0.0765890914418107
0.09901415905503
0.0932676440960519
0.0885547273339818
0.0731719610480679
0.146271392728682
0.0821843595026013
0.101805814437267
0.0827051838332277
0.088672060767487
0.10366318428057
0.100180463852485
0.0739325885020095
0.0827062659465906
0.11506252384264
0.135889287659509
0.093395581430977
0.0835543335631223
0.223452634177528
0.0692575562917294
0.0614449287824383
0.0736808467643537
0.0528411426427513
0.072607972288342
0.101132116690132
0.113119750071486
0.116145736814938
0.0824058544477966
0.0815217292513466
0.0820562657378509
0.0955612703363069
0.109954358116864
0.0888058723296266
0.0982869254279476
0.0699870761947307
0.0991914767755104
0.13013686811361
0.216254021170416
0.122289456900868
0.0661745480952678
0.0810949212918529
0.0725891733101568
0.0996324128114521
0.131063094229413
0.0936295484457924
0.127348405225815
0.100889988854594
0.0863899199521695
0.0652373381293954
0.078772416458429
0.0907573240161617
0.087987864568594
0.10258189317941
0.074325902326429
0.0908499433147617
0.0617592417872749
0.0688033173771603
0.15053910332475
0.0666772136880315
0.147418433827515
0.0959545833685581
0.0859380246417836
0.0947611616122666
0.0879371914249299
0.101211385968326
0.0815294943298504
0.0641324467825032
0.108359273267207
0.0677735909706637
0.0899465199664734
0.0728950752412961
0.121014400822231
0.120551941780265
0.0720555920977907
0.0908441548209063
0.0748126752906723
0.0781589940485852
0.0627058538514996
0.106077208306188
0.0658421559522022
0.0738910484049112
0.096865388768387
0.0845260246494392
0.0903509085919116
0.0815738124301649
0.0786378241557269
0.0822170139738302
0.143268865670271
0.0921791172705402
0.0786672533598103
0.0869389035961668
0.0885200891272197
0.121194245686206
0.0671345589316721
0.105976666357779
0.115999241354872
0.0953609225447956
0.0777016551311324
0.0634734270386993
0.0653242907746746
0.0691941342484382
0.0799800075585143
0.0844972734182646
0.0730994354447678
0.106952636273168
0.0609847437585071
0.0930775623191005
0.0935290361779026
0.102259834738143
0.0666346362854267
0.0746592859019255
0.104077406628033
0.0736230176847197
0.104074733937359
0.0762447899255185
0.0743784466463428
0.0603251990626897
0.0917113526600898
0.0608315765935227
0.0770590768404168
0.0713230027962376
0.0779440477946808
0.0624569518937872
0.111915665215345
0.0861881967970711
0.0643781374245727
0.0822415737656511
0.0806704417130588
0.0785483213496643
0.137916270971845
0.0709756243816379
0.0654183502128631
0.0642468622970428
0.0654674141213657
0.0739819516947121
0.0820940637056082
0.0661991476532818
0.0976452603932879
0.0877144691251282
0.115947672915779
0.0617448360463584
0.0835913943957968
0.0666369592936082
0.0668876284818255
0.129045542482602
0.093824109199555
0.181949699893791
0.100605003306333
0.0895481649743482
0.0819914790761443
0.0885027406136955
0.110199151735994
0.0866037008036676
0.0667161828119668
0.117527220456462
0.175162715989424
0.0676112905793361
0.0828899887039411
0.0608148603426991
0.0891350649189599
0.0715134952401848
0.0732392670267092
0.0852211079874489
0.0838284483905983
0.0761427144128251
0.0606092409957791
0.0828324937411045
0.0755648932177379
0.0821942096082717
0.100395616986587
0.0601501445506565
0.0627022070565977
0.089624067857023
0.117803896163257
0.139929702783257
0.244242675526718
0.104281638946414
0.0678196375185599
0.13870902382147
0.124186436269612
0.106373441828521
0.112166677702621
0.069207693778487
0.0818777568848326
0.0818887309173919
0.0791121663054834
0.100094796207311
0.0607535070847949
0.0958208756941677
0.095765496727715
0.0886211313060953
0.102378106643696
0.0945168696324799
0.101028255611564
0.0856210755556769
0.0680440439266668
0.114866648565705
0.0820007150218576
0.128336990850068
0.0985040944892753
0.0635191376234435
0.0584731250062197
0.0761591198508209
0.0882098956804264
0.167311767973831
0.0842950018060872
0.100852621800349
0.0703636577461375
0.0819365083637207
0.0814625356298128
0.130617364183891
0.0735325043539705
0.108024599784698
0.0901041902233735
0.110178677680724
0.115521249570933
0.0829294033628397
0.099681148839037
0.0928185038557169
0.084995834023905
0.0920134646431838
0.0619338942002127
0.0641219173197934
0.113174047075854
0.0681531930571383
0.0571064215177721
0.0888285501644373
0.0779239317015907
0.0697995438762877
0.0627089589537937
0.110143735547983
0.0843652766983238
0.133306897346745
0.143148537429886
0.127147153271746
0.0617714942603681
0.0870020302398905
0.129433616351328
0.0831126907996592
0.0693584551113356
0.135408573708382
0.0884065895813828
0.0591386965236746
0.0713111248132511
0.078206713833318
0.0629678750526264
0.0983901499465689
0.104633628104952
0.0945631638942984
0.0785050486211219
0.093037497240519
0.104140993221149
0.138237982301469
0.0746483826993777
0.108048753340977
0.0983906483990602
0.0726585786414008
0.0935449472067272
0.0883200722929509
0.0593507956893435
0.100760109352029
0.0746605814144675
0.0819073754893068
0.186170272210145
0.258219186244548
0.12181077648899
0.0907101990411173
0.0690613639362193
0.0778201556045207
0.0915534800062676
0.0711427663099041
0.0676048447136035
0.0751313234271363
0.261191313074633
0.148098135852684
0.0671423701547917
0.0855127941158318
0.0796983793853165
0.0679187614082436
0.0864583603656159
0.0943920814578074
0.117026614536919
0.0767917007628558
0.107375944444091
0.066354491885506
0.0609661305996881
0.089967280829352
0.0762479122519717
0.0919054587735089
0.0853015874081947
0.0944317076862187
0.10652220141302
0.200938978070444
0.115163265767478
0.0665220429012683
0.110962218677581
0.058592793932745
0.0606431507769447
0.0742756059727785
0.0756917025636328
0.0915345799081556
0.152728385606072
0.0887948566244023
0.0704500091033306
0.112042831547001
0.0821649196479942
0.0917724636692751
0.0886011993398608
0.082659831323165
0.111419809107884
0.124055977894752
0.0683246294203325
0.0617739229823632
0.115200358054362
0.132151699288332
0.0805749371708115
0.0854513030849445
0.0736167080723101
0.0897298501505748
0.1091162244879
0.0833041488475627
0.117317692326114
0.082186218228059
0.0930736160160551
0.0777597153124557
0.0798931658740935
0.0737212785057019
0.0832024445273121
0.0700426202748676
0.0835543938468045
0.0897538103599649
0.0748769987123671
0.0907714548440364
0.0896336904262174
0.0943924205938788
0.0799949620133243
0.0746166921194348
0.10188348110238
0.0659347857264921
0.071243433691061
0.100378022848644
0.107057845264401
0.0981867753509668
0.103485818615306
0.0907196993243559
0.109387144273349
0.0900548982940199
0.0908353647420508
0.0664634787141868
0.0942843020092666
0.087278378140758
0.129751700487304
0.0822923147641983
0.120314891027006
0.0653301256507276
0.0742500837167862
0.0848145288799692
0.120852281339843
0.0865985991890808
0.0859322843664911
0.0893921779138843
0.11372982730288
0.0889012523274837
0.102003263690753
0.0639426575926269
0.060306823360995
0.0980972692437235
0.0700718416206451
0.0889622531620073
0.0962703484761925
0.0763889241743391
0.0886773913366591
0.0723330092969224
0.0949576489162838
0.0749667820107644
0.0868831040501572
0.0919879315032511
0.0625261004761658
0.0999831171473744
0.125710301329414
0.104924563131353
0.064673985013764
0.145893736566759
0.153001748716251
0.0888883319750441
0.0862459693998044
0.0675044744195978
0.118301240572128
0.0951956225281208
0.0928531921561577
0.0709472080848215
0.0822079764874605
0.103302777202255
0.0915926488013082
0.0853103200745112
0.0783853639044211
0.0766460399489125
0.102253905202293
0.085259800985468
0.118547960531208
0.0947426648997283
0.0657104792297182
0.0873636902355095
0.0844529319307657
0.0870954484942119
0.0724710925896528
0.0706897661200267
0.0937517168493192
0.0748708208731489
0.0770900763383705
0.0745674428024883
0.0806717526819855
0.0892788263693753
0.18058153295871
0.100258686241117
0.0686737030616205
0.189438309340919
0.0940866381492518
0.0787469641041567
0.0730636480619544
0.111552767496653
0.118700011516462
0.100865355383187
0.111189120413543
0.145594623435419
0.162239576473614
0.0845228681848139
0.0835599766878846
0.0860435443540428
0.0610088676737902
0.0845323699551466
0.109097944979276
0.109230903355015
0.086310396831335
0.129169758876865
0.0925270590724317
0.0964893851413544
0.0609906426599559
0.11032108179397
0.101302316402801
0.097082818884593
0.0950110472567852
0.0639546137715978
0.063317888102456
0.107389603731315
0.109482663442234
0.128198260716508
0.0723492908250287
0.103215689256702
0.12949050826076
0.0884735429316749
0.093618995173919
0.0672535819154004
0.0940893025123822
0.0621615612343293
0.0833410825188491
0.0939942407475724
0.0707057374726341
0.11184356077636
0.0743340926471605
0.106655180285212
0.0715038953871039
0.0676185490123453
0.0830046475515825
0.0828284379247646
0.0797496749132483
0.0835885167940577
0.10899936804799
0.121458250309338
0.0862426716193071
0.0920354443395318
0.0954876405744224
0.0813783158427271
0.207465275005464
0.125087787061018
0.0821913804948354
0.126209196473702
0.0848063697543117
0.0854899863319146
0.0988386382538787
0.0635953686735753
0.0843855934943096
0.0931758367696244
0.16206040452579
0.078786582029565
0.114625624134633
0.115432347568773
0.0827364052212601
0.0770936053245582
0.0986460121791764
0.0893048013609559
0.0807056170662478
0.0953334173532766
0.0908722084412322
0.0682242381303602
0.0579839069617596
0.134771281181173
0.0778255741642848
0.146630854223795
0.0697387143125414
0.0760395751102804
0.0614925518247497
0.107922463614107
0.0957538389231979
0.0879400496547947
0.0918389225728275
0.0840679210791085
0.0706674227245983
0.0958682918759672
0.0761721603516421
0.07832171975601
0.0678342834815206
0.0692537824595816
0.232122857874427
0.158264281070676
0.0571319557854617
0.0994756924533552
0.0837541337718019
0.190669788588196
0.133571446845272
0.0756736890825208
0.0615605030369861
0.0756366228883226
0.0752643108035739
0.118849776420084
0.0889066567794892
0.156784814583634
0.0708166404383695
0.0897583801912916
0.0753432114413547
0.124667597971584
0.0867328504234923
0.247635817279898
0.185683123290496
0.146633181809259
0.0660025433689172
0.0691799599349371
0.0932461790492306
0.0546930050234461
0.0828079773901036
0.0716494140723659
0.0795806473636065
0.0561539187424402
0.169123721509526
0.197213064610615
0.0707241492457126
0.079168478863374
0.0814557903160538
0.0701078742394047
0.0861408191074138
0.135451135603753
0.107725739350787
0.0805784309198942
0.0595680280510173
0.0589588268360402
0.0692137161505187
0.0743999863607372
0.0856209330305111
0.111476712229879
0.135584805652669
0.0740949646144997
0.115780281185862
0.118244249378996
0.070986764679478
0.0895116211898095
0.0834439110415835
0.0769326369655895
0.0825129487007494
0.08450614575087
0.0705298512111684
0.0936275447531878
0.149791695435213
0.128731252630478
0.0823108273169114
0.120187169982454
0.163974213098358
0.100692947403164
0.0775197329135525
0.0728932417070336
0.105655806308406
0.0747441867787829
0.075037097301191
0.0774439989760211
0.0947350916996481
0.110961492490897
0.203515949139241
0.094346779056081
0.122219595721971
0.0824092080140344
0.0949517107787063
0.0858839648397684
0.0844208527511017
0.106153669013516
0.121269319905268
0.0820195331254665
0.100699222036793
0.131634074446399
0.0846054176413189
0.0862362603050523
0.118931373672572
0.088525025572877
0.126277875568105
0.0800258957191774
0.105303239898536
0.0926089062400777
0.0913557211837947
0.172376734614635
0.176744918609884
0.167946862294983
0.0611244115154865
0.073732061383004
0.146269435878878
0.0953785358477116
0.115528663924157
0.0903564555554282
0.0689092984686987
0.0984748648466569
0.0849975961572604
0.093517255074699
0.0681672318733066
0.0878820998154655
0.0660288149431351
0.0713111535566919
0.104414403097589
0.0705665795948262
0.0871458021258149
0.0876906950282983
0.112991196215728
0.0652322120472633
0.113693815738483
0.087790466497347
0.106846650373555
0.176300518567981
0.103602065577308
0.0857137322341829
0.0826083680150377
0.0752847060422748
0.0784440485672014
0.073933743109273
0.124196050291024
0.106365101909819
0.0839917056866699
0.103663426286491
0.135414843071141
0.0703660681216087
0.064212915034135
0.0848209062868512
0.112786112545765
0.0714781097410965
0.313251677529153
0.0819547384329341
0.0640396504096603
0.0968416788696528
0.117175581632512
0.0875514680985533
0.0882533086143415
0.109093387794053
0.0764228041363804
0.167166704988817
0.148700016672086
0.09630021596512
0.0810102072221239
0.0784071145671618
0.0667984355576352
0.118389295342323
0.113828907239236
0.114604529166793
0.0905663291930508
0.0939838090322333
0.0686959041304112
0.0841946908909549
0.069448871137273
0.0874433675170876
0.0803985985371963
0.0815978434389188
0.0651170762113337
0.0966286840131812
0.0824074149243346
0.0730507529125324
0.070253950607817
0.0646503372698041
0.131351256620656
0.117967279412875
0.113481432836827
0.134122823904298
0.112071315649027
0.0711084485866307
0.068059237984479
0.0772769326671146
0.114236337185848
0.0783937534634032
0.0625553452134452
0.088949123118708
0.0681626343797392
0.0689918224857993
0.0752344086771702
0.105122191545491
0.110063145831631
0.0766996477983378
0.0855116699130253
0.0694971634942338
0.0919936031987333
0.0768226494177619
0.0674525057002525
0.0821459870455111
0.0823955332588995
0.105043574724438
0.0612489925552646
0.10671601558362
0.0725784794640071
0.13686957914972
0.0835083581821109
0.0854764904747762
0.0882792115526362
0.163892731298532
0.060418261635348
0.0977303360050846
0.104332536109248
0.0646235151456424
0.0834660951552235
0.0769698206898626
0.141666881066647
0.0943876096425272
0.0635546733801762
0.09216264230806
0.115038072087855
0.114210018171138
0.078954241180492
0.082127837651424
0.0735636889032741
0.0926939929981297
0.101852514355074
0.0832993914087221
0.0714148299868838
0.0625175548106717
0.119566004417064
0.0696090943338738
0.073226533249098
0.0728686482672492
0.066825512651837
0.0759452284422541
0.125283027111778
0.0930130671343761
0.136077386442091
0.096821446406288
0.0925441031699203
0.0983224420512666
0.0717677904587194
0.130196069207804
0.161984499496025
0.0771538275385497
0.0875735697396264
0.0835112277905923
0.158293348285447
0.0665846815230239
0.0675948933143574
0.0930701562260289
0.114313363571922
0.0943102309451025
0.0660322628786858
0.155419224655548
0.096960459814015
0.0633762081316827
0.0682163328615086
0.0720548367239418
0.0669628103828499
0.0964148233083826
0.0780068937021987
0.0687530506986422
0.0754385245588799
0.103466355658033
0.0927895266628203
0.0728354328710439
0.0892081213499453
0.0642646723862986
0.0728052321400274
0.0804107722638684
0.0875969203296906
0.0745828737221703
0.12212469826077
0.111295799476418
0.131637329900424
0.0996009365233141
0.0854044399702044
0.105126519463878
0.123173826077002
0.0904430730270672
0.0919265930496422
0.0742166201161536
0.068938516761443
0.176084183669846
0.0695786564947075
0.062104477185714
0.109827445702393
0.0860572485910375
0.126333470060227
0.0922083215542371
0.091442202932488
0.0734967203881593
0.0736473875013206
0.154547695445737
0.0922961362738263
0.0620971726598425
0.0859653499480335
0.0987101022046667
0.0645377123430671
0.0718007504519228
0.107175284407398
0.0637260674838278
0.0625135374591184
0.0902806878510896
0.0740381418135565
0.0948090554759047
0.148439891652476
0.110861683100968
0.131091136778998
0.120301459860593
0.101208289773483
0.0897473737932959
0.0613750859715762
0.214779381609378
0.07336303095148
0.0760314757421765
0.0813657610191821
0.0898868032327088
0.0903839884519799
0.197969180053653
0.0736134046482777
0.229229576945685
0.161757595492911
0.0623824245958732
0.087102903830636
0.0738229855666017
0.0829597357340442
0.0962080425418364
0.0615981400297899
0.102268119510539
0.0693252346440222
0.158194033915015
0.075245742504644
0.0770084774024375
0.0723080339024426
0.105543221915644
0.0907320985543238
0.0771499231981678
0.0825656633155007
0.0655196195027187
0.0877828898072386
0.130159459438434
0.0902634379433998
0.0921487317240816
0.124865871310331
0.0768590364683309
0.0802604251647079
0.0946610473931062
0.0655279607146083
0.0969383053973917
0.0727528418964873
0.0740562102614187
0.22135048067905
0.0935090922172645
0.117608209326407
0.0637674307021949
0.127148900266536
0.0891274155670388
0.0767633907830374
0.0935021571011776
0.0925161835474652
0.0768340576155817
0.0682623076360759
0.0698682969592306
0.105793095724735
0.0828922738073
0.0839593691322874
0.0661815542725619
0.0705945241748657
0.152827705043993
0.0865108056727707
0.0723899816839803
0.0888963998902934
0.103911681527164
0.122115931558826
0.0762773931377973
0.0728791329493181
0.062722022971259
0.0876884683341842
0.0922591245471338
0.0941994135141787
0.0985506804305436
0.067020628400096
0.100038946485237
0.0835462901915492
0.107079451418649
0.111469668910067
0.0711341086721429
0.0548703454251178
0.0927554277091518
0.119671932890608
0.0799520021005267
0.0809720672616336
0.0842401334889388
0.0985668113194438
0.0784875332709673
0.0926969594940774
0.119618321940369
0.0789587497116722
0.103932860919485
0.0815233447551039
0.0923430120136993
0.0640490907204755
0.0897542850469674
0.0937495046313044
0.119110526148891
0.0886802873391143
0.0927448702849854
0.137707142101242
0.0921318086286008
0.101146931989462
0.0833173848069513
0.0886842939019891
0.104417325653095
0.181744650894043
0.0966062303915325
0.0777049003142439
0.11487597071714
0.122157094920009
0.137067572121146
0.0827038981703679
0.103708220660778
0.0635752558073629
0.0898267999901152
0.0845990415031354
0.0624218097178598
0.0857472757418482
0.0717483708813055
0.104750936481644
0.0797383449875414
0.0651156059061301
0.0649736602396076
0.0946409880289487
0.125864389960123
0.0566403486769646
0.100085518525037
0.119951951003727
0.10970463727491
0.0802521797457322
0.0909061189148079
0.0848122266775603
0.10630187794624
0.0800202071460884
0.0960469069132521
0.0957187122240907
0.113760072324712
0.180968712320132
0.0996039503397581
0.0793501332523243
0.0702084544086411
0.157096775319184
0.095980975060978
0.104850291125539
0.133236929889493
0.109150039694647
0.0856444177116899
0.0871867970681128
0.212693265043619
0.0888887142467523
0.0963502002296389
0.0905717515588818
0.0926850884512605
0.088399121322035
0.0956946378907955
0.0874008659287102
0.0971659863577123
0.0672982487602999
0.0832689408756919
0.144205124450472
0.0981343334947154
0.111827837537778
0.0856173965841001
0.0628623179299775
0.0926267234745395
0.0737162370577126
0.059589911726646
0.130793409747601
0.0563714928866891
0.108951906732131
0.0863982088423733
0.0933308331348933
0.0733456338276474
0.0963999302667254
0.0656149756879627
0.0843425243687299
0.166187456588659
0.0767595887826027
0.130272936650047
0.0903532533461216
0.106096877036073
0.124595384279819
0.0988501567652896
0.0748652938932242
0.106628089554733
0.0793304544180138
0.143638342962538
0.0950844489588851
0.108591257918447
0.105050237549835
0.0811561220674735
0.0759576285058775
0.0789249476887585
0.0814424160823635
0.0806117179645479
0.150403448157339
0.0687389090218948
0.0789852922466146
0.081576285414947
0.110512522302133
0.0993643819023724
0.0753108195444528
0.0826278838751457
0.113144518278405
0.0743668769790446
0.117509822003818
0.0960666947702257
0.0876822016237143
0.0787784354306273
0.0654625271959481
0.0558795550641224
0.089309497893012
0.095184912060605
0.105548368929239
0.155151364708463
0.0923739879517577
0.0879063871702481
0.0919543576336099
0.0707066884027731
0.10686962107472
0.134654956382116
0.0791776802062184
0.061948696406373
0.108221800253375
0.0853234281950598
0.109916440803132
0.0901856001539263
0.0786105827630305
0.0788599087068502
0.0764496005859746
0.118769405641157
0.0998124722291471
0.0665232604517125
0.0653842287912357
0.125569854116451
0.124677138088473
0.110553582683906
0.0827806564833434
0.090177203037949
0.0911606744651453
0.107792592718911
0.0573774128328511
0.0953995987523654
0.0867462911918434
0.0813846273312194
0.078109927439982
0.0909590399849736
0.101020172900961
0.0991883524545818
0.10434947327472
0.151446877401714
0.0934287129937853
0.106279413403537
0.0718001503399208
0.0904566550560737
0.0614419427749078
0.0828194435150011
0.0675102137368776
0.0937427255551447
0.0832456682401272
0.0782841656788423
0.080755353402459
0.0637735198529298
0.123443311093027
0.127642891424521
0.0957810211586051
0.105574293954669
0.0992066107086974
0.0736444884769107
0.115221154085321
0.0683499706093729
0.0620657157864046
0.0636619059899003
0.140319329457256
0.0861376439101451
0.0897878397057945
0.0965875434839928
0.0884585649747603
0.0991459298671804
0.0819898731679211
0.169750407793722
0.0741224394842836
0.0702533914104424
0.0934219673917423
0.077440214977676
0.0799602906006373
0.142041393582998
0.101628441547668
0.118915245564255
0.0670023151100462
0.0679501796028538
0.121404351482817
0.0948591828323753
0.10564006186958
0.097298860471291
0.0741800732419871
0.0704879344347586
0.0682019531362536
0.0741902096664583
0.0839993430879998
0.0635013872493531
0.196014465761039
0.119529614880875
0.0633088611372804
0.0642430893958
0.102661103962064
0.0780809326231968
0.131228444875729
0.0733155114311804
0.0755457999524916
0.0891508027184785
0.0745470500277428
0.0659933626150785
0.0819929141441184
0.061000933004266
0.0653444376618203
0.120789227296319
0.118334598542939
0.076517636523413
0.087274253069987
0.206093781872298
0.087012670281428
0.0561598375696886
0.149785290700622
0.100591620491529
0.10168070831231
0.104367934812626
0.0980990480060619
0.111368085920194
0.0731158545393377
0.071537370014877
0.0816001342476569
0.0723328876042865
0.0847599547605618
0.137762311473467
0.085306796797655
0.149973552060231
0.0805903598262972
0.0900894815654454
0.135342769796343
0.0848188120715524
0.0787101984513203
0.0939063764941614
0.0748824048225745
0.0780872928767299
0.059948762222155
0.072884394255381
0.0794948631204497
0.0966074700086174
0.0919827821526917
0.0817292640908003
0.12388882319228
0.0858820346227396
0.114409526399849
0.0857744086786153
0.103467110083893
0.160987820485896
0.0712637464118042
0.0634088053381696
0.08818217111079
0.0736757482530587
0.114844164826343
0.105889797899241
0.112301315040342
0.0881121548155992
0.074070619388411
0.117240554185195
0.0994256051284369
0.134130193820708
0.0966167570567426
0.0816512243291893
0.0819020964569158
0.194219795629607
0.0959909103286757
0.0825255287732744
0.0840566990583877
0.0641592447105696
0.0756325043893951
0.0716653504451515
0.102990263741494
0.0736557826092907
0.0933629202621719
0.0818601367987447
0.103958648645608
0.0784912805855921
0.0832903053028515
0.096515497711461
0.108090336752728
0.128748727410919
0.127976399525822
0.111330484190035
0.102714001579797
0.0821615773799456
0.0752175976978722
0.0755907009257869
0.0911345780021358
0.0841219313912859
0.0770951102184261
0.0774173187547407
0.0913759540320458
0.0897526334134593
0.0763759636277711
0.113057863298782
0.102496210525558
0.140346632597007
0.0790983888843201
0.0865048254280945
0.105851237680105
0.118922207119542
0.121176661000836
0.079366075554585
0.069999987400615
0.151671623076415
0.0626507319748335
0.0797387411878441
0.110084549016173
0.0848666820033816
0.0969690323108701
0.0833757360852062
0.125813780100954
0.0935107215266087
0.0988188398407782
0.0974444955484441
0.103976002982235
0.0819925387137678
0.0839893794234045
0.075975593042378
0.0751148728426027
0.0895384036227334
0.0730656084222972
0.1996472154748
0.0760198746071258
0.0766940683114601
0.0988560583854181
0.111746606252117
0.0898669473804381
0.110100485393276
0.150188276912974
0.0668687939235271
0.10704893637017
0.131130840899127
0.173654003869006
0.114465018884836
0.099360107307458
0.11495999664309
0.137122917171681
0.101022995112286
0.0712145207527905
0.107791544852176
0.0618438579437922
0.0915943095745256
0.0721790036369699
0.0945748077666289
0.0739594791984945
0.0734236871422208
0.106250520712379
0.096936812890615
0.137204895755839
0.0731139996472893
0.081112345618219
0.056550262304328
0.0850264525218557
0.152398692933617
0.0851947270419799
0.0884156749080426
0.0970994576060756
0.0839554420933972
0.0778159806947851
0.0763011283047494
0.071809759061609
0.0750661499458589
0.0607618936383605
0.130457593809413
0.0661008843861461
0.086137436754182
0.0751673667423832
0.087964645735406
0.168051605309468
0.122382646335199
0.0664481842512772
0.0800046146756292
0.107855901291534
0.0809909014681996
0.0943855959524383
0.0661540390873401
0.0744729888236174
0.0659884786935284
0.100986028587091
0.135581405228165
0.0979948041144575
0.0966604624296506
0.0689612039265272
0.0953821370716215
0.0820152871049042
0.11209584961287
0.0887769946284829
0.105424271159744
0.125415780726373
0.0994442029250185
0.113611636872021
0.126616668493555
0.130136501909755
0.151221631869758
0.0885649217313878
0.0795111484564924
0.0746184183309292
0.0971006303425648
0.05679719882412
0.279969686311501
0.0739728111114278
0.102035166166282
0.070852390883382
0.101584691792264
0.0929811452139517
0.0831547520018689
0.0608731563429086
0.0895473548249878
0.0703942205023985
0.118568986778515
0.105876922945736
0.0782029450937013
0.0682466510076676
0.0700345669239198
0.123397501849513
0.0791754409510262
0.155577661923436
0.089024037588836
0.130442731252244
0.0776096432595149
0.0810128815258409
0.0606874285657426
0.124732225983489
0.099162493474918
0.0800213171158165
0.0886210644043033
0.0867012025591945
0.0956018490081017
0.0991338328724293
0.093485983364496
0.0839307959469348
0.138615942360237
0.111143159478301
0.0768195721139097
0.0861912357733585
0.0935981977066581
0.102624473842628
0.0744814664224366
0.0987489777713301
0.0752278950825977
0.0868493300347642
0.0729379813757643
0.0792903908495756
0.145456974303342
0.0735490099585043
0.0905007253217166
0.0865686088917574
0.183000181016499
0.088417595107512
0.0661873356423386
0.106868572893598
0.124840595542393
0.0775127734030422
0.164302836630942
0.108970971773615
0.0854761959949521
0.0865260220115552
0.0832322178328701
0.10296650793509
0.0877137278525115
0.074815989166363
0.0807067393793875
0.0763018474451069
0.0785947395304294
0.090516062581713
0.0722247820017145
0.107635318741267
0.0959806464082692
0.0874018251259814
0.103745418781046
0.0796619273176122
0.0713018696947574
0.0648716300738289
0.108803663232468
0.089165120178993
0.0630864393563864
0.0866012891437799
0.0887378734993086
0.0837193745644687
0.100856847173802
0.0920394495778979
0.0600648441402492
0.0743078412439943
0.099734180348402
0.101080211989197
0.0695028777079169
0.0741980823082267
0.0616927831580898
0.082959998104236
0.0660603069129123
0.0771216947826146
0.074137351251723
0.0651586644755654
0.0984137367965137
0.111393336545906
0.113175584518712
0.0881834076063874
0.148736439843941
0.14036652347151
0.0635559597958399
0.0747356923170431
0.0749129344789666
0.081181710830508
0.169480011106649
0.0628459921700179
0.109316395932772
0.115721400092733
0.0740213753640019
0.117039491916588
0.0820261410707742
0.0740161919531704
0.0725529628240087
0.0954525724939376
0.0763523206942989
0.0682797728495211
0.0843388305540259
0.0861546263825074
0.0664345461662749
0.104605523894707
0.0700404531077052
0.0714411751574494
0.113187235673639
0.135778895995118
0.109504393668871
0.135114378396502
0.0738687197477036
0.10950323759069
0.117175334922994
0.0870545793204522
0.144530239437152
0.0574779871756743
0.0860996094998855
0.0682683207999746
0.0819379147829311
0.0945878238441016
0.108123020802145
0.0740978602524991
0.097033304319077
0.109214859714721
0.0952718908441831
0.0789856527499826
0.077813532222273
0.0940370771737971
0.0678449986942951
0.0872904322359897
0.0942607877353097
0.0981458213514824
0.103683505118385
0.0994551754971598
0.0749928218579338
0.0784521570219269
0.261022558063138
0.114564296586087
0.0896325959433616
0.128817677082335
0.0769161662097949
0.0785539274085106
0.0858311311453725
0.102311868050427
0.111195870352936
0.077902391740556
0.0748746836420567
0.0679310922758062
0.0820260485239477
0.0821030504488879
0.092201756772303
0.0870986922811592
0.0642801720560355
0.11715288486116
0.0752870493033304
0.0823148099485352
0.0824388384222277
0.091658161618895
0.0625258689556984
0.0780871101194989
0.0828042817433757
0.0932191795032924
0.0595142979563917
0.0999222782851439
0.0602794172521918
0.146376522333776
0.106311498852052
0.112128228342325
0.0717197320582471
0.0867107035440395
0.0977187429448969
0.068632458138934
0.0949241215605334
0.0679439685779972
0.0829945496507893
0.0920590115499566
0.0750433942523192
0.0688208031125755
0.100351023884291
0.106606635638425
0.0872030632401395
0.0954309985690038
0.0896026057933631
0.0638249350056784
0.153698496155191
0.0822308891472167
0.076470981474353
0.108826676934521
0.0766844422735434
0.0710855492463607
0.0761541160544221
0.0788059400753057
0.0794267081698914
0.0864307672514678
0.07539991616943
0.100144270051181
0.0719196235387543
0.0904616243734624
0.0745365754957847
0.140081084145299
0.131022968055856
0.0783644377429482
0.0788589038987656
0.0655955854940443
0.0777274663252659
0.077638318264087
0.0813110965710005
0.083090116082236
0.106073107988312
0.0899969964463162
0.0700764756501384
0.0942367310815768
0.0914312069281648
0.065252841098501
0.0724562205220345
0.1142700261861
0.150677376025094
0.114963235818773
0.0744737128428011
0.110835202165668
0.0787144679512902
