0.0936369614478782
0.111258509694939
0.0866713316416487
0.121008487271709
0.0970974897313215
0.118594651777482
0.0935699404210154
0.0964250819779038
0.11660257138898
0.115993914656169
0.113253645795347
0.0662271738305466
0.111338720634933
0.128783471132891
0.112062094399136
0.0684473703432852
0.0821704922428834
0.117239296661883
0.146874964142685
0.102352074511855
0.0857769279169358
0.102681707194671
0.076756993188867
0.11522125374724
0.111289956559169
0.101674771131004
0.073703169381788
0.0750688541236663
0.111087579421391
0.0838864266612995
0.0916495538080229
0.111876282494466
0.0737009163572292
0.100436163120444
0.0998023834222375
0.0876766123711393
0.132246090596885
0.123250782490123
0.0773386067812954
0.088606753612741
0.0914054714307172
0.101486309917302
0.11012900437409
0.0900500461571116
0.0750602326575469
0.101264026316199
0.0870557611186782
0.0778405202915155
0.0898332042375293
0.111705304631254
0.0974133388535616
0.106431338933882
0.0938570832597258
0.0880204460019071
0.103748365301201
0.109941658231558
0.0760365954916209
0.0947041420343212
0.10180956536556
0.0938538383072292
0.0922967220597549
0.105799991826664
0.0976857678364943
0.097368707598908
0.0876369548237836
0.104962909701749
0.0653933027708222
0.120321698958471
0.0967261588158144
0.0915350748091479
0.10736680726706
0.109790262278779
0.0924795262392847
0.159493109107228
0.115088923030441
0.0754235246720925
0.0970027306968032
0.0861879360217037
0.0977251462057374
0.124301743205071
0.0939696659472611
0.0986466957309534
0.118227475199582
0.0742235217036667
0.0795486600608249
0.0753890919294034
0.11148635380413
0.0997222956591546
0.136571421101537
0.112016121479511
0.0674444794475558
0.0918278326863783
0.0978527962573853
0.0970549373934277
0.100899067689554
0.0960892585070379
0.103386583821703
0.108959317663285
0.107736905419713
0.0932691714011429
0.127866436215022
0.0998787957997545
0.0865237050680749
0.0825014351083879
0.0955263378207276
0.110013461489792
0.0906839537465544
0.0984129673806132
0.0992080071502168
0.074281908832991
0.0968536046259287
0.0929247940396764
0.123472145174605
0.0996747201853939
0.167275445995029
0.0790740135348331
0.144807588121697
0.0790315921990107
0.105652049893168
0.101296725803088
0.0877472187373947
0.101688308567762
0.101131747112858
0.0956693668312495
0.0967413129210996
0.104685199080117
0.124605437074735
0.0723353784496597
0.0903152360659917
0.113365671856725
0.110375220594001
0.10758239151903
0.126519693575196
0.0919584763379638
0.0767081341875821
0.103530322807449
0.120074618009913
0.0766357161377901
0.116091889976354
0.126574609194195
0.117897827978145
0.0994108898141838
0.102432649563156
0.0787709185755548
0.141501884064368
0.0909839458459316
0.11923649815166
0.127387782971727
0.096304229276873
0.100322933848459
0.101496761999612
0.104823591237199
0.0920065865436176
0.0959688901318635
0.152168559896366
0.161764902623924
0.0687602529632323
0.0892584287365812
0.0983194084094589
0.121381462544008
0.111642334060322
0.137436886024644
0.0891056886135283
0.145393293885338
0.133014642156023
0.126633460664496
0.104423205746011
0.0911937589321153
0.120030141853265
0.0846080902758869
0.111025524695518
0.0865401805043827
0.0798500523450495
0.105034849534422
0.100107973658573
0.0978977059840905
0.131741063913283
0.0885213890856799
0.106682978739985
0.116200298064974
0.0786180499096462
0.104006666544709
0.0973824079695995
0.11420808012425
0.0972416083920734
0.109396929433168
0.103719686040249
0.124170973294265
0.125062785243687
0.109025866070818
0.0858010214610792
0.0908033973173622
0.101334991105784
0.12663158771273
0.0880976600782741
0.0725251936761023
0.111908776782673
0.109329294759077
0.0844563939060339
0.108877899665939
0.140308074473633
0.100096149291494
0.0883170448722657
0.105306923951955
0.0785856432145487
0.104491866244887
0.0902985794767505
0.12555992632458
0.114575347004762
0.0905051109241805
0.11079837040591
0.0977310340130859
0.105437140542018
0.118801622620167
0.0800989294595947
0.11254606839561
0.0953112202717095
0.0831198825846655
0.0987745942661917
0.0821944831718383
0.0957680499728172
0.0854106333763843
0.107005397843807
0.0879190472013116
0.0858405200158344
0.111890912661039
0.108179433058309
0.0944435252314262
0.0780796602736283
0.0925279617643602
0.167439771366345
0.0785742166305681
0.0903691049328778
0.100329333709536
0.106948044364986
0.0961360083465537
0.116602680031703
0.114927290789598
0.117027883857356
0.131053441857628
0.0862059927981768
0.122723709304801
0.088725439649
0.0818457706094897
0.106056417962558
0.109064181831063
0.124727606240364
0.124376720636824
0.118964098011625
0.0876286518142795
0.0997711366341091
0.087156641453529
0.130836105296889
0.0912129542679644
0.13546519046788
0.162207250072426
0.170551163891063
0.132896798997692
0.130923819863649
0.0924977488727717
0.0936558173460432
0.116147177317338
0.115982899476001
0.101840207189018
0.100558155661118
0.152344423670973
0.177635943434779
0.0932287193986201
0.108628358472772
0.111252958161063
0.0756636699169705
0.115455756523942
0.106593246822311
0.100658032841049
0.0784961150469117
0.0852882591196495
0.0968723010384714
0.0972470940352134
0.103181209111521
0.105069003468571
0.0780987331574172
0.0939655754851661
0.089244309913081
0.0908932807351961
0.107563369785766
0.104572468988019
0.0771462647436793
0.135568136084876
0.0940822533759641
0.0970846862582748
0.121291319320906
0.0989260143958372
0.100344354776696
0.120867343489991
0.0885548282032052
0.073194231311104
0.0863340708927938
0.0977159601078836
0.116927049538024
0.10116291235742
0.0946136461266225
0.110747606534227
0.0742036423155731
0.102587758509937
0.0689306164636822
0.0894909925327134
0.10619263843354
0.0962432832964431
0.0851950031780982
0.103434844279041
0.0978286031034997
0.0855858783921372
0.0879378668361341
0.108350580227912
0.114254685964168
0.0959699245848963
0.0774317559607409
0.0768585026828074
0.0996404736551033
0.12676279167871
0.0736406899275229
0.115169195764861
0.0817898444946925
0.103996589491629
0.094509017000033
0.0790754802372205
0.0869240005294784
0.11012683372561
0.10128825680624
0.100790848225135
0.0879375644054304
0.105315370825938
0.104606372520178
0.113856799693756
0.100357141286525
0.10592406058187
0.0953259083258899
0.110463972480574
0.102493617122077
0.0862694082890338
0.10633653114189
0.0870819865978667
0.100022057125484
0.103335932339956
0.0827168099596141
0.099082024354619
0.148263075114637
0.0719339229435557
0.129941574498464
0.107805204908717
0.109049841640219
0.113483183399154
0.0950384008716058
0.0960148914763722
0.1364503559201
0.110066622388765
0.0987765532838402
0.0768338288136499
0.0966348814187629
0.108669830587092
0.108228115475497
0.0909031605334515
0.0889354486414123
0.0802097494965754
0.105346185948255
0.122189018811841
0.100637027692993
0.132849309812394
0.0850230917843422
0.0791487252316903
0.119816035311521
0.0977683727253144
0.094691721340927
0.107085975413945
0.105873901900961
0.102717096783588
0.105972582777719
0.111685663225013
0.0994645981824271
0.089019418144892
0.105818449595261
0.0876504426845456
0.102441958397241
0.11011973561213
0.120501291398908
0.100682003786745
0.0940482348000102
0.0895125585486471
0.0826489009704878
0.0832966212408184
0.100343233005395
0.107284030551116
0.101378491732323
0.0684749309347723
0.0952202650556714
0.0760487875145287
0.0924078017288464
0.0896275736596142
0.096127873833374
0.0903575749810614
0.0937378519382042
0.0983259257929036
0.104071202043772
0.076738071993949
0.108472319132915
0.106777971032071
0.0977998944491159
0.102474033501844
0.0898114050174939
0.0759372808302106
0.123771773211413
0.0851439367861361
0.105760787520035
0.103627222904451
0.114868368781608
0.117333850754469
0.137872051255592
0.0776555756410954
0.0767074626177282
0.105290921514041
0.0881516467810828
0.104414418901539
0.109511377170765
0.0866998571054153
0.125424213067949
0.0894631461628923
0.101006629833158
0.111220615254748
0.113771521107911
0.112514297687056
0.0754371427222062
0.110632164935267
0.115149765095587
0.121018510761112
0.0708646467840249
0.115788514905829
0.0948094326888914
0.0899049005195257
0.10890226292988
0.110280094294791
0.103881951975072
0.0897518415030969
0.0880007093718629
0.109146765488972
0.0916174860621504
0.121566290004417
0.0986540898409709
0.107657318192429
0.0894568240571086
0.0860229582291633
0.0912163987748355
0.0967402372461134
0.0980267379129244
0.0935393744985909
0.0928356207241493
0.0857938680540849
0.152661933287283
0.108358186050187
0.103233481139278
0.0889356195387846
0.0821253402844286
0.12005265831817
0.0999403438360905
0.122039895856433
0.108581464455802
0.083754787404696
0.10429886246975
0.0992462572038601
0.0957894149216179
0.0795868240111837
0.0907913348209528
0.0968694413172771
0.107658923639475
0.0952074974477724
0.0679591242201559
0.123904194935426
0.12593312904713
0.0908826008329501
0.0828873621363742
0.0930125616110191
0.0781211633357222
0.159272024260993
0.0751911595814756
0.107009841104131
0.139218257268677
0.0715845323121223
0.107404609660078
0.0955958149367833
0.0883481167901257
0.0978071296656184
0.0814077710274695
0.0930132307574704
0.119393507447035
0.0869459643694876
0.112681352773873
0.115159973402833
0.0705581136514548
0.0918345473314103
0.0720408298915829
0.121670259877633
0.127861660506233
0.0884720574428219
0.121072747464116
0.083031151276445
0.110619895747514
0.099419898495913
0.10545484614669
0.117527299110998
0.105003457120853
0.0907480482675208
0.0912995177693843
0.14021026827788
0.0764452428082493
0.0833900360578497
0.122254006969115
0.09376766151784
0.109280627546508
0.0815937745227191
0.0874946984093784
0.107555402081033
0.110013473056595
0.090657168870524
0.0672682571953062
0.0849677465374178
0.123464276727322
0.102236087043105
0.0934884798559906
0.0795736310348066
0.0931600414430509
0.100757206577897
0.126260055846887
0.131419991691298
0.0964305504459085
0.0911258630445025
0.0993906493436351
0.0680241493297469
0.120531596936094
0.114826955341782
0.105929425851743
0.124650189132341
0.0828483711734955
0.0872782473945335
0.102721623415648
0.0712546074168753
0.111445067326618
0.0779286810910712
0.100632951798996
0.0874100285615869
0.0919286509637549
0.108323525391914
0.0954390691495897
0.156988748937156
0.0938294536162081
0.105859678138491
0.107021025243556
0.0873492450853951
0.12521965063671
0.106259095011082
0.0799170184227049
0.103383200077336
0.104385885860104
0.104776708615206
0.0897113687927872
0.104035622770837
0.128523253674425
0.100687553387036
0.108674236499823
0.093441992875131
0.0911355178799404
0.127221207448122
0.10919271509527
0.111696136733667
0.0927887615357284
0.108675897198696
0.0957482309809886
0.10247778966686
0.102695736524704
0.0916023584279948
0.0916883405258321
0.116496688039828
0.114498598766271
0.136793091322223
0.10040774916349
0.0930350438737732
0.114589018822813
0.109405930348588
0.109749799165772
0.0886847066247404
0.108472390168562
0.159373522783891
0.100761407304625
0.0678884907263616
0.120502070194459
0.0891741563750288
0.0681547069596552
0.0941806549952876
0.102032213034377
0.097837632719515
0.0827748070567598
0.0983810665257622
0.106228391414346
0.0951064695004032
0.112858004499688
0.115063103457665
0.071522141424389
0.0846963784233859
0.0821400298930263
0.0931649109964157
0.0924501114835383
0.0938176281173257
0.114806088830094
0.087129391885799
0.0823620417518419
0.116146871374599
0.0842016361003582
0.0885865516222951
0.165156888199232
0.0935501636611395
0.128145832634996
0.083475558224199
0.0931733447835317
0.0662892132625157
0.127434452727663
0.112693514579208
0.122143043105169
0.0995375402931753
0.118421219639547
0.0872990257762314
0.0828913972756442
0.112715390499903
0.0743343900432849
0.0754961414452892
0.147732769344454
0.0958794504947739
0.0700281288560486
0.110350326255545
0.0856829422469506
0.139190380968556
0.112519157378591
0.0986863903852004
0.14076655749647
0.109376232853054
0.0863623838418858
0.0891634044759063
0.0937259127595242
0.0870116657086942
0.0791542297599888
0.109601701406108
0.101972735233908
0.0973326412786992
0.109683575227608
0.132434781832618
0.112006506371809
0.099795042106417
0.0714887799415874
0.0966182960485937
0.124191064201113
0.0988836960528228
0.127593528097004
0.125462432421333
0.129897086021647
0.109885792448014
0.103053393588003
0.0884433075274996
0.0839564699779669
0.0868550860761467
0.127982672957843
0.0712687368417223
0.121951216118737
0.100045709888425
0.0953774659696206
0.0915264136279944
0.095490348563447
0.120972150953267
0.104098540862255
0.0799613423754054
0.126105321274453
0.0869343325830412
0.116456618164822
0.110263264642659
0.108463122499432
0.0750879150502396
0.0777025314244264
0.0976199326022621
0.112217057510478
0.0919132157648074
0.0865890480004664
0.097138219106979
0.0894203289968
0.111274205822553
0.117027032555663
0.119791261106025
0.0975886714484968
0.106009621525002
0.112919110900788
0.0842149205916899
0.103825392062649
0.0978979354999414
0.113482669277583
0.07530905500241
0.0930106210045831
0.107401319877998
0.0836834763777494
0.12193453330734
0.108928933023088
0.0967224055978943
0.0887343345400338
0.109856717776315
0.143534191574162
0.107882188365367
0.0829781178133511
0.103069461456348
0.0825592060564493
0.0866334406961886
0.079965604458425
0.112348418547011
0.131675256327881
0.0888802250071425
0.0864118891629281
0.141961719445709
0.0719769048381817
0.0952598057584954
0.126200510004639
0.073056731811005
0.0701451457913034
0.143703060237292
0.0765301112500324
0.0950561085686358
0.145140002274402
0.121650675028226
0.111386837631016
0.134693129151711
0.128587140110425
0.107700121946843
0.121959338614938
0.120659245457712
0.100809036067897
0.112754997534207
0.0946027218073269
0.107500977575131
0.102960525198084
0.0973324487866388
0.123698160317439
0.0906255161103665
0.12932657013634
0.101307466659706
0.115176909626779
0.0788435597448252
0.0880527691373383
0.0999360181768297
0.0793355812435683
0.0787912222800548
0.0935272793359554
0.0793244561995315
0.0800903032528657
0.0867065632190393
0.119291605905756
0.122716466450182
0.0724951755121579
0.138437856829629
0.134198530287815
0.0887103641447638
0.100922824420372
0.0894727784607982
0.0795612959008816
0.108166091297038
0.120645390955
0.122163268206888
0.0953233709934162
0.113082582750159
0.134412621859881
0.106736487420952
0.0905895302450969
0.0993718616235766
0.144714882858414
0.0926043550803987
0.0930750619307426
0.139368089751116
0.0826209500471112
0.128102926905282
0.108041305993961
0.120179446010386
0.116537576599477
0.0926829632896724
0.095750133778781
0.102053944469394
0.123005669885945
0.0894785576207439
0.128237929609637
0.0878504761831813
0.100097084917465
0.105463098860038
0.099443640747864
0.10472392694943
0.0747584920507292
0.0867178476390731
0.105462321067311
0.080970576417537
0.0814481340992449
0.095870202540599
0.104597025386648
0.0871902078863772
0.127500897850693
0.078338895161194
0.126279426728032
0.127818390950231
0.0866392418325331
0.1066551598179
0.110038283033869
0.125678968705502
0.105008534275217
0.0791137257132637
0.123789465779063
0.126492465999675
0.107741402562297
0.0948736111080531
0.0873397989938092
0.0947622543193282
0.115607977125167
0.0945454094788332
0.10678040926494
0.0854510009532639
0.0972804460108853
0.0988395688321416
0.101189268755796
0.0870329514985163
0.105643937099795
0.0940553187236858
0.0901301357439156
0.125176555828405
0.127683731240045
0.12351396760854
0.104458959022866
0.0896560644299827
0.0969128449495424
0.132728261715842
0.0993647397723618
0.0817104765708576
0.0886326399037819
0.143338660358736
0.110675557047656
0.0863694916084687
0.0931698666625024
0.0993198546066803
0.0758424312376792
0.102502814701767
0.145426646488426
0.0860806242295865
0.0912387064871345
0.102440305253079
0.0876646025108388
0.114888298938237
0.105041003409492
0.0867022449342997
0.105301844871482
0.109795846259474
0.0863298088444517
0.107651474862181
0.091050483999138
0.0966499264605273
0.0755022804149707
0.0782977672687518
0.0863056708883276
0.111862801091488
0.0931963976021156
0.0837434013500051
0.122122505377522
0.0904571297183959
0.0961092546142464
0.132758133624056
0.115306799284509
0.0847647182676655
0.0959656854638085
0.131331340272691
0.103759308614735
0.145783538268436
0.0780667486403224
0.15531044330634
0.0702534867806413
0.0997096254536174
0.1241875157232
0.149491931573855
0.0878086496983592
0.0935274358824783
0.106579109372012
0.0805336263415557
0.111401278458793
0.0943737548206417
0.0879173876461055
0.107885196585019
0.125519134728447
0.108285943332266
0.124588598661581
0.070846133296844
0.095701792763113
0.102978927078012
0.0959372650428873
0.0818711827540689
0.101989964693155
0.138344196999769
0.101947006332105
0.101693051496559
0.0962090179253497
0.0879305317119237
0.103232489086252
0.1030441038013
0.0691664954700717
0.085990046872282
0.0977671727371111
0.109866540313953
0.111147841311214
0.119863835095237
0.0775035687225566
0.0916189053418183
0.107663548117738
0.137952319675257
0.10096830924153
0.087602439416933
0.103066526659268
0.0887093362646877
0.118722498504895
0.118336066946078
0.0921878499980423
0.0947435680707028
0.0947560067269477
0.114762166919656
0.107854264418593
0.197281941006971
0.0713636740364563
0.0913690216916374
0.103669605114522
0.0941699175884338
0.121678063352686
0.0945351230582986
0.136360656124546
0.0891711676571966
0.0962021637451455
0.115748435065678
0.0962137921938847
0.112226788329162
0.088632178170093
0.114271403864562
0.116094409861231
0.114591954351271
0.0877077912412404
0.0904763128731436
0.0952264923905615
0.128780127679478
0.11104282918886
0.0994878035701209
0.0979998999376422
0.088842858721431
0.0884891697509858
0.128292609170564
0.0895357188103455
0.109580134208109
0.0979932113722694
0.0889256181800999
0.102761333887031
0.102978635851808
0.103349095762908
0.126377120870866
0.130945315486554
0.118421297191877
0.096902320376183
0.10589612915432
0.100522121607134
0.120124973675976
0.115854340689875
0.10029355658003
0.128551271374372
0.108087278965083
0.0934471928233699
0.0943495605498169
0.110664912452099
0.106098986454071
0.106496405112674
0.107082509353599
0.0888520748842133
0.126692158751994
0.076951542215655
0.146348626501582
0.0941205551159212
0.0901071301468647
0.119175567208754
0.109363064010744
0.104756700038005
0.124790638045133
0.137246988070451
0.085911705628264
0.103021528360386
0.0959398858399647
0.0661441306932134
0.112985378808968
0.0860188109331918
0.100196616369708
0.103354155030317
0.0994208559828212
0.102586872800036
0.0760599281700283
0.089950158547335
0.118084393178174
0.115021289566266
0.112332922395374
0.127608046750799
0.0923887051246345
0.092933449925413
0.0999788971911967
0.104469045009309
0.0902335332025651
0.127616525122988
0.108447197806831
0.104917512045434
0.107279658935152
0.0857659924439769
0.0985763375795742
0.111031619201157
0.102950146397055
0.0852304542891885
0.0904394712872472
0.107263628605068
0.0975557962197851
0.0988384297439865
0.0775651742413585
0.0870450301546254
0.106744389403578
0.0857587059307967
0.077896862178113
0.0889109920430337
0.1088122029726
0.105542519508524
0.090916147783556
0.107663465922632
0.0890378135088379
0.121144020495688
0.0702284895663544
0.083662403062862
0.155019425284386
0.0911771689547641
0.123776250889831
0.101024777931834
0.102772509365258
0.0832246759282261
0.0941983568183115
0.10488101574815
0.102609484767964
0.115774141535016
0.103752259008512
0.0992508196735883
0.130486310140161
0.0924779495453827
0.0919369019825246
0.0882172398766139
0.126322355450706
0.0829438797073128
0.16757055082184
0.0991404550801742
0.108120067818667
0.103215488447451
0.0969643571203187
0.100831838955542
0.125161645540185
0.0973964925001089
0.141614591234457
0.118622832204066
0.101572350217692
0.113069223101224
0.087138717394022
0.0863798949847685
0.131346768242326
0.10561865211158
0.102229081288996
0.0938775140296042
0.109144749026244
0.0899103408927014
0.102013151822233
0.120347177415893
0.134635130813792
0.117336213061683
0.0825318185546939
0.0765386579913268
0.0771708738941154
0.12314927137165
0.0858283770394319
0.101400838544564
0.10820739199052
0.0881881817810018
0.0767326257462788
0.0913928647568859
0.149598634422929
0.11900977929656
0.110895170154615
0.114613113492994
0.123904660527154
0.16384337817568
0.0920995990000275
0.0990976511476086
0.07024026024304
0.101592602978856
0.0884246940116437
0.0829668171827205
0.0938864043317613
0.0855645470790326
0.127140787416335
0.103905165475124
0.0895302306378314
0.121712514320813
0.134658596088428
0.0876936314488716
0.083368638602072
0.0836980341704508
0.100967571951547
0.0885534817870904
0.0950553031520361
0.0968800974618885
0.118118930436362
0.10074041522739
0.0816040332057853
0.0783687546584746
0.103552720811469
0.0907078756595545
0.106991946750593
0.133039211853383
0.0877628618721429
0.0929614045392995
0.110718459182912
0.105987504262217
0.119982907953676
0.095277986867393
0.0818747454159797
0.108271537390355
0.103609260504396
0.122012161328562
0.12212089004647
0.136007872137756
0.0856984340795125
0.146695979061157
0.0798766568309097
0.117669751901178
0.151585194815308
0.114431864029308
0.0893712441113007
0.112357679805996
0.0981838670202917
0.107260446447757
0.108998938717176
0.0920767867424002
0.10934796469926
0.162686804132305
0.118403818497918
0.118976943853426
0.0968345606422954
0.101386445966029
0.116427052847914
0.106301263830849
0.103283922888899
0.0971833924818988
0.0979828775662398
0.0920477866194469
0.102650870776038
0.0991694882652631
0.084356075534031
0.0934043249304561
0.150871071246073
0.10182658908324
0.130735701062316
0.120345281002966
0.12083306053522
0.0714972070262041
0.0997339982511447
0.0943775356331398
0.0996036606182133
0.102780376692211
0.119602574512699
0.124571964567812
0.113986102460593
0.10497132460287
0.0834984563712707
0.0991398517557808
0.103495116091592
0.110326625740957
0.100742903146846
0.142143211859749
0.0986195647304552
0.121026087124141
0.11509325973993
0.0902041152648401
0.116558437526253
0.105099835323574
0.0922743401811955
0.125922423873107
0.106857249122578
0.105619196856982
0.0888282266234731
0.0934158402684584
0.107621809841451
0.0828447603834204
0.0894640061612876
0.114800748649382
0.119477244812191
0.118525923451781
0.119977246196044
0.113969932973105
0.0918960040502464
0.0717518506262777
0.115352342047491
0.102297319237207
0.0909388628106023
0.0814071457160418
0.0936642528869654
0.103220270617214
0.112709020981744
0.111437108354906
0.11671710545309
0.122937633172284
0.0946684007612102
0.0950455688100596
0.137335577467401
0.113145491136852
0.108524395877683
0.115549378498245
0.0835013702316148
0.108664820276016
0.149583636473408
0.089178422388019
0.0882418208784906
0.108853583223059
0.084340565260472
0.108027609691904
0.104544045078536
0.0878490054705447
0.109426692669745
0.119928637194585
0.0981224212043757
0.112759850473987
0.0879824054742844
0.118981354889129
0.0987011260708649
0.0788832795109403
0.095990986412042
0.123398090931151
0.0945926760205558
0.11423205565758
0.0801839952729133
0.0910266735927907
0.0853684636803262
0.0889177575264135
0.11346799005498
0.0913457079321797
0.106961840218569
0.110921760608094
0.0999346931831371
0.100360259946296
0.0980262552356053
0.0737117756354671
0.0976462619581134
0.110355911728405
0.13902802163787
0.112456898001904
0.109609289863016
0.0946628302090743
0.0858617556845714
0.0856869017022442
0.0990247544630971
0.0881254020257873
0.100009484041412
0.079488590148635
0.08484321268328
0.108217226852646
0.110812746196974
0.107210540628052
0.0796478862958568
0.0838846210104807
0.0935302853541933
0.103643293505367
0.118206027233549
0.16167068919635
0.104872928426159
0.080886926790367
0.0839426475624354
0.0820524056928977
0.110824450744529
0.0996237897581884
0.098187006598811
0.0830472706608163
0.09429665657113
0.0846453058555136
0.100565405698852
0.109254480879359
0.0736201919666842
0.110793183109021
0.127549939741226
0.0994170693888346
0.117165309598324
0.13846119995405
0.118782088076006
0.0833630214119988
0.100911146007913
0.12814341146461
0.114181824083847
0.103191620715388
0.104471531755089
0.122815900058077
0.0976315990163439
0.0678284250544411
0.112576581982924
0.0975980894006235
0.0877904198878275
0.107209315145943
0.113840286603471
0.0926928030825466
0.087657927589002
0.100940551520471
0.107736575028808
0.107471137203392
0.0639530517483983
0.0854865920656863
0.104669974040227
0.0868345665617384
0.097353217953578
0.0878028127597586
0.117210080898989
0.100701337841496
0.114651483520791
0.0795925516700477
0.0972456827945914
0.139767920944183
0.096172359988273
0.0937415021467971
0.0929832643843684
0.0985543231931356
0.0886720339053145
0.0736058610675321
0.165381124857344
0.0909255399920632
0.0989113645113031
0.0986173328127974
0.11019437466701
0.138104357706381
0.0889889205032402
0.0965297900711386
0.100796853130493
0.101311480772182
0.119630985970174
0.0796765282791876
0.111671405587464
0.110276389511995
0.108402784943292
0.145520043641423
0.135862555436636
0.0708665752507346
0.0771766660621738
0.100368778172215
0.104235204285024
0.0911715211088875
0.108872610201998
0.0917007986759768
0.12366793717774
0.0863783610417296
0.102470292753781
0.0738518252425127
0.109503251186093
0.103356120762766
0.0827996069175315
0.0935724302112597
0.107093913712564
0.115284796399988
0.0965493649269581
0.0991811085350451
0.0642001655918334
0.067814442477537
0.0927355582404735
0.0992463919128156
0.0796412476106745
0.086524396729411
0.102265027411795
0.0753223207438257
0.0938318182105242
0.0936330441288785
0.13881673525102
0.104544034655751
0.0831322817698394
0.0803812219343064
0.0870836590164184
0.0994265997094802
0.109813344768394
0.0963993869671317
0.0748789222196733
0.0759370734165654
0.124139943641544
0.0905497281643681
0.0908736853618711
0.0863510008607199
0.0870692592085747
0.0875137616571202
0.0944712947923645
0.119760894216989
0.100821165777617
0.0936717358767845
0.0689171882777695
0.0832359949607528
0.130301295208298
0.10675923372835
0.0962310191734907
0.0902570003207288
0.0741495018434812
0.101637393365985
0.112312491087422
0.105359566557627
0.0840021756903319
0.110464114512514
0.0917657468277718
0.0937229917625811
0.0769752212667969
0.095590985471611
0.0880307518693932
0.0719355609552836
0.105365578758488
0.0912712025548118
0.100948337657523
0.0903020891656975
0.0819626323891902
0.0879196958705629
0.144377414354944
0.0789371176647519
0.0738583047799197
0.0831838853622207
0.087412156551532
0.0825254972689993
0.10273375428748
0.0770040821114951
0.147548454664038
0.114657824779807
0.0889982130558572
0.10704873803693
0.11992561598123
0.0700463820708514
0.108271750293398
0.104332860460234
0.0956205875811642
0.0946182086908659
0.105009542645787
0.0860016284908207
0.14670834106601
0.113798297103153
0.100835013654261
0.114669338484416
0.0747279917748982
0.111529133433365
0.102098137929838
0.0842024533852645
0.120393650101433
0.094085290857952
0.0889175825174752
0.0904177758724816
0.0812254396711171
0.0918960009088712
0.070171425412988
0.120403529459946
0.110971249173065
0.101730491879388
0.144731920629053
0.095650901668575
0.0996245758292866
0.120676419530676
0.0707122533542085
0.0925166215824822
0.099148341485547
0.0791292818204739
0.135802688602109
0.107476601632589
0.0893709564593812
0.110045552303283
0.108018859845422
0.134263071374646
0.113179296931272
0.0867169071407781
0.104646367104647
0.0866640768623011
0.110045798075221
0.0980328160679228
0.122419163233686
0.0815364137531641
0.136815477953969
0.112264629796433
0.104039683457571
0.125671029326295
0.0915427612155647
0.0981109976254931
0.0991511001909463
0.120603850765179
0.100828983958636
0.0849948161203118
0.0986561959790324
0.116848401005845
0.110601216713027
0.117985736723736
0.0852264198794751
0.092256486672349
0.136067869895785
0.112755519167006
0.0782598917744445
0.140636279840511
0.0983775908666181
0.116286988921341
0.104611964763739
0.11809616166154
0.0770910970215082
0.0834630325200704
0.0896871060565286
0.127927049913118
0.11953254269123
0.111859562326097
0.0991385204546119
0.0914744249734112
0.11208504101392
0.0879728751943162
0.126355557126956
0.080435604382518
0.122267961028922
0.0875977687027713
0.111536473396019
0.0976551343653115
0.103079427407304
0.0940113427859416
0.0846345411953701
0.125382608565179
0.0857373999891253
0.0955330207956239
0.11343645878132
0.0989415602138409
0.104982001648275
0.0918057482252107
0.0979386279073752
0.114559943222972
0.126661071363502
0.127111379660483
0.0733862568835834
0.136579076420346
0.150496361628964
0.129702972281962
0.113478486128139
0.153996040487513
0.0912276807227057
0.0792684581885848
0.0996416198194673
0.110492992301087
0.144295660150616
0.120827571603558
0.116633108416261
0.0740932138289515
0.0771790576628656
0.1125331738796
0.0835494646291875
0.0891415074394711
0.082849903191761
0.114314562781502
0.105388432634007
0.0986969051820136
0.121352239867495
0.0864499740848844
0.126657390040285
0.0899926118568174
0.102052204750608
0.0852962235977641
0.0885247250646033
0.0830887052612131
0.112938130490878
0.114763127624667
0.124718745695574
0.11714257152109
0.125391190468424
0.0945693375822399
0.107856510117367
0.0968745753808552
0.121961386284534
0.0873769225134039
0.109867832528518
0.118482030746235
0.0871417686029463
0.0926639724965415
0.0956405788358019
0.100621749163166
0.0962077866311331
0.0939827440012432
0.142018738634091
0.101921566605746
0.114208568378411
0.0870721036319101
0.127946882558054
0.121991925446374
0.128821210939164
0.124703509432717
0.110590306700945
0.0948193033020536
0.0926096952094282
0.0869588408014626
0.0965629451466112
0.0931738257045337
0.107454115717408
0.080641617787323
0.11754000113714
0.0947492004399585
0.120116840334352
0.118522368995635
0.0897410839573237
0.141632003148182
0.0928302926724127
0.100543096831517
0.093416713270982
0.119527720632212
0.082812878911958
0.138025801965411
0.132898240038096
0.0932945071722175
0.0803611886364124
0.122277063898962
0.131981848163001
0.103869630059317
0.0812797091724657
0.117711395435085
0.103071743715556
0.0967192978304805
0.110607472939554
0.119649533848744
0.105891056841206
0.098336092574903
0.117945663148655
0.0956048579683414
0.0973911958163643
0.0851085296534784
0.0782051696651145
0.105349278475363
0.167877838285845
0.0900694643638253
0.0974764077884508
0.107320533582109
0.106872961071017
0.0818636105978412
0.0745988848416498
0.0935717173716895
0.107941910966654
0.0933440237098389
0.0894540010452993
0.0566789808446499
0.107311202229238
0.121461208860999
0.111389964289434
0.102036229917762
0.0988122598314987
0.128339855487894
0.091633054732612
0.0890979557683972
0.0909530306250157
0.0902235832913639
0.0945493051520971
0.0899430690539747
0.0882445432985115
0.10014533406268
0.109806260536443
0.138299004315356
0.0690268850196139
0.150016213878975
0.0716915216877316
0.0818205119616542
0.0802490202664532
0.0991114375100108
0.117621459730799
0.12413615923824
0.098696077427794
0.118921958463445
0.105091899522023
0.102079908245404
0.0911299849266684
0.0817203923340748
0.104476790779261
0.166012535834907
0.0902090401660861
0.102173774214086
0.142739254490038
0.0955920471920661
0.0750802759729088
0.116559557843125
0.0965596071643615
0.0895637143807132
0.0851034446952399
0.149882447168848
0.0999489949108856
0.0722358065862127
0.129263325237557
0.0855641788584754
0.0841493935210476
0.115266005622297
0.0969018696544193
0.136542078555935
0.084610278471435
0.103340898794784
0.111067209036836
0.0992814452135044
0.105009159344674
0.116769225295399
0.0943223009541202
0.129219250722171
0.0850017601903278
0.110679490028334
0.0618700446173366
0.112825782118426
0.0882379021498353
0.084838314500477
0.110317589366044
0.090778668341981
0.120505252548156
0.0916541835935513
0.121837553514695
0.117549826111037
0.0729389892321803
0.099548738692332
0.0936535602529737
0.0940499545752502
0.119820018464588
0.091579739686091
0.167332018144424
0.0906498894296109
0.105339070943656
0.111472087260414
0.118464263825153
0.113178147482116
0.100699423796438
0.0960444963422204
0.114149188826257
0.0980502565637402
0.0820443193761178
0.107903605992408
0.0912975680061792
0.0833323925329418
0.114336286973071
0.09106426089922
0.0922414157706045
0.0674681163609818
0.138690336737648
0.104184224163675
0.0997220036286248
0.115386800343311
0.0975361202890084
0.0804647101686134
0.086587804886929
0.0858564272612184
0.105334809213231
0.109437686864088
0.0827042823760514
0.102086975637583
0.071774323250373
0.0749682434540612
0.116462404389768
0.140674627869247
0.14510101486081
0.0943159744264154
0.0973835411236368
0.111567228283016
0.0840393513030302
0.0829938519141033
0.0875780029550546
0.0881530740356213
0.104215267376743
0.10520867075196
0.142003944332562
0.138207587164461
0.103966531079509
0.109246624982481
0.0942137278096
0.10385373206859
0.0991285516890402
0.101777585481321
0.089087490740228
0.0740674336759733
0.120381502855598
0.091269918574203
0.104868037244427
0.100052604573934
0.081065852856918
0.105360414333383
0.0991060351662975
0.0910740731171019
0.106391152253575
0.103241250126594
0.142255512557568
0.120052111097826
0.132620665753251
0.122184693218705
0.095029596280273
0.0999981161911999
0.0989031450804116
0.111689795671027
0.0827795006757433
0.0809262798493761
0.104170303290922
0.0982345616011063
0.114142349478459
0.106952326360477
0.0971386699036895
0.102846146332748
0.0741078872853476
0.0953211112497381
0.0941375893712282
0.12264406201713
0.10083845594748
0.0824433095498981
0.11016815144496
0.129679713226853
0.0949977693409727
0.107859264504103
0.0988623299226737
0.120261333235099
0.107954565741343
0.0928943409503937
0.094196546299001
0.0713884524218968
0.102101577427238
0.122816831767281
0.105866830507851
0.110399401916086
0.132682164474058
0.107035207046443
0.111644727689112
0.130736274337534
0.0876251465776597
0.100337798123689
0.0781631368311991
0.0901564887021207
0.0965518853634176
0.121195825463643
0.0967026802273785
0.0782262232970483
0.0881864125220917
0.0811920750511066
0.100427596642509
0.067353122244008
0.131293248446666
0.114626691450858
0.0892274154950698
0.104297205757572
0.111726578137718
0.100878835244711
0.119592700109469
0.0772051231608793
0.151223270344353
0.0897149936744167
0.0813272180653799
0.0898934660319935
0.106940886927236
0.0968384574445618
0.101551983749327
0.0805972005397781
0.0814172665412451
0.0911020681407082
0.0989726261966353
0.0823502771136866
0.11273816859354
0.109270122546925
0.118122023258504
0.0931084521456646
0.088528713528858
0.0928225497494276
0.0909077855443823
0.0896102436802685
0.108105804228953
0.0775481428197184
0.103741948097233
0.0877274353697234
0.0963699752788939
0.15239789273689
0.0952519564517549
0.141813787977702
0.0930872380156138
0.136114467471778
0.0949738594213153
0.138667284856716
0.118587396683837
0.101533397039212
0.0922715493234217
0.0914546186250708
0.0828150610220326
0.0834503044213083
0.0843111634683861
0.113914112178972
0.100552272899597
0.0867332023506482
0.116172677761311
0.106831716350376
0.128838092435789
0.120607550635062
0.0816152550419547
0.0851951288771817
0.0756361282674667
0.0998446233964848
0.0739575513774432
0.0980997135010173
0.142693498564762
0.106055052941785
0.0842348139512468
0.109700299997609
0.107537711204181
0.100378014686003
0.0882225345833804
0.092875391375093
0.0942270033144261
0.12868044328578
0.116393046734245
0.108588493646003
0.101859852801226
0.0787328608188943
0.108794177194322
0.0780626760323634
0.115741899610708
0.0879422120432137
0.0863191278756221
0.10679524858939
0.13587117781113
0.122196923995672
0.0861683725858062
0.133411452894149
0.12525048987645
0.106058764503744
0.10208941662335
0.0925486028028962
0.111331242346112
0.070635202928962
0.122507957726672
0.108832109452733
0.11086176810339
0.0745987642597145
0.107383703030251
0.094054331044189
0.0883227123620101
0.08997165386155
0.0940351182782507
0.102820814024925
0.125907789858017
0.128400553987629
0.0891660774270822
0.114389711772997
0.0883090290337588
0.0897032021423047
0.101530626344371
0.0840042976234417
0.0998853179909794
0.102306985992393
0.0909273059472867
0.114052897340317
0.0885803353494528
0.102968937859871
0.107295633141398
0.0822594359590747
0.116618389162305
0.0904892522655534
0.110471488712047
0.142282696477975
0.0910267845375801
0.104483239001165
0.127362214625392
0.12863769056409
0.144518317300656
0.0825584519386418
0.111143206692002
0.122515245642469
0.103510144504063
0.112473726532663
0.107401306712801
0.109311020245207
0.115355590714906
0.101701453892345
0.117078266538944
0.0814209819173072
0.106460891229552
0.0900508771179015
0.0830981629924359
0.0918925861559759
0.112178795591282
0.106340143473817
0.093637083886261
0.125437973797811
0.10614228655311
0.0906013902716842
0.0964208068332196
0.143944224172859
0.173666112631173
0.0835079850358466
0.129303721826246
0.110649503954344
0.162754894037672
0.0984249539914883
0.148449334123547
0.096374395903607
0.102886856618865
0.108435224602197
0.0868261068658156
0.102527782487424
0.100609837329541
0.07974142195207
0.091546704748361
0.135499658644471
0.172832844396876
0.0885995034457379
0.0934311682057092
0.103751465465248
0.0892509727327399
0.101028895810099
0.128861995785006
0.0989854982497874
0.100913650612855
0.133272280915474
0.112935600408801
0.0943918206504753
0.109603246100997
0.108061222855296
0.0919140902078783
0.132669713881781
0.103839841362229
0.0803666624627948
0.0957778753573919
0.0918604104818716
0.0997944264500513
0.0965984783073911
0.0991756226218069
0.101718053310018
0.144174937100012
0.100322333553099
0.11113023426913
0.139770421468164
0.139516731675658
0.0773888328467207
0.0925996945267157
0.114428282287669
0.0953915489005733
0.0899894126905709
0.0909076398198824
0.0917199851876736
0.109553503377049
0.107824130171571
0.0976787649370735
0.104852270858873
0.101478843236335
0.0817422735064387
0.116277465794614
0.0970666880967843
0.0996000939957764
0.0967369202419795
0.0952510179278936
0.111092586513046
0.079556230001075
0.0867881290622532
0.0838020101409208
0.0756908832535156
0.102725356731497
0.0796721253420408
0.121088035114565
0.137109418598216
0.0989772251233872
0.134060316054231
0.0948361275255168
0.0943739362182891
0.0895846164278322
0.100372722759688
0.110116851725193
0.116798145199784
0.0792467067861538
0.0980554453084821
0.120668605006739
0.0878662169117898
0.0926460721066018
0.143817883740288
0.132548212269112
0.0996710545845538
0.0991502590448481
0.120109542109382
0.106307215810091
0.121639063502153
0.112734079803619
0.105179826728126
0.157187006756745
0.133215711215649
0.102773172775475
0.0953218022636341
0.0762950430651552
0.0984383976979484
0.124833989601679
0.107041772145595
0.0792807315682819
0.0867246160532677
0.101257889704571
0.100835500823229
0.101865025784709
0.0990440502744597
0.130407957769379
0.0975716804099394
0.0823390197364165
0.113322712000606
0.103100569986257
0.0873848351673306
0.0733385792150794
0.0953513680679679
0.0931690711010933
0.0830669652884703
0.0844799975179688
0.0816811562005139
0.0910736275265468
0.106406287572544
0.0978902194878358
0.0854634348296666
0.0970375341257709
0.107690153449035
0.0956050098483319
0.132322047143281
0.0937562499746179
0.126460393199681
0.134783067817923
0.0944599318772702
0.0695655481133934
0.110890707473865
0.0976563120772987
0.0963900355711374
0.0970718315265014
0.122088796450203
0.0876503109260773
0.109232105692373
0.11911111492362
0.109586034630348
0.109375149298086
0.0977691923467025
0.0841955099890499
0.143527603889082
0.105754104662084
0.0975815400217781
0.0848515588738731
0.121927657659554
0.142989374022006
0.110044758668332
0.10037491100644
0.106260197784219
0.168904180652842
0.0961716723489797
0.103402818619198
0.104507709536008
0.0813509498624927
0.0913953762441915
0.0814109400584803
0.0993395936010053
0.128109979001354
0.110942314669685
0.115263950384594
0.0889184626658419
0.138919737332268
0.0824972520266899
0.108781535189272
0.115260195621797
0.0644732290140134
0.0999910404227938
0.132033423356626
0.0971947069637782
0.0904233214041282
0.0962555709811744
0.115477469988047
0.0996169387718795
0.0988062274220763
0.0989292363182698
0.079474949569769
0.08967906634905
0.0904641124192165
0.106010789900919
0.0878705983909442
0.0902625469835649
0.110583212209343
0.122376029154783
0.0849567946292613
0.124742984741334
0.114534808919678
0.0928003346642954
0.114419490282389
0.127576910769858
0.118416201364931
0.0822909438523552
0.0785505100404797
0.103466537073765
0.0746363170597363
0.0845197294593506
0.0963107176152448
0.0981386019650214
0.096775369574741
0.0929684629576364
0.0897075884062254
0.0889396629116659
0.119809404275445
0.0935065475645387
0.0777953817437942
0.0910466196683388
0.0926546520686764
0.0861735054226967
0.131327114325156
0.0838245744711693
0.110118347171975
0.0685843363217329
0.130630768833237
0.0867294618641922
0.119874714358517
0.101323150586142
0.143227044191666
0.0979529089961201
0.101475867425709
0.107729533943048
0.0991221359551119
0.0882985830491245
0.115514843074276
0.0759948113603381
0.120673712941065
0.10661355069982
0.0970547776938215
0.087055871281151
0.10584943437863
0.102358933896054
0.114783916445712
0.122228049869714
0.10281789995457
0.0738355879113087
0.107076250555039
0.0981885495590319
0.0943721894315506
0.0828025128612485
0.0922579837136903
0.115308646656436
0.0720523763518948
0.0935164516285866
0.0885163452188842
0.0835322409383745
0.110781180314949
0.123211035391927
0.08989378283503
0.0961497597248608
0.118663033456138
0.112890057915921
0.109043435420946
0.09950571557929
0.075884760733083
0.0783782252268927
0.08034930950638
0.0954956810074635
0.107263689330244
0.101395306111473
0.102930326191459
0.10554216840422
0.089753050114702
