0.629699270427173
2.18003325669885
2.81880502295967
3.09827656830653
3.35363986081496
2.56640209722255
2.10106513919198
1.29509442273981
2.83789826046868
1.77546557545249
2.64094847774524
2.98258344026289
2.34400939548555
1.38434030246451
0.319710998087254
3.20720099204018
0.402833393610247
0.185633813593287
0.193055359792949
3.24947175841821
2.17667617437313
2.52146214652306
2.28892996235559
1.33846226689165
4.22969583528641
3.33682541194251
4.16191310216723
3.44780232477081
2.82036609627603
3.4997731833526
3.65199667559616
1.67405699948491
3.36983698147812
2.81078385664207
3.11366412560446
1.80741922517389
3.97891995193406
4.27835670299918
4.6590814907579
0.513597843275192
1.07976070531928
4.15916409600699
0.852240320148884
0.5833420169243
2.77403791658801
1.75002182133971
2.79249904177476
1.70538229856537
1.61256614701861
0.0384072668290603
1.98989799196437
0.907833645321606
0.763268601582249
1.61584013008054
3.9596512022148
3.18222402418239
1.60808300159003
2.39031213935905
0.84624141661926
1.52026546488283
2.46330284053223
2.20395084043236
1.49490818864666
3.90120727382633
1.65254169130294
1.48631689467574
2.61315598304159
1.2039339040498
1.98743851943447
0.641469457168086
3.76304316649073
4.49223791167263
1.14155227930753
0.380810395738295
1.6444425024891
2.03187374147009
0.403556734486043
3.59556950797843
0.658695465892971
0.506250269385081
1.96154667192915
3.70665493361721
1.53747930719548
1.91930575456568
2.13341788153934
1.58029094336634
2.15575202925396
2.14077465374692
1.67104881653231
1.98991313483931
2.40825513669477
0.0765275345207097
2.57480273498505
3.58481280102972
2.84507831995339
2.05256081483537
1.23048440779341
2.21130306272145
1.03614410302745
3.86994628794344
3.78080582241175
0.283464361988728
3.1181370690939
3.81480947347672
0.926700250431212
0.781970472344143
1.07294021609715
1.16262250509753
3.38306171841976
0.884689359286265
3.53758546375823
2.36202807018095
3.79737723935554
3.87188418330096
3.32319724331999
2.6122883056341
1.34233104128814
1.23639147899896
1.95729671112253
1.24991665148549
0.156545248509465
2.77826126169909
0.252285239270655
4.28976173926083
4.1080469578954
4.33127776646336
3.90668931406487
1.50963119078603
0.285738948585371
4.07195315011433
2.05676177179853
1.02097803300167
2.20414498698693
1.53147498307997
0.658763638662511
0.369107318757519
0.684849311907055
3.2439819887409
0.482975213133033
2.17128657763464
4.04990044751121
2.26065681751793
3.99451722839417
1.71861871506538
1.56448052372618
2.1720267768658
2.33471026627071
1.82597328604257
0.745659168662081
0.235798681656751
0.182504212302408
0.165735158995315
1.91259446627387
2.05619456649772
0.435724937603008
0.312832032224615
0.895952934027769
0.76572567154128
3.91644647541456
3.24684681175585
3.8374277522347
0.276444316974143
0.132717171200398
0.273266222872112
1.17299560189357
4.62597097522648
0.00786713100358038
0.152989502950182
2.26379446803484
2.33869056129822
3.98082418812919
3.10437626377156
1.85690851631461
2.22922791491547
0.382599185495029
3.65169285494822
3.19351509243219
0.926011112660137
0.209095089420519
1.41572803083912
3.93929350270022
2.60432894845652
3.04437409875642
3.68238505470647
0.871630114015359
0.531936764709467
4.16790181191478
1.43588526860877
2.68051898127911
1.1632877673229
2.04667080590975
0.560586182459491
0.962605981250554
2.67444278597846
1.39281996253463
1.30450285019562
3.00537482215052
0.157951556898269
3.54306780129602
2.52336689998982
0.619915467950741
3.69240911613929
4.4313049790464
4.48365268176615
4.19357483299974
3.67637217917309
2.89654861000006
3.64119484896239
4.03491888265034
3.13068107717369
0.833418096014922
1.65247030537161
1.79396617055207
1.88396819961678
2.41537157792134
4.13296049555219
0.346596716581498
1.61179262290408
1.50888912197977
1.05960407408419
2.58400977433534
4.26735313620008
3.81232129109869
4.09177399428901
3.61296616503193
3.07477914916932
3.93635377240452
0.530279970690164
0.456373729566132
2.16131005767905
3.20909424461207
1.72008288762101
3.21198678598607
2.90034382435698
1.66034380344382
1.79362735023005
4.16030278396613
3.515054488632
4.76123007580327
2.92829996567156
2.35578273634036
0.873783752904377
0.501852777405312
2.7709588191687
0.970570597585418
1.39652878439975
2.88823877576028
2.97586719106196
3.71179422492279
0.214059341200409
0.899601470906854
0.397251437546412
0.768719389686473
3.48100386828908
2.53599409821575
3.95002764239757
0.885774885396462
0.00567291772467884
0.0283570341349902
0.0192367884721805
0.00179303223175738
0.0441612859668035
2.52165175744236
1.19584997584376
0.751277307453498
3.37816489892724
4.04267936924939
4.10837683550632
3.47316694320421
2.53120879235398
0.610658836298258
3.80168626520718
4.00919491403119
3.62967513590438
4.03720591849368
4.16664849866357
4.20734328408614
3.89437206275972
2.621715727512
4.1630104064786
3.03965424721279
4.21204602036215
3.5421955318338
2.85977868258236
0.00731490648823073
0.445256749604705
1.00266941158532
1.52604832778738
1.01626271041307
0.361910919269444
3.38587617692014
4.56832506255535
4.23510071941626
3.74602716639781
4.32584021626257
4.03010222291183
0.758612808358858
3.02998235049775
4.3676942531451
4.38089860981088
2.12414815460249
3.11587120937626
3.4045634676296
1.16576440983963
3.81220596826537
4.07577816317697
0.448935656000709
3.57894190594749
1.24155929260056
1.61459575053568
4.24543538232082
3.39799336265708
3.55999674115931
0.191281952918497
1.71711466278
0.751054176241523
1.0362866253112
0.865414438898898
1.45652834420857
3.15129294776846
1.33336886394636
2.68323054471326
0.8784629296953
1.23629643810538
0.892607181549709
1.16160375107355
0.988251605764593
1.12919045815425
1.81086292314276
4.07723922740765
2.1640568182986
3.99840187103381
2.56639491027568
2.45984146008888
1.2948964702827
0.316502018806711
0.286317651969878
0.729459687635852
0.0371087038046714
2.5713160196235
4.11386243858157
4.52385736636632
2.57639400871705
4.26196260614414
3.83854891942253
2.44731614864905
3.15347013046997
2.351938419826
4.28347338474153
2.97979511905158
3.9794344505517
4.05745522715214
1.04254522496939
2.69619016980633
3.72838449169344
0.260199272824181
3.18133808209693
1.77245396610739
0.679954152847035
4.57842315837019
0.968585960546791
1.70522748056833
2.171015393563
3.97574479655421
2.34659007657126
1.87593478862594
0.984504994026811
3.56864967712679
1.58988199826618
1.80526817270004
2.32883593845329
2.20616674907761
1.67258402526934
0.604965297803847
1.34677156073187
3.01852103441917
3.87072450443295
0.70658427100197
1.34235626249549
1.32059944142736
3.28037986778413
4.42083363131395
1.27092787301507
1.26126612300961
1.56707118090999
0.0647240671035543
0.268719168739644
3.21481719162746
3.38132025844841
4.35740561426865
2.01583981253956
3.65316340223972
1.9594830758737
2.41197936924686
3.90116961592142
4.03407299361536
2.42632358794787
1.20823880533138
1.95810192085718
1.36766041418221
0.929029552514807
0.517367201272056
2.16324433038466
4.32871700088749
1.14597897787648
3.86110698232436
3.22090131212866
3.27875038818913
0.949502452825475
1.20641300381308
3.7403521120934
3.61816696940955
0.534571436137531
1.4960802005503
1.55695173525496
3.86921868314523
2.03001706342816
2.36974013846536
1.2308992369741
3.99136144093341
0.386346605678164
1.50780161282666
1.80721935873146
2.27430583376798
1.40395423547933
0.477453202989696
3.56890632107724
0.622315862486851
2.92482465810808
3.637209473032
2.22295999304483
1.39217339988229
1.76153740689724
3.85915803831345
3.86344418049534
1.20039017724499
1.74412836335963
0.650727557526094
2.44432212479679
3.13693830256432
0.661766584996409
3.0454104271336
3.50205937485828
0.853480907898488
3.35859730713016
0.247992290103859
0.336297045452777
3.45860125635284
1.19492997520041
3.42588513865522
1.21977006222129
3.16460048260082
1.57234991140202
1.26817803709384
0.447764617120102
1.35666288949595
1.45569608322167
4.11810142308127
0.294275509172107
3.85225841580687
3.93485885598309
4.13643377831431
0.36557953467983
2.76693377090815
1.23708831046548
4.31906584214143
2.65771538327265
4.36817644043148
3.33549569319174
3.12672222544702
0.201945922169502
1.76301525968628
3.19493603441147
0.419611433745947
2.77444224587416
0.160088115417764
0.480595378799685
1.80289042676265
0.695629206187022
2.88599160053768
3.07792725142088
1.47647115490183
0.310817247417198
4.28293352854815
0.254644835304566
3.26429002339725
0.664488867312046
0.688904373759317
1.50025671423293
1.56055788758175
2.17002448026133
3.64830944543239
1.85305462585804
1.68205493337559
0.469444384090321
1.02354858999732
1.37278141311231
1.41629476867632
3.88054324776317
2.64010700176906
1.42356858823384
0.69092364289381
1.74584242610721
2.89242088212213
2.20993387223139
2.62326159133592
3.74774469726147
4.2598292219053
2.97612267771843
3.82998974865071
3.92528348729911
1.28712534802157
2.19152561717586
3.94351991287623
4.13465027953514
3.39221502668669
0.619438307612325
4.32289109367946
0.967302597427233
3.38437587492539
1.84725649669607
2.95969781225944
0.176002379285494
4.53913557608793
4.0080648638446
3.05096651649458
4.35972189644208
4.49953757940138
2.79944933247901
3.93482728804333
0.221463148003062
2.87520628970837
2.53105744332225
2.29497133364698
3.85486881572168
0.833132117585723
1.02801069595274
1.08391698362485
0.872326287758766
4.32845823395865
3.48149573834657
2.63744584799284
1.47815543569797
4.11681411129427
4.24216375284692
3.61666119773794
3.04496183010425
4.05237524924513
0.901471265363375
3.91571628773793
1.13934377032289
3.77634238776129
3.25060097561049
2.43379561578575
4.5162319915134
1.1005806629656
0.68148907518983
3.98244084560945
2.13264420247391
2.94202187520989
0.809119335471723
2.23131905015853
0.536425957864927
3.93256912125351
0.4196652676164
1.02895909799381
0.94057207969609
0.582530904235559
2.167210165652
2.94030474260807
1.19196383264134
2.51503043189643
1.99381667601487
3.33313234475493
1.50125449214078
1.0964991068119
0.938918469495691
4.30702905255565
3.56025872642155
1.30559956606485
3.45399925397787
4.41208061589589
3.62605751738454
4.18413125791851
1.05525960712939
2.29433145748992
4.27635447954374
3.80287269423136
1.41571500391986
1.08741107799355
0.63011371937965
0.0249185581773708
0.96923170181582
3.98403096171208
2.75497439597689
0.459353003634146
4.09414001114078
3.1097559898313
0.390776848440714
2.40883906540574
4.02278067257907
1.79652053202707
0.594342438718335
1.40649796506694
2.95474819267522
4.45653342511977
0.289588583496124
2.60199351797842
1.98383276766908
2.73910377272419
0.373521273976647
1.3865514653687
1.8395247403681
4.20010269866962
4.55542047636883
1.90200841434868
1.05652497526976
1.02335453454795
0.234034695970856
0.141944133801354
0.531293578419781
0.145778612901987
0.197869349453951
0.286427886996012
0.258622904799726
2.52810363392704
1.40228947472318
2.5360296326699
2.06294390361469
3.2728422998807
1.18725034616064
4.47599188200472
2.46335346262689
2.23447475281103
3.95486060014011
0.469064047646386
0.27518429314572
2.58371917535709
3.04185421727772
2.91056133886999
1.58340839621459
0.336824219449106
2.1003520297587
1.3616275902363
2.01883778389879
1.66951001430446
0.713752568671734
2.30426687621331
2.16665240108878
2.71848444590592
1.66874549050462
0.464227410927127
3.54552622984848
3.06251618871273
2.48290887984138
1.23176714069846
3.92631506362412
1.01839679758861
1.43941035867885
0.123535245163075
1.42779672161777
2.19528658600538
2.69065037569937
1.78107355473235
1.29053260561409
0.971831441982854
4.23400407351523
4.57402061319294
2.80487310376101
3.44928232022478
2.89222673386451
0.125008147622517
1.56714906141494
0.508409367614839
1.52746264862215
2.7446317117669
1.00135158292267
1.78413981275304
2.11527181187197
4.10673504280367
1.75490121973278
2.48550377806586
2.86350631700414
0.816612466820894
2.13201939007729
1.69369990627435
0.557698877233914
1.79139493220003
0.555371035116847
0.13378347456862
0.0592247866460799
0.319373613679004
0.176269516298136
1.50104628110439
0.0430844088188323
1.81835210793007
1.91950369211167
0.615089690610721
0.755714276585593
4.41664995407666
1.86749771789516
1.91536114442029
0.927757036522964
0.082413543283081
1.59635666850155
0.450987052819114
2.68467178691565
0.777094398157066
1.55193417443994
4.0563206836278
2.43355348084318
3.35035813409191
1.91564847973322
2.46477868574175
3.69819302945663
3.56100908166791
4.53685032553258
2.36583194056733
4.5563253770914
2.77848059056709
1.65744216612856
3.41784884588348
3.01989433599319
0.576165344112703
2.87974579158368
3.68860695007835
0.776903143099496
2.23054585043855
2.91294535432133
1.72792499650074
2.61292452267261
1.66785101688251
1.75395868846279
3.05542983922265
1.26902408538511
1.56862626901754
1.03011495995519
2.32746306102154
0.471076262676796
0.365588042677446
0.65698928938314
0.889670293855421
1.05403794689519
1.38247411597201
0.695667312939285
0.853881063221785
3.87640533991402
1.85443834833206
1.73846744986164
4.1158120711927
3.89606715119185
1.35857473881656
0.810499514441411
2.42529432147445
1.10396382566599
1.65041291364677
1.01065978808399
1.89723667875119
0.472961178605616
0.985703130371652
1.59170433940121
4.30365347067233
1.79304936122464
2.97002590297561
4.48851263204012
1.98237024098388
2.28759762603552
4.30551160746468
3.1256173202603
3.38508729920046
0.655507827090784
0.480011127726805
0.506194687543851
0.206087684753142
0.424800896317949
0.827496915186912
1.17408788624263
0.00969982961530119
0.0444116963483482
0.101550654946335
0.0639002435299146
0.415451063952714
0.830344103044062
2.19910834821963
3.67601084424412
2.34517569776733
0.133352999955891
2.55166277259844
4.03299191296272
3.67298313300678
0.475766173709773
4.20939806515006
4.21891385057598
1.22998457263922
4.25205013634492
2.38162077438951
1.65824712558021
1.0343660307833
2.68742799297191
3.91903006511086
0.707215497045326
1.58203068113908
0.606138854477028
2.9703188621161
1.9208715295934
0.492745739126086
2.71566458969566
1.62375198816579
3.98981752315658
4.11854775285484
1.86303347695265
1.54128111760725
3.44405670381221
2.72000821761366
3.99595497389919
0.573122936339371
2.24811553059967
2.55117681552755
0.431575318217544
0.357854573977092
0.262047191574836
3.00233111943911
4.3129623706938
1.53925782856033
0.735985019810806
3.08717133697193
0.981503165921549
1.70702853021744
3.10359639287165
2.97586555610388
3.54827696477577
1.2453676313535
2.62712792659892
2.90295137865051
2.03705494621776
4.37756626765343
4.4960836328014
3.095384282595
2.37618239864911
4.0585527134729
2.82782431726345
2.77347850105849
2.39294289438038
0.700087613641497
0.156467651109869
2.00056593280132
1.38290870860218
3.39902265020102
1.09287840212989
0.858164130233691
0.886393901963809
2.48083396281554
1.56201924961853
3.18890414337357
4.03885683032392
1.17449779007431
2.44707677995634
2.05666749068687
2.19961812613933
3.22830010807168
1.9674682137999
3.97349092835999
2.09575940820528
1.43835822186886
2.51298213791167
4.305479078765
0.337370474135018
1.7842722204343
0.283188518307419
0.69710217679418
1.39599108491665
0.146226451874022
1.42186244260642
0.188098808180047
0.219639108394516
1.19552408825278
0.293981792033833
0.3384820138133
0.721306223106584
2.72336833040698
0.199596898406357
0.714779372534006
3.43343868620328
3.90031414791946
4.02751464547625
3.48089691550276
4.0764158848919
3.30340488745848
1.54761360384757
1.97600120555561
1.61729330439248
1.26689248259119
2.18203671762611
0.341056721258702
2.53314536917541
1.78889601104319
2.42965389983143
0.791424709048195
0.563127725492287
1.89915040774271
4.4739524161175
2.22063110036728
0.83347294343877
1.86433728046807
0.30261752322091
1.348536199682
4.06060088253219
2.0911948553351
2.0404814145717
2.02586850461378
1.5251514836131
3.96187189382234
0.540196279640692
2.24584806512939
3.24035269425173
3.80067136631477
1.05627623327685
2.52731779498482
2.50272158892857
1.94887358192268
1.24930489997705
2.34878087771101
1.61216169901509
1.63184701878914
3.14431532190742
3.64914752696292
1.54343127588886
0.859135783247716
1.56881233300903
0.559736055639487
2.74717416432228
3.44524888544051
0.639913936586889
2.43990613714798
1.67946360094297
1.26187577858153
1.03709690534907
1.80141806500356
3.58475133739719
2.62641165782115
3.57680232829417
0.674233397730213
0.776400050895573
1.89150863733313
1.22178681224222
1.32620846148842
0.217721032340403
1.14393586535087
0.791736869947065
0.870414306842937
2.89564290665945
0.931727634515907
3.03551349515735
2.11000344283575
3.73569316575042
3.95194637968865
3.32636240848702
0.985717614694137
4.42388414243792
3.90068773780755
1.73445097867506
3.55541163406428
4.49605977166511
2.42337328408293
3.28023423289775
1.34879962921605
1.11796703287643
1.41896911049502
1.89695915148986
1.14874315328709
2.4776454656465
3.71623856031943
2.20456369767198
1.33624210202099
2.49180760930253
3.47066340304912
1.37794834634852
3.16042427027344
0.51811490781163
1.37832738201767
0.523795833988318
0.170099469310904
0.687503665857213
1.93074319824513
0.0705880278411477
2.78894068545186
2.0273244673516
2.11393762396604
1.71416690655716
4.55320468375393
2.63607630318548
2.79840291741182
3.02636980223535
2.34001350825502
0.619209268112374
1.96471947669283
2.18100834286987
2.68385710260512
1.86363185176534
4.00276095698937
0.253564512394858
0.234383059759483
3.13505846407284
4.29720286021254
1.95141084353355
0.614406865329858
0.201645052814946
1.39590319666199
0.580277462331783
2.22570883277501
1.26461225533387
0.803994436211778
1.16061023939038
2.66209555982342
0.917200964179533
1.87619422074547
1.3840564661389
2.56309840311535
1.43215317994394
1.22021940049888
0.814339891717089
2.76552541050882
1.48773274886044
1.736911756187
1.36050634828127
2.68755014785206
3.58612254281003
0.764842595191206
0.694843659081961
3.46890193781697
2.89878746489385
1.98295231256587
2.69958260422884
0.874034097940244
0.512043691192132
0.492853330484913
4.25664266221415
0.795281412447942
0.157919550159091
0.0676365477816496
0.613396025313681
0.448071091141314
0.204256578788121
0.290242534807766
1.81766317315865
0.894771714617078
2.35711117827864
4.2173733602401
3.65888201033323
0.6101978481806
2.25173164421703
3.8801738140962
0.624377760206008
1.21952479569523
1.27488982937883
2.087640853883
1.62473323856944
3.14740688162384
2.37178950425556
1.4993326189627
0.211182382710419
1.06462279377951
1.6952988611638
0.113643225292902
1.3612413234344
3.37537529756977
2.35193932199083
3.87078824719842
3.1420603850311
3.95122700617417
2.08457311494214
1.9535215339618
2.0458004991655
2.82729538584442
0.347223932841594
0.982452540276951
3.87137911009321
3.25789238194525
3.78169192267841
2.47013282349705
0.529055612917853
0.683101556167719
1.56847803378831
1.55546654321994
1.74967621890798
3.44208526253048
0.828096902112302
1.48672061273837
2.86752187309549
0.73979557423895
0.216450398156823
0.533786739770828
3.04690077889328
0.331623148254732
2.13630400727216
0.774959857197881
2.85697040066752
3.40632329314978
0.428770986611685
2.48459009959166
2.01254229773092
1.51354627993152
1.73652275579419
3.4282231179629
0.315462441700617
3.23348830483262
3.5500825915491
2.84990041202443
2.70969106754689
1.35058182732076
2.72816241421448
0.855830746421026
1.53344755806265
1.61373112991263
3.63831099312157
4.07001119088487
2.82487528869297
2.07757507274033
0.283835228288003
2.06492488897918
0.521580772791404
3.13347983400672
2.43365670667334
3.4280321954574
4.02273777244502
1.72464604598942
1.66682557548417
3.89239150722879
4.5845526869634
4.28503418687029
4.16768509019887
0.07760843274058
0.0818014481953074
1.31749401434433
0.377715319984606
3.94995773503915
2.90347117085161
1.56715437146019
0.0421635432602335
0.234583397819466
0.47151535633336
3.6637926881078
1.78428060537852
0.770285637321392
0.21118070486625
0.133798729193371
1.27318984346674
2.78797009339915
3.73383432900049
3.64242673173144
3.41671672893827
4.25672707898796
3.55442828440612
0.394803565800048
2.15537903004557
0.835961633138191
0.548654518671991
1.48887647720514
0.815369174442369
0.316987080877431
3.12680862906897
3.87291610697966
2.49639161848789
2.17373772402813
1.66635995948005
3.61930235881094
0.898502327108585
0.355770295348893
3.4331827298256
1.86034445763326
1.76003789513158
1.54557183570518
0.159264731010404
1.59406138497919
1.86045866297976
0.921818148040236
0.642036752523359
2.11823137527688
0.710018846454285
2.75551793619211
1.40725170020001
1.37068707740337
4.65921405043135
4.12864519675894
0.655003979980221
2.33479888666187
0.599394362346668
3.56338684722711
2.33676404761719
2.70524019177535
1.40856611493977
2.27920360829044
3.58609253792577
2.04217094270833
3.2183339401383
0.617245250867418
3.32037137173319
0.0833566544194622
4.11312559395625
0.576614218424809
4.03388834126391
1.07153212888085
0.18519644166741
0.293857329193542
1.21441755241358
1.60599798965697
0.554477497412866
2.67722635974142
0.781629501414281
2.87757690504849
2.19133325380162
1.84605916505905
1.60513195432057
2.2029161996087
1.81619055881591
2.26838575839079
1.8922865447605
0.628978815549602
0.259426205866219
0.616009124830356
0.674905937947913
0.675182045108563
0.323086081413066
0.556197644997989
3.45834857713935
0.135848879502792
3.01717286766558
1.08686704151692
2.25394957171487
2.3591502721035
0.402056005870532
1.59932620438095
1.718037795286
2.22391242331753
2.13537051531851
1.89468890299982
2.25550050803572
1.81080284484932
2.3325723765371
1.28056970271901
2.44500074953259
1.74545814224256
2.41535866719556
4.08751638981271
3.74080041562045
2.45003586694203
3.52062977528841
4.48039317682875
0.424769359722561
2.20976493055927
0.893923687323845
1.73223964573687
4.47639617466136
1.56713035896715
2.93756705046226
1.22037442664875
3.74752169981062
4.43470599055757
2.75568971329141
4.25145974152733
1.53182127168006
3.28707875254366
3.90573732018856
1.35676634719444
1.03881325546967
4.02053590236613
1.67504167894098
2.15091241017506
1.67788012560427
3.3465242099523
1.87219369136166
1.26216497197985
2.39175534602152
3.42937180248565
3.10138326712271
2.35982436349504
1.9341452064776
2.44829905659616
3.79523469816702
1.90764328890797
3.45398965587953
1.69913433814744
2.4147565164266
0.960784693718416
2.8950548062033
2.4558487892338
0.843763871296039
2.59772010350904
3.42879061503089
2.03517751491505
4.26817010758204
4.10744006657233
1.9363531269581
2.96122646145331
0.622497513876168
0.486202821087347
1.3985025946476
0.824019569434512
4.01712258867539
2.7845570345448
3.19850455768301
3.65717935017441
3.68902085961658
0.999998580845334
2.56082874724318
1.57537842612722
3.5973977796118
3.11374610090508
3.52991106401816
2.21237649818372
4.54039184726445
3.58062700019819
2.10340623252807
2.69183011036875
3.03960024893162
0.956307918927913
2.20486625552054
2.09351036334634
1.14330924760598
4.1476920025433
0.382267775058957
3.97912233455221
3.69302477772491
1.02300820410724
1.1948967836613
1.46599345946101
1.19044691325784
4.47521946483303
3.59415359716903
1.86461873936202
3.97331626691296
4.46594958134725
0.469598945487369
1.98149854995404
1.54333585884124
1.62575766951941
0.302954734845935
0.67293570287137
0.805677765012264
4.58486121641936
2.55332215275917
0.689854585160975
0.146249865659706
2.47509218015257
1.6289476324193
3.11843395394095
1.98879189884601
1.3874718636827
0.650253541474488
3.52508392123676
0.110334732940231
0.349518220276323
0.29664236479788
3.43903136307781
0.965856085158052
3.71964488780094
1.2152504708242
0.844460110658368
2.91624610633445
1.14521728403166
0.33095071768102
0.134721266392416
1.91739323242726
1.55743266108212
3.25673440593016
3.85157408815704
2.40277070289712
1.21411992843889
4.57454617218449
2.58373555935728
0.471329243216267
1.92373588375098
4.25267705582165
1.26296382802311
1.90567002032983
1.4354455791645
1.07144306538636
3.08375609627156
3.99086208174893
4.15911917081582
3.99645215290743
3.11162932222078
3.30668001593105
3.11816547419129
1.12281384453092
3.40970776892076
3.20701728247206
0.761280464308455
2.62144664379339
0.521599637688128
0.756179880976235
0.460242004115057
3.51091768844311
4.26362811000354
1.77804011837283
2.63979369636655
0.975315364269723
1.51717487152487
0.3357318719036
2.36884677942155
0.248694550730904
1.22715431521094
2.5011039443837
1.14097510767255
2.43288442488172
2.81075585086868
1.70146090091103
0.788418249490925
0.95698010754304
0.999014529447656
3.68023074618557
2.26164009996666
2.00654348113295
2.40711629802364
0.300160048690233
2.10344221104974
2.95959981019173
1.01723910627788
3.1366783966704
2.44255764610487
4.24707919382149
3.39933150437958
3.25402882852618
2.00052225330697
2.18849488748489
0.379936960814202
1.43068954014274
0.232960355736438
0.720653798094904
1.29335519013094
1.90315429712177
0.165295754319028
2.00964852605984
2.00002727568707
2.18534999249361
0.0792239682821096
2.97735026757617
1.06732847243324
2.4177508768139
3.42816896224456
1.84181715171822
1.47551305827853
1.08927494485562
1.825733970297
0.297398828862606
1.36359004289562
2.22611205603226
1.53129857645674
3.62886054366042
3.59724313890817
3.244833811746
0.281858960833948
3.66534397692622
3.53156204071478
2.09337626707962
0.394533328296346
2.66534455656743
1.53859275518958
1.7773672749322
2.97005009570881
1.87609922572526
1.37570144661496
1.63598000290242
1.89774304273378
3.96465677004881
2.25146308988334
2.32852407135597
2.22278858959941
3.61940799096805
0.867036688080542
4.20935038498805
2.89802267566904
3.84596172859459
2.85865259518227
1.57046760482752
0.0566333939819619
0.869569507132086
0.503344282790696
3.07996808285158
0.342957773235397
1.7475873854768
0.365124538116118
2.06888052753488
1.51327721218867
1.0128555914287
3.0276422493338
3.63970555399369
3.87848332667191
0.468545833062767
2.13884683462126
1.64731328644856
4.00543866269225
2.63771214021662
1.8966898008508
4.66471134660694
3.88240018546216
3.81140992498221
2.44159229198239
4.18180682277563
1.04906312944863
3.65027877566889
0.501489114479461
3.77139427136082
1.07061046107432
0.369528297229856
0.992084910042305
0.279736920968995
0.953819967223082
2.69476870397853
1.46497519998088
0.881138443149759
4.5864893443285
4.28523872810559
1.2436480980785
1.72592421834933
1.14834711907982
1.53517767028443
2.82491479346387
1.55170783244916
1.78641190998497
1.07477749998424
2.22771782924518
2.75212005942532
2.66253487142711
0.606642193547179
1.76907853546872
1.21605770593518
0.48898136716928
3.76409363723926
3.34564560403152
1.92744356450451
1.64608227964691
1.06309637286342
4.08691486261634
3.30198059059041
3.47853667969158
2.76050522743647
2.43294034242736
1.21249159186992
2.26468257810088
0.418154273297485
1.13551269105993
0.570540410497224
0.553370773194851
1.00999909315607
1.79729713153494
0.0159177346958328
0.458573779922003
3.67993712693436
0.85156427415429
3.75617722425227
1.30520639504632
0.588416621748546
0.349716509708935
2.76366159939684
3.89514165510605
4.08561603347267
4.34571871012116
3.77226032190065
0.582002313611979
3.23937658021311
0.437945716569563
3.19174266560318
2.24193438293352
3.05297722025688
0.263086573304181
1.4505726592479
1.9770840649762
1.35250415002286
2.57066396176664
3.72123407687698
3.69667736490759
3.09809543872803
1.87369060518069
1.36724781388346
3.36666189120223
4.22332654931648
1.70490823132939
2.14338334572242
2.35180598552789
2.37486628534532
1.86272757580226
2.79656012256316
3.23573553529803
3.23912090288537
4.15793957907335
1.81210467259883
1.67069174051084
1.05037995308042
2.98512940042284
3.69565133345729
2.51708317230377
0.549720969104195
0.186523330743332
1.09664409817272
1.14366326033969
0.429289598709189
0.617327584800004
1.45861623961035
0.339964714653108
1.1329305173677
3.8611773249957
2.03921371505827
1.20727744867599
4.08413023827428
1.56857420321769
0.431013019786138
4.77996948768809
1.71031081689841
1.96500496593644
3.97241043507189
1.7766507440408
4.14653926502385
0.426090254406695
3.55192228702188
1.15901513856635
3.63946079254749
3.9355975891442
4.16225677200598
3.93584964343438
0.863767841906628
1.42478348868481
2.11633799175057
2.09877889454145
1.83889739622301
1.6043710006696
3.30101941201514
1.93813810393358
2.15561607161409
2.68266231667739
1.12700769454805
1.48647169362436
0.809624981102745
1.6227680817006
1.46453646090204
1.01369315540968
2.39050407577898
1.18063686489909
1.87317759311217
0.571895207592962
0.7509829528768
1.76308881897232
3.34105420200485
0.0634568646973985
1.34780638715254
1.34490508673609
4.02357534640664
3.75224827391654
4.32219322928449
0.112625216624637
1.1534352469542
3.04084838079761
1.19794889281578
0.835212819859062
2.35863262122407
3.79837527969672
1.60658457813337
2.34319777701556
0.581562079601636
0.646755340832508
2.40796754272429
3.48092486587071
1.58620438917932
3.7265577192493
2.83798700581568
1.85851153990741
2.53273861582071
1.863465491115
0.881911421104714
1.44601434244346
2.40420326601167
2.5254839386871
3.57301759840618
2.98543327659909
1.31493599374097
1.17671280745025
1.70580316664364
1.22645490527719
0.240022588930548
0.815010814700288
3.21641447326878
2.69972182556876
3.48553027937059
2.956316657382
0.858842301343887
0.289275683494704
0.710504512982064
2.63868012376784
3.42358219926028
0.352027486397159
2.01821530380499
2.08924509648803
1.27046862951125
1.5559260731916
2.55526355730116
2.63936955287822
2.38523848800897
2.45867599080169
4.12030257041264
4.06974240288417
2.29819466546478
1.08021979680281
2.91435888676982
3.06081638729287
3.66933937917206
1.78116160619633
0.722609472371423
2.92930245980904
2.29418675695306
2.28923521406255
1.38816340844797
2.17177047580865
1.9477210229445
2.51082490891629
1.80345789112715
0.30704381383867
1.70068708373985
1.97865857687697
1.70892227546146
0.581997065607408
0.895198762024254
3.08683887119905
4.18711480177095
0.156122221370189
4.17536740269514
2.9406148802214
2.24227527162805
3.9930700537937
0.466673626714692
0.921470477954932
0.905038928953303
0.478404566013043
3.07673106616585
1.9848758913724
2.08045175343895
3.31333309995826
3.15968110097512
2.40302124339411
3.40925390689729
0.180978076847217
3.35408965420091
2.7455464669613
2.6874822018097
0.974270625762508
2.02816929797353
4.13876773188396
1.15805934544542
1.39079692616859
1.00904471219051
0.883299582704539
1.18057588537763
1.21621528092605
4.13820453142017
3.25755011116321
1.07669445472575
1.59913319709511
1.43366727403914
0.819184016008424
3.89893930104839
4.22983091787129
1.73423116862604
1.28279444885853
2.57685898594833
1.57617587177482
2.20365360117176
0.685402935024271
0.22060604302275
2.87077067650965
0.82297839096521
0.362929059193059
2.37602207312738
1.63471206579774
3.01539727717448
2.0956178846963
2.32380521617805
3.83873089135055
4.17233840696818
0.329412778496682
0.275897863046434
2.46148894971273
1.77720254850985
1.0931671165039
1.16288189687318
1.80213261838374
2.56495991151418
3.03752612798286
3.6038999896703
3.44604926110359
3.48388171853299
0.324387443033726
2.45356026989776
3.71204060042684
0.316181391960779
0.779394525046573
2.85590294697329
2.46487968536055
0.866481578334471
3.075688781647
0.102984159271878
1.31278179593514
2.03659519758533
0.490847217691747
2.04388094520657
4.61864223796931
0.99676159182117
1.673517531445
1.03646976257895
2.24927578673999
0.59280251375725
1.23822100031411
2.59163432733003
1.09431307516833
3.14023420175163
1.70702591355563
3.63970939260467
2.59842074039266
3.86337199307492
2.99051016852329
3.03313945489367
3.58303523300685
3.19857825805153
0.355126850108346
0.108671513944685
0.308347297972972
3.19413466133261
4.32252752413731
1.63299519382176
3.13534796984303
1.75783447484436
3.5169242151934
2.05909568997241
1.44844217935775
2.07551271770852
2.91711999289254
3.59657346356719
3.66852965779052
1.6956710554167
2.09445465040783
2.09076895939085
1.41766739839406
2.37639533312901
2.24358326534643
3.72309468692324
0.622529326881047
0.341922087189455
0.339505479379281
1.76495322492027
3.91336670252599
1.11040091459709
0.489713184400278
2.72964712716322
3.10313969897393
3.44615937823119
3.31990635016076
2.47464136259643
2.61331642892186
0.683655039999267
0.915730048351479
1.36352681100952
0.417593133901112
1.0363179414197
1.76954392132399
1.77327763632405
1.96003435989479
3.92936039687228
1.16117874106108
1.4371531384965
0.98868205919788
3.44006426421816
3.82141744416103
2.64792764961115
1.87976218732913
4.07782417853246
0.277407827339821
0.189920250827677
3.20337812160634
3.72629240039368
3.99469831642825
0.496845316685952
0.900318649657992
3.99895037283965
3.77179431096144
3.97450910946687
4.09529051416333
3.081422730613
2.20066096514706
3.98291010018139
0.129872570919847
1.07007879988714
0.469567139990799
1.61886058308279
0.433313180535332
3.16995418998612
4.14051685685604
3.98443235358925
1.93646092862792
4.64245714032034
0.804701569504853
0.674572424550304
1.58484660666029
1.19944112896703
4.38781950019195
1.41312587205763
2.35347601451161
2.08463711378361
0.0336352049973566
0.0281963157175925
0.083304453859515
3.03456403273654
3.24255231473036
0.899754617452078
1.69303443784954
1.10130026853853
1.821326606405
1.36930274008792
1.2322044125737
0.621347240045408
4.08794472175551
1.84086931217115
2.34620743540375
4.35663619220709
2.11035807987322
3.92049536662946
4.34261633262192
4.01633694681262
2.0982139051147
3.93025797606915
3.5847902278796
3.56572440889678
0.447323694312144
2.3105430270012
3.28295587310455
2.10216682587945
0.221389519003174
4.06201608804421
1.75619910519056
2.98991299655522
0.834325656310189
0.303548133613503
0.232966163294744
1.22429940052108
0.400037460756137
0.485320591000173
4.34769377676016
0.0194964877680488
0.117762726758234
1.22607452642604
0.110859566100917
0.161633481801682
1.51887844672083
0.800731896812095
3.52546950313214
3.79954156070119
1.98947209686865
2.05394172153542
3.18841260591312
2.36263608280816
1.34284315124965
1.61564782196196
3.34464275354819
3.83993442155021
4.42675744257427
4.26520244913698
0.611455814101869
0.985549213096049
1.22019958368133
0.219318236637874
2.56852627605069
0.282969532008427
1.4902506573127
4.56973888136969
0.494778785163101
0.283767589227917
2.8745852212063
3.6768409410897
2.86633305687695
1.91747810595868
1.77128598610458
4.5935315692473
3.86153120969931
1.05966498076135
1.40937542455332
2.28419449835932
1.14323173337532
2.13190903061329
3.91724157987413
4.16480851896986
1.37014876817031
1.94329897435239
2.17973506084637
3.39627270168752
1.82562252461263
0.520957265845212
2.80299681528528
2.89770142517976
1.58907916992671
1.55162920993956
0.928118075791041
4.43013847522543
1.79022413919226
0.447078731244636
1.64075782691274
3.86691205683844
0.165783361726386
0.411326249383539
0.202271771483352
1.15788181669787
4.35720558444844
0.870160175174757
4.73319938187467
4.41771291687494
1.28408937659203
2.81741356311579
4.18972162437808
3.99277771826635
4.38319688612477
3.61661290246324
2.89070475331478
2.3970198726069
4.24334669366618
4.55984792548336
2.71767285336234
4.29774147202809
0.271356792706283
0.399470458766069
3.35915930209729
2.20697504917096
4.487674376914
1.8247218096031
2.41821817921955
0.684549824289191
2.21562697006087
2.91101429968436
1.36578416191914
0.229043933860371
1.04368689890927
1.23051875878206
3.8462005697252
3.94637946958165
0.627189614601003
1.07736969782547
1.51096348320616
0.464519100668089
3.40322637047317
0.0262283294150654
2.26898816070129
1.60537290796299
0.821599555343688
1.40959344948096
1.43077334741211
0.566256498618488
1.95835789120365
2.96210894744069
1.62366108124121
2.25366041278135
1.93012837511552
2.72174636079216
3.10925001797469
0.571188531364076
4.49531665453202
1.16137646119491
1.91859247289965
0.0202362040392146
0.0059916637110962
3.64050364379856
2.48682380064135
0.0926952253514434
3.39093917242495
3.61324030049596
4.49831714277436
2.17156223369394
3.77354943170137
1.69584743839167
1.11043882859379
3.92181306874848
0.38013135402292
1.18041863745096
1.63965714903907
1.40153915634395
2.72860272131034
0.929748223153137
1.04583031619738
3.17114477359104
3.18926336346667
0.160843294067804
0.952343466635596
0.638218207218606
1.21962638540774
4.15982516838926
1.31171556479565
4.46387650028913
1.38509681787113
3.84076823815537
1.26968528545532
0.227933625877884
1.27379287334034
1.19746284633793
2.93946058802132
0.552525049232936
3.5541859057592
2.51912865241911
2.69748252401094
1.80466747318039
3.93541815340011
2.50489236219192
3.60829675801459
2.28513754224227
1.6362908365577
0.489300834128896
3.56764390340463
0.146612794058798
1.46066891920552
1.73984837190088
0.528824417456986
1.83410414349516
4.04687353172586
2.27149072157449
3.65287075169056
2.22549027527365
0.540421370394306
3.62544162705884
2.39054608445854
0.812282491192769
1.26393056113014
3.63265551369089
1.84770845615654
3.34856792605315
2.98772546501966
3.8831495678331
4.00282199080569
2.36157503736999
1.24606193798725
1.22208356900801
0.829292780691295
1.03265231501807
4.28920773521571
0.471351068612263
3.89508006252864
4.0941907770712
4.04178281669669
4.57796830125771
1.29595483976294
3.36850993840395
2.9405455417957
0.168406184201921
2.07722183249532
3.88706380376293
2.02278861056535
0.975456349954568
0.245783460341058
4.49345735730074
2.98347080254567
0.0664272237045488
0.950069624794414
0.881400352295385
2.23021467713095
0.861133467697512
3.622480674171
2.31665777025405
0.393964669027242
3.30895799509925
0.483585441645963
2.73768601655696
1.35679384390159
1.38775752784516
1.80242643810787
2.326533865778
0.86300680000238
2.24596389458946
4.37934518708744
0.396368623535331
1.74181247765662
4.2191021536005
0.561653752440394
4.39693398562656
0.801997444911983
4.12458484841008
1.25398390642418
3.63077642109022
2.64781358537277
2.0078272986729
0.342979187990507
0.353053715085043
0.949419494545996
1.38327675863116
0.237117343316243
2.82084168128858
4.13848730698367
0.589105078765942
0.080740992099357
4.44089138201668
2.17574491080219
0.47214757061702
3.97623430387846
3.5019208881155
1.02887825286737
1.435772915158
1.99247942094469
1.19251815676218
3.3741442097007
1.9873385712923
1.72132214590901
2.22828311410751
3.47077274431526
1.60757978522524
0.894340589098791
2.6978130921909
2.70274909705841
1.71685999665765
1.35020618158995
1.68001749350751
2.03236104914961
3.9447512809698
3.46497017513165
1.23078388284708
1.76648787034892
0.645102426419531
0.524537767850594
2.42604297249404
0.464090075916336
1.72003021373413
2.80651124245824
1.5237229665654
2.85196976215452
3.37826965578629
4.28483539431135
3.98116130423695
1.90907738734897
2.65169206330993
0.953627358590178
1.35653953610897
1.73001313492612
3.96188412040807
3.21441569545231
1.28263774791675
1.79857027478204
0.462132148774087
2.76747660325414
0.958775955180363
2.27160635449977
4.31232845472716
0.445660466714278
1.15234479049202
1.65154702441764
3.55095924736444
0.81176034021272
2.70890366581837
1.10102071957257
0.703357802848122
1.95191003663859
