0.30797130202968
0.0106156687095082
0.0385609325903314
0.0556615015386636
0.138591187984906
0.520417851371658
0.14006127136414
0.309302478185201
0.0696291715269237
0.00505340839860508
0.0856203713749596
0.499522283014772
0.368593030094889
0.144712815494262
0.113257283064291
0.0391471260276608
0.126815411215479
0.0862569988163958
0.258660452119017
0.137398448842204
0.11917801246672
0.0603862201331113
0.0377520814861183
0.0620007573724694
0.434150253894149
0.236883121988136
0.192405050489265
0.105555428737401
0.166161601536514
0.100897277973197
0.162271558712807
0.184903533038054
0.371493098959595
0.206704989738736
0.0204279955263506
0.423767281222527
0.0980893335814734
0.086704277257735
0.0492363163221262
0.0253773231348076
0.136615825883987
0.0476983993225456
0.0181915809558889
0.303838935725236
0.0761603751621224
0.0885762324489365
0.501721379540842
0.133540399616014
0.465153178255821
0.0695974788989215
0.124784847311865
0.241823423306874
0.152997849685297
0.377852851620782
0.355754884596991
0.251848502650952
0.496790946778995
0.0252200425558672
0.112228480098571
0.37480527326687
0.136879451346607
0.0887789681157567
0.013467395680603
0.284555360573667
0.0396179322401817
0.178843023089879
0.0300034534545466
0.219958915611193
0.023275310826861
0.246172700387321
0.474614961353297
0.233571194960172
0.411694737586475
0.0162057553064793
0.0436723061852344
0.508977310233786
0.394959441498818
0.199099186013416
0.0252128657904837
0.0162600159159876
0.0640380334410428
0.0664533934251195
0.223413403058606
0.246256508320762
0.064723589320606
0.0682925825113298
0.0518885092598655
0.139094759104475
0.181100805799222
0.290092838814577
0.238030268592581
0.207411645620378
0.858400721758304
0.0648232059062932
0.358567074418037
0.0626465285906966
0.323115570254116
0.173867612369967
0.378680561866582
0.149992193301438
0.380078188231062
0.17758584625727
0.127099133668162
0.238778270183201
0.145489934082415
0.189729025304303
0.835787235002323
0.186052032465435
0.526102575162545
0.119949543793849
0.0463586331422838
0.249815630359785
0.192290726531686
0.19265999823717
0.56088276807777
0.430215799434566
0.153624949501452
0.698443042444146
0.0652663120978172
0.20904958058874
0.163453000824547
0.00916549397063243
0.0189523481505953
0.079789903258973
0.178264018210483
0.171508051891909
0.0786279641895955
0.165762429116083
0.0837450761173182
0.114277273266517
0.31792309637671
0.370224363469176
0.27268609267492
0.0431842986866262
0.146942718215822
0.0915553723713567
0.0336962950091601
0.190394632097539
0.295007079143735
0.242604557323816
0.0616335649734506
0.228448626936308
0.105543981107953
0.356781720139492
0.0411687603684801
0.084551128836763
0.107893595402416
0.0927836753894778
0.167459807219147
0.195464621955798
0.280350510758142
0.116375046786922
0.0450071512752953
0.0916879285506934
0.339394667819054
0.0813939743821849
0.216844461596422
0.120802945325255
0.0200434129210269
0.0209499570228737
0.0117874712014472
0.0738335784516715
0.0448842299043416
0.15977805598912
0.00812904759692108
0.284310040380675
0.217337864871897
0.149998867685239
0.091031263974043
0.301552076092829
0.126701714149647
0.109130394224911
0.208244330715394
0.0148840796525404
0.0439319900070532
0.0284099719188296
0.221773832644962
0.119527345949119
0.0144512687432027
0.188831830251799
0.0382611116149145
0.164888213197492
0.0275863754708978
0.00313291292689
0.212883927978283
0.00792761898206917
0.241006293382038
0.210168534893394
0.0407875281911997
0.0611414488184086
0.300625702721122
0.0976022740135498
0.0392499075166027
0.209277862885423
0.1234774082567
0.554788592237062
0.105272194906758
0.0564763282676893
0.00489859925464299
0.139249073154945
0.0796182499504752
0.0405468543123098
0.0473115368916219
0.0392355980230216
0.224860964694601
0.112195861779648
0.246965696704297
0.0549115433759119
0.180944441646743
0.29403761089343
0.120755755242665
0.540576586377885
0.402065000684945
0.329647701459764
0.455095309924795
0.264264616345523
0.276251708296256
0.0596419588718381
0.151804745588063
0.0157636904897772
0.207911551122438
0.0189119079809212
0.197337884483981
0.0859537383756232
0.154991466778398
0.32426422410773
0.0514002161774018
0.0737567928271138
0.324968987112139
0.379741697537504
0.0383305750335403
0.290564174558907
0.0531855203029968
0.263080562838027
0.411421815608556
0.119584481321971
0.607555580081962
0.315897203043982
0.319504205581356
0.126224057518288
0.369123191965535
0.04704651452336
0.221090401828683
0.0788177270160635
0.0812220911790931
0.13901890112288
0.125150332060015
0.155005208168153
0.235696060241594
0.00290119072449366
0.0592167110200814
0.451621439451864
0.288609054374279
0.116304885546768
0.0594080940819158
0.255294721027768
0.286940330980045
0.339967504475623
0.375356242950714
0.0332276276215325
0.20707463388321
0.109810814426973
0.0736926951448195
0.223161415053013
0.0862887122704129
0.375094068105221
0.497304419773228
0.0851535298006125
0.0446483714930364
0.06798982662723
0.03663504514639
0.447507627968225
0.255070989353004
0.0673756574288377
0.355219067105136
0.0704227992472509
0.0310623952894297
0.148703600672758
0.15368524304478
0.190239291931176
0.0558136155593192
0.0344492979601457
0.0237230182287062
0.25504940396871
0.10911331285097
0.0312674070199707
0.0984522427282494
0.488507281183019
0.0968396646437128
0.690241561449523
0.0456750223100474
0.271630310600883
0.0404043102414982
0.54956192380315
0.100407924553505
0.103666380097241
0.0359838448552249
0.0526994194694434
0.114560346542994
0.224344239016415
0.0879897955846699
0.289620308455807
0.342059905869292
0.224985813491789
0.125908299137992
0.0339982406869243
0.370712606137973
0.570781290514038
0.0775658972602284
0.165149051093978
0.117778008866148
0.131743572726137
0.167858461778397
0.175595699966601
0.201573585606604
1.2373920603256
0.10439511816236
0.173997023339547
0.0784751748903088
0.461844091242557
0.335698370852212
0.0456386077854634
0.0576561030856566
0.0600954958229242
0.121876362500225
0.165767900103001
0.240251957965376
0.291386231724629
0.32416853454854
0.0831803230397622
0.0304691855043572
0.0701942287662033
0.14142230981469
0.274526278922515
0.194101556460217
0.0903123046490276
0.0594074047393956
0.0996444073950719
0.00711644038202102
0.0459210504974543
0.257243424651385
0.0778146532257547
0.189427389042249
0.107477720347311
0.0430468429169285
0.208882363523317
0.166831061091707
0.119710538961445
0.176104273155345
0.13958520925796
0.06953837237815
0.254015584855853
0.280477303034139
0.211676848808749
0.733485885925597
0.189237691791311
0.0482121986735866
0.339772637447102
0.218471246625287
0.114521310926033
0.139947492944969
0.311680659228081
0.137178790583633
0.28830932633507
0.141383249676275
0.0595315050246364
0.747700005641311
0.768929348575741
0.261308572005493
0.304517730791803
0.430764014417233
0.189775857464395
0.0784426440584713
0.241284118514135
0.224014395601971
0.0585051546660044
0.410387014971431
0.177587923212953
0.324511510077803
0.0815237100376769
0.169455179326813
0.292037296776087
0.530003179599257
0.0959376562525588
0.283879217283251
0.0314577768246915
0.0414410494349106
0.0343875647673837
0.0651348259792576
0.0166622291711009
0.0993385924349104
0.0598920194338227
0.22461173634839
0.163396903625062
0.123641068738522
0.0845721734218302
0.110589787594841
0.0306553995735042
0.154118094757975
0.278225206639318
0.0744834288097183
0.147661416877916
0.260000613196896
0.300681696301911
0.0617248026951661
0.093738021750156
0.279097099168894
0.0939268427870947
0.175491511555718
0.384747511360554
0.412029130328708
0.280705293658606
0.0901542832776748
0.281836964558902
0.131159015758134
0.154752093427993
0.132628364771381
0.184944274558118
0.0378335683825052
0.572648495414912
0.15314692576525
0.380885875596398
0.234955526936428
0.238310777934802
0.114244605850394
0.049206808147529
0.389193871472646
0.0398350596921174
0.189656477819385
0.115700483612895
0.266697646115287
0.160961695326881
0.044066142570465
0.318886332239881
0.190689022166815
0.0621265644437422
0.491635835406922
0.116742657144083
0.158045927836332
0.107289685268366
0.114674616017718
0.200540429401884
0.101793756932033
0.0586329131309642
0.179824676719372
0.0274879381929322
0.246834577018083
0.284259860280479
0.135396966305325
0.521743111557895
0.48767416044503
0.0905928566395744
0.0432078007071898
0.0869475937963036
0.11306610402065
0.105003534680947
0.254294132200302
0.116606570942896
0.248248952491367
0.0815140315772093
0.013770542081095
0.40295646714404
0.295433021734397
0.378533492799385
0.0846433212608163
0.0697684064780141
0.4270384664356
0.0456808496045891
0.0919595019558837
0.244469337978332
0.120992203662657
0.351729137268589
0.0435826716558404
0.0521246690522035
0.442108208845636
0.119723619735589
0.0731520425071892
0.222252763811005
0.113575341585309
0.13092953873439
0.0389785916032135
0.303519202021546
0.25263139939402
0.246090907474612
0.197597880692738
0.376359078316492
0.0516165637352431
0.214724350432253
0.114042038841177
0.100335901939618
0.119098247081469
0.249600625983409
0.321369669500699
0.207394951179364
0.188529751897828
0.0569523165393561
0.0333761721674
0.38198580056867
0.198580086335342
0.0442902325562225
0.0151206959975276
0.0719091209544956
0.106179839862749
0.195590933478792
0.252554602779839
0.112869454028618
0.289464813384217
0.113241432773354
0.141258575950691
0.373753224170687
0.234693617259851
0.0337438663344947
0.127899510329141
0.350483079164747
0.335932257788712
0.34557281936584
0.0170475335968402
0.0495657491636148
0.0492027403487572
0.0987406527577522
0.185199323019018
0.251601713222534
0.322253716422659
0.355225094981637
0.251404537469271
0.191271751484352
0.239310719391781
0.400667024889535
0.100638600600836
0.160107232802753
0.210057549197471
0.0489053615677808
0.102017331697433
0.0458226749928014
0.449676138840609
0.0632781111399938
0.508850991796931
0.154534226948456
0.385178946350031
0.268779877647291
0.186869526713235
0.223520853061573
0.202092261555386
0.141897462372453
0.0873905614944911
0.0933354537253542
0.296041334421363
0.294860533141001
0.198504514463463
0.0863290781782992
0.161335062839305
0.0107984948280226
0.0219697775068655
0.180330413461612
0.294191005491618
0.595329227390352
0.121898690169162
0.193679938253811
0.118146731559144
0.111668732678872
0.279305200068969
0.11139979187725
0.0104813406722233
0.158385499036991
0.373143341759566
0.0449788845276812
0.106673225527507
0.0477935896038139
0.260511778921377
0.251708409077152
0.10637817831772
0.28520767284007
0.0948696816969883
0.145900379557116
0.266856196434714
0.192460366376538
0.242753397469782
0.0488785755335965
0.114224551282604
0.0835132622889236
0.175949789492993
0.168232444376748
0.172989035673945
0.0621940004084602
0.278899192471259
0.291963706212735
0.310108798564293
0.0305034826180842
0.110564549114149
0.175051650063408
0.134473867768991
0.364149996227799
0.381208667285779
0.090949568965241
0.182360187430215
0.288989919322624
0.0434602009213526
0.0748086736449378
0.211851416779207
0.539140079099438
0.0969738398276998
0.238617166994898
0.0252881326388961
0.10160060366704
0.281385077053385
0.466123484126398
0.299261050180242
0.15995912091291
0.188315088938942
0.195330404167601
0.0441691344549405
0.163371680244094
0.150260509384003
0.152538783863056
0.0931636849057117
0.375746197688472
0.71199501908999
0.0326214336387412
0.0367303533998123
0.417977140060469
0.175170343158202
0.162641764242664
0.0448795517126254
0.36690824525952
0.0723964594757809
0.0879373401569098
0.321219225327497
0.257067959252907
0.0377837840623353
0.0420608830443735
0.0603658903084947
0.0808361918076521
0.0706350119680496
0.0500672280306843
0.298570936811727
0.755119344525662
0.147317208922571
0.174093179244809
0.0644353839571602
0.414984673950504
0.0451979739110508
0.137571891719543
0.427216211858597
0.0788641224866306
0.0741723978534646
0.0922999498071651
0.114976805551058
0.0247994049476601
0.209589930058356
0.138825288509572
0.131053426983095
0.0266837580616902
0.183802567222056
0.19330068601264
0.357388633178414
0.306980625459839
0.362777889970421
0.150539321235461
0.25094739083524
0.310398591045777
0.426736985832735
0.181350542427957
0.246833498605521
0.0527090544927607
0.411470306756816
0.263122709730471
0.580188257369182
0.266615485442577
0.215189658520029
0.156255050235106
0.00991574392280123
0.0128976217994028
0.226468018639034
0.0347193202250301
0.0989078286333339
0.333090173483691
0.0804785842225603
0.151762822129135
0.0849844010522059
0.436193675630689
0.287472144807386
0.281849887005345
0.334866663500635
0.23287414550422
0.123408801630789
0.232727908235978
0.0545469436146007
0.0238203629886673
0.0604526919178706
0.276993214783474
0.155264519130917
0.142113774628633
0.165156451384974
0.0219476530844898
0.0476362898710387
0.0439308418642368
0.30242546816449
0.206081096944112
0.115970793735426
0.0793501488498151
0.512688017528401
1.27493428674707
0.0198748216126262
0.0695134993533575
0.0576093430005261
0.342779199240359
0.118930306658766
0.513177322468179
0.300717944673155
0.0664148236556696
0.159262321310486
0.176766759916373
0.2440805802848
0.371153436396418
0.0704084901251444
0.0462825591743758
0.182017913723834
0.178940173090421
0.251322710116321
0.232327620454993
0.302020705873094
0.111615613631234
0.153509666763759
0.194583737906804
0.268580903186551
0.459584250607107
0.306810325504007
0.194938610305461
0.0617818768775144
0.206922922317689
0.0644774335788245
0.341707831131967
0.118223237054957
0.0757176999192908
0.07257156193556
0.024731510695878
0.0611003220462272
0.0607669629967784
0.0416178505449013
0.131678994862199
0.284808902374376
0.0243938611776679
0.220359040645975
0.150663863695825
0.106595541499354
0.317720474353876
0.0921974443692085
0.138721476536521
0.0998943391712251
0.249266024216316
0.237667611798066
0.0896790674908721
0.173441843983417
0.137650549998078
0.13343605374131
0.0575113973941252
0.762839217297003
0.236113676318197
0.160886443826991
0.0850468639784699
0.0599915434568265
0.0452950999852788
0.207275784079004
0.107012743458804
0.141155875419333
0.185076333083287
0.182071951018117
0.6713088893359
0.0770451105433955
0.181051297061753
0.0968665506548406
0.655603110492954
0.369412240158151
0.118141681929556
0.203588040776078
0.145493804201603
0.127178664159294
0.190773616902811
0.022329960579715
0.183126990956762
0.0156555105934673
0.0818857618904639
0.28207014519239
0.128140892149325
0.28920652235916
0.176434973222849
0.0764232363152378
0.0687849090388174
0.166168987058252
0.0869866496582292
0.194783652980852
0.0613003747971187
0.364281810309465
0.02697715893486
0.105280099924772
0.172355487368314
0.0412761265779696
0.10205365328784
0.0501114487010657
0.099382982156213
0.0269759016505898
0.186354345384032
0.167346481117451
0.202263037880218
0.142705443366006
0.130625438077063
0.28293319121153
0.112232848807824
0.163330684389734
0.335702492376417
0.228649168799234
0.0627720147742193
0.320344186095393
0.117308471114536
0.0916690112012438
0.0712298321695729
0.0774624132292858
0.182618075749971
0.294797260182271
0.162091729591369
0.325456617404409
0.247778062725916
0.133176276948495
0.347528163457789
0.0135646344114783
0.401887363887502
0.32293536388651
0.232255464529318
0.223212101930127
0.518571177628655
0.189054353622175
0.0471322266567823
0.137336034232105
0.164198795430063
0.076098681525183
0.0504281769949929
0.137882631262973
0.232061064391454
0.282888678757914
0.190981092312589
0.0827274712425288
0.23040419034055
0.225515387399368
0.173039267540775
0.155741633712703
0.203445063870066
0.288714561030329
0.466475640579195
0.0533590233573255
0.178045321894258
0.112697870044301
0.491093246415981
0.0869386620322981
0.0671873626895151
0.357927942059305
0.344407193983884
0.0200733134552313
0.0589435933928359
0.250283903762768
0.0475917094307694
0.0220156455311239
0.167395187919531
0.0841087695962174
0.0282043462110421
0.0693227226062229
0.223950080247549
0.298015380210654
0.201439613160599
0.323362702153781
0.196282968776097
0.160494411272979
0.168786793023067
0.282495541341757
0.289982771915113
0.163649390967524
0.0158121871787634
0.00823175827948964
0.0393633810046456
0.150477319280682
0.264437935760848
0.147720954959848
0.490004120734509
0.141816416462848
0.340958396022276
0.133773714388563
0.45943900140946
0.18061407746035
0.196200102035981
0.0114370008204022
0.123286911440715
0.311968077059314
0.19720436765786
0.127760132175912
0.0137277290071424
0.0670697534813944
0.0305369164518414
0.421053560191996
0.213075024588
0.0256323780867609
0.0882258042463444
0.083416764612874
0.0243513872031444
0.163133658403797
0.0332076391629619
0.38884963001989
0.420446973770897
0.0449902324799982
0.131331981724591
0.119983747950488
0.396439832446344
0.130873708156713
0.0350143764959658
0.254470805137333
0.112450759766217
0.144241139724472
0.237909090078179
0.125711513484927
0.274687374502114
0.0119283628523022
0.180020014942552
0.355912172816824
0.344971511909707
0.401524030584303
0.0601366347315863
0.242323935334684
0.038218022440111
0.0378278970427055
0.532142784693613
0.103025437969572
0.171464528181612
0.142505576709105
0.106953544236281
0.044295437054221
0.0242151125881026
0.431104103458823
0.179064837151087
0.130169808005019
0.412468432110437
0.0958605282071241
0.325925704712042
0.0916048545312463
0.0278512261613007
0.329050703015745
0.150604070319907
0.0865123411783346
0.142971028359079
0.0222831960139799
0.427566538540907
0.203230355519968
0.0403168672696873
0.289477044363138
0.496629274759802
0.0832851070516536
0.233772574990032
0.177177062562894
0.272192291800982
0.0708512843865641
0.317742125157201
0.189630877532959
0.159034692819751
0.352936107657924
0.129765308622134
0.264143016368934
0.147753140831038
0.0697734581706143
0.0477910011237736
0.184116203838316
0.140397171602297
0.205631596195458
0.461180662550613
0.426965369205708
0.0688522536476587
0.0997719533657866
0.0484660967300439
0.231003596148135
0.314637277824228
0.0499919162386372
0.203070684036502
0.268141324568744
0.355773943728195
0.198270390320505
0.07135480938234
0.101722879541191
0.0734176417495696
0.244063096810896
0.173644493201963
0.0351153381892673
0.0442950561192277
0.146814284942277
0.395595413469196
0.112392952560533
0.09397140051865
0.188100120894658
0.036157509933976
0.407644651936812
0.290546860512374
0.0887328548539467
0.139805582420731
0.0931948859232627
0.0966040670703633
0.295562338604661
0.18571496690401
0.0332422785642462
0.0518916038025842
0.181505443019208
0.0898981447974289
0.198899582871605
0.256169101037977
0.0906081605056167
0.326516904000746
0.090109321328477
0.0654847226473772
0.152894448363107
0.0917132109478964
0.268628191400452
0.102045535158932
0.257463288784404
0.0624895983507435
0.0679241239291256
0.321243102946612
0.101657349551018
0.322304017069826
0.195073935586153
0.345366600487287
0.152863210955307
0.0654128710749961
0.224267576254281
0.325091942306071
0.15538313354343
0.308432155448884
0.149929491536363
0.125026994885753
0.147475619261195
0.247042398138934
0.273808910596215
0.0572014056131434
0.0178785952192017
0.0949444139057124
0.15367550196357
0.327390236197491
0.119324204120431
0.23681442051932
0.201781246786095
0.288038489420833
0.16666100707862
0.360675863617756
0.233003734286551
0.0453502775131521
0.479953321294414
0.0730749345954692
0.125891058785376
0.0442534248959278
0.0948617725047746
0.264994585368756
0.085733923970768
0.388248679679425
0.256529219714137
0.123273631010773
0.278656690301846
0.254540360809719
0.39724537001207
0.436641241121556
0.048223506138636
0.677571686066936
0.0270650473026943
0.0887503258753149
0.399734729782941
0.331878667862643
0.256659983758353
0.0936763681425551
0.314547201875232
0.0123322244403127
0.229310931036856
0.0238736236180013
0.178596091423317
0.189487111888723
0.301287884664447
0.123767345493971
0.183674676545176
0.424367381175222
0.108348671797307
0.104020418379337
0.188527098771878
0.151070096448109
0.0233329898372588
0.302001819917429
0.126701484519603
0.141296581033425
0.202190359572931
0.355129275237018
0.0453828118911337
0.0438943976231484
0.318744196660585
0.171097997986105
0.560840936017963
0.0333620312036711
0.110792459120535
0.0280449788769253
0.145833259956461
0.338252802061954
0.0130797508303754
0.100749976767353
0.286500581568237
0.0840383899762591
0.302233718040232
0.0422706470577426
0.38050516703009
0.112850612205143
0.2867514565952
0.105797964583848
0.188840553472882
0.156752291176807
0.211011890278607
0.154533841186997
0.126421759172053
0.21657929683286
0.346610420703759
0.322011763492622
0.300214828295343
0.141586317789735
0.053320849020387
0.0758736456052987
0.0155679496647283
0.313972097203799
0.0708486374248469
0.167940899123626
0.551542275753737
0.0542566980168555
0.119389383278253
0.106790213521661
0.240003776867406
0.184246509559873
0.10680862669426
0.0761041106026171
0.251896257032936
0.250755694992908
0.0904646509307723
0.250304743793159
0.355878065265295
0.0213028741075662
0.38511662210513
0.120519367436307
0.151891794095899
0.184672761109855
0.123916974705036
0.0136588462516516
0.0422250911950067
0.206372065743144
0.0616870342025084
0.140382708467974
0.0257999396486048
0.0313960065800014
0.274432063589463
0.0495028011980459
0.281983441120583
0.118064982197285
0.0417651156181022
0.255551771749305
0.23668583984425
0.0653811678510087
0.0648698290911828
0.131131488571528
0.450711349041183
0.0742274825982178
0.279181966246276
0.0865449345695231
0.0855065951119202
0.328604894885203
0.40131267508562
0.0546347972736139
0.00487167388737626
0.323188926426956
0.183968970928193
0.076163563173669
0.0177269130042293
0.138848805242815
0.0719316493468149
0.119951185794642
0.245651305818179
0.0667855679115129
0.127919803171277
0.0360994231194079
0.141236914752682
0.400603976795816
0.0858062467510553
0.330753738647115
0.594945691183447
0.185399060257537
0.192438422859393
0.156726444131785
0.14703459736854
0.557630970471859
0.124027748653683
0.161550643200589
0.145758247854633
0.045367782232996
0.250829137979803
0.216671423355716
0.374748955740135
0.0503792924602758
0.169488305302832
0.176651874563432
0.131688395242852
0.240224295890404
0.286258085100929
0.0611027589469326
0.0923575389997601
0.185396193084745
0.212595732853881
0.088077044481238
0.408926077601891
0.306308842042806
0.454429553437681
0.187814577675125
0.297681631377143
0.0516546154798037
0.188951574207686
0.0755905379156733
0.106881714306179
0.0889308781868815
0.430021731728887
0.112388890598106
0.00746744150240588
0.0544020164351997
0.157180506928198
0.114992802039413
0.0441519814127348
0.0924512565724699
0.108383247589184
0.134511839097687
0.125804001180927
0.159984454001081
0.19562685698896
0.346144594716846
0.253071156437472
0.17504308061709
0.407096989285773
0.338113446069409
0.332609073623955
0.0792525122884974
0.357617249044162
0.577677241739264
0.316752472023989
0.117956967135412
0.0765201036031306
0.123618925138841
0.377610894724959
0.0215984851312755
0.16720761096698
0.299734070154352
0.0955851773987442
0.188772197173091
0.073231052778625
0.0197593286743895
0.0711652803220682
0.0609053562967611
0.389918825231875
0.0692079472229391
0.151263781930116
0.242622933391132
0.0125811231933851
0.0104115084567426
0.0359647985629071
0.0487013240057401
0.716948520351788
0.0384316335920487
0.229730923981407
0.0299071053553804
0.0333625442733974
0.189999569045311
0.178966475524066
0.106283986631702
0.423050364740253
0.508646561014491
0.293236838672917
0.184429868264773
0.360454751431365
0.0230690633834432
0.090398129283572
0.060011897939653
0.0229684824958991
0.0571857471651612
0.154125040045859
0.194498591016477
0.170858623046381
0.162378658165844
0.120593337147501
0.275145501966983
0.1492989654978
0.13723809160548
0.0784534755760884
0.0810576781396155
0.123038270258105
0.365090518061422
0.650413232810033
0.0875517983644237
0.185836951868887
0.125579783160794
0.30336421740392
0.117986854159747
0.0700123250763754
0.262287388760762
0.364690704856888
0.39763516815717
0.126684759514755
0.118542550969326
0.0214152908277317
0.117334217825096
0.0300162519397057
0.303144462952492
0.160431777397719
0.320640175002957
0.283450707772885
0.0296899226060109
0.208641580780854
0.166850394570993
0.31020884431475
0.340592359069298
0.611827513096794
0.274797898367678
0.165833623143141
0.188381029682893
0.262864340876449
0.144384592247546
0.0478973477538928
0.10556026853426
0.212015748748652
0.361850270658013
0.155251291489014
0.10993676667813
0.072777019371407
0.0261335716719325
0.0419384684014378
0.403666812284136
0.0821503332176181
0.0740256432021082
0.074503300483769
0.00696116458931124
0.195794927457074
0.0333981597553146
0.256446512307185
0.313424613234934
0.369899674559212
0.1266400083968
0.0692100519678768
0.212290392110647
0.0339477675261406
0.274998374782106
0.19350805678409
0.241044291148051
0.231646364339572
0.241911444981005
0.243093401729648
0.340067965606973
0.296506372613207
0.0625423170994889
0.0733569819560103
0.535416909303648
0.0735792495843931
0.196569484252789
0.209760785242875
0.141381925975951
0.154509839207839
0.293615207714482
0.059383724126105
0.0637603342946243
0.115408065050576
0.136913994315922
0.175406735571071
0.149708047544015
0.213447819759493
0.153550033034931
0.336966880589859
0.134801322785671
0.0226322652349831
0.227851502791978
0.0350860107564912
0.0992758602986491
0.0164331711770461
0.103410117080469
0.249852953204766
0.317582410446694
0.0254873167938789
0.64533529586953
0.0396219899312856
0.0308141321159874
0.299561611059258
0.280572638811674
0.108345425602752
0.190017148656392
0.0826208426212913
0.743184860416537
0.437413148618283
0.0494541546379314
0.215489024206028
0.181471508075169
0.120184808965946
0.118651299594235
0.277134513656863
0.450741545060855
0.284194242842516
0.214474271359666
0.151627040275906
0.0221066480863324
0.12441528731868
0.279203107071274
0.0458536500028209
0.0970004596767118
0.0599675285603143
0.0966742142160242
0.0809298707590768
0.19610799401908
0.0255948837115293
0.332898178775445
0.0748137567585286
0.0435846100834375
0.0564141050923413
0.093130425047991
0.312637932745044
0.385611203245148
0.163475678297264
0.168708993910519
0.0734397905500435
0.0529994120339322
0.215581316585015
0.751261392446081
0.120429912231577
0.0924822448707769
0.136832545503731
0.0961475297239021
0.257081980758999
0.1306070944506
0.0990153503239415
0.0365231768875002
0.0976090990462146
0.218938681637454
0.0374268078007146
0.113471389587311
0.0614297589251113
0.036952938158303
0.196230491677118
0.0768549192695314
0.052341832339669
0.219839504353325
0.0393968658106702
0.0321086147819325
0.0799411138061497
0.10620797491542
0.275111128666798
0.0899145694436978
0.0466242167526295
0.348272696645341
0.705486620356255
0.0274967185923629
0.102197405764401
0.104023475795177
0.0254560198627512
0.0930735678304887
0.156825830710652
0.316837207884423
0.129051019040042
0.0351484612744731
0.445220155467627
0.394585206535034
0.187132512974271
0.0282796929520989
0.0828248407395167
0.1160726159356
0.203953894529209
0.245881459763373
0.132591982452902
0.269851050494972
0.158122441411988
0.266616294564721
0.193146771422323
0.340189201912467
0.193195703017722
0.423875503608457
0.143511744062111
0.161022249778176
0.0500272571723986
0.033106564393933
0.0228711609545489
0.322749545780593
0.130324800718292
0.0696030886319896
0.104780235742528
0.171506388758545
0.550455687343414
0.0973293008645349
0.157944070376086
0.394403167930941
0.186341710109872
0.118250526461601
0.172770469586787
0.0143927851781419
0.0109116957839919
0.037398745612782
0.140354941896846
0.140882738829145
0.0436689380134553
0.0431577723471864
0.0499303801109598
0.0841540053477873
0.160812909555664
0.221129285362752
0.17840726091927
0.0459686909710355
0.106154080517865
0.263418284789407
0.0937895158964234
0.33205520258618
0.356865144064854
0.0967031708411994
0.24405275095839
0.179791060514912
0.172121256572304
0.30748780071865
0.227329746476794
0.416547340594519
0.403458088302003
0.133852149213917
0.0539940344454012
0.046085490272268
0.329478552462993
0.205049654863729
0.326214833158301
0.210581038515128
0.211088330194741
0.479136470359935
0.472519420765041
0.260621692399382
0.447658942625287
0.234720576152291
0.626285249666212
0.403839771538958
0.153215809294968
0.0481985852824336
0.0735736931116648
0.414693957163868
0.0570684744060607
0.0305126041080386
0.063750350259105
0.293118459980702
0.0918397624235504
0.082074488115129
0.244243468175504
0.306154349458577
0.233672870877389
0.300518546982494
0.0266540731173032
0.096908069014038
0.534026747514531
0.0655814620708839
0.168999406005542
0.114290871777221
0.0980016750589184
0.0940038749015432
0.158641314189487
0.118289905809176
0.0880941381916092
0.0663357297210102
0.0635435438620008
0.0899539921217919
0.418219363496353
0.0468272453446946
0.153575393569296
0.526648162897984
0.133152591953129
0.14093467243216
0.102499480631096
0.107238781048105
0.0786234671638863
0.0454694030399172
0.298464008925254
0.161829166578714
0.24123779140789
0.0785227846484251
0.130009819707381
0.133409610066033
0.0885921960303526
0.387486021130527
0.0773827964776448
0.0206418342213044
0.192592917497581
0.0768636681235909
0.158995056388163
0.196276091605399
0.488583028015493
0.882807138123816
0.421391548881511
0.221518524813223
0.216692029596187
0.0884636201060045
0.0374888975576996
0.29368994164918
0.0649784369684991
0.244242332757074
0.043323006909465
0.0766486864236929
0.375292075762292
0.296520521528869
0.140087157671175
0.25173936731554
0.479979544932231
0.0923643757436302
0.225929533383716
0.0304184897423313
0.115672755870736
0.632273377374661
0.086563304813745
0.0338582351326522
0.59796371656949
0.174460454392712
0.0531964352281146
0.178941799835013
0.173334351227623
0.480927007708439
0.0306240521341066
0.260552702234102
0.205888704250689
0.188407033710003
0.780925119620101
0.209449080316342
0.0804354036298905
0.308089966543206
0.164534373216603
0.107291677117543
0.334372429392554
0.106576819332144
0.0784964305466192
0.0987530941721871
0.362032010451512
0.305319977077452
0.282961400983474
0.225061595466649
0.262140499317614
0.21239331676597
0.194440177209866
0.0228428125395381
0.126437956491255
0.0421107951319354
0.0122302691642613
0.207102644697487
0.0125392642590877
0.050913280966273
0.0158523382481553
0.0192595400757052
0.158124258872283
0.274692074263575
0.0905494218937547
0.174732709798256
0.0547780486513782
0.21671680371485
0.0956567526552639
0.240886040100719
0.265898391643933
0.331105957177542
0.303931091377047
0.23505482323937
0.31097346299522
0.554351301920148
0.0467593091323401
0.0598796171167072
0.068504881500345
0.10021181207881
0.496921560667529
0.28527967487134
0.21494534594926
0.239709163166467
0.210569139886906
0.197713580603828
0.213518460350601
0.0708505006486402
0.100128356485358
0.211994797602459
0.171747323737064
0.293492208397418
0.187389168490456
0.21165363536769
0.174070320823675
0.198736064629136
0.134606079191946
0.0543504886324259
0.139459596160207
0.125402947828316
0.115138053333042
0.382898166785388
0.167159831684582
0.218865423455289
0.116303269787583
0.0904429223677985
0.156524897446452
0.158684823413948
0.135554990529934
0.0775024419783718
0.123550864715077
0.379335718885795
0.0381840336679545
0.248700925413129
0.114783792151905
0.0860277508571025
0.225158274023549
0.454033384743629
0.151804350450344
0.232986001489541
0.0591016287839944
0.632305784043561
0.152441482541932
0.18641603434202
0.290433846125831
0.341908194784287
0.0742815364339051
0.260005347742502
0.21914167632549
0.118053968592977
0.0576563669133546
0.110082443214644
0.0473928515637708
0.061281213137311
0.0693108289898401
0.30295071558603
0.139947577376662
0.0788036774751398
0.120474864076353
0.0305794054218544
0.141704609300389
0.222111415947757
0.354610055593971
0.224978040961559
0.169382030951909
0.400169340137685
0.277559970609594
0.0489352902968101
0.0605665071967251
0.0838971272927276
0.156864485176098
0.474972279692465
0.1977599088601
0.0536293158556486
0.0361387766820049
0.0859907648005076
0.0286586151782275
0.117069421843235
0.0421090216612805
0.376267622327462
0.0708259302083345
0.0559513785965956
0.170209062734542
0.0286635545173132
0.0928699024686349
0.138166177636979
0.164254332785347
0.0682639484732978
0.0827855365278977
0.120451199874735
0.0507654007530783
0.0726938426281489
0.0205689885237731
0.021769071318627
0.0299233125641706
0.0400574796911478
0.0120712735897442
0.340359861813757
0.127382777178941
0.272035606699922
0.0681071079983114
0.273306000358597
0.42337242399246
0.0865056560245498
0.620470204346326
0.207940087139248
0.437374525001546
0.26650189103044
0.0893902717922073
0.0656063144932033
0.0966538898188888
0.0722208973250741
0.290357333374603
0.139655865258871
0.203033392082378
0.112024953870632
0.179361895216174
0.0501035547957167
0.122331048411901
0.380087626402294
0.0452871238242171
0.425899992492542
0.24931867937504
0.00412166202834314
0.248836018627533
0.207130663311053
0.104307849533136
0.019181188563749
0.0484901350623447
0.23108525973802
0.101479028183639
0.0852319443299992
0.098089690976593
0.40762295162493
0.34573062722518
0.0858293486123207
0.164971734734852
0.151699145084346
0.78507275526445
0.181527114935345
0.153196048033272
0.213867235448113
0.468322226494643
0.40508166298458
0.147058837596813
0.133719044977899
0.266652786279812
0.22931761727283
0.109083665843593
0.184670828932309
0.296213442531766
0.175045760584525
0.191050117347381
0.079551375260706
0.0949018523717508
0.0203066361678506
0.0714784342360404
0.13989409783208
0.0492476324535134
0.320506632891391
0.050563917763088
0.0825445047291796
0.151812438171571
0.208386230163413
0.306066318111749
0.0572366131900972
0.136096985347425
0.238010774643002
0.158930682671455
0.143795862141811
0.231692120201117
0.301028947412375
0.120983769297198
0.208124752167475
0.270359567077831
0.126462628746388
0.169625692322514
0.0447517132033671
0.195028821266331
0.121353166808655
0.12945360125434
0.306873380139135
0.248978541974431
0.27310572870318
0.162450450014951
0.304686289985578
0.236404146402252
0.0652846287948788
0.192203467281514
0.0454023020404315
0.0663190322776774
0.082951185332556
0.164400404002955
0.219791341934714
0.260808417871962
0.0823703709383654
0.303513512390837
0.246779723722249
0.0607401546182402
0.160588577306361
0.067933727332734
0.197763606012616
0.723147254283975
0.0389665123256856
0.211411104345533
0.146551393428671
0.160032055879634
0.244620369905438
0.054712246878038
0.548044741404959
0.0371035951164991
0.121780058892772
0.0453532604417782
0.300494051680356
0.418505657743265
0.225090582689641
0.0364930635072438
0.0545208647540028
0.258696691854168
0.179003211976707
0.171094232514141
0.0411094577584662
0.0839594556522431
0.288915797521588
0.108427926515469
0.391465328117689
0.217628347683489
0.153510424907583
0.15344740399388
0.0808990192445819
0.286165821922344
0.0539132906118828
0.0442618800484842
0.134303028736046
0.086900810249453
0.440090483980751
0.199402231442671
0.214417504108568
0.102283814114523
0.10623295990571
0.0389747017737562
0.102219691579504
0.163938632672681
0.283372606280756
0.405630706884595
0.080677930446015
0.119602909166795
1.65543176662116
0.380667020640263
0.04594192566174
0.115522037900777
0.547995327116266
0.12077715712587
0.191830848152629
0.114916910075116
0.011485860899276
0.0661416919256234
0.427939734707108
0.0882433773881251
0.00325168969930208
0.0366853046629433
0.173834744567336
0.0258021301317775
0.10419538819694
0.13641498987284
0.226012268260037
0.148382559763188
0.252863865037043
0.145427384959816
0.0920276265053905
0.208784474700793
0.255874596032828
0.117181404947496
0.458101449343178
0.300870621505246
0.497390054316957
0.102336370003204
0.0892070027385957
0.10194441856523
0.361717811368484
0.15336814593863
0.187820595847055
0.0370009500238769
0.041650203897792
0.378174155959671
0.271824295602902
0.139352028192088
0.0710189316500503
0.324415743961727
0.172156019338866
0.375646889235124
0.0285564744769431
0.0735362315994533
0.491182505023747
0.0664098117011093
0.141869277610587
0.128229124932546
0.0193555506776119
0.124448676615559
0.367668290255191
0.221418089668507
0.247470732113184
0.0554522694955155
0.0129354324207789
0.0189327329858149
0.132611677598307
0.388478737098357
0.105250130771438
0.379612183911658
0.212289886032105
0.0472902056121259
0.035852590327534
0.0989080953880053
0.38803701432046
0.246863590996722
0.0857458570028488
0.234898753479004
0.370199135000796
0.129714634419622
0.156369064240462
0.0400115852651856
0.0873555499827689
0.192086193784325
0.0985414811249556
0.197231201430759
0.082263287072411
0.0741960435354866
0.0930444495559298
0.186041027165675
0.115126346023064
0.114907305283514
0.127765001130956
0.108131651933413
0.728956288582786
0.202938271029815
0.387069352607638
0.0235495777794878
0.0443030156482935
0.115714072927878
0.0294269670406744
0.133356357699762
0.082548427222323
0.264578487244036
0.152542342639953
0.0928172698634078
0.078756019626193
0.0990641657613287
0.493193333128844
0.0916230086606339
0.107487280177841
0.202855256763311
0.0975864323598772
0.0125087008595751
0.0511600657675435
0.500292531539067
0.0551483026414113
0.0562217761541166
0.086757571664879
0.421804695155741
0.249982687528645
0.180704513915523
0.386145363306996
0.0577415219077174
0.0735467298977853
0.219023715369626
0.150490958920956
0.275863721196338
0.0769822962406856
0.0552753047520423
0.388315607919745
0.157731273854946
0.0792467588335635
0.358081844459347
0.29850646983239
0.318986839088871
0.0920463161119473
0.0595914218112533
0.222903228789428
0.0359443939383808
0.1463991795547
0.34093255508793
0.10475249120986
0.245979573660435
0.0800965755837355
0.16035682272293
0.055190517281243
0.136563453305661
0.251862910368572
0.229267490551286
0.168833964000547
0.0826641388632568
0.0835585535486315
0.426441408595799
0.48470317966125
0.205158232292973
0.0991424743102228
0.126825317878388
0.534207924674364
0.116078931252848
0.144596093049922
0.0945923318925883
0.215697647893743
0.303866446771379
0.0663118142111772
0.290441150212297
0.259926958459951
0.0197269838379117
0.189472166037711
0.190792116989736
0.203230269450264
0.0485913672998708
0.401501735913426
0.0130012340436419
0.0429552669289843
0.117882800220536
0.290254210333943
0.185999939093942
0.0743895754820387
0.0347603068703981
0.116608191036669
0.503631362849524
0.0152240427096688
0.21371016830289
0.289865735985161
0.0201542367857826
0.126868376884415
0.260612600429462
0.0342786243705342
0.265532030210674
0.0556275337478668
0.149369430023811
0.246886726525563
0.0552021029592802
0.0801133578725318
0.277641244675491
0.17222154567965
0.0326908308414541
0.157623330308994
0.202585513994565
0.22821799482095
0.189940777844409
0.107680900918834
0.0770616018271759
0.13139607453855
0.247657156435603
0.0113588355083628
0.373316726524966
0.246995429562692
0.0334524810996329
0.168015356445348
0.0349120927748021
0.129488401407732
0.356224724464661
0.218954199994966
0.0196003733245421
0.351182745316186
0.0500294248405806
0.822132352488672
0.172352672993729
0.133172533327412
0.0408575322688576
0.214683279782135
0.0899717676298285
0.236361791900112
0.0674795827420836
0.357613480397799
0.115142063449931
0.490633080262034
0.342104361710803
0.30572253728209
0.448330657362673
0.173149971108065
0.219102170534623
0.0318973020204747
0.0297209025925699
0.310233686938427
0.32912389840018
0.0623360860842351
0.150515074541173
0.434767816906421
0.110002794647557
0.162380028086708
0.439531615591814
0.252827703233821
0.0412884864486259
0.238511692452984
0.381353408293432
0.215270387391312
0.195788440233285
0.199534452590805
0.0253735390959313
0.110629760363114
0.149714752796141
0.0742685878672649
0.145939741336078
0.641930824986603
0.0254519761336829
0.0940849332913992
0.271063070135844
0.168927875440177
0.138654099339933
0.301929398186981
0.144159761401279
0.132505619165498
0.21570911739198
0.281398271443932
0.0298611891175822
0.0371869327628902
0.211231919477039
0.036427757072306
0.0824717364105456
0.202968054506338
0.0525394655582683
0.154476572110505
0.293283825195411
0.0964865703479523
0.195673818570387
0.523892971446239
0.0696381973108868
0.00896869145717251
0.147942762236163
0.0289507652484555
0.0776638264586541
0.149577734004122
0.102042965812481
0.364473601911091
0.230756888774132
0.133167401079228
0.208081146382904
0.0757093781063828
0.191016879377482
0.0714514730307746
0.492303118652243
0.299674447725054
0.48282574385249
0.13823636656354
0.103218336458697
0.158914908634384
0.054564328609229
0.470603058582267
0.119685561495714
0.0840141143666062
0.273065682126937
0.387924933060512
0.594890961858833
0.179664711608798
0.0777971459146386
0.210990294607901
0.338465955437027
0.227961549956527
0.113415849168202
0.214853904885196
0.101005771380983
0.452393343310077
0.131731816625279
0.405504954431873
0.404299102279172
0.184164605864382
0.030150495547693
0.0586421746899989
0.0528838577036763
0.343286012304448
0.18866387918951
0.17028057931573
0.0835679618891223
0.278174699786011
0.0347986753126024
0.470370478876184
0.0846068008250101
0.229038218520986
0.112131080415431
0.0653923285248089
0.419208766926921
0.211849972420353
0.597084082016839
0.343406994585544
0.193849916277458
0.0404805380766885
0.266609322176936
0.00697483957246202
0.00798623459764291
0.069038060126677
0.213132340704901
0.125577506531103
