1.90814656882942
2.10156310438999
2.16992143486458
2.0384157576319
2.27958904232145
1.48179440560261
2.06238357637472
2.40351536834244
2.28431067636716
1.73476918031211
2.09346777130119
1.83321484861918
1.33818023267825
2.28031202769291
1.99772667109813
2.05191094268341
2.31078203619693
1.91107515767068
1.71630499562102
2.18892724559749
2.05346164398285
1.36277512866415
2.3773141094166
1.78069902726769
2.01597648447788
2.22370790571991
2.21006987508821
2.11884620395955
2.14903906955142
2.00999288355926
1.83862937187239
2.41603881023868
2.03226695900142
1.95209629551618
1.84465010232719
1.28686571763101
1.47821862273154
2.07429004944668
2.17835774263289
2.09863377461177
2.20881742914069
1.98224068273738
1.7664833543298
1.76015635024086
1.78976752595685
1.89673950800202
1.91415383572156
1.57183552532306
2.48378396169712
2.26720340961993
2.26101704771975
1.86595104294079
1.96601647595561
1.9477397351923
1.59706364643311
2.25750291990391
2.16160736864757
1.70042644233798
1.98319901107999
1.78697697845442
2.27007453613845
1.91224427260725
1.38536375768645
2.35550151444216
2.37564679490087
1.33385207781023
1.79873658384714
2.19794020629239
2.16315000019468
1.78236565700629
2.28587104920327
2.41316072536129
2.06967038300342
1.59317672515253
2.04094438020619
2.14815067080306
1.89261606133496
2.27986455893966
1.9499884283401
1.99861411871379
1.9417614631153
2.30416861597341
2.3858514107705
1.13160214425537
2.20607887311459
1.42519809519887
2.29573522043348
2.43498203206559
2.38870287995994
2.36566324910088
2.37350954954087
2.25943668796854
2.37248544566651
1.24433424813755
1.98795155017829
1.95077426042933
1.90849831387749
2.31779278026527
2.21499156385908
1.99573377833311
2.09820010215681
1.99595535398227
1.65272791090507
1.62295813128787
1.89813959956934
1.48133706673295
2.09626759629438
1.9190060502235
1.60023723653476
1.3776366352517
1.93180544488049
2.32735539560072
1.88014163613969
1.39386775645361
2.21029170734797
2.21658127112861
2.04391365401868
2.3958690519508
2.35874609243159
1.74153285877887
2.46980474359926
2.27608900549684
2.13031013118966
2.12230354885529
1.46451680878666
1.73047740461257
2.42515939486749
1.87565581990184
1.69431138213104
2.34738358067798
2.38858451647694
1.94016448075632
2.23808454580243
1.8095508049914
1.90834936573885
1.95250472322959
1.75353913622094
1.65113086616305
1.79347970115158
1.46492947029374
2.27424393323358
1.65929689895574
2.45056483002803
1.23679649390055
1.91132217634904
1.99690254927536
1.47539164613262
2.27972380305731
2.10831901674169
2.11853565168966
2.32981910684333
2.41920106697571
1.78621152940589
1.5837641352838
2.28463665519552
2.37761632297758
1.63186503417015
1.26296981127079
1.29046134888754
1.89883450805525
2.20536893232933
2.2462191762087
1.58164454779421
1.87322600895325
2.16678475217475
2.08194047802116
2.09974572516863
2.24374405803683
1.99607094439804
1.20320928823822
2.00059688384798
1.68019465032515
1.98563833025253
1.94251109933534
1.12658291576577
2.04943840024193
2.41645233336692
1.80423884726827
2.1369382350196
1.67946971917113
2.18742432857335
1.81395617267097
2.36079373712216
1.92126773590408
2.148078395999
2.4853777613424
2.34595182353627
1.09660609421485
2.01199587488017
1.91514032599962
2.08698054791364
1.99180212018394
2.28342522942531
2.10529534240161
1.85314829498842
1.89791261904021
1.66461061997036
2.46351801245504
2.3704996904795
1.38867134316983
2.12378246897881
2.05571838904094
2.27543713479289
1.78188879952263
2.14863035919714
1.84555032013589
2.15223070375337
1.48222620936993
1.65110749925319
2.20542854249627
2.01108346710464
1.82882131967349
1.78407796474388
1.60715748564284
1.62129919437283
2.09530392972636
2.29238584447557
2.03739239493972
2.05902159642985
2.2024611672781
2.23823358939713
2.15547881033665
1.50638918429101
2.21005905416667
2.32169079795356
2.43737669787019
2.15072167392224
2.03808594322949
2.25736105103511
1.38713875840247
1.22888194727183
1.66469839030031
1.95482481793737
1.9500759827082
2.17519859296722
2.1321598227736
1.65003694839165
2.33996403990342
2.42149584771956
2.11205261181756
2.07512756176712
1.7514876871866
1.7129461907385
1.98633016031856
1.45591058002425
1.86008825986372
2.13318840835458
1.69747803052048
2.0184111092101
1.87429432489664
1.93637145062872
2.21271223767823
1.5491496518766
2.00281856359815
2.0534998229387
2.1729031111838
2.3295506144041
2.0338192556641
1.61036048749498
1.85013438950478
2.01093179219914
1.96350938621909
2.45746315341809
1.77132580453519
2.19281107366462
2.11935302201592
1.48312631784237
1.5073515879019
1.64692639673546
2.36034262052217
2.40935660400221
2.0041029076731
2.00725781543307
2.01735677271493
2.23244978490974
2.06547803132343
2.05524190471967
1.80073789151977
2.10148324207164
1.48900539997228
2.42276411391965
2.32712896779017
1.31080990815282
2.0919905683172
1.91752890781526
1.75344668668634
2.28683508894685
1.99260573320281
1.65964918781531
2.2442743961598
1.88435033415919
1.63797185776958
1.72868792291087
2.13486549347442
1.78132454295054
2.06658483723001
1.44896408030678
2.32084380105108
2.24634514569754
1.87035885723648
2.20647998603285
2.17673785777795
2.01433202315407
1.86757779746387
2.31862600226208
2.42336426563735
2.19270906460817
1.28406447510838
2.19161423067763
2.2238748417355
2.32433485030874
1.66040428707083
1.64491615286904
1.2572605431746
1.75989024858611
2.29029956116126
2.23682530471348
2.07340411714716
1.77425414557978
2.3530408884867
2.19073557925655
1.67580605725343
2.01763384871942
1.31414541191259
2.31557966742854
2.1550533909535
1.72166456822144
2.10680699639449
1.90865689382415
2.45470009838766
2.29779078135904
1.7515346823698
1.78986471202994
2.34051639987626
2.37740710358158
1.95887029704037
1.85385778765321
2.36850369955117
1.96304075937394
1.64174180463585
1.37567327436627
1.77139072579928
2.20290634946212
2.38493646882294
1.82060617990501
2.05928224211356
1.95214481702686
2.25645796506234
2.15890639250809
2.10302324575589
1.89999439204021
1.99455570058448
1.65672813865311
2.30083794237421
1.34174936268862
1.70316872947521
2.08038102877853
2.15181226813079
1.2871917994856
2.13026934250909
1.98781898362687
1.51783763765928
2.08368726801834
2.02739876454792
2.13922431383117
1.85241242299895
2.16511869534749
1.38780147626017
1.99266555754354
1.76441114603622
1.39945118349772
2.24777329118721
2.20430896832115
2.33628822079183
1.13032462821674
1.51220295154815
1.85470704404159
2.45273267837139
1.90637711403045
2.01168580037359
1.91245136604786
2.25736859952732
2.24848794145067
1.99844048482508
2.14954687077169
1.8322482206959
1.77144021432051
1.93841552540996
1.89035941988433
2.26786663826923
2.44509846837695
2.20236349691995
2.0342315001405
2.28882517762187
1.98527155453366
1.25398296603989
2.40025066298047
2.10083928137397
2.40197200209452
1.86474672610097
2.39600762105687
2.12550040040914
1.61558769016053
2.1721047841389
2.20813698610296
1.95229281997837
1.20838575726478
1.95502126434922
1.82691579216876
2.16630928594689
1.40241666373126
1.52092815439551
1.15502236290519
1.09988090937754
1.97693588129563
2.19624578557692
1.80292141022896
1.73305216086615
1.9904433162153
1.38394401537595
2.14899695328896
1.92293208853753
1.96744270643129
1.98845769016738
2.19248724672272
2.12798611605606
1.39138243042064
2.08243668730508
2.04752399497334
2.16375041330931
2.03158265125045
1.86225315794848
1.83880528016282
2.12367407962559
1.98606895064538
1.72259523187394
1.8406708281437
1.72504849122607
1.59904999746116
2.36628171154008
2.30693107411186
2.09494586253716
1.83619480050901
1.55308118838072
2.34188245939906
1.50611406526862
2.45860540449045
1.47384163422679
1.3818887171896
2.19564944351622
2.13860448787567
2.16262551053269
1.91833321237827
1.74284215170632
1.52329065135302
1.9405512602391
1.51324253076159
1.81199170924718
1.2520428021669
1.60382938456433
2.28864379487473
2.36663287399091
2.17245879396062
2.13506133312356
2.20787529967752
2.13837786679143
2.12520501654232
1.64550919678098
2.21831567685075
1.75407094086319
1.89242025869883
2.27364208349758
2.32136228044509
1.93909503056418
1.43553745697421
1.69437210020754
1.68055054935161
1.86332556747721
1.6101271526203
2.24471569353624
1.91299066352057
1.95703922322989
2.03277289661539
2.30794167195279
1.48067152497305
1.28732377547496
1.95446330753648
1.80921718906856
1.93605691360685
2.08615829244074
2.27044490032088
1.91165089041338
1.61050545925426
1.88029381994427
2.34486285924328
1.45653983932466
2.39863641162683
1.11900033718611
2.22025958917833
2.37961917524287
2.37364296243999
2.30580030987042
2.43409381378694
2.01909783868341
1.82208482984048
2.21748742998395
1.42715635137492
1.64240208322034
1.41058170424897
1.28868019218181
2.12410816288164
2.31131510097997
1.52118249080644
2.1248701795555
1.79064618263438
2.18445505890685
2.15369048609307
1.7374250470331
2.48708739225783
2.28005434465229
2.14506060335108
2.23541672608397
2.10220622910707
2.03446413334811
2.06211430347567
1.97634917564076
2.00685579340672
2.0997112626764
1.53075020130211
1.7840925025928
1.99092966528049
1.37676155738521
2.35364010679615
1.04235036832957
2.16009877575022
2.24022675120955
2.3135020711263
2.31176510636047
1.72702431095366
1.80254839105495
2.06356951403341
1.99828560309531
1.1717470486943
2.14375777993114
2.02353910232562
1.77210166801696
1.76946458866812
1.21416250050204
2.4922631514908
2.4594993928899
2.40159879073814
1.22018722602722
2.46439597043769
2.02556671045076
1.4896136629302
1.96953457402751
1.65437709976632
1.31015246532166
2.24193274898274
1.63322376109766
2.46393123280749
2.04934955477068
1.89691744506798
1.89139852809552
2.4710588306125
2.47544219552285
2.43439875996845
1.49082869099667
2.49850879936647
2.38496561731362
2.48362813000037
1.93551815283745
2.08869071860974
2.01266083671072
2.17353364540586
2.3134593086428
1.95697352489374
2.24183347424304
2.10980870504816
1.89003909714187
1.36445736884009
1.45948784173335
2.11643656278181
2.29218190484976
2.25789920458924
2.10230824106235
1.94686126429078
1.99597092598261
2.47770362293317
1.22323618053636
2.26375332645449
1.88051983249237
2.4596710952812
1.26040006346356
1.60467737698098
2.33294835938649
2.17509239118144
2.4003084671061
2.08178084911519
1.51933266265254
1.57977130859592
2.23768818814719
1.93440874977332
1.8682389761454
1.36822097764857
2.25782808200898
2.36573190539376
1.79115704259298
2.01648812826504
2.06345440630238
2.14801011276213
1.85541874989448
2.05427315447653
1.96063186895769
1.79251966019739
2.22605810687132
2.0757832274985
2.41256753233077
2.2983038823952
2.05869554537818
1.85286481053005
1.74721235388457
2.03155926194081
1.9133865335085
1.99077497326109
1.29418745911172
2.22323993219884
2.24752673170747
2.42559735421614
2.43961708017251
2.16293712718897
2.45058881412778
1.42573942692035
2.27344251287099
2.10442085051904
2.38598673820592
2.15498843080083
1.90755101948978
2.39080656141063
1.3101928516627
1.82387441863566
1.88210079607376
1.5463425582251
1.7658008635017
1.68343605806917
1.42696580120752
1.97328281460163
2.20889897492325
1.7460784349963
2.06016387327626
1.36504459494716
1.92061225129882
2.39413684637602
2.02981986095925
2.27187116289689
1.84726773578823
2.25155636445528
2.06730199893662
1.77061669019328
2.10342056734822
1.5449629580607
1.74955026730302
1.98038216604093
2.17407653485225
1.83647230255903
1.71806908167177
1.9517739798533
2.11974339418686
2.05810564739289
2.04612046703117
2.16597781216313
2.26954973269804
2.29862969206623
2.13270430814228
1.93437656034963
2.085815453234
1.28419754730071
1.94091197093679
1.95068360159735
2.13945394894925
2.15590832634812
1.7006506778779
1.67770128202943
1.94721556348897
1.65949934428269
1.96163081291303
1.6165268974216
2.10573048609521
2.16475270438629
2.10395290679396
2.29722085525602
2.10400594552082
1.59442651468572
2.11574712850898
2.43062878259719
2.18339458348459
2.28926487204023
2.04323182595545
2.27428785450203
2.09898826365287
1.93075733711181
1.68754745611468
2.07297680037991
2.14185437306357
2.0947789100288
2.00556755475281
1.6585738791941
1.7312014550281
2.29739574909956
1.94901986500548
2.17231659436169
2.12176940504498
1.67416374591732
1.9006221930992
1.7780350057249
2.01645830837925
2.2039722891101
1.7634973769411
1.80955085040472
2.22440403435146
1.89128160134328
2.3153079756456
1.13996459098544
1.79650023351751
2.0912577504993
1.51320890311686
2.12343085481791
2.03482255806577
2.26039181230439
2.07225737999037
1.67563875538573
1.67193818739807
2.25850420459589
2.05186844078011
1.45493834551935
2.18833722614329
1.98308218962556
2.19756039540489
2.08788352213364
2.38871651824963
2.40162655308764
1.94445713444402
1.67715153106805
2.33927856078297
1.79996126878053
2.29418430372747
1.64488754110656
1.22885380295126
2.10376613712913
2.07571965321641
2.11826411679025
1.86219291778259
1.46963908001588
2.00954003207191
2.19524782218812
2.47766254085114
2.26268502727477
2.202551421166
1.14595532509986
2.48765312879075
2.11517724282566
2.110646825513
1.82823482057135
2.22413733949073
2.28705677241445
1.48634741833083
1.13159955264865
2.23921137575707
1.91616081748121
1.73065506919999
1.78656613558841
2.24826189753606
2.38582108503009
2.2948448642454
2.4135805117496
1.04330543653017
2.01667589236449
1.95923904419323
2.25146729030422
2.28371314664001
2.22217154121712
2.24533690331025
2.0174505951112
1.86454934664259
1.76073699217278
2.37008063328412
2.07706019808547
2.33168534346074
2.13559148841865
2.30261147189549
2.39369854602006
2.45560501369816
1.75097950578051
1.51748002943794
2.25405725632095
2.02364771481924
1.51163420894529
2.31528492785025
2.37513438703031
2.37225221036566
1.66835028497974
1.80291815321767
2.02172961256699
1.31520725200009
2.36430153161398
2.23485864175953
1.40304312618273
1.63358156172125
2.0755343827437
2.08110367987958
2.27651970120298
1.64507168709073
1.95261044455097
2.27782345409646
2.22699025548757
2.03878631745791
1.97542304864822
2.12582916435948
1.96413525345848
1.9531605394647
1.21853692631126
2.23154287441456
1.83182354978444
2.05078022510247
1.77989458158141
1.63747687252237
1.43282347434792
2.21508386444792
2.35069844494165
2.35410440106799
1.80240261132188
1.85835223639644
1.98226482172828
1.88855848254321
2.16101920607169
1.96023460210221
2.0166115194425
1.64125795832157
2.18074425346987
2.125803630743
1.95596330017093
1.91198266001534
2.24220938329118
2.05557277858233
1.9186509846606
2.04413132357544
2.13444176088119
1.82025676524368
2.14405387014363
1.40494226028136
1.58299358688533
1.59778784281298
2.25965529414222
2.13692303432748
2.30721187240549
1.96251254470007
2.29715911872516
2.16925290759128
1.46898462862828
1.41137672596079
2.33253217980429
1.48777121702583
2.08593693718629
2.47286942357279
1.66360207044746
2.15964168633974
1.81390330193766
1.92458587280753
2.26316628903296
1.71079033708699
1.48346461572419
1.83921784090873
1.74672069434224
2.2756946230668
2.28266581828672
1.58786765379406
2.38880853425956
1.72674599222686
1.47680915225607
2.37985483354758
1.92337569450271
2.16630208795593
1.99295824417793
1.75419979158566
1.94648835506546
2.09939253750616
1.84220627883459
2.13113657697017
2.22510204031369
2.27977616425092
2.24179223304772
1.80149947913977
1.926144771034
2.16207152435177
1.88535312238926
1.7698776976135
1.46713701859124
2.08221168807931
2.20057356141785
2.14703146794747
2.33389650802169
2.29854252442105
2.34557400457994
2.38332420918225
2.46399155774069
2.21175064941472
2.17417833769383
2.09396568863327
2.28673757764753
2.31020823368476
1.44175885589216
2.33492066032659
1.98922619531937
2.26366861472818
2.17767099992576
1.69351744660087
2.15988548731669
2.1399172634469
1.91330280765143
2.19279764769414
1.91445210911439
2.21328224903048
2.11166721693833
1.92932664981623
2.43891468804067
2.38954958753188
1.97511002438363
1.90395594511581
2.19129337890757
2.05512110261415
1.52454693850086
1.30001308660099
1.63560029987004
2.03644117161082
1.82866253158117
2.24752402853359
2.47627138713733
1.26814105059457
2.27614798430884
2.09022211103648
2.23522540733159
2.06411238398766
1.94242265786024
1.77152177393384
2.43845423239692
2.07681939504259
2.09639270828086
2.02559658020434
1.67173932500665
1.91009157323208
1.94342072987989
2.00725356222693
1.81628618565968
1.67311580728963
1.25723406150192
2.08324524788526
1.59115600334479
1.25983878198873
1.8421754781598
2.28088990033698
2.21632875375359
1.96370334041844
2.08683354089002
1.94169907013415
1.9771986526503
1.70109750188106
2.03965742747433
2.37608153275244
1.98483187665761
2.1196274869513
2.14563787681301
1.81945885193487
2.15631331477524
2.21208593535555
1.53306388093116
2.42082693801427
2.36408140001751
2.26374067016747
1.77343572428301
1.79544007556883
1.84142707558954
1.53460245129089
1.53599531725183
2.29231210254374
2.16421371835961
1.97212925155162
1.61658852893669
1.59456576525112
2.00763883372416
1.81778086355242
2.08220217127307
1.95585766921515
2.18706786594071
1.77626659447246
1.99129368697405
1.73240165589898
2.12776143744517
2.27518393410303
1.818997860934
1.70535993765787
1.99585110845217
2.41062528650506
2.1331551082645
1.82404135854078
2.24525857432496
2.13608445284681
1.9079806407038
1.66923599075255
1.53732998047834
1.81618368560842
2.08318698372219
1.13683887309494
1.55833890209737
2.00536279245111
1.57375957668548
2.01506206399551
2.45602041705501
1.83154773855976
1.84702425153157
1.93756492302595
2.07066487217429
1.73883166905963
2.04890698239244
2.01717294725999
1.5597165665269
2.21088057623412
2.22102593413684
2.15096337137315
2.20452910594928
2.42132325759828
2.48201160275153
2.08904935777066
2.22049694566536
2.11115504739153
1.56764225010792
1.59964690690903
2.2821409420892
1.6643049926412
2.29342343046042
2.00087006288672
1.87812566948956
1.99592983241491
1.64039492654754
2.04456195056595
1.65861154751142
2.06941476511081
2.14792337449716
1.96405690631919
1.89835307055345
2.33473117373247
1.70433937533169
1.92138475410647
2.23127178239173
2.09538625954384
2.21478999272752
1.33989339713722
1.98425078326455
1.64418165488146
1.93911294041472
2.3658018534732
1.53289063208845
2.20796172783606
2.30156757162883
2.31656328546497
2.38707984868724
2.10577325939053
2.16999584005994
1.54939286341534
2.33813796384294
1.85015157497173
1.64143554480798
1.94264984894925
2.06056552944811
2.40361940322508
1.93138301802854
1.83695889261747
2.09038215678993
1.49225136878901
2.24562059786598
2.4663278274965
2.20731917431184
2.0196854415159
1.42073645532206
2.35834398922593
2.30121448003541
2.1926753797307
2.17660615426705
1.89452600774684
1.41146714415601
2.37677003539493
1.92589882452646
1.9232482812504
1.84689967569274
1.9544519212304
1.99808336357488
2.21490922819627
2.45373430643978
1.22059986558871
2.234820484836
2.30684800646381
1.89495580969071
2.03725072701315
1.72741237267667
2.26468478671782
1.64437492703584
2.02926603993939
1.71361223385828
2.22894165312955
2.11144213297536
2.14023063851442
1.39037526597646
1.88382389477169
1.62439513078781
1.99263212237682
1.98559943858954
1.88204781980474
1.89880873823828
2.16944830066082
1.81634346582993
1.1562867000326
1.45481166580844
2.4654913344134
2.25782477847764
1.97670724274814
2.26236140613987
1.69680297976455
2.15597719958604
2.11669245027428
2.27265777068974
2.2036263574341
2.048365849541
1.91389614428195
2.24513741665237
2.28657548576038
2.43545138913115
1.49110270303493
1.68554509946581
2.3567655019198
1.59025305572441
1.68679422444695
2.22666194841923
1.80599390405673
1.83738537405842
1.27300456277833
1.64327483279741
1.77412492133418
2.20256539366547
2.34797673725916
1.99798581339495
1.87499221669987
1.62617201382689
2.16754378683195
1.72053051822217
2.09423498537975
1.80339524598112
2.0818192465212
1.84302824264048
1.91682664254684
1.61211010617491
1.82393156004783
1.53130706857206
2.11473826185899
2.1623510038607
2.29764973875411
1.54014969229071
2.42190695923275
1.51749224200055
1.46861588752239
2.10757669176777
2.02516076043099
1.66097027089931
2.28625980129736
2.13987071781506
1.0656549206605
2.12526566572976
1.9445196811208
2.02792698330673
1.6558532167767
1.9709447096423
2.38830390071154
1.77385433490969
2.39391247897644
1.75428264715943
2.16000104182422
2.20611537614091
1.68592993002588
1.15711009535079
1.96517260499273
1.63736301709818
1.88742469251357
1.76602732884556
1.66159546414529
1.67853803850842
1.84295345991306
1.94974327750805
2.37049073838152
1.82706134913415
2.03919283370737
1.83224184515331
2.14642808389078
1.87040157428605
1.88646395944645
1.43691010340788
2.1082318034085
2.29724349743986
2.15646131620485
2.00320419647826
1.62922469623876
1.88001236061736
2.42920997835137
1.47991192443245
2.3280560278693
2.15857607174472
1.46147699620364
2.16904830242108
2.10343292420712
1.84147034959524
1.88649672088541
2.3661004581526
1.95565992416501
1.64517181406295
2.30238168148378
2.43430030849188
2.09197470390743
1.77191208186635
1.97554049031128
2.03720078643976
2.21746824117047
2.062941671477
1.32086656556809
1.80308145044394
1.36356115805834
1.95136622124014
2.15024337848763
1.71693171103912
1.44546248091738
1.6074106842787
1.78824929326166
2.25852155405055
1.46828607369983
1.65550484308777
1.40825904235554
1.91789426277487
1.46855758210706
2.33063453880445
2.37265823009478
1.60199919741952
1.95342948444942
1.90833233032141
2.08642350795489
2.27714118973846
2.23665364017295
1.83544619265214
2.25842353715666
1.29017447536871
1.93982926232793
2.14343478277006
1.8639540805515
2.30997581333837
2.39600159846079
2.23309661828994
2.04473364232517
1.63035588579168
2.16869083606437
1.84888017712143
1.95098068814203
2.2021406221094
2.47892025686911
1.73522034087709
2.14571502605527
1.71375660820935
2.05007096923216
1.63250371792985
1.23788243644574
1.73771399485017
1.76896395362637
2.0451654536615
1.87360458791582
1.9459346033478
1.97132138461211
1.79171525662407
1.62801051783507
1.69610229654086
2.24110881852656
2.00667885287011
2.27074849289031
2.32339542317305
2.24081621437758
1.63442135074126
2.13619597823208
1.87350071998388
2.14976788763556
2.07963202674768
2.22340318342887
1.95101005781174
2.09768807123717
2.13124883360976
2.23807537303435
1.78024104535742
2.24173828517216
2.09360734136648
2.24366358566245
1.93806907130985
2.11984709060962
2.24558322867949
2.24617186406888
2.34195250270923
2.40356188546415
1.67119482873455
2.13546623109084
2.23423288645236
2.16114181374487
2.30419743260572
2.145012997878
2.38936487268127
2.12932971094273
2.38208099870163
2.14140038251087
2.24749462151226
1.32649475381041
1.57023381471829
1.62076637569323
2.28514582252584
2.22985233282539
1.69104341861808
2.23234699647395
1.41401590036681
1.9750590873143
1.21735922687687
1.38663695171568
1.33177844734033
1.71292945476484
1.95845195798711
2.0646936960048
2.46283213496241
2.26033352483163
1.56851730937537
2.05695510162966
2.26407704773294
2.32650448462417
2.4128805287977
2.02551864715188
2.02198611154897
1.91688862041942
2.10137826159869
2.392423294176
1.7256971954777
1.97651091357526
2.19222367012341
1.38275450189339
1.55762405053797
1.64380743058608
2.36457313195685
2.14178828998198
2.12858677668231
1.73212258386962
1.78472373574687
1.50806896491793
1.84927995608612
2.04489362266114
2.37327843159327
2.01468049766103
2.16679634615992
2.47142766355758
2.12635515502685
2.24566770324699
1.26068607576188
1.79783250542069
2.37264155127259
2.16993351894828
1.52446672746463
2.20740916378793
2.1778427338712
2.31419330888898
2.43227765943295
1.51196042908266
1.93031891768897
1.88643979020313
2.00708060345248
2.14680226925446
1.81206458163393
1.77916164853589
2.0083175585712
1.81009791283492
1.77750714037466
2.14332242601957
2.39519980684869
2.04352409254183
2.27590495340474
1.77186669829592
2.31215037005301
1.66249440059976
1.70965497136819
2.22361163114342
1.64410026502087
2.3616044427877
1.51736741518264
1.97954693601027
2.40054747455136
2.1118208876389
2.31644459221302
2.1130163990345
1.63865722484856
1.95030827329511
1.89390807268288
1.78511446689706
2.31563487369107
1.7786731972491
1.72848852650963
2.24378737197513
1.67872466522465
2.11198601985267
1.92855396497448
1.94531139991876
2.48681134429348
1.93847386797899
1.97795712910262
1.94571757994257
2.38938178869196
1.91558388660602
1.72852904711769
2.29932305459723
2.13988029337042
2.3422845208563
1.93059022250994
2.38861262477692
1.9845121164407
2.23180425817992
2.35480440319676
2.05289978843191
1.98506220349915
2.16483174974337
2.31574268538287
1.95195446500991
1.8081738737512
1.49376268060907
2.416436138715
1.34745090019966
2.01394379689399
2.01363344271329
2.36011761898536
2.46104263376606
1.23910962256836
2.41253050472185
2.48197029269006
2.23583634384996
2.45154858652595
1.72150066957068
2.43584461268463
2.13300717710957
1.9122477005824
1.59365511805659
1.71391109766771
2.07144468553681
2.02783949292131
2.10108290185806
1.73685838227453
1.77542498809249
2.04482415941712
1.9887474737363
1.48412082027518
1.67355663648343
2.34899476696477
1.89189984545537
1.8857455471144
1.81837935459442
2.11523631575978
1.96081756655681
2.33146813574988
2.29416998419538
2.01508828976842
1.62634363452951
1.98979859666531
2.09920933792455
2.19264954931773
1.63734453513962
2.12585701090023
1.90920310182782
2.08115386234266
1.8213571217766
2.30008612758015
2.35958352177018
1.75492828363534
1.95243885308054
1.78084373792322
2.31629813229527
2.36765306865674
1.68967284239091
2.2202562211924
2.16302506113719
1.37651624712416
2.21914058611225
2.27268114365641
2.38253096203066
2.02372549637307
1.47232002983865
2.2692756808012
1.93889034786894
1.92071404339493
1.66238736538444
1.85912554072111
2.26784857847173
2.32720396561198
1.91008027884557
1.95791778237005
1.78776689400511
1.34878263897264
2.13050829474355
2.07810515515982
2.3118019068774
2.45431581945265
1.95683320109148
1.73676866578708
1.88586880909353
2.28667179240173
1.70259207272417
1.26523857703166
1.91325004525437
2.29834616784406
2.19298550125096
2.30493965736358
1.58346779280596
2.42797906281473
1.41917363374502
1.71582639985364
2.25241243327089
2.04879245292093
1.83790984342508
1.62795259843041
2.12913468360512
2.12853265571841
2.37804574124352
1.9801737571763
2.4312213086562
1.48691132915724
1.42684978428843
2.29582841775877
2.16836657806107
1.70037211743692
1.82676777304859
2.38852239138099
2.08960932598068
2.2231330365671
1.60678359451918
2.04700915223585
2.32721270060384
2.33575132018858
2.23228949229407
2.32775155161378
2.42021436496188
2.35145021489934
1.81841999651753
2.36550866426756
2.46322414198211
2.33511976786611
1.93791549443125
2.14411684679701
2.34101667020724
1.97981187231584
1.68190349144016
2.16268515737704
2.125993757573
1.86634293000754
1.98700621184131
1.46443266613625
1.5581647603432
2.38710403316843
2.04706425003929
1.60439785451372
2.20097873442469
2.37779284802018
2.25408177274671
2.01093647196079
1.47166967318083
1.39590336656922
2.44856549806453
2.27995240826978
2.28723297351967
2.26361072566937
1.76856626332244
1.96731270710067
1.88102003401403
2.08257589801397
2.25498988817477
1.84478437496725
2.15933019939542
2.29639035059657
1.21224765954479
1.39729107434873
2.21466163185066
1.85396958925297
2.27871312973617
1.21920699042465
2.18620167348102
2.42469309884891
2.15297149207146
2.38895198830511
1.95759411739943
2.02516181887933
1.71399093848603
1.97635885334674
2.26828643365044
1.2170757809184
1.70300466245968
1.6083397198497
2.2188409844867
1.90257744083814
1.72711509300425
1.93559431931848
1.79513063423078
1.73049072138171
1.10459204714019
1.5810285991314
2.07267667584657
1.98739457317906
2.04749416832609
2.29594291382943
2.3629776489693
1.77609550933631
2.40564445170857
2.37064476187595
2.13716105179184
2.28514464099612
2.46565555981412
1.82802590168765
1.64357342593323
1.98484412071927
1.45710443415518
1.66766542831849
2.16309637933193
1.72837093788886
2.31591998029918
2.22890885308811
2.24104948657084
1.98194930558774
1.69808038478233
2.03373196789247
2.28711093069914
2.26927525931921
1.86181541177616
1.61246459541143
1.4332399881292
2.19317427550464
1.98178294283746
2.00322627464014
1.98922715985797
2.16569363926377
1.73244066877163
1.6168495422364
2.00287247300866
2.24684237734198
1.63323117241002
1.95158834031166
1.55668166270936
2.2540284236936
1.96537502052856
1.7775969224623
1.98407208087585
1.9118010932664
1.79467562562878
2.08320278375999
2.40248607738583
2.35587943794978
1.63935734358947
2.02628585425779
2.00996959848037
1.9707022697076
2.48849367090755
2.16637123324846
1.97354571927825
1.93246540038537
2.06254908125044
2.26428049737853
1.61846284196303
1.50393857581391
2.30710889368524
2.02147850935555
2.48828959255422
2.42109045669785
1.72122631850849
2.0311314767262
1.96990587314251
1.46520149795556
1.97306490324081
1.703055022849
1.68852306530742
2.19132105022751
2.21847807369337
1.78272730923136
2.26404758243323
2.05278565352336
2.40461834618415
2.11860243213041
2.3193301395234
1.54965606334556
1.70916538005959
1.8266807501121
2.23731925643425
2.04461002499586
2.17459256913465
1.86712961390305
2.22068661114302
1.18470890282723
2.06856996634993
2.18625067160778
2.04639978320307
1.78788862825409
2.06444076100961
1.76301884760717
2.00397111168432
1.73795665693517
2.26024588416021
2.32420706604097
2.11940614128558
2.06820489924537
2.33302701308276
1.48249297678738
2.14491062407612
1.92908715938275
2.3587937664641
1.28406080530915
2.07815453308425
1.91852205444384
1.84341468001088
1.68282380241411
2.13561008554806
1.99182215878981
1.57965314663006
1.53689869610645
2.43279273368093
2.41214294181318
2.28458820183336
2.14450313675164
2.38322383069957
2.24913061592098
2.42076177267304
2.16285161560805
2.22715878066679
1.29584942059419
2.35516884065572
2.26464969607684
2.4374585316117
2.29364908512194
2.37892996317766
2.16049664864955
1.96100375190684
1.78094262378498
2.1516734928027
2.47156647320406
2.2448986710345
1.81419411679785
1.70324086409954
1.64307146543754
1.57263015201774
1.76746017095615
2.24343027906993
2.08287676193007
2.17952355133756
1.78987911659747
2.02297050474438
2.03098831501172
1.93167732729354
1.98686504984714
1.4713071956798
2.20314966187487
1.64362875137706
2.04277342777378
1.97290109878577
1.72135442175552
2.04415032783114
1.53401523512802
2.41939098225768
2.42018796520602
2.31708280259893
2.26074621259843
1.75409137837133
2.17922051481258
2.21964560814446
1.91632416445388
1.83655989215375
2.32885219595715
2.20392507715499
1.95336919628612
1.99271307073239
1.81626146200916
1.64634443502907
1.57267677247234
1.84403316376854
1.93044648857653
1.91978268719274
1.95558327687996
2.05698004308431
1.45075263165106
1.32653145122175
2.24900111280864
2.281670791802
1.49141618847424
2.16386422928227
2.28002732550748
2.31547134789681
1.81596527744292
2.4285043215627
1.68695665445845
2.00065998161893
1.37543765092949
1.40760145219521
1.4413977975438
1.84104248252895
2.23033700985545
2.10443594104713
2.18673600182931
2.05196365042205
2.26579418226575
2.1804410166671
2.1316693278742
1.84380890792069
1.90699236923327
2.08647517150272
1.62421241480253
1.8456850953287
1.44757019757812
2.12955324056761
1.50684901097229
2.05958724678533
2.03466969773474
2.11012138625914
1.5098920722541
1.73006949254925
1.82853285340407
1.83680949690837
2.10306402698581
1.93947736644594
1.85166722382906
2.21122716569894
2.18827729454718
1.44310810845211
2.04786668649932
2.04869178369479
2.38044463544502
2.00338679536664
1.92382391820081
1.55568357310369
2.01387018113814
2.06849922415149
2.11013413722399
2.10253125257241
2.02813743571657
2.35157590088969
2.3132213559936
2.33880243392474
2.35578136623054
2.23392558137578
1.94937917368589
2.10527107039533
2.08206765907486
1.91014430876703
1.88641429112671
1.69154545772723
1.53546163694367
2.00080782795518
2.33385582936959
1.79412569254403
2.40267827646191
1.88326631392048
1.72601072956024
1.44258949988806
2.45064413786301
2.01383504722587
2.15075610107494
2.04496656244411
1.8920624219582
1.7568551088697
2.16183704703111
1.91685139335583
2.28204056063064
1.88843344065906
1.61725737953383
2.1264016150181
1.90591494574467
1.72051488733859
2.01478515427991
1.99790701840518
1.84598824947975
1.45022948972716
2.32880523569339
2.08363930170166
1.66603538239056
2.46781339965737
2.19696415357868
2.17382055598558
1.80990730312371
1.58516760936832
1.8787196944524
2.45596701407106
1.97823920292085
2.14283831001439
2.20162253906477
1.7105066878852
2.24631791707326
1.54674439068478
2.34065139176746
1.90184499354029
1.59220428027686
2.10565693992983
2.30554722589824
2.26249244288799
2.26848676118124
2.42192902391255
1.72747021409732
2.08540393162339
2.22235485005056
2.13212479210146
1.52875721898744
2.11452286427189
1.13948415543923
2.45256602987163
2.08950877888941
2.37200997360788
1.96776550874539
2.41545503936522
2.44063106541165
2.15704975383989
1.95630798863019
1.8080647797871
2.1877586471773
1.85465601915027
1.98867341250506
1.37638771314423
1.98572315367609
2.34817677411996
2.13473554381719
1.66870647797423
1.68188307083089
1.43092553773908
2.11788047226802
1.442185433088
1.85574834454698
2.09247771823495
2.20212949637756
2.35962798532263
2.23011781176009
1.71019127854586
1.61318489890175
2.40698636999991
2.30219878087896
2.1061471992079
1.0591777371256
2.2577428671036
2.13552782968915
1.86257049558616
2.2705771532734
2.33437865368714
2.07489216348012
2.39836340372321
2.05820376962539
1.7602492864472
2.23990570469365
1.39023864812149
1.81282960418036
1.99174016862852
2.08405285154264
1.99950300933942
1.85140242232829
1.66438814543008
2.13922418977152
1.80511401167775
2.00703499981415
2.20894143349323
2.12783708164932
2.07170730978802
2.26682644714094
2.21997239081238
1.89696340452947
2.0899543305953
1.84444122413126
2.05986887616058
2.27210369656153
1.81369106996534
1.66227291622007
1.90353111598111
2.22737884037804
1.65371965098063
2.41296385499762
1.50080679784341
2.12169592341705
2.38382395213202
1.92549198977942
1.32262858164536
2.26540965455028
2.07552512885647
2.29791699927411
1.93745440578941
1.90430069538217
1.76849040114725
1.42705159656614
1.78931278971499
1.8658736991616
2.03305004984771
2.19152203975274
1.95092802648114
1.95990018372958
1.40388047049891
1.69319309135256
1.7700034791252
2.15659899405999
1.91438041349606
2.04217318553616
2.29429706527853
2.34603289910287
1.40074463412095
2.12985505910255
2.01133820972282
2.32160603269499
2.21282035014742
2.14310170152285
1.11877928301435
1.36905689307426
1.72700515233744
1.84823014065125
2.30807333636303
2.23095651741717
1.55056880353487
2.22037325564698
1.996446773844
2.24046695882537
1.98995076909486
2.09498003616078
2.1898287990323
2.30928223156961
2.12892704638264
2.36694356967311
1.58447002597924
1.29811793514215
1.09218621326413
1.22243685789595
1.58916082981841
2.07375960829939
1.64941613255661
2.1694677471064
2.14902038636176
1.67341058926486
2.08430458828311
2.41271702488144
2.0950184756492
1.85522593076999
1.73187830486614
1.78429800872791
2.13418288264607
2.22941718894173
1.9118237329279
2.2272179648058
2.34717518564948
1.16242522955735
2.31676978178759
1.52680323582242
2.02907736843371
2.42001043631675
2.40827069292565
2.31558708352411
2.40651730090609
2.15557181358063
2.29917891913548
2.15809524593094
1.27463408988624
1.88865816837601
2.25990792194836
2.11248325084872
2.36484852074899
2.42650103598701
1.69603167608502
1.95058923251272
1.21838118855587
1.52137971885507
2.31577997691595
1.75236275138696
2.20896597163247
2.20082564985768
2.23034102741994
2.21189723444964
1.57130253224111
2.12147819414522
1.86017405546189
1.90771523843961
2.40539022085709
2.11608634958102
2.1341627526665
2.03382393839653
2.1449995235533
2.25772619341839
2.38052025294514
1.98836771508318
2.22649762073497
1.86835208903448
1.30475554951669
2.26381836113482
2.26066834044807
2.32644705570872
1.96256499145775
1.58823344171103
1.92558064765708
2.39209826389674
2.14661643670484
1.75985836087007
1.81255730127478
2.19570574137252
1.80184941321096
1.83208052925803
2.03105637183912
2.28603042321898
2.07546523785996
1.43381608987924
2.01432954504031
1.82940388047623
2.09090772556726
2.1466046959168
1.47141126966544
1.95161401292788
2.30372359341965
1.60911765364327
1.93958644501357
1.7537654286031
2.19630544695725
1.62200693757885
1.77194372756238
1.77237754099431
1.6995653106167
2.00938100135754
1.5486332578801
1.49368892167923
2.19709960889025
2.08501189700096
2.24224585680487
1.9056831994098
1.82662921675668
2.04412885311712
2.11697172951247
1.70147389159227
2.07505008678926
2.181238288528
2.09056710599037
2.27456599311569
1.65627463586239
1.80193405387865
2.26588217775924
2.34565103540981
2.29339734603389
1.75576650969108
1.49262428512671
2.34653946229954
1.71458090757347
1.9666715536849
1.78187138769503
2.34482039080418
1.71725330417443
1.83511616133266
1.93652221968081
2.21231307776159
1.60427835579021
1.97735991191045
2.05909241962972
2.00718179485432
2.44690389287159
1.16589915752786
2.07639050761655
2.19749735400852
2.40043949798076
2.28219429660918
2.37751495515747
2.48999187604001
1.73723751090152
2.22558500391704
2.36537114132276
1.81996153447792
2.31667060157897
1.82555997133279
2.08894291483942
2.46990509351157
2.18831430823119
1.29947496337788
1.74052394392243
1.89196543778804
2.39327948306583
1.5577215428523
1.73874146266147
2.21295227589173
1.78761961324188
2.05750329705623
1.98249517515291
2.01953296829305
1.91235099409512
2.33938388368377
2.11693883258002
1.79883709976659
2.11116826638011
1.88228633009983
1.76263282902196
1.97639880368487
2.16097221971949
1.66903471757426
1.98214706736388
2.32722689129707
1.39732432235201
2.17744781375864
2.34475500690907
2.15508300595616
1.80272717049063
2.04563670029379
2.05971442078443
1.61349409071717
1.3661161897814
2.22082781792931
2.30708884198152
2.30818216704149
1.34230958300792
1.61096828639607
2.32405237476486
2.12238167566075
2.32795940272076
1.42220102055938
1.86011701399738
2.09834408890269
2.34732123633324
1.34752131556013
2.11209690369775
2.0090827332126
2.40556933573569
2.19921046340194
2.02942175183827
2.01957413135443
2.18511929878151
2.26331603325728
1.86575605908701
1.62955984216618
2.11648833430615
2.12185146728713
1.8010648200394
1.79625963140382
1.85954157019528
1.59398500169315
2.36594929303636
1.76518965696933
2.04108494457709
1.92284569510806
2.24180946769929
1.42028200687879
1.98549989277045
1.66486709215927
2.34599695310195
2.43028094782614
2.22299263516029
