0.444171609385582
1.6558453894771
0.289442672739088
0.37604551641747
0.0404580445493664
0.574286370793981
0.219504587965798
0.115749024462581
0.0328947846295027
0.249223863246125
0.830911668428634
0.0110424819286171
0.169372385401822
0.105323078688389
0.0878397629283686
0.0627264654311777
0.412281732935104
0.57646054681562
1.50626179328743
0.0558854886141298
0.203608040786034
0.291909059064939
1.48497301872258
0.411068920975368
0.080345783781299
0.0585797522680646
0.657361158025432
0.028165775621925
0.129508989408725
0.0893908581563362
1.3104496884951
0.163144881297424
0.501706450310169
0.067898123910047
0.00596331460252958
0.261336610314802
0.477664939859346
0.0666516173524506
0.132169463037526
0.00642875495061601
0.146978544980119
0.769470735268027
0.0225650031803683
0.197554747722267
0.0556021827885006
0.0777802124770491
0.506270461175443
0.367183972236174
0.120429997666713
0.397639721016452
0.0810221326343933
0.0981744534032903
0.271412481664093
0.268485175582535
0.0206334636027332
0.199918304497824
0.21077841012291
0.0304282540435928
0.8190384688156
0.249330369880469
0.54169215890502
0.0876521839758785
0.0103470775957062
0.127545117225003
0.143816355257349
0.119526411044664
0.395967757577703
0.0213277950031516
0.281222787907747
0.212423942339506
0.0428326097865107
2.16408768255735
0.48349766688979
0.0857943105402596
0.463707952150509
0.139717309732724
0.501648654377073
0.0981903792026935
0.925848734920061
0.0615884155061134
0.0507020671619816
0.360204874463263
2.50390731800321
0.117959014448593
0.766063139369216
0.0464807739828701
0.0815540926716989
0.161002381858789
0.339672700766116
0.290078296713952
0.112462461879399
0.232214235937543
0.120140748623542
1.04298390075174
0.383131758157312
0.415743425896664
0.0976113512604544
0.231550518264062
0.248493125539765
0.0564601620028919
0.0328750852967858
0.528923082350439
0.203315265633999
0.660883519086347
0.0850334167602578
0.510024162245586
0.045077415234869
1.18699223898081
0.863808151587941
0.230628069428873
0.213951052598582
0.0681572238542596
0.584903200518337
0.143124710440142
0.249284037771381
0.100484897975933
0.234696947657803
0.110141498964064
0.0369630032690665
0.132627165915151
0.0411140919877837
0.543887848321917
0.026567205153598
0.517464002634227
0.0779951320294447
0.636222204812338
1.16467960002569
0.676866232819233
0.137970517302344
0.244795769449523
0.676943013601549
0.184250447480101
0.100856328300114
0.233023693661599
0.290766752578949
0.555346326135744
0.242715984584149
0.179884506672557
0.210623617295626
0.260790687174896
0.718761830766937
0.219025230978943
0.173536489416514
0.523674626313844
0.186078616897839
0.0200007002015684
0.0811744960412341
0.0191528866717259
0.354831832915553
0.0648859641331489
0.259173698253434
0.0314626566045261
0.58291760920663
0.177929272417302
0.0286196919382092
0.0823378501172631
1.45017243932508
1.12834535099212
0.0069969653361103
0.0524426728670096
0.930356826300801
0.792814713359936
0.374920110091652
0.270566944725407
0.0265559175635894
0.100686709386675
0.392924079801469
0.705452450280447
0.226821578177299
0.75461935182606
0.0330651128378048
0.401052331644549
0.255089028173647
0.0693704503626232
0.439126782301413
0.372223961767859
0.904634848214063
0.20485122362907
0.0816286031691009
0.297462273717598
0.100441821000677
0.912780644260464
0.301058684454441
0.219495802093729
0.701496532706865
0.0289119052550642
0.362067509306107
1.27410406083189
1.47885281092772
0.0558569782345265
0.368715860754315
0.32643726801171
0.327318866324668
0.200033098759301
2.09891043945066
0.370345200460821
0.0352556836661963
0.040482423633737
0.0341671171551664
0.658242695605969
0.148250690658975
0.0615447623116555
0.849484126553573
0.0854474399251542
0.26610386521524
0.309691755325174
0.0929471894755691
0.0254005553330603
0.0742347845688249
0.319066428773944
0.0481462548819738
0.694746921051182
0.791580913427977
0.0463696809044602
0.0417696115090269
0.271862128880949
1.10763038324119
2.34814556328918
0.164472296119146
0.37773970877238
0.0670285388919342
0.213183386649082
0.209533298669776
0.0689643099852374
0.809180785230563
0.252004887522637
0.163115111548312
0.216772145345628
0.499683074275546
0.283910818432323
0.255928723008518
0.152199650443776
0.302849306142043
0.144404418846948
0.286587536061238
0.217984342921279
0.0901277702758577
0.359346825237772
0.12095933046254
0.164956209645961
0.196536922169438
0.0541638796999727
0.235387996702177
0.0617214824659074
1.91171285123469
0.649203865829128
0.0544830355421027
0.472716835886247
0.0908859688850928
0.127745987242316
0.0766030555031239
0.0631621094383616
0.284820773643228
0.232399133188178
0.171094006614431
0.136080208887636
0.104961820542184
0.866742354218673
0.127549107412701
1.22763105183251
0.215953073851738
0.607521617890725
1.14227318907305
0.242098147467429
1.77519885895995
1.56296548977742
1.24861740169634
0.449455510048755
0.0131606809686126
0.54444643149065
1.01549565850055
0.346718128161933
0.587316653287409
0.126373935188991
0.20349449476677
0.15272874896716
0.648204864953588
0.0748744232595505
2.45076187894951
0.0365460781062776
0.099232928103099
0.18008833523953
0.481533833709019
0.331578170008993
0.165757514165181
0.545865750729852
0.111824612131136
0.123644220301801
0.082661713247245
0.0539478878506556
0.113167831135991
0.0316344889229244
0.107068732594433
1.51051879886529
0.339151166375878
1.03918392071791
0.435245663085559
0.21756468920251
0.381775425520567
0.340380633052423
0.203435939385699
1.50333894881109
0.408584917277144
0.064464778107955
0.264838437015308
0.155966852873929
0.119677120767555
0.226826346310399
0.409256365996728
0.534633723202219
0.525935472557919
0.131020678172085
0.0389207655947253
0.668128595438655
0.372197093763737
0.253075855187103
1.23988099127069
0.0280669336213741
0.175968679983336
0.124860806604147
0.647635118979547
0.183365493791862
0.146098732268894
0.925506461805521
0.0297681482138492
0.671466988566075
0.979080046734514
0.0581591810896444
0.00550812037527498
0.489055264546615
0.147544781176465
0.0576780625675832
0.184026980710621
0.383864346561961
0.400371643025165
0.132876000174679
0.0700864117329803
0.0404781688916401
1.0212134143115
0.0776288733866133
0.103995051338129
0.415286037438715
0.409216620393577
0.306072643568266
0.117409691108385
1.03681846589858
0.0219344068684685
0.479448055965527
0.517704389369013
0.15566380012094
1.26933668260191
0.262726401183935
0.266186042634596
0.32698916210967
0.399706949066301
0.191990658549807
0.0982977831460948
0.123157923623092
0.746085869703284
0.419885083048509
0.0868381778083659
0.209325465496647
0.0855978653573158
0.04139395460697
0.757023653046041
0.0293733654828071
0.166422677474147
0.110317431333046
0.743808972490961
0.115265588828573
0.027667121297721
0.593009158142564
1.64229217137156
0.179190930088371
0.0473593408788274
0.339407305391609
0.417327541279839
1.7326263458203
0.438574407584477
0.0489532034188074
0.507171537098802
0.16174654228103
0.0905764687053235
0.159250881957841
0.167716704315782
0.0196337399059655
0.206437728120112
0.0513137322961851
0.729352314762258
0.0529774723296372
0.19185917900475
0.517318929134317
0.167217674312046
0.292818224151572
0.0505539485502683
0.367357696406789
0.15780452702326
0.193400140267849
0.21694708202352
0.258521346989609
0.649921422786807
0.314749846582957
0.190412380617673
0.158694937354205
1.65845904455032
0.548363287937676
0.893738847878239
0.104064477006506
0.441682239827724
0.09060959445966
0.13350417413994
0.594850389684395
0.589093656681501
0.259981009927406
0.184970115251738
0.223031331745085
0.613365637787679
0.215316286273195
0.22255495997557
0.284651254847145
0.21882164852636
2.24163239447761
0.123884385139361
1.46537160713988
1.66707755993749
0.705419436188678
0.359613523251194
1.28154997613009
0.0505853032113003
0.3756050414321
0.0748135548430831
0.272017153196333
0.291477173908267
0.331725789088895
1.25612322077446
1.07537010311097
0.688293510678857
0.104930943303508
0.767651177955311
0.0340125904170661
0.23006471717526
1.13626425483751
0.122101328487949
1.67707202664921
0.0506729118389042
1.85132925708692
0.0771908538407667
0.739729258192406
0.512593923912964
0.461205052487933
2.57250979313973
0.00453299454762969
0.0546827238855543
0.736266678134232
0.288605422792206
0.140715104396611
0.0921958756806942
0.585774152684619
0.814527304126252
0.279565740415346
0.0969488428923154
0.0640902530168643
1.5569299319703
0.550735803669367
0.0505470364337194
0.585522184350153
0.985769092525928
0.317380254482238
0.176315009404841
0.229640418798109
0.364709070503852
0.170699466995727
0.769298357462867
0.264455657628952
0.143725547192557
0.322563915833593
0.124825099989705
0.510509181190529
0.0500244924465064
0.380868667157316
0.504583063933596
0.331360232764945
0.126297651886353
0.0710030018122291
0.177814432187134
0.444730218915847
0.0322336883692855
0.160884835327604
0.340683045503496
0.92845459227674
0.307963121092998
0.258117973138179
0.158580146977268
1.67017904875946
0.465098488176549
1.14660952626968
0.0263974708565396
0.121456461570432
0.133841760634603
0.343712952902237
0.423699211119665
0.0541096931657455
0.13388000205345
0.275525986894713
2.40079201510043
0.10196845317837
1.39361854416
0.147160510709897
0.226599950410758
0.775329193381232
0.182578694629584
1.52838326150647
0.338432375196455
0.371604868613864
0.0811838307404509
0.0686012849287365
0.104374063875605
0.106337056977001
0.115220041584315
0.669535995286114
1.27131764039997
0.16520132775536
0.311119482179363
0.231544561581311
0.562125569820174
0.053117109352614
0.898116495180603
1.47475407869489
0.228793240546641
0.526920222302484
0.332668830483517
0.0178766348556795
0.0779786644984025
0.731393920458594
0.0793312749424046
0.388898457392799
0.312726799069417
0.242584596306913
0.200294313155159
0.147131713882892
0.438718361602282
0.0624786806856232
0.13104161535677
0.184771998971776
0.106050180259695
0.0404932236392657
0.292281788286379
0.618997634961031
1.13097089758495
0.0266087192508023
0.0773559541888388
1.92360727227356
0.0612858613832861
0.457333195909158
0.0686401166265396
0.128357603740008
0.531607297150516
0.0291713581786138
0.187301414980598
0.35926048769392
0.0331957680891401
0.13415722646974
0.0493058484548575
0.12889666420188
0.28657969068359
0.0465024916464784
0.224328255279634
0.928769063752248
0.284630407249832
0.0754472942232624
0.797954004589039
0.167098830471763
0.263867788790262
0.363034174271528
0.0875490543314304
0.00921231629294039
0.736512116253107
0.207223835121818
0.142838883909505
0.214430184250534
0.0940340164201865
0.270651659640437
0.477053954082303
0.48384813371102
0.144819686755683
0.585182901076727
0.238718831697851
0.227643395517065
0.274389654596862
0.16986588591413
0.0756199729992348
0.206005371554383
2.63608262178901
0.624012744168953
0.162280562354977
0.475500425031098
0.0420778947115173
0.724744244520696
0.230414444480597
0.823235882414158
0.573975804203119
0.247381966374128
0.202768091516282
0.278584092967374
0.205258898774594
1.11941092888077
0.536199057801677
0.0499851252943003
0.522950827693321
0.236080526419074
0.257953264224267
0.130240596923527
0.362819062143219
0.053529856999655
0.273984292217205
0.0813746574773205
0.25901029163823
0.181984912974301
0.199136126673705
0.630040616945294
0.034137430124286
0.0938285771601162
0.221656931705831
0.287239040075913
0.702097827188167
0.851144575825184
1.33969750351897
0.145862694938328
0.123641439238523
0.0515743964109435
0.366062239221721
0.36254608782005
0.355051836392631
0.32269123493021
0.189425554850028
1.09431056039225
0.111925448311744
1.29478591830853
0.666863267078167
0.320334359874903
0.510869807870568
0.146912998676891
0.0605181353559854
0.399738116560063
0.439546321385413
1.70644912580797
0.734474146708149
0.286362390269874
0.290182457889024
0.999919859142423
0.0402507296025224
0.124452079885021
0.129461773629434
0.0855811818291598
0.00900840609938396
0.575424393448872
0.283606376465651
0.253881560553008
0.341136748730921
0.133825230065574
1.7455134961122
0.0569706008120807
0.142579585067405
0.134522510484867
0.158961916206221
0.193584242257061
3.79855168736167
1.09474755283173
0.243158983369193
1.18635956493304
0.801817911599768
0.114113074069511
0.089241585037721
0.0482476404027201
0.078884180200222
0.128192597861417
0.125685560331607
0.259730369809221
0.315196405376344
0.925042678153791
0.183758923420199
0.316862150073075
1.45297491273458
0.090741318239644
0.165656038860896
0.277904396675749
0.699957918611622
0.856141383651698
1.25002686765062
0.424203755098791
0.228289280613468
1.0993827395713
0.430041341307389
0.0619458120211521
0.138241086523547
0.0279172785429132
0.187644506345256
0.174801082275571
0.82092970592267
0.999990383798086
0.101689975251792
0.476121025387738
1.32343106647562
0.113948620289844
0.0750966643141946
1.04899445527741
0.0245126485287283
0.238345608129493
0.00894297985717145
1.17603365557376
0.17362299153804
0.448525302832778
0.0716467756964446
0.179765350912552
0.139575983159905
0.0977560770891711
0.129733472905719
0.929698397630936
0.345654146453717
0.0857345968715656
0.36717348099709
0.3448861957901
0.327912143926628
0.330442256199183
0.56657920776815
0.140573510582547
0.497887853299672
0.25135350608057
0.749755805798871
0.169944957552135
0.0693588693585754
0.156255158950814
0.765921516450825
0.569212752328422
0.025636396828929
0.199008613060479
0.0349627414393612
0.186108604921339
0.027818171183598
0.163334095862646
0.00885849518730669
0.478016653808793
0.554114169383568
0.195958991623699
0.280361381798607
0.217975265618276
0.387856967713678
0.731997059173131
0.0134384296416608
1.6814788656344
0.0118780326003205
0.107855182372721
0.0373192225540356
0.108509799205684
1.31031882321293
0.0440742968115652
0.0652689705278749
0.20979913357861
1.37042276089122
0.416081401180969
0.0279603509546095
1.14907466360747
0.63764141886383
0.195676578373091
0.27780761927064
0.316066728513788
0.115542414555762
0.878559461039763
0.0300275640686567
0.309002274870175
0.463470095455666
0.066212023708853
0.246010201866773
0.377930702934132
1.79806271162138
0.117365600120979
0.274252968776175
0.441828303665899
0.770344981311981
0.0147682881520173
0.109821559995744
0.284903375989445
0.512186216045035
0.163659712231396
0.145147323870138
0.0896837310642861
0.435099565518701
0.0529761912385698
0.267656926307326
0.0971221641146818
0.147019703675199
0.0887091325685735
0.211218398058062
0.523238775439654
0.179945041058604
0.356789588448131
0.304880605024645
0.0988748973546545
0.0934197268049236
0.371308978497669
0.162400222790578
0.0331766040885176
0.0826911872875671
0.437028106757251
0.0912398762967421
0.45134592498449
0.115869120355378
0.0406320698970921
1.38637025989312
1.30540647937783
0.262730431808552
0.0396088615459233
0.0552965392184057
0.166309970853783
0.634826694079531
0.0696586459680615
0.300099925225402
0.675998285493423
1.38210515222155
0.1398149687745
0.0823702898193365
0.00681529365044266
0.0740316685647312
0.444764020900719
0.211989959962758
0.143955864869473
0.0204639581349015
0.686882484112856
0.407993292503932
0.0635491388832125
0.261931654144012
0.283744744579239
0.17766934490941
0.119351239226551
0.398095000513722
0.527127229190606
0.0372582696913571
0.288087109186855
0.667611126102893
0.0297242303118631
0.266581591006844
0.0575699945903544
0.0573230448584902
0.195146295784666
0.296761383427632
0.807662039718067
0.187541117451682
0.617828927940649
0.754407901771285
0.472814972144174
0.133516442889868
0.290282101631113
0.570810777631356
0.632716886744891
0.0868440447083589
0.203118412345951
0.0785398140719221
0.127572594926245
1.31059672943448
0.416175699335865
0.0771352756853259
0.388746955357708
0.288146668739299
0.631173105943102
0.17983607309129
0.132199740977403
0.772611287693989
0.252291878257212
0.0948582760962476
0.660004172053633
0.387114989477029
0.0890380701304137
0.328571393770057
0.310239339892213
0.087981065305511
0.242743215287021
0.0334251740277619
0.0307390408256032
0.142433881764449
0.91297087771278
0.616254334273639
0.0897882375613579
0.309690137824485
0.130763794865847
0.670169130851907
0.0153363818629353
0.209521055714613
0.982362130391127
0.137200601265474
0.578972430448264
0.156602469344684
0.293588251042838
0.340019326833215
0.272220168806083
0.0295637839854995
0.295663811451904
0.190204155320877
0.477036113739134
0.247651894151787
0.163167152522984
0.117669595897705
0.392430993737188
0.0840462341321299
0.0998116656459458
0.743412123758801
0.0796876949843877
0.230717170539397
0.658846419143923
0.144794067311139
0.242728061671645
0.656753609459816
0.186065665953839
0.0828162514535685
0.633375243360234
0.138558915722905
0.216285571454671
0.0870366670998614
2.08835306442658
1.00913400778568
1.23871887622087
0.241949782183651
0.760343670341203
2.22912426409633
0.300129898706388
0.15795691471479
0.0819639358059173
0.149007708515626
0.174634006416579
0.271251510892743
0.0363101703934876
0.140455563726874
0.329494764939154
0.600682765951994
0.104550595681099
0.168100139368755
3.10428579244022
0.449627308165656
0.195429312213791
0.305542033289534
0.222940877094847
0.0907503132498215
0.43266901532732
0.0835337950133423
0.15209529157542
0.230302567199625
0.631325384629436
0.101207111381363
0.108986983324402
0.109857267946306
0.082390322870824
0.181842655964255
0.679736775529115
0.520401663978666
0.104204611014177
0.0586381737789769
0.537811148577701
0.379383262151114
0.680330284521711
0.0227744068830157
0.220160425633058
0.365809175028231
0.387053395639221
0.186919674790721
0.280539133552522
0.142610510881405
0.268719141993942
0.141662530907654
0.140305846182716
0.26442846134996
0.108725051279006
0.572728343790088
1.55454357184033
0.519390669533042
0.107845321790534
0.166871439860821
0.281677839033583
0.442661319923739
0.210739853455661
0.192575672251571
0.0743640597344945
0.501068241470878
0.39118974116428
0.107679741506888
0.0213396556008198
0.933128921783619
1.34961534190974
0.428657526143073
0.305126705204357
0.485986819657648
1.0044273024912
0.899963055041838
0.718010171722074
0.898151794769348
0.778291029502376
0.919344746159426
0.451102256263942
0.329625977923405
0.311864546644187
0.0699162588774694
0.371538775692845
0.395133083430293
0.106897727794289
0.0955270515703158
0.0424709358045675
0.777326470225829
0.0221535244294011
0.831955393252199
0.214629834823957
0.212181691235876
0.455825476313656
0.134374554431892
0.293298733711378
0.460114899601937
0.483853630120924
0.14302154990592
0.601160572318341
0.309115919513107
0.188678558776636
0.317468304114329
0.144363159992804
0.204484811015251
0.143749507748502
2.78212777670113
0.529130106998703
0.371977801005
0.0275207108081839
0.170556139008046
0.221410962450368
0.328438914800837
0.18449997083186
0.750512659884878
1.08839622034934
0.467411721895786
0.062071635742408
0.40030044024545
0.173711400234789
0.862137393385182
0.0685247761758707
0.00871602089514071
0.0489711371303148
0.11310476963614
0.876717258902429
0.113534747560199
0.104168095360053
0.225081063856582
0.150898552662088
1.02500840396232
0.25167324809847
0.126039049141754
0.271506662327355
0.209884017011352
0.145368377309004
0.0989962642645786
0.380627425254921
0.920439318565141
1.86069862124108
0.821563651471617
0.107280039958342
0.337498636342769
0.558184944463218
0.396315665009548
0.431728004131491
0.342514322064262
1.23579677179169
0.150323366011959
0.330184402269647
0.0370704743256704
0.207416167607792
0.393790493687457
0.290054614889116
0.411491814307446
0.498462896396507
0.0842974492968436
0.599270838239284
0.35742968993432
0.602889188923061
0.110394024821635
0.033404579575187
0.131565127572305
0.290074345236587
0.107438419977522
0.214383100230248
0.317149062903336
0.181608377672863
0.0994659016517155
1.83348953850918
0.0966844676974691
0.123256315907564
0.333434213710954
0.433564811261645
0.257273930455505
0.0531185220220634
0.0491115523529171
0.138932850016575
0.158618644355854
0.5254476812614
1.5292719124894
0.0486156592972997
0.235951094157927
0.43506258615122
0.109559272333403
0.168863527588323
0.547029717602913
0.134549561832378
0.596713499651876
0.0360424662755653
0.842631842485129
0.0369197123698508
0.082777407448508
0.659787114489128
0.0749237974824795
0.367209601993681
0.488106574908463
0.350707928548818
0.101813098338188
0.31245899486154
0.653618367404757
0.0993669830775336
0.540285305838066
0.245511195063883
0.367144703955725
0.0489681786631878
0.110650003568856
0.396745034353858
1.66057253098341
0.213131001531
0.591734910488569
0.158898256641899
0.0897429199004561
0.0781114548801678
0.111812520077799
0.105589813621189
0.732241265539773
0.129839039992094
0.780479304823722
0.400292770974114
0.354704322788221
0.0531436098641102
0.0617388949747935
0.0711985681835527
0.159731627443937
0.671292810257339
1.75009579069304
0.20208049888006
0.284051346908353
0.0856569957161235
1.38060019764095
0.100406693231762
0.519272047293533
0.254794889630682
0.551408781026292
0.540436329605631
0.0624384052277194
0.137223180466835
1.05263643628867
0.283199230423044
0.42706520591462
0.510637906767348
0.465732056537949
0.155333742259896
0.130280211250737
0.0993699850487929
0.113034991731596
0.774580446690154
0.818911563129657
0.118644687220062
0.493786201429934
0.148565280541296
0.109262928698208
0.326873963492741
0.18231394703549
0.117583776729638
1.24144776233455
0.0836656956311257
0.140305163721917
0.172658330930171
0.502611987855723
0.424483952780648
0.120577739803599
0.0788205592158913
0.181922750944483
1.48397435988538
0.152963228906197
0.101714820556782
0.637109752551403
0.157482244397632
0.129592304036668
1.09394316477553
0.11943528016605
1.16664855537646
0.289929884106993
0.591028481804689
0.0833941722680998
0.505100726856832
0.909734506559459
0.205319272774595
0.0342274701827418
0.233392623204398
0.174982236651822
0.391287300871362
0.645901900241446
0.174033485207887
0.369739151791511
1.09559222719891
0.384105410303558
0.0312162768894837
2.83402098740486
0.0359136824612616
0.451057980015046
0.411885120286326
1.19604495517334
0.10431150545769
0.149730418413504
0.832784923939353
0.710362191429395
0.120008051578626
1.39328397174975
0.0783619187118759
0.452212068583326
0.0128240086219033
0.451168304810888
0.1724365466109
0.265616615554597
0.11719833759913
0.094902888097326
0.067250163641795
0.0917173470795423
0.319144196093496
0.0842606561732054
0.124289100364978
0.199864279741048
0.416829022953854
0.77362410788879
0.325973466032595
0.211573760732535
0.0728362418572317
0.144152935454951
0.62518475104803
0.407185405577495
0.186817652706316
0.085234837844276
0.234438992355885
0.172622858315935
0.61500655230026
0.0348405367293143
0.0247867479381505
0.299658186489159
0.0678395697212576
0.0248336462137044
0.262252557794259
0.421142921301673
0.402273818406307
0.0438307725937094
0.954040480566363
0.0934451196156603
1.81543621514079
0.0577010387511254
0.13700307532036
0.511919367651459
0.128840994750449
0.198541579233776
1.0599554299917
0.146322903731254
0.0788233738746363
0.103284209403184
1.91245029821461
0.0665430936104292
0.0333605058774758
0.0890196652336641
0.355874352845898
0.327041236787928
1.36762076131515
0.561033016220384
0.0267997235626784
0.591448897436637
0.132753262358501
0.490913397884486
0.0386870289675206
0.102527422628694
0.0662306651619393
0.0849726153921098
1.65150754199065
0.433562134087281
0.0119697281283642
0.0871063915298495
1.86055174565131
0.793244748187968
0.960002915435827
1.71077722807602
0.110708995795843
0.0436440945011129
0.058662323112747
0.0380711031023432
1.34311687920563
0.717411146367157
0.100497813635199
0.815304063662552
1.08375748187088
0.0370196094612913
0.155821864988995
4.74075498472606
0.735796346657563
0.920270103553336
0.144668779624529
0.281890452291528
0.298403895747666
0.280567941641598
0.447732330559311
0.520623277622185
0.0802972107226968
0.191096344118758
0.708881399517401
0.305590293137984
0.0456952961232599
0.411377779506035
0.564460004648677
0.31520483381087
0.0249225073994455
0.130570212261279
0.0328761283915344
0.0201518868240559
0.0698093203709739
0.21715941791595
0.353893245957524
0.104089281437813
0.159626771833635
0.163015672029294
0.338805429235506
0.197273047531218
0.0841243463906718
0.290292855215888
0.146265507344777
0.0573541281063504
1.06294373344203
0.643513551790621
0.0213023730169431
0.555460664659003
0.171930630742424
0.312958330740804
0.142104675620576
0.546718992701504
0.0289908725054899
0.159217979434323
0.500137709951009
0.698367304772
2.91414361206417
0.721367749210473
1.10180995393325
0.0413935527192161
0.232073664069723
0.521688829874896
0.0270470931942435
0.240820448637748
0.155783141576662
1.28778026302211
0.222769779866177
0.1895473232382
0.168398315131973
0.812589341422134
0.168392390610536
0.775258816860126
0.071758948880418
0.323627614818829
0.0431781416921844
0.659203064861658
0.326053203483743
0.13531740631536
0.358479818165205
0.632322399599662
1.90524583084331
0.130315510250904
0.420371211223897
0.15868066274557
0.18994910911497
0.344766939079483
0.0788612399391942
0.13804391864186
0.277074933734733
0.20656377966761
0.306585062617326
0.333492299421696
0.323162866352015
1.03189683005868
0.361274422700158
0.0438648631632753
2.0032732749932
2.50558352116928
0.230521122224856
0.160437507844365
0.930060888781089
0.0692905931985458
0.216302610248202
0.0698121764004244
0.370954221642157
0.860600999707397
0.499981058624175
0.455453097773322
0.482524776057006
0.547089342148737
0.676469333380915
0.104955655145765
0.0964671840098857
0.347854394811533
0.18886668592596
0.295549591391453
0.349191400259012
0.759878060760569
0.363491973247427
0.32555097699819
0.100982472423187
0.0488421538658414
1.46243139994249
0.4404091544464
0.247640167824381
0.382435227090931
0.230039457909945
0.0832701459603562
0.216817236761109
0.849386706523958
0.0675013586120842
0.0453608660730067
0.0675022808049962
0.28890225154674
0.130975222558259
0.0997313655007515
0.539689639531863
0.0394098316893958
0.165493233411049
0.349841599399418
0.568509449251998
0.0929096887291909
0.634045577803788
0.0621721354956028
1.28557334530692
0.142457724918108
0.0131051681852737
0.498828182509119
0.349582911697193
0.355192071481064
0.395866118720376
0.369568939598936
0.20354267532994
0.666906788231013
0.126693495447078
0.321152409820762
0.071934677290024
0.0762854602256245
0.00965322828623762
1.16328347619924
2.15918371240711
0.0654718705947383
0.0830844222917222
0.202666154992545
0.0234870470340969
1.12304942469614
0.725367000660416
0.0803680277636788
0.0676651329848285
0.361686640673227
0.89137416092129
1.01093500259926
0.251405018712122
0.381982026669187
0.272229283851353
0.398297839505161
0.380857086087661
0.0738236298916328
0.16306172509354
0.0556796928686775
0.596782943422823
0.0292401336452132
0.385021014427567
0.0941438874791221
0.687046512434595
0.6106145337505
0.0662421484341327
0.193002890630601
0.312887161201705
0.598130288175502
0.149017690201276
0.0321214383711281
0.39670699334993
0.351792071578454
0.306440666838987
0.0269136141617589
0.115047013700733
0.0472393571154693
0.714570797777565
0.194246977645636
0.0831169589320807
0.0710359757135885
1.99348375459047
0.376507349469852
0.619418425407882
0.128550272803612
0.306607143876913
0.12266369902089
0.33344721554097
0.125647356373295
0.412749774531745
0.0254906326629132
0.0219299798833617
0.452007017710591
0.165317120681676
0.61731998818354
0.387925783804183
1.3969190199798
0.146964085700484
0.0832410580937739
0.122309413973704
0.129647400960956
0.280348424410697
0.387973702202096
0.102073190469225
0.0911987270447503
0.0430999704316191
0.139848084191491
0.473011216529704
0.359921772439503
0.43538650302402
0.299917288645698
1.63164754073404
0.236603155143231
0.322272402022388
0.47004818522206
0.0748832689086216
0.905991354871129
0.672830563370777
0.500747119421532
0.570413369370186
0.0815798685659397
0.0900170180094889
0.107718102882413
0.45918184230805
0.902028897370062
0.438128480922072
2.88599311778241
0.533518924107402
0.202426475821057
0.575349610834445
0.407105278055907
0.143061958844347
0.0272774100607475
0.334003878379387
0.446888721715002
1.53340150695118
0.534618360780358
2.95665083080607
0.106763081572291
0.985764223318959
0.933856934792001
0.696977296526885
0.0516778577608058
0.0545912347374942
2.3103697050683
0.42950701120642
0.110147405188151
0.201449715697944
0.20574670743207
0.303918708199498
0.654766575663434
0.214404289385617
0.252349335155396
0.376947727839211
0.356413817363852
0.26484086576748
0.352557761407382
0.128262735133104
0.698734652119256
0.0481783930232445
0.062445483775691
1.1569338890037
0.112981093800376
0.105231713815296
0.062306938444785
0.348507113165821
0.347902597511572
0.636221520366276
0.586438695279476
0.263846398185834
1.60825234729327
0.126336484399376
0.153449636514879
0.0541948468849875
0.240004373756293
0.144013031404141
0.319166107229648
0.325808469062593
0.336071832106508
0.442263450387811
0.199995329922177
0.11992801474094
0.12186212190913
0.192494624158536
0.426678142575312
1.36649808786775
0.878433428616835
0.0627897689128667
0.286553644662263
0.122427529709975
0.244624395931228
0.299358745111082
0.814943157824194
0.326488680623635
0.353464469337683
0.0430282713721432
0.558413590435322
0.0158510618631854
1.61100720777623
0.158946333065009
0.209719662033835
0.209228833419399
0.0567246731504519
0.610409251497323
0.326819407793725
0.10599451981577
0.302619503524653
0.561829552252472
0.123656728854467
0.308041018121669
0.439350070260644
0.096520884808073
0.049155695095074
0.298580237354871
1.65604289015293
0.502241354820013
0.281319559481611
0.0316178331485134
0.107406580766555
1.14171137008908
1.5074126133999
0.195633213372248
0.520314476569645
0.633955166216797
0.0127770086221358
0.215520585479147
0.397519575818339
0.0679759878719594
0.152244384247135
0.576748850701099
0.475911075132178
0.0311317111154298
0.229943040211482
0.5382356489276
0.26205018282978
0.0790792990964355
0.136002037494905
0.211676998904635
0.00839345532029426
0.1644639237938
0.464915159687413
0.170085767825123
0.0771445769402809
0.431016813157601
0.598677102161656
0.680660654744257
0.184440516560367
0.0210707355957391
0.216094023078108
0.100630097821084
0.434309282238917
0.134149856827522
0.163561993554642
0.321445596910206
0.137570355953797
0.125287792049886
0.214871138617065
0.0203212019624686
0.0917163932983144
0.122062598314571
0.236286818141527
0.0904190075408548
0.00945107690392321
0.0325045696067247
0.0542656832647124
0.194212323077865
0.0362463170025833
0.167440192776705
0.148089186126757
0.127352327023284
0.0389480083844257
0.274133882591239
0.338141650147207
0.777552287630771
0.0174706137833716
0.694505454183666
0.0496996474842797
0.0565191240568911
2.40495214651694
0.170272836214258
0.190193914653269
0.0473825920984729
0.858385551089692
0.455525802388958
0.152462440449723
0.162629835915441
0.47561169143963
0.642168095378654
0.0171301471041281
0.747088533552729
0.152319003378562
0.393956239981311
0.31298090535132
0.601201390574099
0.113424379692477
0.0737385158675221
0.0309950133063706
0.720753084922987
0.352304208910765
0.620566583465677
0.333230345861138
1.77983092938909
0.0364962449152801
0.387999121924896
0.240057478229276
0.364006184303119
0.214187613925
0.127795369201497
0.629391564490888
0.375929163221909
0.0917861244610626
0.0311892572155321
0.0907260490886938
0.257605222124261
0.347545129303506
0.212099073552738
0.208306590064035
0.192004554965064
0.0995189694946749
0.01043344344163
0.293236117437714
0.353461213166189
0.340314283444101
0.412228196517995
0.4819537326813
0.103549588772537
0.139729301076345
0.350237189207511
0.0632665592702385
0.148616307981805
1.19410792955077
0.247708230496193
0.184872641173888
0.357081177858052
0.0826464403863368
0.22481312391091
0.36960447140264
0.0344639713407083
0.142526076186753
0.0759402902031238
0.248870984386725
0.658418246735636
0.0691381728997708
0.036850295779015
0.0781203680186259
0.997064683619401
0.331512278332797
0.0239177708897535
0.177207313999005
0.0314212285952827
0.346394305454355
0.174563801594912
0.0737370491983136
0.70875022973355
0.10721296950298
0.0999802474130449
0.207759879692982
0.308261307962348
0.0345048874968874
0.688087726542587
0.36424887399542
0.77529514381904
0.310675114022426
0.0728671109112769
0.200320516052974
0.134421583254858
0.184730696724358
0.105517382705926
0.0604346351362958
0.30345023321464
0.164603487093219
0.0484539249511488
0.665451257470947
0.0351794130845173
0.144657772117112
0.583375350890061
0.0610649320328686
0.152002188795807
0.0478155528110315
0.601400552806168
0.281416879745896
0.310647156327603
0.0473304107776008
0.21692001610748
0.673441615715953
0.698569309555105
0.770063605951133
0.394757988181019
0.256132490862573
1.37477095692502
0.0875511947433993
0.243735379664185
0.192347498727254
0.172920164598111
0.324086887388842
0.325591337878694
0.135814798043587
1.15928757757971
0.224304805989699
0.147454876644245
0.0766324202094236
0.13269908040322
0.339648895091953
0.12218194883108
0.297884902717876
0.186969235007684
0.256255836300574
0.171975912398192
0.026845446247781
0.335239788571925
0.143731065420966
0.0387486795689821
0.0278557900449311
1.03287222011326
1.34254250098122
0.0880009990876646
0.0958057232802684
0.138178347192588
0.659643536931537
0.79240453004715
0.305115674441812
0.57483943844828
0.367692892640014
0.410324856699263
0.446904351233791
0.379814042751002
0.594240876838888
0.269942873560558
0.596631537020291
0.625004235920479
0.432661192594253
1.27266364265116
0.663579962348954
0.438422953190992
0.474197075109194
0.115451361519888
0.438259390905614
0.837191221069658
0.671109897480306
0.157625640115772
0.155610001735637
0.0336173285263736
0.107661317980066
0.17157319187349
0.0566811093512298
0.189565897084096
0.39617296720023
0.371906945689095
0.416957281157435
0.0980717215735248
0.0741110078693916
0.236907922617983
0.227978389689451
1.10718323751117
0.161109593496657
0.857504820418784
0.196963781173294
0.41181602036991
0.169799410879997
0.849432267313597
0.584415985906997
0.244398747961685
0.843571004141824
1.2695729639057
1.05396914700677
0.370344761936525
2.04562681492382
0.129586707625874
0.0850151786647883
0.224222683509031
0.288631216412967
0.102311171722986
0.034383626990486
0.939338572093932
0.0475606886170303
0.0615347119602214
0.111164048085028
0.375561443275372
0.472869186798057
0.0174785407844503
0.109231546997541
0.169203914534006
0.0838723374327634
3.31966941246947
0.146581780050538
1.17287136337116
0.0577428866852815
0.0932890490649903
0.0432674289618203
0.58401507744345
0.570273210591784
1.14196351331121
0.275163811775805
0.156096147483006
0.196388383510178
0.468778548446273
0.0189457583395625
0.188908311339906
0.112750811571739
0.145300425225585
0.155523713978708
0.0989409987599681
0.0558403051481334
0.425221400175261
0.30044054640437
0.0781566661621556
0.160113593033522
0.355019823276282
1.8317604892947
1.20653042426484
0.246131598955335
0.168704473113618
0.220009856701344
0.633562098887118
0.086901796743512
0.473328561224147
0.557492972415766
0.302067681924121
0.0620489200245169
0.1306518551766
0.373270391771416
0.366667708929673
0.159759594598227
0.147416973484942
0.167772294134612
0.0763396603770713
0.0580652176939877
0.132172250361916
0.281520404281336
0.625141712436619
0.116684499600768
0.143277745376221
0.477273508794877
0.443755654787717
0.0871059055355832
0.0312312684634616
0.311092002698464
0.204911236474679
0.114692145097637
0.0412013722245295
0.361766921794123
0.520699653408312
0.713693291133405
0.0696578187861899
0.374464144342087
0.546172620965879
1.45048492550623
0.224972432901805
0.284017303285246
0.236903402577056
0.109944700027917
0.569796702042758
0.436035658113385
0.0492571245204349
0.416771647758847
0.0944918594993513
1.04154373369433
0.609376172546489
0.577239552534588
0.364340743164405
0.944444012793791
0.103192521476867
0.0339878355135767
0.545291886266103
0.611584555435425
0.0146793250087947
0.343917864313214
0.114394536832725
0.441079528278437
0.728028618285111
0.231675955801822
0.742563825499403
0.0470330212978511
0.0929708258717741
0.410579540525953
0.288279887160792
0.139571850399122
0.365400539193552
0.0247276987517656
1.43233616867924
0.0540416019938577
0.324437045779471
0.23407868925484
0.287561503468228
0.026263806899503
0.0858161656145752
0.129129468599899
0.146966478153976
0.374417887768954
0.0598864719244518
0.726162261699667
0.43270110603447
0.363225336507039
0.0981400653416654
1.20885790507262
0.909382228072419
0.0192737240989325
0.947444629512051
0.43030684619133
0.127538224806267
0.117179152069539
0.103920186851042
0.344016517360578
0.10231241026261
0.24567775864851
2.00958217654227
0.126102911376381
0.192208353793772
0.0448963161039643
0.377243638218235
0.175601088168612
0.536269510742319
0.151490080046828
0.356017314760555
0.0259508767997462
0.118081411986149
0.0431443806569678
0.0608633498638159
0.136374471566912
1.80221142794687
0.0527989016308469
0.298137232437729
0.430881721234854
0.671840323662213
0.10961798961826
0.211803235356848
0.398293869529629
0.898472414879038
0.275219536880241
0.182001516064279
0.0948412550579447
0.439230377128666
0.572100935400301
0.311000971611544
0.0301468422737773
0.142707337616695
0.776323706844117
0.128604284295853
0.565489830688895
0.409668968954156
0.407062337524581
0.178717218533987
0.151632258430227
2.00297699983454
1.04358717882431
0.107037322509958
0.119032741614553
0.404413718186717
0.215799808233394
0.497037938249731
0.0423669895293274
0.448774462584727
0.382855936506576
0.188434251488771
1.46218625665858
0.0453078024525374
0.985207391243202
0.305372568251609
0.363203452651582
0.438948644455654
0.0162938689932562
0.379946201846678
0.356258940064808
0.687680023336488
0.11801745026428
0.234415555673497
0.127467167690571
0.0282811616393635
1.10488721559586
0.124118682535328
2.70134803628731
0.295935006029964
0.845512685220172
0.0799265490780766
0.0940483280149053
0.143860746346708
1.01973834467757
0.165586452736223
0.567867596653717
0.317136613244972
0.255191410475219
0.143142957620396
0.433218632041964
0.0520447129011776
0.384822267214168
0.502456726558912
0.112159301154479
0.467273831209562
0.212409232373632
0.162892294448161
0.505875194936244
0.169708285284566
0.545695423003131
0.722010790621257
0.534116086711173
0.0946439009563668
0.194083244095046
0.0605907363321017
0.0217528503265459
0.632194026943689
0.0884080094961131
0.188505493441075
0.126425219550717
0.00671338893727766
0.997827088560458
0.217107727003744
0.367363203218258
0.680214060716683
0.518572205412007
0.132566826754259
0.826851928576145
0.382634342732469
0.0180544231172382
0.0867351494675944
0.633101356162352
0.257123769470567
1.47572005260955
0.0507456817713276
0.359713672323703
0.0546174886291765
0.220805411711477
1.16150631370801
0.228954539278084
0.209444466167164
0.144534265912663
1.56973605704846
0.154055103822935
0.0783356102154136
0.407062829864179
1.59190733630302
0.221953335085163
0.0253096410425706
0.178254995134944
0.512430771272151
0.357234046684216
0.10872702687502
0.294533687355082
0.150233783779908
1.15051506772507
0.648305142440986
0.0497097326173261
0.241393423637547
0.119238539182925
0.164499136385553
0.227364453735763
0.114132260109127
0.0943990327754885
0.364991124389368
0.192689298300401
0.388216585693076
0.156581652248409
0.0520983282832011
0.125526481252165
0.536614655733548
0.143096369638651
0.822817874145325
0.35610827619002
0.275254646278435
0.26549562841932
0.0938313109690948
0.0686003867857589
1.19235140043653
0.375124837319171
0.275430784975318
0.206139440598679
0.307001280801269
0.088138612120454
0.252324923724138
0.245128286365477
0.594355255414009
0.236999352599328
0.720635689455521
0.145743587353155
0.383079618119054
0.0243677894268595
0.282707858462521
0.0260689720801059
0.0730216160871417
0.0794124589118724
1.12875189401416
0.282234337205947
0.170071602444084
0.838162281943962
0.126592416397693
0.100223854896523
0.673110471680668
0.218241443303872
0.121586214201223
0.599580420188489
0.0433697320730891
0.133449754354723
0.0457386883203307
0.154475606370096
0.185126948346412
0.037027025641243
0.309413469658721
0.00617574738549619
0.33072788477775
0.533635389113571
0.145183521801538
0.124160838131274
0.20065757967561
0.20361470512086
0.392799380385073
0.413243031834332
0.0970316230621806
0.299573675942957
0.961567991362133
0.131741534528535
0.327666812287102
0.426223170432598
0.670408367526788
0.122029888282011
0.0928921151137361
0.214930606078507
0.197083673945395
0.121203946600442
0.0732954860773324
0.18572613172436
0.0184427609995167
0.105297815881962
0.793059663674716
0.584867741537038
0.272834274654388
0.415522608644405
0.475063997407981
0.0457832827572599
0.0767467994096331
0.0358568089348604
0.836108882216176
0.316041646640994
0.525523577130211
0.086133293546758
0.203640775316755
0.124968887309671
1.81155261531889
0.0355396828208461
0.123179160020374
0.233656945023241
0.0936602558045062
