0.125576445628075
0.12686228828844
0.154568364960705
0.123022154771445
0.952214076267242
0.267135089131731
0.248379419071621
0.203710417768043
0.23470213349811
0.14102972191088
0.582108809793623
0.199123756864087
1.77287259722764
1.12883916180481
0.0356023655995691
0.385667862314563
0.455258386841954
0.17531510500849
0.125229816447379
0.834625053319963
0.0509526701106196
0.0977588723585631
0.0343252210714688
0.871380086465152
0.295596938666309
0.155532519813203
1.42859113955088
0.530988284747294
0.342552996972674
1.37025561445982
0.466299143446374
0.118342850460225
0.0916000879604745
0.146645691649868
0.00554579848619798
0.173088413619479
0.294327984549062
0.474441591484874
0.193880350782202
0.523159008432445
0.0119913010926931
0.392592654633713
0.694295461506592
0.0321763094827941
0.199874973292805
0.16245249570215
0.281379581377074
0.141774969053869
0.128478968200122
0.118741870866559
0.190836407915258
0.631558434342628
0.581655772932068
0.317485064632492
0.157301143497371
0.0697244668658525
0.0469077305500312
0.0186524720792877
0.564890839483296
0.118297519248979
0.569478245150971
0.396140925674156
0.0109465306958394
0.0737054376318013
0.496316457939652
0.291713791036715
0.215879018869601
0.0771475022650262
0.557800827493755
0.303111573627265
0.212051384676806
0.0520583838697693
0.0515413154183574
0.235816986945304
0.641089909108753
0.0852302591793369
0.766994688557181
0.188547184214652
0.218552629979248
0.149667173989783
0.591684523180586
0.184664655154369
0.61947919992917
0.594499548048898
0.077330111347375
0.305607980886704
0.0288968850348543
0.00572498580524306
0.160980482803775
2.19241922812413
0.146704593424342
0.243089896308354
0.296487498787929
0.157353116294352
0.505543703913342
0.42511949921575
0.111340799452512
0.363933361729525
0.183714180872026
0.319997368417885
0.223924405949095
0.0837636639310469
0.288451833025638
0.20005389231524
0.209150352240541
0.122412211578133
0.249741554259281
1.23045981286214
0.0986294928915306
0.23942367326548
0.32990949182315
0.17027908958281
0.0181636108506109
0.0567560587952898
0.306433051611808
0.1851562721336
0.252441745857755
0.0451348528579112
0.568995925634905
0.0046831077901073
0.0266011585479643
0.343025622142599
0.0217864890493822
0.357183348286369
0.0548927997146445
0.159226603668349
0.47990259324347
0.264209336591171
0.0836852168454902
0.826923882347473
0.195352210214528
0.0479623749557541
0.49637471760948
0.697015580642801
0.618346334579877
0.498970221613526
0.307454664567393
0.172460706159582
0.9434723136508
0.0678224115562393
0.226873109318755
0.0830303609389241
0.191650773574602
0.109484525737469
0.118092315320819
0.210636003346912
0.0552900096638926
1.30918815705262
0.229123628116671
0.322872765234511
0.02773447595207
0.0889856157736427
0.0468663291110664
0.446307208777804
0.946331992296653
0.67471773926515
0.0699386311593236
0.464136210342136
0.428870360637028
1.68352160166963
0.0546467000076077
0.141003057050245
0.198237623549113
0.0747926194976005
1.64774966883214
0.0926698157629694
0.520613344706639
1.22003685047001
0.857556547858315
0.179045015052409
0.155050930468409
0.532340980729075
0.0362273481284482
0.0419051853466426
0.225833328419385
0.257943270101349
0.529843525106485
0.142612241559638
0.956672723573604
0.935198399931221
0.0779902354747854
0.0675638120465397
0.292984638279888
0.666174980528044
0.153010934338914
0.0589899646964512
0.214174090578396
0.688012170882544
0.0243691124364033
0.506673664022625
0.109164129457735
0.123659214490636
0.191290770497949
0.369926664386474
0.0452004943558434
0.124542318678914
0.857033870617613
0.25517848688594
0.478730171300859
0.0361116787519908
0.0536208139470316
0.96503481303889
0.37747764390702
0.570201702411216
0.249189875094224
0.0721437974749388
0.104122401607224
0.0744869829181712
0.563023005195745
0.037170324981688
0.12466726359653
0.395729738718548
0.144054412425245
1.91402187254398
0.395359848089404
0.381616996548577
0.418247099556034
0.353232146836883
0.0936037070200895
0.0918155589046253
0.0899503729744775
0.0617862312075874
0.312212904492518
0.0762687053409635
0.0344592949698923
0.364744874219456
0.590524594907611
0.0383225561159101
0.220836085233335
0.429904038304519
0.984503691164644
0.134896338226837
0.111135859193835
1.72878347621362
0.148881801021111
0.595810004694075
1.3959088174647
1.73737175327061
0.0628716782672332
0.789843291855823
0.726964827785905
0.155676530670206
0.808221997042497
0.129992652434988
0.0619742768319362
0.0773673406740842
0.17435119514834
0.213082016097112
0.0951018538637524
0.143923195300821
0.112577769830796
0.236368073450998
0.525938790165719
0.172081265761814
0.278304379746733
1.55511849897761
0.0712815561376324
0.112223139257618
2.2969525406843
0.0299896644632572
0.434315299914182
0.138689159406101
0.25432301346606
0.540770342885277
0.753238964078851
0.0488538539555164
0.596277766174502
0.169231690312075
0.248491358011351
0.444745702663033
0.425125977574679
0.505109851301131
0.200271313417314
0.746647045575405
0.234435662157488
0.227733362232701
0.0554412888866893
0.0378753055139505
0.147543775577421
0.0820135436318925
0.184437624438978
0.0902748753008528
0.794091608135471
0.215193781032082
0.709916541257105
0.147790009796873
0.538060814497219
0.451084841420845
0.305336619051141
0.208317628003811
0.0685894279412617
0.0340694360975876
0.656097181244515
0.137307037251012
1.47019796865593
0.116565291346236
0.581093166029905
0.154656078800355
0.996348402485019
0.290564381383877
0.344779355161099
0.0781712296067081
0.483331961110265
0.117689016712764
0.0689876887054292
0.0317614023822316
0.0543347812413437
0.469931725167161
0.141201660321674
0.589330289894219
0.969247073669073
0.71225509091628
0.323091782125651
0.074309681130942
0.043573942467785
0.366008298770364
0.0283595060805575
0.0865801070791367
0.0428916301300179
1.03915535232377
0.204359838384305
0.433252830125035
0.117819208406368
0.300939892265918
0.0993457091455502
1.35571635124705
0.233890201383385
0.031554818626871
0.00473767236065775
0.131371169136043
0.0362212663240878
0.253887601798668
0.332046973093665
0.533000398983814
0.149633516509234
0.274313587742436
0.415336960693517
0.402402436059471
0.144414187322229
0.0655273938656052
0.0231215499906089
0.560540129990516
0.125594640870327
0.0779722742155124
0.185370131695414
0.0664816907972824
0.434302195134398
0.349483655234626
0.244075490344667
0.389095773235951
0.104054221936747
0.218842707464248
0.28262275393755
0.423202777941191
0.0289974989021731
1.20579891260272
0.00109851997241975
0.00317810290125282
0.0962821561878413
0.054551236095891
0.329882662405362
1.72324568852221
0.0598627207440072
0.135412755948376
0.244347976404746
0.0301877135210133
0.560765888282383
0.181266532029206
0.105551370267316
0.340752216129083
1.4722808893302
0.603984637402977
1.73075600206221
0.0691892043058289
0.182936673533305
0.146745691779304
0.467205598231039
0.264030972791524
0.322589179479825
0.0974197439300609
0.0628970237220403
0.213113843269745
0.0451448289417984
0.74977714796195
0.234123484959687
0.274618772595013
1.11203248946893
0.381267490944231
0.960893484453227
0.400416088100552
0.0377816455557178
0.127491874704473
0.899873114655428
0.082344207772862
0.0399675978018674
0.157472990989703
1.51822177048916
0.019926066516423
0.261022353555154
0.209401005266044
0.0299116078553603
0.156064140419998
0.136327905834705
0.0429679591372444
0.278132104992139
0.482054063533377
0.147902834518393
0.446686739354542
0.344808428580572
0.231934539807266
0.268793490641266
0.334438139276722
0.619642362054451
0.0779738432495856
0.961531665496596
0.183421983499644
0.066000445446917
0.125852631790391
0.0143353287332266
0.262653449075351
0.365292779691267
0.190027173259808
0.152611950863422
0.195351125875496
0.226552973110537
0.576986651233798
0.00964736229870956
0.145447368209049
0.424098681277871
0.244793312952202
0.948388887767507
0.340009610308634
0.0365463644588167
0.219816947790777
0.0639616502052126
0.109209946640195
0.658319338298824
0.677492643537304
0.0408052582775398
1.13992716206985
0.104678076366111
0.0784810703786413
0.126852684231262
0.35386679071455
0.30628790064118
0.153696066276106
0.877892089798612
0.291100404036135
0.182099766308765
0.252156371627268
0.183072898180155
2.65719421773751
0.184409711170464
0.0475567118308194
0.355379236971748
0.743368577414236
0.0793612840999295
0.520808952406633
0.351343364966159
0.116418078763474
0.067137237367531
0.0328027701069278
0.937639159919251
0.0853837600516702
0.278553167551742
1.46749598383506
0.219096526057419
1.33689020799858
0.344171182653719
0.131230509861309
0.163690843276136
0.207093488877906
0.142228666105288
0.376841336578426
0.165635265938971
0.388762824802702
0.05963994282278
0.114684559039645
0.214553728093208
0.241999525594645
0.858688315265333
0.846878728554921
2.29322584555251
0.132570569666795
0.261806758510891
0.0874198799163453
0.213921445672698
0.180197426967251
0.123228400818558
0.165540875296994
1.90033717996474
0.747736454360575
0.285380802659755
0.0832546217548714
0.323646288144092
0.240730694716916
0.177740064570688
0.505410289435525
3.36258083456925
0.313356339972831
0.605895806674479
0.110087230892247
0.117013316128727
0.023258618795597
0.0424793865136392
0.0584477983961639
0.0851815750617028
0.108026315878968
0.250861660701547
0.129784325936547
0.372549998381289
0.18885833841417
0.0248261879620206
0.614876744367776
1.77133592062483
0.074363635112868
0.116778717687252
0.761194225002249
0.00966332713957114
0.0834693835901208
0.136765027126638
0.339444852685546
0.068108501403152
0.447624876368297
0.208524088718663
0.351869912765285
0.304741912619096
0.494436941956755
0.0227105854654548
0.0123922876369012
1.15271203545082
0.493243086884779
0.613590819018384
0.140192889902089
0.361225421312405
0.937553276437771
0.440607028284709
0.792140608194033
0.0870084698494977
0.198400158711359
0.951277450674015
0.161648750658989
0.2210105581423
0.0973347828529321
0.0653354906300948
0.741786001004853
0.151607515385737
0.0778763535575456
0.886646837748909
0.567102185642235
0.291314390148059
0.070714763258792
0.548197240924479
0.181936928686337
0.373649873126438
0.0508506102150227
0.0291782627617202
0.524918865001506
0.253744235631791
0.187672494215495
0.992351677939597
0.443309349096254
0.281873978497183
0.0522184721627783
0.387614177641647
0.838057618070498
0.284824634807953
0.416131046265289
0.355790670456282
0.3914834818981
0.402491665709862
0.971203624663857
0.180283492107704
0.249409606146554
0.0375196333121039
0.0853356111631842
0.183025235543515
0.186046722340763
0.0155974196242798
0.222473510748338
0.519587187540665
0.312799212230991
0.445727746464342
0.0881231444736387
0.978567586411081
0.0603404911743483
0.323921838773506
0.0431210403202932
0.00730300915924783
0.307618064679325
0.0632463962944101
0.19077442646266
0.231133403558812
0.159692950144887
2.40004231412937
1.12772836338829
0.0121252014344871
0.249863083366236
0.414165385584564
0.820674273929802
0.94242058289155
0.0915011374869936
0.593017223607528
0.0810235151907796
0.970045431112549
0.488542911081841
0.258666186806884
0.292666494079806
1.00711899510233
0.0937969997487179
0.101632079495856
0.297237324885271
0.135863502464036
0.0508455623159036
0.0990383913829583
0.257422812180917
0.0613826507097956
0.0485122968707198
0.140930461940967
0.0937268197415769
0.446907963613578
0.0966607139319157
0.334886993999113
0.363229393732087
0.435411775999778
0.685813573087881
0.117438598328356
0.733521266547249
1.19145287007204
0.261692319903823
0.201532810836884
0.223841886254876
0.23259711180371
0.280820974890035
0.0828139958790093
0.0518314736204245
0.144803794281402
0.270155219187784
0.993063840970747
0.322500869473633
0.73735766017956
0.312031773256631
0.138627005577118
0.50741743830686
0.209517893887135
0.0732797064165507
0.0453671258343927
0.0366442028298831
0.891448394282988
0.475266723278797
0.373249889818365
0.989302973024389
0.0342413789364121
1.21132291797602
0.415782307592831
0.274749503180849
0.879931821649812
0.507703181719439
0.30861092682897
0.0576042423540652
0.0525073968527676
0.502269330224344
0.497249609416883
0.257699765818819
0.160222728984073
0.0566890200035748
0.00789556908881958
0.739017755332241
0.153420757847627
0.424718531090714
0.274026516725651
0.0709183325741406
0.984419252727328
0.14156482468284
0.291125280328011
0.154144966459167
0.224970204433733
0.0808296985249932
0.195082905032071
0.134034763194995
0.288100635732446
1.72922712634072
0.192364230563887
0.170777203927065
0.111341807196233
0.0528920047259554
0.18768545678604
0.0808510066867921
0.176416049702281
0.185369697078461
0.650162605964391
0.094533249747276
0.207683344592541
0.070359536118478
0.0654708610728968
0.243435087700763
0.254303595909998
0.333860169847538
0.224128151277728
0.684864708278985
0.615296729423202
0.252230381168458
0.118470636525251
0.0844564176375769
0.344667986110793
0.513345320648933
0.0519621025895213
0.0979861643315474
0.57168943553117
0.317760425840628
0.313827013643765
0.236695404149041
0.179739360305441
0.417650568341451
1.03095924563806
1.00417094642802
0.649164592595739
0.143519050246626
0.0889214031483646
1.32529060914028
0.304302051788711
0.201979861314203
0.634418934736566
0.164503195316055
0.0500271669796623
0.227077327974228
0.0731621594833312
0.215671931871802
0.325269449132968
0.609829629001365
0.139830915955128
0.062551481233003
0.0402662962274534
0.136046194982488
0.501464773010907
0.70388317577486
0.262840453449457
0.0537515095764514
1.15572675938787
0.186494611686271
0.14203201561895
0.039927326819784
0.103539161918075
0.30590512066505
0.0758819565784295
0.0922108112747737
0.0184864713169274
0.0576452408850599
0.0976135996823493
0.166878160877087
0.115642303159672
0.0502536067841931
0.125573722566434
0.0385277124872039
0.545469823303894
0.264219058323836
0.327877740646046
0.0634914989002239
0.0960416231994747
0.779062996046804
0.249892566278735
0.497823280306891
0.249484741071747
0.863942197248504
0.165729786165148
0.161434533142864
0.526094761585284
1.062671770841
1.59475348801121
0.972674359911168
0.704223607204487
0.2050774588044
0.223233655822874
0.141639427915844
2.88359199570658
0.22601402307183
0.21449498074961
0.122906820092989
0.119121384958851
0.315588607624357
0.105482968384924
0.16996936071811
0.355473983947977
0.162997317964596
0.587138895170186
0.0182823133658954
0.486400743701
0.130945477566686
0.105715911655231
0.098647773112713
0.334523687253053
0.218375032705263
0.454552603760543
0.632672962735747
0.114312294915328
0.173798304657916
0.981443464377151
0.530651849374276
0.223293954233963
0.582934762608674
0.0227507543905232
0.308761825140686
0.230557578119441
0.959848508627411
0.0512707275243516
0.0845396625271118
0.0225052895805008
0.315711140296708
0.119043899469782
0.367320662651884
0.138686994750825
0.221843351802454
0.211071219874535
0.436591086711144
0.388206674604319
0.496082005914731
1.12958235187845
0.776921770304085
0.236527858344015
0.746907824289617
0.225054510387847
0.130252296622511
0.863282748382297
0.328562223472755
0.393535652347027
0.0393272598788913
0.0471794561485233
0.783120152100811
0.139491342369503
0.591516558280842
0.123076704837997
0.403059487355928
0.169845515334428
0.188689448815095
0.445521045893286
0.189442717551106
0.0868028438890983
0.190331263047695
0.377141812458936
0.157380190604352
1.17023303247511
0.0134778915912967
0.996958201177241
0.381910778272769
0.349753672263435
0.47157281387364
0.068072358213958
0.171865894990915
0.466664489412245
0.548281589669795
0.479591635477617
0.131503470321769
0.0470349492728753
1.02825825068003
0.175010388638492
0.133287155272709
0.0964508576559399
0.200260234782671
0.118459026560235
0.325757517969597
0.324422900296288
0.181763906913956
0.570473330579137
1.59494664382671
0.0677093734594627
1.78602044721041
0.679595307322362
0.432886560180387
0.285364734103784
0.16413916703773
0.244100118380617
1.17889170579014
0.10758323804622
0.441246854463359
0.623660090947538
0.0787304854789356
0.292829297303733
0.0564111038075876
0.14761962686272
0.314551981515704
0.102571052699073
2.06400930031585
0.372473068650089
0.0643588279991072
1.18995263108029
1.25742287051674
0.22909232619847
2.08521820560799
1.02781621087621
0.53150319853362
0.41863084796247
0.936821877874044
0.121933093369399
0.368945382325041
0.13128701375603
0.0577191400267139
0.346306331317978
1.04655474902408
1.78087154377294
0.0910783966928987
1.6609994195965
0.0895395060963533
0.336525976661733
1.44949971357298
1.79432255032202
0.081112002623556
0.0170268989290462
0.291854316342483
0.173567649214294
0.088427019786551
0.0489595619229438
0.455743981093619
0.170918547789127
0.144717106360425
0.0664537883522347
0.172622235830233
0.0812550426483794
0.152874330349338
0.0299341060866033
0.0516905418295821
0.314545090171449
0.0630629177804117
0.33572029551544
0.694905614291715
0.271732906134039
0.849116063792487
0.11178353204594
0.521437314128936
0.176059284042258
0.313250921440461
0.0523236797436111
0.231001309413477
0.125914948473843
0.285681867465955
0.0301824135101422
0.286061935693554
0.0517036721190187
0.21244158749597
0.763127418379045
0.564981269035977
0.213352917594635
0.0591151341691519
0.0765433569102299
0.753601510162842
0.483634440765992
0.0641019531344249
0.240097170352385
0.256914594789199
0.653910884285688
0.221331635769358
0.766249186949684
1.03991262271855
0.202434040464113
0.0222718578184629
0.885375608706472
0.189250538810711
1.17771510570835
0.303165956507945
0.0730360085810787
0.474540882954781
0.0892859905677385
0.368908392142563
0.183230908196967
0.0928000470231947
0.389062868473102
0.201504086278144
0.5867433216631
0.0462602820511868
1.21854050000701
0.90051438408176
1.06952208291011
0.0902760981216716
0.031714158038188
0.880090571941377
0.0159689618540274
0.0939375963256286
0.597246858929447
0.793495633610078
0.395147614378727
0.773353275099249
0.206138642385311
0.342175301645292
0.0998107098854812
0.424708935887475
0.0680622455209258
0.672793301997206
1.60560055379528
0.321926102033517
0.275655879052271
1.006101732705
0.294795503659888
0.128028245276777
0.0311625694767443
0.217589810990447
0.197161564852246
0.58279823453306
0.0675099315154247
0.20890977497517
0.763998399752455
0.166678975327456
0.0887428485922563
0.27301686526905
0.20208791162093
0.0993686618601964
0.265599414685757
0.222454292293504
0.102914066595818
1.65297016398973
0.111662291931023
0.217474230400333
0.209323380155404
0.157140663341828
0.770445256989452
0.366737092131054
0.245550277975896
0.0478279961336818
0.171780048407321
0.0839506139548337
0.555854574593761
0.596506747722936
3.0544775648567
0.302896009098696
0.657199975415217
0.434643731851382
0.241684951949333
0.224801381247566
0.0573227869357128
0.348506179588083
1.84327260744449
0.110608120417033
0.0744486801706344
0.209580966973938
0.337564441674746
0.361479449920241
1.9388191729194
0.0559240149679153
0.252243256824972
0.0210039606808297
0.146402928158157
0.692968879618586
1.26631449087383
0.0801568480482603
0.100490989561671
0.322612178784471
0.045249940283403
0.145261493585592
0.0543199842477095
0.382555500635871
0.165742381653754
0.110354657221297
0.737674781537366
0.178604335103832
0.116123374881128
0.228236960061292
0.121863254601297
0.29376092855704
0.0309026122983547
0.458827829668323
0.412467234593305
0.241646928215288
0.131200462450237
0.23868976497305
1.10790883115252
0.0996607088764757
0.227969511198996
0.462002411774359
0.573100667782873
0.646638993444513
0.878335117952059
0.666972204338254
0.368744813325494
0.653795052414028
0.172530194747851
0.0670344318520744
0.463345142659494
0.245758111568284
0.496350052442348
0.11193545532757
0.162497639190529
1.00626270418948
0.0460411522010697
0.062127547035519
0.205292558508825
0.244019999986525
0.254725939850856
1.54178553309479
0.597707774319458
0.475473272368475
0.0876320555560162
0.622570263065406
0.0636515030335692
0.257317230554145
0.0315492251367014
0.144444214048572
1.64271557478348
0.111346499932951
0.12336876143285
0.119618579521697
0.12041261109241
0.423208306296183
0.147762184116765
0.0819213196218229
0.10177544450728
1.19017185210196
0.21051148492868
0.20764897052924
1.21519503178837
0.0256290528605423
0.167242391322098
0.635806792434814
0.0849042296274965
0.163238634871582
0.199734451723178
0.0833744546108684
0.021378557016023
0.267921054189205
0.68159236104996
0.314153078792743
0.51275125002769
0.181658381949733
0.488909385558961
0.308659255641681
0.195154657755207
0.109312126410955
0.262018970448876
0.0335740169571438
0.628563482778248
0.295776076609389
0.0630140788597414
0.3577630750085
0.0140138582728888
0.202939694494084
0.0661557366403119
0.132610109631299
0.984146038088598
0.721903735497838
2.68358320269479
0.0472330142452072
1.96629828701924
0.102321438176679
0.322241267706174
0.322010176444402
0.389109406359263
0.0458336157592856
0.151723685764877
0.0340579923523362
0.375972774303211
0.0823972169423831
0.0892046117879181
0.157489721365512
0.30165643352451
0.361828187472534
0.0653450872776723
0.0446867187464909
0.538203248914417
0.0479040832441467
0.0430312800106429
0.15726168190477
0.133986602992746
0.394580664371854
0.33412712730377
0.860774770603962
0.820317881788885
0.0611429418528465
0.152261640950964
0.0440849183248653
1.87083819120102
0.577190116589162
0.490518117655811
0.0470896143424909
0.368688772551925
0.673205675431671
0.0604400424860033
0.0523855824020841
0.059738191386164
0.00966809615271273
0.256779489994533
0.0562084643102458
0.331582638753591
0.16733214080191
0.12036159374796
0.162484545456626
0.130735713498713
0.220225730714156
0.137196153777245
0.0920121236608921
3.17922263950187
0.592307127220839
0.405966205999774
0.861478898596106
0.0883257764459431
1.29496135691497
0.810478893816634
0.17750461995011
0.237996363631011
0.303081499370369
0.0982609303271442
1.24529540884064
0.34929948200013
0.387894915730986
1.35099019445425
0.0336165550006411
0.363785307809021
0.0104745803206283
0.227338187694407
0.0177073966436059
0.287718242996507
0.0826314572593282
1.61837778400183
0.125664403604393
0.0295690811043973
0.0603918334575734
0.137720898158008
0.0405336601823311
0.0315550035930741
0.495851128342812
0.38865702201349
0.0406291994177274
0.154791330087726
0.367275681422308
0.587141959846936
0.0748423015910979
0.10419744741597
0.104596586355355
0.00331876561669876
0.142772300674757
1.26196899128995
1.85493603123508
0.447530637607176
0.0923871100518832
0.137500708647329
1.25822428688536
0.39197429750129
2.09811664012113
0.0992370364066515
0.012987863920503
0.209416977731016
0.215806128774128
0.35393757457839
0.123674222789761
0.123463296326266
0.307616234900224
0.0838140674006321
0.39958684217806
0.294509334531737
0.0592677259891756
0.548366481795657
0.0444697899380667
0.481987702734189
0.185795909209727
0.0683290467305032
0.306498724515552
0.0595699650827844
0.487378277056285
0.235768367359669
0.288485296777554
0.0705171183942631
0.20855727949987
0.864330659717109
0.0481968343863337
0.110625768008418
0.0172747836249735
0.023528455342925
0.39414869543722
0.806482518744604
0.103162035293403
0.169721142598886
0.209517793396372
0.108068096152261
0.0564367246104673
0.300463231819861
0.0855966816811591
0.213775080551207
0.282505425266783
0.18830815288629
0.146197346526865
0.153902638258473
0.134523037650589
0.0591674564146941
0.0797450102980523
0.101630858859508
0.0658084699550859
0.33917517492904
0.518883010866448
0.494797114177358
0.190334505673356
0.495969617427691
0.447821456269178
0.0702004004797786
0.0166429837247808
0.288219062633681
0.112187213476114
0.0267755668331754
0.0994414152861522
0.361714332761131
0.241431250713132
0.228767011902187
0.111748341541004
0.721319723554872
0.417205917827705
1.63296106997467
0.298753911252892
0.201841079691186
0.433904409270604
0.093077773978722
0.0754522750430623
0.615534091380044
0.121626138239813
0.138913656550038
0.199162872889254
0.38022921008951
0.316504373497749
0.267918122922322
0.0843451013503994
1.57044607256253
0.166571632380866
0.104367732130383
0.237473948038435
0.304244206134661
0.274038984649101
0.259403902726309
0.331780480827534
0.634103700814456
0.0392539400120815
0.257184156477558
0.200080138490271
0.178942409617202
0.793465783262866
0.0332534988235931
0.773682178941912
0.0620407887914721
0.103286696475118
0.0783229793654912
0.410336065879311
1.22935250107198
0.0952584130293606
0.197994200818977
0.234933152180179
0.0643962436385022
0.454240667159134
0.330843793834602
0.743730448460285
0.45257623861007
0.896409607030691
1.18835128080171
0.688752670371943
0.0632615754252817
0.0407659077993158
0.162828048361572
0.176629700717616
0.0515920260538728
0.115153709890792
0.271903823823792
0.533075239344168
0.0156818389551955
0.164804398113417
0.161191509081963
0.0576187002671736
0.20008720656359
0.210655843496606
0.452259040290486
0.298723837869874
0.0169369532088402
0.0923930795737736
0.579113214267725
0.803738572111771
0.316273789836121
0.577366972076803
0.127254184364275
0.332808371554098
0.057742147520325
0.0739324972043971
0.0602039352143618
0.361306508517099
0.211866155329196
0.116579227346867
0.845030770084165
0.176012180303404
0.473747140295541
0.0528225052401921
0.163357413071333
0.108650250933898
0.228753938851712
0.285983788244771
0.62893746983249
0.0922817129526692
0.0819515643347306
0.0610971495492798
0.470451699241826
0.328186784215304
0.0376117127600659
0.798399342308538
0.147378049285985
0.0752014359000868
0.971596704070219
0.104441583918358
0.520765472524108
0.0422131306765326
0.196050423651465
0.108838938492551
0.313776894651625
0.0786315509058586
0.740169863890402
0.687037942174041
0.451777524159726
0.539925054367212
0.0834677599163072
0.681974891120155
0.798368871792917
0.522933589328101
0.0272453894240206
0.412445321537612
0.14980056283342
0.453919248671428
0.0110389692952061
0.263556097228194
0.0919170159117606
0.250962651907584
0.549785381857232
0.0455513431415067
1.59074932655915
0.797562334593749
0.0945299668898225
0.0498180817999316
0.322002249326336
0.398185491263026
0.133584194493914
0.026005008398078
1.49705688130427
0.467505243709091
0.352400490603201
0.0502131554451875
0.140036939395032
0.20666354774326
0.127466075749293
0.395462778834588
0.056404808434611
1.02670613837964
0.384118907178528
0.214664839005278
0.231090138828402
0.0256524639882165
0.352484647979586
0.0191015339078145
1.05279105417239
0.764910042922912
0.598687173769487
0.438452073502994
0.550689652211909
0.978630312145899
0.702787020061019
0.487578375217246
0.1083774659016
0.269742797542297
0.351615423061999
0.197464320231315
0.34322077363859
0.822431568170205
0.19563171621997
0.115205059516999
0.0368201139761109
0.178841887685085
0.0485817342756603
0.109175078961359
0.0550588565161896
0.0282598819523103
0.100385889787098
0.136078313276684
0.40159163175909
0.234015535882754
0.261073859851832
0.19569694221119
0.159556124478435
0.166440780927993
1.2710989047072
0.843281364990863
0.209220500533021
0.208471088293947
0.0227219913817405
0.137199870475819
0.291434106427803
0.0402408569204123
0.303681296055675
0.534341628085849
0.946699888764405
0.0485490147750342
0.940036031190602
0.74926130757795
0.453164139514655
0.118412723868289
0.030950106527229
0.418276735095389
0.324964525385821
0.0300280793419316
0.177701074443853
0.144386351145556
0.46457080356191
0.426006596511689
0.679489193594295
1.28351069012259
0.249373585081144
0.0359577203600903
0.060978819969295
0.0384652936163814
0.113818469610195
0.124185164812386
0.127267184705987
0.4525762591199
0.0382777530585783
0.824548657500084
0.126960562061117
0.265699221035204
0.593701067295989
0.100478960586198
0.665264605744264
2.3702777601177
1.90118759828865
0.342722375643549
1.44587156840175
0.516405035473776
0.518584082178037
0.525704815824876
0.834226884007383
0.0928683798394797
0.874412998442585
0.128996786772216
0.268226430612506
0.361008653575193
2.87660606302434
0.454463600838083
0.421583715343807
0.281902991173341
0.0683913163521778
0.056718698546076
1.62068408268674
0.124947355543118
0.126113000795672
2.73646509307169
0.915721418502062
0.044714611615725
0.177155245892921
0.665490002639555
0.254794858002469
0.135087742984472
0.991816422947775
0.397510333565764
0.0338831037518389
0.244719320962096
0.11281916565364
0.152679345155344
0.312754540844794
0.475607065279343
0.1757005162053
0.0629789022829379
0.351468324546384
0.373194231015546
0.401010629495567
0.215468772601368
0.0557282401759615
0.0319538505475246
0.190174818754931
0.60580482388495
0.129826342602614
0.279972749626768
0.964015899072432
0.482484006996314
0.0660713966326596
0.153911824278733
0.43374298876996
0.189683079822211
0.22252472919254
0.0398513562064358
0.217123653460091
0.145103274210536
0.380955230847288
0.415783368435675
0.21945993666802
0.330520506770442
0.0310499269353778
0.36924764402789
0.050225115738709
0.040337419395436
0.560606103796792
0.426386132333055
0.18833357986942
0.0361425176824419
0.329051660022121
0.174728316103723
0.151223722264903
0.338393280207921
0.183347799359731
0.397507254451135
0.43733000802101
0.486115420267812
0.296763034160649
1.77999011372227
0.253328568200243
0.152149414003383
0.0276974019668768
1.48514006505014
0.20990781323873
0.397172610631258
0.0893805370236559
0.0687372904918568
0.0569245310833696
0.132806828203898
2.14775279721497
0.137560521324082
0.249205483038111
0.258197028466236
0.0930649009779583
0.372146527726828
0.32699346026781
0.493015774687184
0.547065365394691
0.160329342895927
0.264475096507645
0.249763670667656
0.563329904642611
0.0290040550106614
0.647846595087116
1.28100200027126
0.0526003948243693
0.324678436904841
0.216316480585134
0.075997584333119
0.406257508463932
0.0347614899114037
0.0467607138050269
0.0660186633514333
0.0213892945905382
0.184734564973367
0.610863057731899
0.112659027016018
0.0919931329773008
0.183962218424878
0.515717377052991
1.19871805228713
1.54263979292651
0.198542971934972
0.222872526796468
0.103831114149693
0.190866888385459
0.634058739369895
0.476934332219738
0.322357056399168
0.519061018062056
0.283042487692817
0.346192241388614
1.89956023747299
0.53503065822297
0.129106834616846
0.400479865978415
0.0763570964991652
0.0633355376322376
0.0600620485835201
0.0867056732306113
0.0777568295394202
0.523799020846977
0.112077546813848
0.176001382906344
0.167189177100767
0.0878843264264048
0.139058081613233
0.0580280149469827
0.0773491222852682
0.114748598686003
0.127970329239091
0.170975068717964
0.203953250545
0.179179881081621
0.250249152878329
0.169440017594458
0.0292125593201354
0.0896588562154643
0.0166682230694037
0.94450794354049
0.18175342797237
0.605673927977104
0.164271158533845
0.256003862775637
0.380229899359626
0.211894033041051
0.0196663392160261
0.0610952421765236
0.373518563508632
0.308296842229732
0.0730858582271777
0.263589090864078
0.200006477502314
0.121668948498369
0.473315748167396
0.255203400749704
1.74127929012959
2.68396610804652
0.11719860223668
0.168922390070955
0.257817087201011
0.217294667320232
0.194228018503548
0.162802115565716
0.240369517343944
0.181374512749907
0.230430584684651
0.114620430673627
0.0965263864226295
0.135894540883907
0.20919261210527
0.113788159573913
0.641578540411895
0.244811231032996
0.0221378808962167
0.053144882359825
0.706644382012976
0.258363456019539
0.0449091458570256
0.182247455563791
0.155207140237311
0.518385446424056
0.196465711937783
0.548284067001663
0.395069131849103
0.191889179214135
0.334095052926947
0.30804461515488
0.473617369141804
0.259106628339987
0.296835374296936
0.113778228249672
0.29946057559884
0.10183876014507
0.446268647077509
0.189921111054315
0.61150614783439
0.3760085435162
0.631702406816487
0.164887005043938
0.232222025901477
0.0531166573529662
0.270348846052029
0.0719799000636537
0.141570423066705
0.0784618484380562
0.597125177642982
0.231699777856788
0.177077634375286
0.0260503866198096
0.458974414034376
0.28320258976469
0.0138041607618046
0.0142243575184999
0.0113567502443511
0.155420820022782
1.05620526227944
0.271892579256881
0.232869069333899
0.456829654826199
0.0483829181181965
0.097423314032954
0.102682283065718
0.290057935736565
0.477399989605212
0.0727312523455204
0.00874942328666845
0.0816100131015069
0.0614770032084781
0.00122083649211656
0.112083829141795
0.0483196838897068
0.0364356559016318
0.0236495118313627
0.481092627135158
0.162464794988422
0.294252035595054
0.316533144272099
0.047568531490578
0.243469623697169
0.0251595053402218
1.75112407040255
0.12175092477951
0.877891512265088
0.120234642247257
0.0534383086933917
0.044606398119907
0.330300638132757
0.290783201875413
0.12868015692229
0.164507136267086
0.175032576557811
1.76550882621074
0.104319945868588
0.0661619919148393
0.0778287655723109
0.229147111458901
0.0636884308260164
0.13454887215662
0.253452295267849
0.239836112091966
0.0764814169508047
0.302149523981669
0.151465370783953
0.718011069688655
0.351791954009749
0.209976324518436
0.100785525686533
0.0699010251668282
0.143845315720295
0.552574210175583
0.109870993540456
0.344316731764031
0.148807583755747
1.005443855829
0.326097105583923
0.12480733715355
0.218360817075722
0.464639455576133
0.0612029656461285
0.105520812953101
0.668949380477742
1.98813703083877
0.693987324388738
0.132049462033294
0.851768284766495
0.113638590751006
0.367308110578268
0.131784120014678
0.29249217090068
0.0647607265330569
0.149135941877336
0.13328232696336
0.271834112369386
0.470255890820203
0.171680377321527
0.124212276755926
0.314900224376462
0.4503874120891
0.495329498763889
0.22489232058176
0.156466673131938
0.103301891669341
0.247417722174878
0.88705701048627
0.264026191774718
0.193117672278569
0.156976284110184
0.0747002204379874
0.333960909869452
0.0114740049871618
0.138569331583656
0.180893196427013
0.473498123907646
0.760528460062753
0.349501089792921
0.166370463089643
0.273221126017113
0.169937035059206
0.108006440446005
0.0753947941729934
0.458849227364379
0.116135074369696
0.402533439733682
0.284675428279812
0.2841629745423
0.0203578401854824
0.15618133080259
0.459411190838314
0.175204040233183
0.0970032838329499
0.64996082732013
0.0613309114305293
0.0764260292204364
0.181449097401986
0.527699766587987
1.98914298135462
0.0983135943854386
0.180198964348588
0.1612430279372
0.435854557888376
0.080281361846355
1.41321170364668
0.189841327291787
1.15031292927137
0.058144616656048
0.0700956809756565
0.67040589453245
0.226724843457452
0.782106166844012
0.142521444103344
0.44196461184551
0.101068366109354
0.181516400317123
0.0548025402700512
0.00797487084997444
0.480911555366713
0.504145740204053
0.0841246698346322
0.0894728313790542
0.198080072460079
0.182108683846367
0.16629272274361
0.606967565815448
0.0994848877645069
0.482406668478493
0.414569768895386
0.13797977819304
0.901444544067789
0.347478743388808
0.460749421347901
0.0397505118701836
0.5249014783449
1.69417573950267
0.176288987581754
0.254519036522315
0.332056965741643
0.289955523103496
0.516245460468947
0.683631737647483
0.0335929752044247
0.133066091321678
0.0820508733769606
0.642570036514885
0.473944102138431
0.781936668730831
0.0349082437200509
0.304837573938441
0.411603467965011
0.170087215367053
0.135054946808396
0.11762539958671
0.119497669165048
0.184603725295868
0.0203565263433693
0.0496061456033402
0.294582125739713
0.16939171547983
0.301275666502232
0.804389124892358
1.25602169778536
0.527182607566644
0.719821317623478
0.24884507049908
0.150515835150339
1.10585782199817
0.265077617017127
0.170711996938208
0.178528782929874
0.112375627870751
0.231598027484466
0.308314753923686
0.310137895152066
0.650035100644977
0.172746595870579
0.810730968042805
0.237282332929548
0.411560808148437
0.190592735919531
0.375902357148571
0.40254329020517
0.903437731784149
0.130120208151079
0.113673621497421
0.126399095151166
0.532070512326611
0.892529528093995
0.0507914088118399
0.0807636899400613
0.852552442322767
0.741016855569504
0.285191714352659
0.318366594170743
1.27845424912084
0.87759679676151
0.133905907518277
0.744155787074922
0.28380212527087
0.148674553760744
0.336612848744346
0.097933597981255
0.277736942835005
0.0438144308556423
0.117730956912817
0.102984488195908
0.1539106809898
0.40808111185919
0.108050150079702
0.51304320223446
0.200533638643493
0.12041759800074
1.27810233703081
0.112985474655551
0.146361143863402
0.0951003694093158
0.079324749169804
0.222408403282218
0.336970020999846
0.810442522720126
0.109610200496508
1.61737888998266
0.902329704889745
0.0573795594283044
0.045277406899291
0.0934230178350396
0.138440564646103
0.110008703728683
0.0600168622403733
1.12021275532534
0.221928472252035
0.0407217906409992
2.99479867532349
0.0777558734356011
0.109430251207785
0.133841449562161
0.24528227057333
0.788696529822371
1.18452904161036
0.942642833002892
0.192692491820454
0.0776167897374296
0.18459714544944
0.507978068572362
0.16714225387821
0.555530649432083
0.598948703456816
0.255721866440831
0.395310262440989
0.0253582733112049
0.254870921943628
1.18928382376452
0.0508862728603859
0.554165416604263
0.368647317734044
0.247788019649974
0.359476017366926
0.326737006870992
0.112372880814165
0.187868450036442
0.31791071336104
0.149842095476272
0.236698354164193
0.424829403629883
1.27123864413468
0.463955219694374
0.153018431103604
0.153321932391535
0.551922888627908
0.254868926678637
0.152103638328986
0.236503000686974
0.254537965840076
0.103241644553283
0.193951617031076
0.621797898267354
0.314266881223092
0.270819808175782
0.0481634460734822
0.268535179327039
1.31516580764369
0.241534742650461
0.389315103511332
1.03389785416759
0.0309276890904465
0.582024392465541
0.175495949446872
0.0686411011534571
0.505624146468659
0.409719166630537
1.70551020642405
1.09807176142241
0.411633705873697
0.0889250377182322
0.0700042224573702
0.111616957115337
0.0870259631144324
0.143280458583608
0.169760070916208
0.0401360746456717
0.236811869211939
0.165190825826286
0.226256343616678
0.0243618308197682
0.142012750104905
0.0354026130433716
1.88048150410533
0.156096145808716
0.262332692099003
0.686622997701603
0.700127339554404
0.158543516581953
0.553086652405107
0.14682357212531
0.308799448073399
0.555304260311841
0.302984113929237
0.0885279052395543
0.193961646891352
0.272574219194951
0.695933040265711
0.313735420043911
0.0401071493458481
0.073182224599783
0.418542835137732
1.2600430330495
0.0319318856566988
0.504752207977822
0.21728069776285
0.067875242692689
0.123420111337849
0.265864606928804
0.106339998668866
0.282657665270307
0.0236760916726947
0.0478202176993683
0.294352420496798
0.833699312550114
0.157888211997481
0.0777497412306781
0.494282918201164
0.0798076711151084
0.0253816031103766
0.310840068016777
0.940176322864411
0.0975539556905669
0.346292569250485
0.729994220797154
0.629190044504021
0.284742863398615
0.423219748319707
0.100187799864649
1.11578007967233
0.457614704570479
0.977394349022277
0.11936031865565
0.0876252154547559
0.00884395474010849
0.273966779687098
1.45094771588926
0.362552453605938
0.380434056249737
0.408963917987154
0.455809494742154
0.191371049571868
0.205145648679264
1.58866903434806
0.195994624067569
0.0343283075622349
0.384762275724022
0.304825674941653
0.0650931064392183
0.532589413939348
0.338543977986087
0.934775490015552
0.1442115647992
0.230005317250047
0.320333867865739
0.353331901229401
0.115157188711311
0.256194480212866
0.147176447917709
0.0981823146510486
0.278992835750088
0.133558632526647
0.259433608795327
0.0259265905184212
0.200368678064157
0.19441513531593
0.7029045413436
0.56113856711521
0.0410217514085382
0.541779082162557
0.0843508299001901
0.0628124754980963
0.0416120446846816
0.113089391541519
0.00614654210075958
0.370760852789164
0.870685506664245
0.24025800181417
0.200178612187839
0.513235236195407
0.253627662408515
0.53799311282975
0.181197441083697
0.108266104137278
0.0477732415983913
0.447893688528943
0.322804537380187
0.189604079402041
0.0651997970549447
0.0365164351311533
0.209698897649502
0.125908896968131
0.292103852099888
0.284157020294213
0.449542571684977
0.099353478566019
0.0619805561513282
0.307377474482482
0.533190152612997
0.486362424452821
0.369901033455323
0.117233639359992
0.88191869446612
0.32413533980802
0.602838134663645
1.4796384997386
0.481749572370629
0.28424687340083
0.0906756349293244
0.495275895411489
0.0997277868442293
0.712552546396233
0.318432549175767
1.40473706020196
0.0172520607008207
0.1568507362249
0.459961087792444
0.659498202421141
0.302985192112578
0.255255179507652
0.880009328518073
0.39158032726585
0.22066230220235
0.295992624368652
0.0381311068467359
0.23494055692424
0.0429886900417744
0.52933751994813
1.63615543952607
0.147777145382683
0.290306228856102
0.10660713570297
1.1683223814551
0.207783110559864
0.115273446159637
0.418767447984575
0.391301098097007
0.404487360036318
0.416224420187619
0.26607613050161
0.22331895035442
0.738010695785737
0.181798889618157
0.267809675494478
0.484962136781507
0.0291067253268803
1.86031699128423
0.237371398952441
0.110218500976792
0.386305589449976
0.710871564411785
