1.07678193430315
2.7599379494123
3.61607651941618
1.40729895470309
2.95384188897151
4.3824003318872
2.33171082391738
1.00632804993981
1.23862363370852
1.95624589565212
1.98295938017366
1.9383792737319
4.55116788635387
2.40860543080296
0.703019374135462
0.587119015883146
1.77288520242534
3.72418692830325
3.34047274887434
2.28103140678178
1.19146665023044
1.82730792173702
2.32703594756356
2.79408372248801
1.03460402499659
3.4718243261097
3.49161496292878
3.51225974185764
0.418259015334464
2.03312674170436
0.0734994270567381
2.53362228751839
0.587128245457221
1.53884695082462
2.70015501675826
1.43915161252753
1.71614483545636
1.02312932958143
0.447203168713598
0.996117768716004
0.685004947096972
1.79379780411935
3.2039024423393
0.285398407110576
2.38825985874755
0.983077287482715
4.01182748238591
0.970782799044524
1.70994302015111
2.58078552904601
0.334001651820323
3.77445384569053
2.16728008175601
2.65524049087604
1.82005937700821
2.55188023890625
3.01728407504221
3.85094735848707
2.04212501283527
0.788082689775928
3.27858623966995
1.18623824926804
1.54568477583663
1.16267396860128
4.12796735826735
2.51708828039784
1.97896823417648
2.27759941399441
3.25027637978445
1.23862121000698
2.0659275361037
0.707725965870177
2.57524330144427
3.3286772080638
0.822140427085171
0.175941055146933
1.09171884038025
2.73437619553618
3.25618394604717
0.532436804398819
0.909949071778916
3.40333700427413
0.547730894280658
3.31695335731097
1.41799878775535
3.21958420795048
0.424174232838265
1.54870338634986
2.82781302509578
1.67641987278024
1.83605169518799
2.0651020834196
1.16897969999273
1.28095737216461
2.35413504769834
0.680850051863602
0.761714838159253
0.712395049744887
2.81401947542972
2.13008252043991
1.67557949040344
4.01295779736147
0.457869315761164
2.90466145663969
1.62844690444847
3.66674856249138
2.77460183920876
0.268653541934025
2.73662025657496
3.72680372317427
0.872758690575918
3.34243900379359
1.39056417605104
2.61392321802414
0.387301181977331
2.47699865796321
3.89951109462182
2.28140681601143
0.656491666508381
2.83199797434641
1.92889911700396
0.15881688782597
3.34228662789501
1.86328528926049
0.466123849984238
0.443697590111717
0.463917694374353
0.968967390775526
0.994138711193913
1.28822762439836
3.24241244711725
0.165872040203113
3.73488290294182
3.57911845349459
3.3347458133454
0.77502156723898
2.00217371839946
4.3880755323754
1.24408813860027
5.04504482013709
3.69071375864843
2.13398086643261
1.29956339907249
2.55965442167671
2.14941938964717
3.29695802682856
1.37991674483021
0.463100965229507
0.993509056613491
1.41225319767728
3.22078642442943
0.328057830224335
2.65131505348969
4.26817711661737
3.07492803817506
2.98555142995658
0.187963634193038
0.0616399232044463
0.502548689278907
1.06217268456177
0.233922897772892
4.12669828189164
3.86410918732034
0.0235440533368855
2.13467460916117
5.02699577755723
0.449473513348097
1.38366642435394
0.259424139533479
1.69627675602959
0.954401671684418
1.99900703054054
1.66732972140891
1.85445970762015
0.936201416453118
3.0776697644283
1.02880598947162
1.92093204105702
4.23933479335041
0.530160200490682
2.07316355874931
0.230622984256021
4.47299234781646
1.64413053520831
1.8743589782039
0.484084356782693
1.97416055086126
1.12401425151274
4.41016694074163
1.10321717813863
2.50324850180811
0.283913586158513
0.877318767975955
1.0373247945093
1.0428775638437
3.15760236501613
2.89896936447292
3.7553088678298
0.869143217167249
0.553810012593931
2.06887654720037
3.60394526304255
0.827549467281849
3.26907742240982
0.335689427966037
2.75320565640613
3.76488110699314
1.54572840071034
2.3311656340291
2.17566083737949
4.21807409218367
0.410739796270636
1.75914448395974
2.41022904818784
2.64397753483164
1.85851837503837
1.57394010165526
2.26580634843372
3.1329496916818
4.31219814319072
5.34367085838593
1.61529719817555
0.107540514526682
4.22458058582534
1.99968377561686
0.812419923325971
1.75589343257297
0.989764288641829
0.670890495951461
1.63342166143209
0.926480860835854
0.89065940268269
2.14189406924779
1.83331736306298
0.912658352581352
1.16179453659075
1.19238486045522
2.03130237667663
1.30361144837849
4.30122294994277
1.96873389052032
3.295356324611
3.30079509557151
4.44372249916482
1.49961900806616
1.12583784927076
0.346578741273541
3.70627589876075
0.117362149826263
1.38653919788566
1.48221823153033
1.4146233440085
0.330287116640705
0.174212944715271
3.13886230195906
4.69011953066908
0.967205841010245
0.116678752883964
0.321444793997915
0.983039497320809
1.04142630552272
0.104102360073885
0.250539914342834
4.17835007351675
0.421759472569
0.794920901061215
1.05524449593169
0.535085095215269
4.66304644359213
0.617118011074975
2.56778793215428
1.35683518261318
5.11834989877473
0.382781142367665
0.824569726204017
0.871851399636101
2.9931475294374
3.95297904636536
2.70887338372127
1.38707366011965
1.42580797233776
3.92226926996294
4.60399523426107
0.146989336213272
0.32776459017557
2.1764966077522
0.695419222182227
0.271716766168385
1.09192272242698
4.09023051909044
1.54755037694305
0.107854384345391
3.47777336231674
0.104817219863974
4.362872972681
1.1660350181767
0.164304675786284
0.0694216581834591
0.970552195911551
0.790102400672577
3.21733796841968
4.27987163996321
0.657370167400546
3.34494534067308
3.72787666116918
1.77305238837105
1.53125480932376
1.52234735392592
2.24265213195419
0.180342308922567
1.44387540402209
1.17904902089099
0.923015752488252
1.09492985886578
2.05293067731685
0.405285434280129
0.472468870179597
2.00354164464144
2.29994477815107
0.939797983987196
2.35753301435138
0.931613465848784
2.98163694434133
1.78135497968732
1.51870729979104
2.26597337766929
2.64551795840574
2.45330238888583
2.64612507193028
4.51085909436024
0.496309576835377
1.16749323420614
1.43700376413795
0.841579163077332
2.00700059063309
2.86988366668589
1.894117089288
3.37376939341621
0.865066069196233
0.91403839653011
1.73249744725473
2.72354350233999
1.71774824039054
0.296840274370177
3.02579047092224
3.12945538568628
1.07419307994879
1.0531502956766
1.58063576396279
0.479954462143289
3.92555153291903
1.86394798520032
2.665156112083
1.08355813702239
1.46150542190252
1.29714350778437
2.3445309916706
0.622215907693985
4.16095615235121
0.684022150565928
1.51879791724652
1.27183470185005
5.66907036300489
2.16815592873984
2.14237108842828
0.874194168865125
1.46030849802143
4.16063715924794
1.13753887656027
2.00434720286495
1.48759027279951
1.45370301414818
0.700651877907824
0.455241226932752
1.70344767358458
0.101993796089492
2.50581264170696
0.261468542664185
3.57799788870755
1.22797299335803
3.42021563679636
3.18113854322145
1.5674828402927
1.11142480189239
2.21840241802134
4.22785743445331
0.98920949956171
2.45218324664398
1.68767294314865
3.0184433902002
2.61996570087866
4.92360655693692
0.474104579648357
0.961438031588638
1.05444601751712
3.40987002860773
2.44957367056925
1.69609603617885
2.00377654090229
2.26022226355551
1.89451828498505
1.84860238631669
0.707894970770016
2.20990647320996
1.44043192128996
3.32674090528629
3.74011348147014
1.12872545575757
1.78309611433061
1.87864435694638
1.60770213311192
4.35528358185415
0.104965378460843
1.31670958401873
3.87901587601217
2.37199244949952
0.94414623803366
0.663417591010847
4.67713053704423
3.41314004132281
3.88930056526551
1.13216395859812
3.84896208677806
0.898293408735723
0.73900510332768
0.651250692386845
1.32174736432525
1.22544139173722
2.14468945959848
1.6507260383095
1.74021735569283
1.0173332433763
0.857727733615174
2.2757134456443
1.4920489175043
2.45927845735552
1.67333692225353
1.97922430446726
1.70462477432388
2.23102761927493
0.788153865930215
0.379085874864062
2.53931058138484
0.987226751574084
1.31847252514603
2.14738476617994
0.955591917714693
1.77682660611445
3.48203499700034
2.87220545969327
4.13745293808907
2.2641458400366
2.84841462256196
0.279351557972175
0.803474557121984
1.83759594034834
0.737016508398135
2.48760058490186
2.64103914967931
2.23126297681565
3.1386341450502
2.52803010368212
1.64082323164839
3.89972623564621
0.604700792897046
2.19049413049358
1.16596539839382
3.11255205956229
1.46818322301955
0.808687112402359
0.40683297894488
3.14307981795255
1.04220400335819
0.825711795920308
1.90672452274429
2.70035367942679
0.414912288894427
1.79313683930793
2.2337755784855
3.21929700780543
0.886788089658392
2.92442998782194
1.25853231595321
2.80819125097322
3.43103106650488
3.4976390628072
1.07481374224957
1.26214226360693
1.64144665264843
0.301305761209551
3.31062665853154
2.18518352706529
3.68403848521646
1.4622864402511
2.03159019004796
3.13694183705339
1.1955810414816
1.97016063472293
1.35017589879769
1.728839144075
1.70926830941376
3.68991725710939
3.25124688317281
1.45592968145237
0.683077079816352
3.69858953549424
1.23385636974409
1.62269069005713
1.20955375866067
3.00364960490778
1.66445546023149
2.28032257186564
5.23143150577435
2.45365722277288
0.597642780289876
1.59505673671923
0.631435065774026
0.715532463165318
1.63358833160614
2.59986339936796
4.21126572292836
0.194212790984462
0.516819839326935
0.6182422805874
3.88567218100044
0.682924786824601
1.52143893344483
2.47829880615007
3.57354377293369
4.35314325544721
1.99672132595144
2.73200071664638
0.683219859816043
2.28132273476513
2.90598709249326
0.151373100616471
0.388127429429494
0.654830705436315
3.18130873083086
4.47086808992311
0.387942258032252
1.7776965722469
3.27214277453368
0.991156952400401
1.49212289176188
1.56485007836799
1.19139817467844
0.455398831691585
1.6376462950949
2.78151230775766
2.11950269447456
4.2448576087499
1.72166298652563
1.10783128573893
2.4403752646895
4.20662943093432
0.542449971049033
0.791796277865584
1.46347841398975
2.45949195938007
2.30760688813081
0.976297151368747
1.59841047478805
3.02833899638869
4.49015944932346
2.70524865999136
0.635992000894003
0.451298229410157
2.17042776699276
3.56463552590042
2.39545887290699
1.84477268786464
2.9373533591119
4.07341240722264
2.38391563191584
3.64866059674006
3.19430481096264
0.827429711927036
2.32859977406759
1.86583629976734
1.82445595904978
3.81807863855128
1.63527764385332
3.48464402489563
0.20259606803225
0.248866066115191
2.35895400948122
0.676522101344224
0.179976502093828
1.09896083190783
4.04587972366757
0.448865639553938
2.85449759557159
0.145777740626068
0.850222700518619
1.24825582551204
4.1040971673013
2.24804064997172
4.58030499995989
2.36388015141146
3.79585659589636
0.834505246974533
2.53947176930794
1.12102448660356
2.30355528308242
4.72061232789138
0.759345896341211
4.49605656973526
2.37346193838319
3.10501953968077
2.2438113983264
3.19104754766885
0.116568225161485
0.16964225698337
1.31907040815034
1.29583854260539
3.7140753666183
3.47533083057253
5.54518570422317
2.53267712121656
1.1943710878886
1.24417418319738
2.1329164487438
0.606386225725246
1.69915218084521
0.635279556858368
1.4171614814343
1.33704652414555
2.09880798649669
1.8957053652464
1.51852498793768
4.154657410229
0.189014377559708
1.00734759663074
0.478070526087454
1.82631220594243
0.173864702774442
0.962628707572226
1.1026843141412
1.19328538005144
0.365639150482449
1.1927828632221
0.19035573234323
3.02402660846872
0.854864203164148
3.66690878700242
2.98092156229807
1.27187512230723
0.088741490328296
3.70708093429072
3.45665513441439
4.02665193662476
3.43775539426006
2.44595551600685
0.319976051764613
0.218538356703238
1.36212525537162
3.19349063943467
2.4735225825271
0.496399041773987
3.26980750666433
1.72328948053293
4.28199305134674
2.76719582472178
3.23307970134591
0.217178456817496
3.84226481734568
2.60340654911764
1.70249819384825
2.02749409468767
2.42919747298614
0.519970468070016
0.795967504242404
3.1093628864123
1.89549612936383
1.43287343405081
1.80280972746214
2.09679875634276
3.25702614051227
3.05409015215932
2.2030477362768
2.64056924355271
2.87538212566107
1.69697914532141
0.747566998266624
1.13567025235689
2.9666863424058
3.72019640263818
0.183168557206919
2.67323441889776
0.747359565579546
3.76066198190787
2.70112172881122
3.18107551400083
0.655950795874641
4.31075123283717
2.07142601423817
2.40251847819584
0.505413028311003
0.778037578672436
2.12173181113837
2.77434271209385
0.451203930881279
0.853978950665338
1.8087387976166
1.85279822287459
2.00479410143284
3.17396660974081
0.838903111283897
2.07950224149789
1.13027667483654
1.43121006086407
4.33287442318778
1.70682297055606
4.418428555606
0.650999219960346
4.76448938153416
1.84675816312289
1.67998228301391
2.57701568031786
1.23009604417617
5.018169799358
1.91887933708296
2.53430633968693
2.39253719741845
2.5032517724672
1.66638612160088
0.966157570327627
4.49832822091219
2.99155046747647
1.61474143939851
4.16585404612007
1.35180532706945
1.50496042708738
2.23016068181642
2.5808674024683
2.22197139240086
2.3823164903298
1.22585120194306
2.23707255208789
0.62717426136391
1.0572030729589
3.13642329335269
3.94998491352218
2.02532033338943
0.176516541190148
1.81435851654296
1.09808640274119
0.353152764618443
1.40005272647613
0.399379541436431
2.25193016260683
0.523337096927753
3.28202776208365
3.35108886507144
1.21953285010798
2.45521683774386
0.512436281316015
2.50156049506318
2.65868299629101
3.71145269979699
3.44858224692451
2.69593630836125
1.0857301980569
1.29471699807013
1.74342705475209
2.06193542984286
0.187799181774894
2.80039373826576
2.10824014963539
1.15082565077889
2.40327019570783
0.448618212926205
1.15017899302886
2.06374137284184
2.19788673181809
1.89792028105435
2.15710462265229
0.599060759530886
0.717167517764971
0.91122884752304
0.938776035162594
3.44660355798591
2.64940724085856
1.14320458279763
3.14803417263208
2.59597320989473
1.88972175368257
1.87208472660355
3.66193052187258
0.718421280309639
2.89033959501555
2.67920691867484
3.12422204688747
1.29250633255403
1.01223048193125
1.44343234684741
0.381998980588535
1.76038618093981
2.60954200881436
3.6054255062706
0.484352564492013
0.169823365503038
2.44528831550753
1.31336971671908
1.87089098399906
2.58615403660965
2.53952449729285
2.30976035129472
2.1706405823914
1.45465314327485
1.46468676034505
0.649478450029686
2.10256200541427
2.76078943612755
1.4839853484762
2.76177296972091
1.74764885025137
2.28936810088485
0.551002776612595
3.39843109850594
2.38338888540718
1.8658535041636
2.68546198000743
4.32459478704137
1.5992483628816
1.25622542448158
2.70362706847344
0.907766158922489
2.45786149701184
3.1952078372645
1.01964285515525
2.87022558154677
3.7589278880239
3.00686490358888
1.16677255537217
0.389114169311426
1.72633033787475
0.75684734680209
1.62205589404106
1.1200270823964
2.31706440141301
2.74237908429874
1.87298395456329
2.61133713783842
0.763545926931485
3.13367303953001
1.69762127557101
2.27510290819347
0.485542195900028
2.40731176174912
2.08610034024587
4.23524243504921
0.44162627608742
2.29776902204317
1.66537493000854
1.70044455561383
1.82867771409418
3.59614125945086
3.2124787431927
0.051188278782367
4.9253495276378
0.401371614824399
1.17985616706455
1.82061689434553
0.545980698929605
2.62031879446978
0.704344027963745
1.86010694349653
0.832128265983465
3.56304108764592
1.38685483792661
2.62322587924915
0.243362624886492
1.03318986016353
3.44890501976907
2.75870666414275
0.580171273394818
0.760065092492193
1.08566646987564
0.412625044468053
0.881701311453115
1.4465057409246
2.449201347162
0.812292150078156
2.1235852098892
1.49441881079077
2.01762243921511
1.49007373900493
2.50059245667022
1.59642028937218
2.13807442756033
2.88932573800104
3.35491734633333
2.57830168722606
3.7548404536236
4.02553004004667
0.725658267203492
3.01583164967174
1.33089777525788
4.34107425957469
1.1866380506497
3.16243904883698
1.27002700617303
3.53525212187296
2.25443461323684
1.65358078407063
1.53286794031425
1.72209565378643
3.69883020421976
3.32470577572887
2.75319518893837
1.37559766976446
0.178996763482846
4.22990412909563
0.936357644937752
4.76834614088554
2.87091510433393
1.75125513205421
0.427712425650853
0.544846660715913
3.81871510318003
0.536774792787294
2.57599247751613
2.13396914267973
1.1201013619179
1.1819394466478
3.8613977484536
1.84763958117911
2.9271291802698
2.12636427786168
2.52645243430572
2.01868105224327
3.45373212080213
0.62901576749612
2.56042529939686
3.6118249101224
1.58848276583928
2.21102435823504
4.39654254639559
2.05643724325326
3.21916014725485
0.933108712026248
0.598888564785485
2.14473733671468
1.7877335781754
2.12734096653534
1.26514744834293
1.25621474772861
3.34698613025761
2.38960767757332
4.24354822939444
1.37862040147908
1.65779563067147
2.00173240024667
2.30950336286935
2.25786479963803
1.12846257023879
2.76724457341465
5.24968151889174
1.51564076353487
4.00783161775151
1.68450646754448
1.90034389941229
0.258910360891624
1.06343015939128
1.60682117481958
0.262494936588713
1.77002531061879
2.48385701155217
0.64319075581312
0.624221554764365
0.834791438762589
1.06856005314813
1.58479049596648
2.63044046395662
0.431574551020818
3.58112049170192
1.87698595641002
0.120500611013748
3.61736797561671
0.408513863130251
2.21129593313126
0.803736467468562
2.0947152690525
1.74513690470982
2.39464653947841
1.21872970707511
1.56213171636698
4.186661677015
1.11184329341129
0.344550016878489
1.94686724526183
1.8470310687448
2.97304636015862
1.09879028878919
1.8661164414614
1.90579877875811
3.80188985288923
2.11578645117375
0.235768289661422
1.87255491716256
3.29191395846663
0.702674250234969
1.94954599683763
0.772816182794286
0.369709590221034
2.20647185591264
1.46380621759471
3.7900772581102
2.33454461231095
3.06610918080977
0.703638609321159
1.42320610020102
0.394003572495746
1.25012138421154
2.50021434512375
0.181523310971302
0.958040253862942
1.71215790851237
1.51816006484677
2.48469087042019
0.547727676129227
1.28012800167463
1.33854114615391
3.43848094766039
3.83536067796432
0.853309660066106
4.07509982883851
2.34124849829364
0.723266368719139
1.47652846595574
2.49668194740258
1.15530157505374
1.42841726053385
1.08078008341751
0.115642211777217
1.22659069392525
1.02994190271699
1.58002782451975
4.473575558442
0.423102547707353
1.51638715202153
0.166445682433911
2.70693661845877
3.27467516923061
0.974224765603787
0.505869897128942
0.898405937995062
2.83556086633142
3.45731296034948
1.32776886955027
3.39432938116615
1.81492396436967
0.931187631295705
4.60902139917051
1.86365961030178
3.05936170916878
3.29619708625274
2.17735965970722
0.852300383396853
0.963980693402546
0.605117274967612
2.43390653409195
2.36353716224091
2.02644595082894
3.8333337119005
1.5753044855484
1.67775269924981
3.49331935839834
1.33799849438995
2.63791659588052
0.699037097651494
0.0946631922869616
3.29916046520614
0.397604217322838
2.95865929768321
4.9349356885619
2.2960775159926
4.2006576667801
1.54055410533803
0.884845486555731
2.5109186657906
3.3418308535139
1.09686326967441
1.09451332806927
2.6796986086758
1.52880273356113
2.41428861989738
2.95362555992526
0.61276844038221
0.327802532555935
1.96914861167809
0.506656100081242
2.09705709821935
1.69642108634824
2.36743805910294
2.25646510429398
1.3164175767669
0.811392839747865
1.8164504152813
0.256781005798578
0.713296023478709
4.42096974646507
2.2630091724054
1.85538935534332
0.681205824663079
0.231700893085837
2.22884321832933
2.86035358403554
1.38199575928722
2.39590975576838
0.252288666544177
0.856439684560671
1.74342833491994
2.31345226955604
1.1338702386509
1.19443278327425
3.57587425017389
1.3192729920364
3.53450771002008
2.16464550710284
0.442425390415511
0.323886907906511
0.210085636004423
0.818477739204409
1.66846136924604
1.37435847486024
0.753683296882178
4.05271758564994
2.20316012561545
0.606948804641018
0.0509617631200388
1.73114743510464
5.79670264565489
0.344090381347636
0.553773695422009
0.582718075192808
0.0220714953076656
0.653938090268594
0.306805236159144
0.900123279225655
0.127440735626071
2.50286015503603
0.163606750226313
0.419173675230967
0.308860716533918
0.106445074053955
0.668424598184129
1.69872981297992
0.821868677487033
0.973289794162086
0.512572592219477
3.30686686580834
1.76337948337724
3.00061416526585
1.80031663700459
2.86479746461162
3.23255415424081
1.45129576500523
3.38079798898106
1.16361647733927
1.31320580904842
1.02415540167865
2.24001786814547
0.0471325919079825
0.932470902413628
1.45036326981067
4.08795612264906
2.76145303291735
1.18107674693004
0.16314881206012
3.08879101851886
4.56414931635342
0.477421228138166
2.47310768605365
3.95628746042475
3.33363370035914
2.14899073066859
1.67429968152953
2.26857731890702
1.85482657156599
1.53633591162356
1.42676758351558
0.332216055478391
1.91274589019812
4.48995639067614
0.879414351421295
2.32207747927469
0.917229955325818
0.728794254938083
0.399004479487546
0.640345815503008
4.15916242410451
2.01622896722558
0.397038727477433
3.92214476642642
2.51792967905522
1.88412733432472
1.63960910688032
0.944842247240844
0.789502364316189
5.62867571767283
1.06920614442968
0.325183608521163
0.762278701698631
2.24498455087219
0.506380704391753
2.81330362391428
0.636848048359264
1.95510239808413
0.691601068998428
1.0145415702871
3.2304683469605
3.29731449341387
2.06497233716381
0.80621040528172
0.664120826530968
0.934305898783304
1.05282879106021
5.18564699671978
3.34357037877025
1.30753494379727
1.71732351641803
1.12323170052495
3.41131235391466
3.4205858493945
0.790723536980227
1.65026728922804
2.99095498238201
1.73153026064663
0.715905717174263
1.73862616632533
1.68163058048491
4.53758813327164
2.37412127019497
3.52716710948154
1.53852392458259
2.23130263900818
1.42613212271044
3.65367474339041
2.01001931211729
3.32567752250861
1.14331996337174
3.27423126744708
1.77634616730508
1.97651306549812
2.06010003303828
1.22575749059353
1.13396027431021
1.17108053110081
3.78647486018942
0.977473687769542
1.44336673909607
1.31057180908362
0.439867687140371
2.50646688251855
0.346323449750584
0.194905043599447
0.558669610635401
1.80174894554297
2.59338232496459
0.558198733118716
0.964855010839212
1.20626407687522
1.97392417148009
2.18410838674737
1.62998597403965
0.130241158526411
3.52129985686099
0.246603433485673
2.61146793993915
2.13534654208976
1.79155146428172
1.25115043718825
2.68718110977443
1.742551085734
1.70420452156477
2.3109748191973
0.477043212750235
3.3236548320485
1.60241256533991
2.38349075373932
1.35056269237866
1.91863323757387
0.0386411800159184
1.80061476259615
2.35772653980903
2.07918228065024
2.16360106196326
0.915364082239544
1.74118227744936
1.85969710314142
2.32141957936371
1.57383594994994
0.533941367491174
0.317101844300898
1.21361664947682
1.97803577758383
2.10506286713131
1.11367839258592
1.50311122581883
0.85433677538877
4.20881590287753
0.431881807813735
0.326270689380481
0.924916740705462
0.725916506886258
3.39703636627254
0.867002200933842
2.23109120530077
1.78304266306833
0.685559728074148
1.21141040242442
2.39422768401788
3.00254895937847
2.46131073184621
1.11885732323714
2.34204627388181
4.0615961279404
1.35541913335046
1.69561957041673
0.855890855329354
1.24935151949168
4.42188426870825
2.70154296142999
1.35741883860481
4.78223786207779
4.23948962367148
3.26730483232018
2.2599453290766
0.600885092702367
0.96768264078409
1.86660513126616
0.316966533997122
3.25585750937627
4.50210062500218
0.607286667730588
2.71490165983903
1.77856954161006
2.63987453478573
0.0665917588657245
4.55224294753344
2.82477289683985
0.249973031161991
1.38297758854696
2.35089469118909
1.45804024991535
0.68614749329189
0.649465932855661
1.57711848461904
0.984190978219887
1.00603001007492
2.34749761792286
2.15079864165679
1.20582951662621
1.27499423773096
0.226081859377168
1.32413230320791
1.00254321672046
0.507516008383573
4.18254708810713
0.55100494819327
1.19224879730282
0.804585218967211
0.412323276570232
2.52279804565954
1.11671185913616
0.262131415724889
3.91039494265944
0.241875721392314
2.47024547866275
1.59339660919637
1.84231630847631
2.51205822447061
3.35502224984053
3.42725602109253
1.76737661295171
3.80520806114426
2.05854828344539
1.29958766986261
2.4596303996688
2.27362521345739
1.31545632815111
1.64729202065735
4.8017808923887
2.30596614288223
1.40884753211392
2.68650751253497
1.15814945563901
2.89801832089845
2.89883595773578
1.51285061640232
1.50961157453242
2.27320427453031
2.01825993619543
3.91193976653742
3.08923138904907
2.75634688206221
2.08930552089051
4.08616715364092
3.02075066661469
3.23052168686182
2.90933478962363
3.42635749462164
0.272233685705987
0.753211770975887
3.43718013988762
3.40677410419345
3.56478432233402
2.70840531362608
2.11644288420965
0.792605075424248
1.20565939371688
0.128509802020564
2.54496542544085
2.47002599619508
1.79454041026222
2.91163557677911
3.15878032932348
0.846280328422222
1.68896807310064
4.02939647798233
0.140317740229996
1.84332204309508
1.25897859193643
2.57661690639158
3.20944689376562
0.714129078343548
0.920294660320238
2.61540215014795
4.23851856191153
1.96808612526438
0.767318578235637
0.311225828327746
2.61590759621896
1.33277748209319
0.861486844892774
3.69586317175891
0.53413561181091
1.07780663178344
0.140999532372897
2.46765908377022
0.699467932255837
3.31427937560751
3.64516045652333
2.27291897798095
0.856461204004843
2.06808055634581
2.58662394595279
3.96833048539501
1.03639663710371
1.53767748293689
0.641474824789013
0.11666468711924
3.83744620299557
2.46557161184737
3.11949626652253
1.21171001876093
1.52492624972372
2.91122982405081
0.685792037557513
4.07246839727822
4.09385591654573
2.56698646124284
1.03742959669303
1.70822153008415
2.9464687896597
2.91666377898405
5.0249684219163
0.206690776652373
2.00337882113435
0.882154005558342
1.28543592088016
3.77768315404874
4.02707672952656
1.14419226496189
3.99701982408486
3.51491962853386
1.16803954640281
3.87176849425604
1.23974910513434
0.0628763824630228
3.71835830635732
2.84518322764044
3.32193431151147
1.13564857768083
1.79058139914298
3.76256245197461
1.44482310906831
0.571918025980205
0.464046237590265
0.187978876815343
4.61347074213781
4.05862269988861
0.0236794232255971
0.746898516503667
3.67658606323315
1.07127060488479
4.64142565011788
4.88996996252231
0.907726607191353
2.14297975533157
1.13575899581391
0.165622245108508
1.47464682432542
0.791866385179524
0.197356145774499
0.885720413036964
0.244571444165736
3.51729722034854
0.106421099877118
1.57734741622748
0.514942227473057
0.293717658506959
3.41729165300468
0.388784046231612
1.98293265532221
0.430365679951748
1.82318598866286
0.578373441050744
2.34040492567487
1.14218615859224
0.569831954750764
1.46695243966893
0.168775745000379
3.87689242182211
1.91421059395039
1.74333529420155
1.73320013104433
0.956668100096879
0.270997522967763
1.66995514487087
0.970750142940317
2.81497217295911
1.09021177890744
3.1013867341022
3.40771685985986
2.53898732384497
0.62484702605519
1.46108999615963
3.35850177581619
1.43569048910012
0.249679193736221
0.377408429646363
1.19354047314401
3.84410266501396
0.142332458759354
2.51481195774051
4.904196401404
2.0073315049931
3.09745437074385
0.967490342926941
0.926361189288651
1.94228599233746
0.682535362980167
2.94807000187244
4.18997951631023
1.61965705406457
3.33445561069715
4.67941185141457
3.82745480439605
1.98924700066296
0.62438631104808
1.17145826494934
2.26894522333847
2.88060510490241
1.67244085800537
2.94342624334538
2.43115428643694
2.4701599829543
0.655733026760824
2.04142385862942
0.678401094239395
3.13366999054441
2.48381951254129
3.12768737135519
2.42380038680824
0.169569861996052
0.519307283157202
0.88264829845138
1.37126634660987
1.53309733909918
3.69811670145045
2.60200612149875
1.67965052305493
2.05116101220848
0.982362784907839
1.51868113344986
3.58299285261777
2.69948522319051
2.89592975369135
0.936274193098655
0.0850096523951971
2.94089073332182
0.89198254481352
2.57872835339398
0.93336866092966
1.06274664829146
2.11161872770147
2.04242954596855
0.416737690008178
0.149974205861728
1.06789755374636
1.87822633300432
1.50923991243499
1.82506352475905
1.95900739178921
0.292217477888247
2.75394436945709
1.37427267099807
2.93554460900281
1.15140560266317
1.67518663377414
0.158573535784719
3.30004469701382
0.132986916513132
3.7750520862753
0.544806306372546
0.377981783527792
1.96686390365288
0.486619774536888
3.32566040630813
3.3971494457054
2.40133932044884
1.2844917557679
3.35899593563334
2.81816162060826
1.18475159303747
2.10283434208179
1.15523352216789
0.923975520176098
0.7921221311664
1.62723853905431
3.01124342513603
3.98819568232209
3.14850597703259
1.94355279850851
1.68515639614399
0.547741954662724
3.47704334218104
0.834141950346851
1.36604910034088
1.15254831658904
3.71895138154801
3.48304789138107
2.1247254835493
0.89369297157328
2.45328159917078
3.31157095785204
0.363924082438771
1.36046033670689
3.85437381427924
1.21722563452988
1.80784249194555
0.612165057607351
1.34175995804291
0.429440078791409
2.56238890711593
1.24821251749422
1.54475119310635
2.92680845609441
1.30766949274902
5.02068734190937
1.59549697917587
2.20913275759124
2.68646205081351
1.77871450324124
3.37739539906803
0.589854935134325
3.23816813451945
3.17046273664776
0.954543440410776
0.598287685551682
1.21523950533464
0.12146737921503
1.11753973828373
1.93401580424753
0.518132804814947
0.22882230041455
5.0139715449101
1.58648991710455
1.88559758456233
2.54443105750304
0.539289173347526
0.239040719386621
0.138897748381301
0.767765723325189
3.82520149542354
2.80724427047276
0.565785003457133
1.54835536227278
3.82652339453917
1.53666432417652
3.2460550014669
3.33431647709536
0.48375227249388
1.97562681846841
1.15877067903581
0.52641418822884
2.92174747341975
1.1578189839084
3.23440255616947
0.978366657547541
1.05187497274478
2.14498392468374
0.540033026687448
2.67530662139915
0.732716665325927
1.15695842936033
4.65346205151193
1.99040174759152
0.0445295199908778
2.56224107347383
2.63535156069859
0.31287833901488
3.22833695633322
2.47118902906174
2.88889543496326
2.09083591190221
3.26800467505732
3.1066231970031
1.08202871462938
0.0572506437064351
0.960035262979602
0.509863612920852
2.03826103858521
4.10736508942783
2.26804462447677
1.25897126103871
0.472259784886538
3.03466968656424
2.48391035991895
1.27619725077412
2.341641218457
0.86058948322529
4.42606504364602
1.70839359501978
1.15124832104087
4.63018292004574
2.54308046474551
0.575130858161842
1.56525169342564
1.95981102327365
3.40242058750346
2.10301212965311
3.4366249720298
2.81129428793753
2.43783422896398
2.45203586170879
3.60091338473583
1.79713671649634
1.44562641372282
0.185663774135746
1.93730159746354
2.87352099889697
0.524032272458135
2.46293511497421
0.739487755602306
3.87979951771736
0.60121482109567
4.26212636324309
1.12308886725612
4.93744196825252
0.0638715491826059
0.521273011794586
1.13767830569458
0.775565958212582
3.709557611723
1.49149280864916
1.00322268340156
0.103139173900441
2.92971095613783
2.58872334201207
1.57079364025243
5.01343653218626
2.34909667486117
1.80178941126517
1.95194283111521
4.30883406098941
3.07465267212731
1.26108354809855
2.8653608049972
1.63469848609494
1.32509486524382
3.03563968209942
0.783989918335033
1.23518221968675
2.91014103252316
0.109137890605898
2.58305060760051
0.393868959115183
1.87982208601951
3.21859415421187
2.12281525234757
4.05626164908685
2.22849694160843
4.04479724391356
1.97919569184778
3.35940467270401
2.97311267716815
3.4460160456589
3.01041720757736
1.97215044875173
2.03927543675811
0.811769906902544
3.71478926025737
3.58075076323247
2.08061491646288
1.2573968129166
2.47060264869089
2.52187923969656
3.48499830603237
3.14470071975029
3.15544742063789
1.67241510029025
2.83089309824115
0.338386490201373
1.68488736101014
1.74762817835414
0.953188455922807
4.31698651220789
2.46155536480448
2.90278801302681
4.08364215367993
4.39792724453037
0.477087022781751
0.451846877794232
3.21906881803209
1.84278206185362
0.19087384018357
1.88992674733374
3.31090064618057
0.698768826659625
3.58946299819705
5.41810472563438
0.44383537997298
4.48489946769333
1.12939996143871
2.59612188309515
2.80674116442747
3.54906801011729
1.45029589188158
4.70798974571665
1.10779162318068
4.54244690375312
1.49827568965976
0.360853486695614
2.7727209108056
1.90869942214521
3.44252271478226
2.809839351089
1.42908078443282
2.82628300465334
2.71728470803847
2.32316579723079
0.746665269361381
3.59180342116891
1.01157635015473
0.119580025254731
1.28071794744061
0.70593601251558
1.87646525454416
0.255319258729879
3.43193597597552
3.47638460464886
3.682540514054
2.60716871778867
0.349348349812768
4.34756963999366
3.91964133332334
0.897392759010513
2.08334251871802
2.60142126787837
1.23620634167302
2.20257421570127
1.02294068015937
3.1864990049745
5.42013112513703
3.76128567272809
0.999933660489565
4.28706848119281
1.86968353480768
1.25007687950228
2.44800946501256
1.05900350741283
0.87616373521271
0.56353379053305
1.97072251270859
0.534116223128069
2.1894450557925
1.15458144071243
0.0910651586670272
0.374112723188169
0.743895959120354
2.2515774803918
2.37978477051182
3.10292565630808
2.46034632879146
3.49027065642181
0.523013421811931
0.823638672830724
3.07046275158991
5.73032151488334
3.58023469345487
2.61373313832597
3.5849237910415
2.05128598065016
0.906291559887476
2.31635145187533
0.947627006001138
5.01235090840132
1.32901464349901
1.37554125844038
2.29579384619244
4.57698178669403
2.4220960692333
4.56884039206054
0.43037410820973
1.50386833779291
0.837304725622921
3.30832632656455
0.515907086494551
1.3245277800264
0.416858533034942
1.9977810858882
1.2152613032296
0.0378651983275586
4.08580093393652
4.32383006431089
3.25927907522936
1.6025876125486
0.531967348026399
0.196053509400516
1.22643835449728
0.421661751692394
1.18841437795692
0.443209112433832
1.53017316037715
1.54794912402901
2.58978840435504
1.13954993972691
2.57685700935748
2.27226482928981
0.783263975364425
1.34775412967386
2.72812688192346
3.75189169329601
3.0325957838837
0.165098453541383
1.48222715115775
2.40392805530532
0.370161767938523
2.8641698020544
2.17267971058156
3.71696737565657
2.10786530193068
0.738744636042891
3.70198458434145
1.6140958864689
1.04478803900138
2.49970041519319
1.35369544270525
1.78381018955456
1.08551126556051
4.58001062368597
3.65268245173878
4.52967268654609
0.474717122051062
0.446066201675763
3.23624737085472
0.344003900522874
0.607420351380837
0.355345044226978
1.31633372293335
2.41307101074021
0.807567493622166
1.94826094999679
1.92429687488674
0.573230825006972
1.29302499262117
0.202400545659639
1.36568888685653
2.79264940641308
2.62034448369369
0.650810195476967
1.31013245656435
0.313694870516498
1.52911504530636
2.33029160349432
2.08589804068279
2.5227475467852
3.11798020456168
0.0356059614465419
0.219603072504333
1.86450592952913
1.7712023091382
2.65210893001597
0.0207424398129263
1.18805260093642
1.72842522138289
0.697676259756984
1.01518426928913
2.62639857938697
0.20763081798825
1.84103419079954
0.776915134704814
4.43119464268763
3.40734618519208
0.939593366106379
1.84923719668749
3.3518101709589
1.15778044347763
1.00873086124783
0.619769162692963
0.0477975465895339
0.182439211890571
1.04272537588361
0.595870464751392
1.38631736778745
0.693983318716932
2.023563549967
0.870200179013469
2.31632230877109
0.864502544191548
2.87552076750842
3.86947242489041
0.315829125767984
2.26493822305114
1.37300479576543
1.43928333559662
2.22573936450007
0.88448694404625
0.968947323922665
1.08880527412213
1.49488860661438
0.364140432860023
0.990808085592814
3.16670622020743
2.31437346789718
3.46495790393727
1.35474391404975
1.87467833948749
0.626595489018699
3.6099300087224
0.509211010240266
1.84598573400614
2.85844691095187
1.10576746763168
3.2118485388446
3.06243179721068
3.12614554867133
3.81514970857054
1.90607924158185
0.354229980075576
0.0271810248264951
1.6491486853834
0.56165724092398
3.18978422920591
1.00032050425816
0.229135448954251
1.15613533437556
0.0371435650328148
1.28208914054039
2.69356790204011
1.16658102338818
2.86382231863357
1.6948201708131
1.56475124826702
0.37787591883161
1.34736780697254
2.69276971799367
1.35432462761327
2.6282673392938
3.24784776779844
1.52005861334559
1.88744832118711
1.48369712774796
1.95473889376372
1.13363804111999
0.290756059235942
3.55628859973924
1.81321658905839
2.5953609063441
1.35332187262069
0.543877948161838
3.88554120707303
1.10586509358793
4.1752825551114
0.387626455848083
4.27366467859752
1.00366261135977
0.499409716243886
1.6712053014905
0.580648312621122
3.87082937563075
1.62839700953465
2.77339111581007
1.64317487188211
1.39919592668209
3.29214497503156
2.06268573377411
1.99306190191885
1.87122091160961
0.885854853189181
3.54644872331744
4.08459004120467
1.82213133925913
1.06463020843013
0.124371618018953
0.79992853532946
0.931854592945984
3.25410998252337
1.67351636363183
2.62388255706956
1.72019990377402
3.38912799107911
2.69216819183336
2.8260448647686
1.02585134884657
1.6458906788562
1.66037854240074
1.94420454411772
2.57369526443433
0.322587014901994
0.537977063673203
0.775863265688684
1.04025011861296
1.2507619615286
3.73182367316736
0.356739560390964
1.23910083381628
2.4608394438021
0.684182402167149
3.86494485502473
0.542069767161813
2.05585708041494
1.56325962112367
1.49520690260573
3.10261187608932
4.33606882691428
3.25496072635712
0.425908433753036
2.07161524626067
2.60819995554498
5.06485581701659
3.24030929646461
1.29405758466098
2.4734242457325
0.162439319717607
1.37982264306491
1.04134790847638
0.988006557499381
2.04632880110326
3.61144828193977
1.90757548672855
0.358064173466405
0.610115316442393
4.44213097781135
3.16595640862693
1.17775238782604
0.631386873585249
0.923118583600301
2.95463631902987
0.107214522954685
1.0148314428973
1.31210751228569
2.32402552088077
2.31211481030554
1.26238138907135
3.76133443470444
1.16562724037262
1.34565515264361
2.56406855201909
1.3234905630444
2.6004773652791
2.72508834074738
1.04079570267141
1.49718898108204
1.65639383666128
0.99030447522501
1.74292969372409
0.469642984277026
3.41459730825231
1.6661788615021
1.39350824285138
3.7695185420558
3.33067671317497
0.219809649177137
3.15295463789254
4.55597004924787
0.599032714988548
0.72171231724384
0.526067956980849
4.01000010567461
0.297412942252396
0.322621062282818
2.25853076666094
1.09405213825506
0.210980611877892
2.68037777364203
2.4197184735936
3.98603823491356
2.57871129124974
1.69186063904985
2.71926967854863
0.671538908848705
2.32104080821768
0.444701372775904
0.927757011116436
2.57071464434363
0.715709088249284
1.02369785712525
1.98358873112241
1.90013510759088
2.12726869183637
1.74037754085982
1.92390231475529
0.633111469763846
0.625733213890402
1.77054072470962
2.17660585652291
1.74785566959701
3.57377874480071
0.347815755594152
3.46927164043405
1.34056800319511
3.08391094932175
0.711207838921396
0.523127826142322
2.08667472998993
2.53486015692455
1.92262778677742
2.11651820487229
0.963992592376632
1.1341969969913
3.07809125669502
0.801372687759095
1.08866844635941
0.233969612508851
3.24764422968321
0.51035236385141
3.58484386342173
2.99780020708107
4.18113257760322
2.69466129317228
1.91850429127623
1.91208928244444
1.76292104985941
2.2114796873769
