2.80944416815261
3.39135771176497
0.730386154337648
0.652247189743377
1.56452246476806
1.89819868540206
2.63402864495238
3.66610910348716
3.56092656241079
3.13718201309018
3.32321389006994
1.40667702912735
2.79338226149568
1.87294139433921
3.69358901400689
0.888840295783353
0.42532656817126
1.50364068042629
1.18463886116269
2.95961865942514
2.08838571932805
1.95456083414882
0.197958539636186
0.982934868567816
1.69270755614035
1.28525598068391
1.95548779818099
0.623130625033481
0.822348752406848
3.42277085073438
4.12312840060518
2.40715702505638
1.50651735662291
1.33962271627252
2.28122491495962
1.82376860952468
1.19970263359087
1.58791417891727
3.26339195981598
2.50534163882301
2.50933251568684
2.01555611455899
0.338679088456578
1.939119248218
3.26037877286984
1.23854281631435
2.59053493822019
3.87491793237389
0.780025578610193
0.428558869122414
2.55531996179981
1.2421625859234
2.67342642618811
1.897181419514
3.08719528147642
1.95326826511276
1.9704023200928
2.25495243237415
1.145113758549
2.38876193628096
2.39064388240363
2.94438610893499
1.09533455207353
1.85614554771822
2.14513038555003
2.34239482304661
0.431678512732545
1.02990085309171
0.371587654586851
3.17923280965007
0.610529949151916
0.807890713818453
3.47493804719828
3.6587982749432
2.15459974756671
0.575927858826487
0.526149997086211
2.18503858726781
0.359999201647178
2.86762725349027
0.685027111999342
1.01640184057496
1.10272279619843
2.0864695307697
0.463394945434512
0.903941158724203
0.983298731411395
1.82631944624431
1.60706122052995
0.457609388891937
2.15885182535289
1.00457414308449
1.7599450079386
1.20522976237869
0.302199902532375
3.49885455258689
3.41721226383707
3.72390166852917
3.11765013249609
1.25363388228821
1.4874483250687
1.14064895144365
0.440297529628815
1.72518678769378
2.72482731325251
3.12971768429987
1.01928255613396
2.72276089297171
2.30327444929863
2.63692742165895
2.98794324014109
0.538253059177464
1.13720084791283
3.18656247315614
2.64263930284616
0.577782913300592
0.186855449151016
2.44152663364233
3.13503903562828
0.280390259905979
3.21958194243054
0.603087085888742
3.07197316476116
0.53424513187208
0.924089540150849
3.02764173387041
1.19901236502864
2.54693823291026
1.07886146368232
0.675481900551331
4.10479266172924
1.31851073304774
2.12291721662889
1.57319692557664
0.158226784764717
2.37493486042592
1.48792015901402
3.49795270220961
0.586981272258499
2.7943808287654
3.04743998674933
0.480897189541164
0.228793456047089
2.66360028100093
3.16467915601753
1.67486863312071
0.623372232053221
3.354119393305
0.837435330416263
2.71185269568992
2.05297867675525
0.78326374890354
1.98505036198087
2.76820394391739
0.405788779031986
1.03505368413807
0.864117367887498
3.82558521793812
0.995897184812967
2.35108761299367
3.67098681560638
1.40850278671689
1.86137575688317
2.23446704343513
1.19407863596719
0.870107877316787
1.47903857937172
0.866405713816767
3.80636391422175
1.93273516041638
3.33700025755218
2.11260720721845
1.04744845408926
2.6019267285151
1.67748333290719
1.82759119935972
3.46708849650166
2.59932337737207
3.47296728396797
2.04667894472992
1.41460106030782
3.16015446577975
0.481621605019732
1.26496977411
4.08302100224201
4.08588486917051
2.62899352523819
1.02715914692656
2.50652844191803
0.807181987425462
0.537201917689781
1.37098950906498
2.40253094159645
2.99644251303511
2.04739756721223
3.08230465282844
1.79981884648144
2.61831512838044
2.10243104695575
1.7825031413982
3.82374262778964
0.502237537595117
0.135076721783692
0.73140738890313
1.09574045219706
0.292339955251742
0.745731062864106
0.568178977665277
3.97192269973806
2.76643454919044
3.00536181755245
0.888479170494771
3.5461793619797
3.00743318387109
0.638296347531908
0.786791177346856
1.80100122282651
3.306705868096
3.3388966733221
1.98611364491227
0.866820333766613
0.666586366555537
3.70328888242346
3.77450756919067
3.56671495720375
1.62284284941152
3.36516118050928
3.27574860200159
0.77440215524007
0.681520537568525
0.575051717473169
1.28215572005944
3.87686744791475
2.5948756690595
1.42665476790207
4.29262197411745
1.33920680843131
1.57729698316252
3.583965580887
2.04280131109589
0.28146195995575
1.19232367244841
0.340315498936882
2.13044181158424
3.6602688086859
3.6414627313193
2.48837133705769
2.2001829333031
3.60308381074112
0.249394864462515
3.51716928258276
2.49468503561105
1.78089034166151
3.1222930700654
3.22560766400834
1.06466763543283
0.235650446715911
1.45405172664217
0.161249249168869
3.29836233542477
1.80815508187664
1.82657074080671
0.110657745231493
0.414476072861618
0.224037331156121
2.09500245472879
2.93678733531943
4.33280290159892
2.55665246365266
2.28513922846712
0.69069257568939
0.467274802306998
0.161788981498711
0.41341052832513
1.51286389392432
0.474519764550547
3.06700425489716
1.84463734073664
3.85169695097649
0.454847644409109
2.95503875407764
0.213117970126784
0.605665401465814
2.78159604274087
2.60550083462198
3.92604717662639
0.699365417571271
2.23565170815754
3.92064829503322
0.595065784192978
1.84052149615693
0.544442279661358
2.71289365817105
3.57587101498604
1.85265898223022
0.729550652726808
1.32294437485823
0.511139762675639
2.71352245682767
2.34286687989187
0.260844634705998
0.32214118349397
1.34614650358105
2.75293792766582
1.63582700015857
0.384962150803832
3.98007306669735
3.22011542934912
2.29694395171758
0.0162442939515784
0.200287011906609
0.0866210515578605
3.51743301945175
3.83962783235867
3.89661423259383
3.84646954587444
2.98229215979766
3.51524044862067
1.61930402510175
1.26564214397685
1.53471112330316
3.50751178334875
2.51021798439787
1.10994599148208
1.01574633542604
0.533390027308263
1.50372541762355
0.777082395608964
1.82777947398555
1.35189714771723
2.21606064564954
3.20621817875146
3.78600221686903
4.00431463706373
1.52040472270525
1.08879989667024
2.59592402774628
2.63048133417281
3.46587571788679
0.207058243017605
3.49334413101317
0.328153122439346
1.69496072735841
0.655334500811568
2.97686871346859
1.79199995204845
1.48067369764763
4.27922788775397
1.40361790542913
2.19200883985196
3.17372543328533
2.39261491986004
3.86333836111479
0.953131491329105
1.29051267089207
0.241450663022065
3.7963297938427
2.05412508941795
1.67639970464273
1.58065437892342
1.3895210763308
2.54882311011331
3.01235133524171
1.53197141448026
2.34537400089665
1.92597818656759
1.60226222457234
2.18691099207247
2.4799128799157
1.17481625440916
2.54028590405289
2.72822759241829
1.60297370076617
2.70929674503245
3.46954340213664
2.32437943561717
3.16656832762007
2.7384229258027
2.45611103393064
3.98937511584247
1.11156462678628
1.94214544755598
1.72065303719813
1.4197759307572
1.67650199880629
2.59434067034617
2.04942890853985
2.43184477162614
3.86689223219707
1.28008271090228
3.53235374348176
3.17412412109586
0.455371136935219
0.675079611665552
3.14232011690588
3.36817167352769
1.38346555333882
2.16660469412772
2.11455964218857
1.12204417018081
2.44213457019222
0.845637980666968
3.69560942034657
2.88926585773186
0.170739344629038
1.78082971985972
1.30408949464992
1.1215027290714
2.26210384358264
0.236005512967143
3.08801642131439
1.55207785106439
4.154479695882
2.86242426958226
0.302125555102937
0.712382171123113
3.50003143114483
1.91789732086219
1.69339322616315
1.90443323654212
3.21182410533378
2.15157167079366
0.30598878029294
2.87580946858562
1.75789063325434
1.61944863650371
3.26308442717909
2.66098660950638
4.34726039840882
3.16338722513847
3.38577128050257
2.65396807066034
0.927814052145219
1.73181790382439
0.945151790450324
1.82654956492461
0.649785485076186
0.488781806607624
0.883588698288858
4.07838923132484
3.86192825842561
1.52323442149675
0.615048015465476
2.88399097328886
2.37498723814142
3.83320616626873
3.42751964745323
3.18184913420749
2.23766432337586
0.842263437027247
2.59916965937108
2.9665927544865
3.07501541778679
2.68469854809732
2.60421149617972
3.49363067027431
3.24572141899391
0.329008351395592
0.259579375809122
1.94239280388694
0.420311191252555
3.98503141599616
0.978315767896772
2.45237513704369
2.73125768240355
2.83930620645219
2.87663067502076
3.69687137807143
3.09454466814546
2.24431824859463
3.06994372297305
3.13158777761613
3.39159891714079
3.03404819394366
0.596889409882582
3.06203372486941
1.2899451140078
1.79985195749139
0.316524836294231
0.560699003084564
2.82803818767056
2.14751788369514
0.419835280792116
3.34529089636409
2.23970276136747
1.18904325081033
0.21187748464926
3.40625568486186
1.69349064510859
0.0478833491706424
1.34420741120477
1.43274496896912
1.94745770594814
2.24509218001015
1.56323498192698
2.08918980308384
1.93682591293618
3.412630157253
1.77584531338617
2.00049518956985
2.24322381721258
1.18583666628374
0.632150227050548
0.814162891975477
1.8257134686152
1.18124758795224
0.259999497932835
0.229965830133435
4.38993347952637
1.85979300779674
2.87393122098898
3.06263594458445
1.9326393607535
1.23712659478234
1.91603895454121
1.70597490174901
1.10344743007881
0.691481479879531
1.60153020574857
1.40372989056274
1.07717661345649
2.75709627770351
1.00108601711235
2.42510430108041
1.55420547601366
0.999275450191275
1.02837306140739
1.15580056257049
0.624832570086595
2.61918917711955
0.971431236905581
3.56648402665575
3.90978685795807
2.60371683460353
0.767407259235982
3.03451947719802
1.25271066702498
2.78924035828422
1.09450971281613
3.47875808025356
3.70725076698039
0.934102706429473
1.88771214814906
2.49225290441182
3.30066028779238
2.06103475774997
0.594012860542915
1.39477072630972
3.13257963215125
1.8340436743906
1.27046159480895
3.08739920676486
2.84155968961117
2.31280217029609
2.71767208009927
1.18020059856108
1.38557843922628
3.76422637851606
1.5133995640186
1.2668523952117
1.88654955633207
0.78877322196025
1.16279017476868
1.01048162819762
2.69299195765075
2.06584214391112
1.53874090982744
2.37057238081406
1.12768793704886
2.99895659324955
2.3028920209538
1.62490373335805
1.85380555513509
3.94150662442019
2.44142238529989
3.19250593777711
2.05517973422872
1.99590509505326
3.26071114501118
2.17673089003197
0.151062464781328
0.418405045724517
0.273574741770622
1.01099053030119
1.03344880173603
1.09575997189169
1.40907869013693
0.871060917047618
3.92110976871577
3.79998677727905
4.03621791435279
3.1138978305937
3.17056736456626
4.04474115151532
0.522787098399668
2.65067755817714
1.38748457100435
1.02942389675361
1.6013956058018
1.72103609836235
2.58114844266604
2.27420610381352
3.30913650306176
0.116555124833643
1.17455694120542
0.926756588097696
1.70469120216746
1.96230433845822
2.29954896510325
2.45539666660857
1.33445422464973
0.47866473135415
1.04048414411679
0.994369878811233
3.81972024614106
0.517603921092081
0.195741881759838
0.315501790101244
0.535836272832961
0.89225980909052
2.00077135558745
3.17531750596605
4.0918487271924
0.72530219075745
3.37017996546396
1.03595012948169
2.03188065940986
0.555106342378285
1.2814028284467
1.30460106927182
2.1826502641551
1.61208168585261
2.27832908490599
2.17847141785312
2.71376850646808
2.02380154852403
1.6269824588609
3.05627252944325
3.49216039049695
3.457361379892
1.9620854837811
1.44960566140367
1.67047516590363
0.640747144996019
1.62795229409116
2.28567181882861
3.11445063363231
1.63692427905645
0.262522527764869
1.45157481914641
1.94207737453846
0.629062333751682
1.58641826100765
1.50421526680883
2.16212574192802
1.41597454003733
2.0348631065282
1.69184423813461
2.86427124973854
0.14284267304991
1.17128103151001
2.01276186789688
0.627215782437621
1.44629941182474
0.792010977060195
3.27727018993522
1.9330721742076
3.36128129066561
1.02819098692807
1.49369120309986
2.34788995279759
2.41077471841861
2.31651133525479
1.93739248908167
1.80113377522059
2.42615880852942
2.1686346553368
2.09354571629124
2.08998100334841
1.15548714415129
0.956159859466455
1.53231230496586
1.00276948845752
2.98508511860677
0.640992443878877
2.00401407448646
2.73187820250878
0.131217282296014
2.68687852529782
1.87931399533483
2.73823907814106
4.17953827946893
0.247108106211733
0.319289881674185
0.651662146182415
3.33046175791484
1.49200714622695
1.285415582242
0.993433260347135
1.01390056392108
2.79004873478085
1.14614925326216
3.17106684673203
3.33470600397959
4.12211106284416
3.25373443969313
0.605442760677417
1.35887740300169
2.7125509693105
1.25195095416772
1.80637034351553
2.46907243236414
2.13954535277799
0.98029073895697
0.649358093367339
1.42889584753975
2.9996199304527
1.66346371099553
1.06148870026531
0.494047424771512
1.70772051501772
0.451148288203388
0.493024755470549
1.60617432825653
2.59871159033999
1.75669753005762
1.56395123346469
3.58162802686044
3.0991040483602
3.36404014350561
2.1552743555327
1.45229722482822
3.03969405320008
1.02483028278787
3.86141536656522
1.72915392627499
1.78294462364656
3.26078934100419
1.93295122690831
1.29827342399366
2.40728159153405
2.05007638092278
1.30942020400185
1.24687888916738
2.78529295692449
2.13407267045233
0.706924116944784
0.623168402563458
1.7399737663169
3.41876468181443
3.11275021014009
3.76048391603154
0.875921896937753
2.91662353483622
3.09865617263857
0.573310785876925
1.26999573830564
3.53935829606234
0.821889438061274
2.87640707707118
0.498735437287343
1.16862410678964
2.00990704094559
3.54077274263188
1.29616734239954
1.69955533867946
0.6476025214464
1.6535677006188
2.63588913367072
1.88895392039866
0.536613145380726
3.84163411544001
0.911521699996147
2.43144121022629
3.15948310066146
3.11347654789346
3.50288863926302
3.47414814832533
4.23719475035452
1.28422260409565
3.4756342348048
4.01862689143569
3.88709737668074
2.80739366562891
3.02003858099757
2.95321193604196
3.39335811593448
1.57821657205221
2.01328739614631
2.18983557411883
3.28223793155398
2.13886137111636
1.0758502141748
0.383107257676213
0.73800461801401
1.72677578439507
2.10285523170055
2.70474939841317
1.24759738805796
2.53591342592797
0.689260532357859
3.72425144019991
2.05596120812776
3.51046040005419
1.94209707231688
1.42823486404589
0.135397255698994
1.87239506400026
1.72188859827434
1.9222659424451
2.3599541445841
3.30244729314006
2.82462760519106
2.9375289001263
0.409740010803381
0.706885273796595
1.83007156341522
0.394398714826482
2.43961792336043
1.84101934166279
3.00772729249158
3.61120961430925
2.01655868292566
2.54082477905676
0.377869874622162
1.70879563538368
1.08336639971733
2.68714204414384
0.841841820318414
1.52229568857187
0.357038505933567
1.2120889819459
3.33246327640173
2.2917439392899
1.741478096742
2.61857247666945
2.42979565174877
0.294992497546584
3.38605869387655
0.850690616628057
1.01744510310728
1.68840138743122
4.06342198850461
2.56653162668814
2.63661488533559
0.483501602417237
2.83427841856808
0.870278041691758
2.27004557664399
1.27572813265852
3.91736031473118
1.92896624641336
2.43628764472267
3.01818926188526
2.95913426913172
2.23536320909932
2.11269463652026
3.41683912083384
0.783176387931612
1.35786195976112
3.71466117227721
1.86573729281265
1.4029787716306
2.12520895599284
0.298450642647571
2.68478159771178
3.12460940900719
1.01261355504297
3.23814173983642
3.00129691546099
1.59964861894841
1.43114868578071
2.85307635221181
3.13940599938626
0.0652683101166298
3.28420883440163
2.89170129441097
0.254371417193511
2.00930945846908
0.270397013139897
3.75197190870545
2.06550991082202
0.21820431933263
2.23218245355176
0.850876630034868
0.180208648094521
0.698192032480569
2.59098763383461
2.62402761241914
2.24052509657772
2.69943577888844
0.400868256030138
1.70092863952066
3.17759765489374
0.812284723789548
0.718537426508066
2.5711522961056
3.51865266998585
3.8871808228765
1.45076379765356
3.31778180439576
0.419946863250313
1.43785278635583
0.775715679629361
2.35598490587677
3.67876028991707
1.58900523512721
0.78271509478455
3.06431420113317
2.30647282852669
0.516660690574262
3.50072437095767
2.33153374605533
3.27721126732255
3.84852003499285
4.09833607448993
3.01762600938633
1.24876269324094
1.18224396893618
1.82912494642578
1.12826189392419
0.511782210520269
0.0588080402144221
1.1921933706422
3.25800967611617
1.95042317808291
1.66890540970149
1.48467441711334
2.37749569211984
2.23366901209813
3.50729798281908
0.988874096739376
3.199429836937
0.912238727568408
2.88357369410263
2.74799641084257
2.94746689475577
0.864724994041296
0.995712737381607
0.724455417755214
1.6216757222909
0.918615940047744
1.84544522935017
2.94995617970595
2.99962218122652
0.479898486097874
3.41535975502017
1.62534093745647
3.02611860060596
2.6059146147064
3.46351448704448
3.79797068340699
3.60229195253206
0.911919533667492
0.746481917029665
1.16103491087458
3.14181301762918
1.29271683952099
1.79634725673831
3.43788788169496
1.11570067734852
1.10684865438483
1.16186528165218
2.89227585645022
3.04017806728659
2.2971086751282
0.946592524225486
2.26681598472831
3.171185802312
0.231088502947999
0.534588502882133
1.04313999707715
0.454046039593725
1.89225702627423
1.30052425805943
3.89764870953726
3.59341224407518
3.46049073512862
3.30784459938696
3.67156888034373
0.263149587936489
2.47971818946916
3.04365350033996
3.67524203066679
3.40605962077203
2.34757640042694
2.27236418519178
3.15318626762112
0.908069981607827
0.694633930469075
0.421506270708933
0.39084593204741
3.39158975879429
0.979924947072186
3.45172315788128
3.11675660459601
0.667554061798187
1.32554726867327
2.33206784628119
1.11831780991458
2.87140883416168
2.30854108703762
1.36528318015934
0.729926006728736
1.15617314002313
3.18111791001904
1.95767286735394
0.915023481651206
3.35244132926905
2.13101275744037
3.37724777014848
3.75813707270314
3.14046869578816
3.15230779493838
3.54241636717551
0.852938337982158
0.995626621007558
1.64102009220532
1.33286776758342
2.59166710863551
1.34975100408703
3.28523117034906
1.41214772657578
1.17452162917892
0.864616538945082
2.18965032628631
2.27797868453723
0.553340183961273
3.46943985286469
1.72539061373074
0.492826935254016
4.02905070624001
1.39974182115988
3.56218399721654
1.70857012425405
2.44896683029602
0.260106885433463
2.76309208306076
2.05844974590459
0.770721919475166
0.0736366762908516
2.33442024986797
0.621028739038887
1.4118014920996
1.94273144508694
2.69212278255615
3.98860449275538
2.24653345996448
2.11538183287448
1.74607645847045
1.94995609484987
3.6730741859677
2.85897979121009
2.21600975390428
0.65770892751496
3.20665845201475
0.372464576022377
3.56779579038266
1.23600413373448
1.66065947373855
0.900359245468061
3.95043577666085
2.49015006768658
3.01324215701685
2.01192320809714
0.860887458025456
3.0965797250801
0.606181819413617
0.946172754727059
2.180299758402
1.65515673872014
1.56198000799504
1.70709767964891
2.10524738455504
2.32632355209231
2.35307195844906
1.04255035858043
1.74292037908728
3.34750262840501
3.31056529587858
2.69812309917908
3.10988159105369
0.361869118655486
3.81661401981616
1.06969050281601
1.80982633743677
2.85212962474749
1.23581692067771
3.93773610069159
2.97818048339521
2.39194167565556
3.83643098403216
1.84926811150734
3.68288740326986
0.680275620122188
1.40871251827196
2.35323118161231
4.26990096800908
1.15867196322842
1.02825219983937
1.30387787383982
3.0242243123879
1.49650202139855
0.636007179840691
0.261408722895895
1.55856473373619
2.91260566435053
1.51072007099127
1.88415833563031
2.81173911360313
1.42383807766955
2.69398362425331
0.123278737476293
0.372250977936357
3.36198003413772
3.52377474954683
1.06182776383499
2.26329974893586
1.51500286886578
2.59592513483759
3.1064651482027
2.75605500850669
2.79364305680009
3.5801257329687
3.71327821433346
1.93903910847742
1.37231209503662
0.128232376779962
0.988551007566514
0.597079341014302
0.682077538621722
0.502971605247146
2.46289883642407
0.534767147276692
0.735705371613688
3.33123637504026
3.22839268362148
4.17206259528173
3.62296902375405
4.04950885576072
2.40921305536336
2.99943877181737
2.81941509053085
0.616734314154148
1.81296137044087
4.12435895094352
4.20484106253283
1.37804100859347
0.705550121916758
1.78435767248126
2.12817379902629
1.7567927076144
1.78473685579708
0.711358995661581
0.503982256993775
0.651062076573458
1.58921147745346
1.68670993572605
1.98606778999936
2.61307926499835
2.54018152708688
3.34079822804244
1.37306286376456
3.19250520779327
0.922465902979372
1.49859322232581
1.96043501622811
0.634712028222078
3.77997395678056
1.23576142765311
3.84838648211846
2.20885670472665
2.32177213175393
3.29163361529579
0.542875715829539
3.14454203998304
2.1466441197807
0.978811689438199
2.49298583924023
0.722983519414343
2.20480719485443
3.13147180543121
2.30370221762093
3.82134477050086
3.04303365580978
2.72196989885437
0.337326445596016
3.31888635007402
0.373158857642459
1.57439594642115
1.40939621718142
3.18557476552548
2.6769205309353
3.61063870170959
0.186502081017132
2.41927450845802
1.44562475965391
0.608916890838894
1.66903756833323
3.01953613267177
2.96132909763341
1.79596391163731
1.28045285561139
1.08054508959645
3.02730642940927
0.270021530597726
1.0443623545424
0.528527976849651
3.68411134563945
3.45439073926267
1.61223863787844
3.51260689723859
3.94465788696474
3.83849115450561
0.977635731314657
1.59669539741566
3.45458914693641
0.985861268290797
0.968994184103626
1.98650264742817
0.878886810216994
1.63293619930414
1.25943658692147
0.133885741020415
1.51122374674291
1.70576849661816
1.50741849241508
1.83965447339655
1.74066615056425
0.819989047637158
1.89108309356087
0.329244303559935
2.90332255706988
1.725429768351
1.7671516744301
3.86427281605459
2.1588573758055
3.18160798747174
1.96645619158049
3.01076617266653
1.87771355084229
2.40726888483141
2.26780033521784
1.35970878097302
2.01918983365945
1.00686074441102
2.53759155229129
0.0863143990813915
1.03573465640625
1.45612811065202
0.914258221342309
3.61710695056032
1.23199404782842
1.43961514937774
2.91469973766369
1.664933759985
2.0504578021791
0.169583672966369
0.150098246076716
0.0827163472746174
1.41532938448819
4.06049800925837
0.0845642217403467
0.708043867646483
1.95511132584142
0.59532180189002
3.90996462675617
3.27498795928728
2.52021868704087
2.72551950013674
2.07023158263841
3.32471751057867
1.69985819920967
0.376816640946112
3.65886245576587
0.229024258091696
1.96690842365815
1.51234421189796
3.54542648945361
2.41438987235404
1.58262719171886
2.35287482068708
0.580471824046926
0.436573583878416
1.60376438367841
2.88047735887101
1.57713050216979
3.73767879801026
0.886964750197911
2.33155171833803
3.07335132360727
0.269269521241343
0.848028923146841
1.14333638195908
1.02930651661685
2.77965632656688
3.36642025078855
3.5303999239258
3.38936082722997
3.75521132817417
3.88001169274689
2.34229098260517
3.31039522172988
1.3143093672993
0.808288004810384
4.03188501944744
2.61266289929274
4.33176836995425
0.638906816963235
0.045366975713907
2.01350365385505
3.76636464185903
2.76847083193839
1.6464488504329
2.10791255879897
2.59236875917178
3.18452684840729
1.75258195784745
0.920046927279045
2.89247549914894
3.15868067368595
1.4337382438843
0.874239152753254
1.63961587185963
2.54063629447781
4.36005383817182
2.15081314673742
3.51423567983512
0.48825038301645
1.68834348685956
1.7627235481405
2.30176806739728
2.36768030797659
1.24254089171365
3.13979990326168
1.20232840508622
2.34789978533009
4.18702084102793
1.60566534868549
0.54362600099376
2.95301951086305
4.41629696213527
2.35656223581182
1.74993293165924
1.92659774529846
1.50610000595743
2.64111564924909
4.37905595675747
2.63953487551152
4.01845481014824
3.33947647813102
3.5546492883771
2.44793858770268
2.67839925656003
2.45931334526683
2.88924380932945
2.53835450829546
3.60510708122228
2.23763471003494
3.9098757772099
2.38006489497669
0.874507011804115
3.62517029435606
3.88772115114039
1.44073523401107
2.24791874627547
0.533593687237706
1.62304982901679
1.39547262166424
1.4553190707095
0.701553941816943
0.263010812580758
3.40004594061835
3.02860880813552
1.33113837766128
0.517342756282708
2.33654663570344
2.79412892293906
3.29604801530926
0.949607696947944
2.76221857579215
2.76930103531203
2.84530950595371
0.469187516834595
2.161954242574
1.87816327406101
0.809863284436945
0.390854788986015
1.07555745494374
0.853989583130614
2.93043283348124
0.709075360303343
2.45106385812766
0.541188455519631
0.386636492772464
2.84760230553818
0.521933285651769
3.20887548491312
0.301064983800662
2.04818804217643
1.10646583019549
0.758764364972789
1.11193571814129
1.19066231108856
2.08858129533944
3.63879217198788
3.4409009967337
1.00599286612578
0.426903540863756
2.50721513911785
2.73054297304307
2.82513940990002
2.10095313545939
3.48157805804824
0.647952631653128
0.597233097649707
1.51758052390664
1.47511277937981
1.13683943213799
2.35257676739432
1.19002353300762
0.245509614586087
2.4852533427423
0.871501398915478
1.39932727346447
2.65290061332658
2.22197363717874
3.47307199973466
2.94520004734143
3.04694792923907
1.29500613849438
1.85306048496003
3.90449771238402
3.30431398932324
0.82414291642722
0.453195943735399
0.2885597350989
3.69652779484734
2.37608867966774
2.44016578977476
2.84240816504414
2.65128822319171
0.894114939308177
0.51743913723624
2.00549124698588
1.93086899491906
2.49332438945267
2.14029123225585
0.234796739545501
2.5161136989115
2.29816743433524
1.39527778627992
2.51832991254237
1.28385160164024
3.02134341708519
1.74382981695013
1.03999303654485
0.795388857247973
2.235741786718
2.68936149189432
2.18049158869358
2.8508976006099
0.717559619336978
0.738684710285098
2.87746130912134
2.61653667747083
2.42511112718014
3.44348029550285
2.61386405965773
2.65192735832324
0.282479512595909
2.09978248038274
3.73955648876654
1.82910999404561
2.48749924221784
0.597265135343105
1.08102688318922
0.500822193642327
0.60798985681348
0.0982118387174985
3.13425783645589
3.73145533695998
2.18001921163684
3.76499825089245
0.926255414196611
0.869597374941877
2.3485247826596
1.43103742941877
3.41938341341357
0.972003060920058
1.62864498648108
2.78145537701589
2.36216656223006
0.50432603841954
2.2601915007144
0.953069165799693
0.478852590295683
1.57592337788
3.55754156886496
0.875967922796663
0.549717195418272
1.71674456860309
3.93773052573523
0.312646858539892
2.21188093747905
3.76263038302056
3.21644080986384
1.37539531564267
3.33247220156439
4.10666279705331
1.19038089658314
0.377275959053597
2.76962599422661
1.20206867945646
1.36586829994974
1.5227350926401
2.46148436092758
3.67833140442805
2.10637591574936
2.89951350657155
3.20313760928064
4.27439795087793
0.488309729068263
3.92996601797982
1.55870759195749
4.1531398313127
2.70295886801102
2.72910006023683
2.59644408022974
3.41064766066132
1.2321220495164
2.0100972800672
0.773426174561079
2.05721211858062
1.80996407410913
0.624272812255325
2.32507729830885
2.06988014686899
3.92116642327125
1.87899804279637
0.848285073568643
1.6330357945959
2.23534524738849
3.07209788340431
1.67401888693937
2.35385279112464
0.301158665430333
0.587847523187502
0.86904069234327
3.17331040223442
1.29077605569542
3.17733520888954
1.72029793800257
1.49397237767334
1.13689787142577
0.675364332091965
0.417476892804307
1.35265762748923
2.007125858947
2.64440168013858
0.543857808925739
1.82892378098484
0.585506444980441
1.19411417971642
1.55324678778966
2.86261777022869
3.24220138595933
0.645933209895694
3.73559627535806
1.99907639223689
2.94910588054271
3.42984886137729
3.47887441222736
2.57748163639496
4.03628828130012
2.84280692089268
1.70797156742085
1.82238021235245
3.96937468990605
3.84935917428223
2.6935464824245
0.569200288097662
1.9140027044196
3.29633110850619
0.164246052751987
3.59824095098364
2.95774144808726
3.12574370683901
2.39894403969436
3.34540359878465
2.26997677138066
1.93394507506017
3.39311255144521
2.25447059947726
0.99249401867572
0.104024009060522
2.00608253391063
1.76954608234337
1.94566492493502
3.98239269657493
1.02468126397114
0.466538251519045
0.660721670622781
3.00218869450198
1.76358205285068
2.60168236094979
1.84949441091678
3.18323578884182
0.0274920454178273
2.13215728784875
0.749598528496906
4.02268709804201
1.2888163682983
1.77377154954498
2.99125598772654
1.75251737271319
0.573486550704979
0.207642758236077
1.58866693393208
4.11683266338926
2.40194251189457
2.38219562255659
0.405740501319292
0.618753992543875
0.385949869439797
2.39019407280176
2.91606134398372
1.93836198942653
1.66735755548283
2.00138292279177
1.17288675283529
1.35018596828245
2.84379975317635
1.45404517081639
2.55839427473948
2.68225686004195
2.62631658059992
1.00363700344322
2.31777012978375
0.751104394204139
1.2668198841201
1.59388649238703
1.07016420715513
3.42175275782142
0.746340891506358
2.35821968495439
0.516725513576422
3.43260794892996
3.93703561780229
3.20793837096827
0.793664620189248
3.07104179385761
3.62467622952381
1.29619953924763
3.59845455693047
2.33142371557537
3.0017319906926
0.598474076096051
1.30829666306483
0.338134523434365
1.88387054704508
3.78242695996406
1.84600678163414
2.62681926599135
2.66039100381429
0.725415821842422
2.03512826137146
0.94691150812606
2.4261099503962
2.56043578720794
0.64401564442195
2.37140848100979
0.655296088053908
1.24672085991059
1.19834314456167
2.34645023694269
3.61347052672955
2.54965752479166
0.445669144048511
2.88309516445681
2.87021957450378
2.05428992418832
3.71360222060808
0.339556229826103
0.125697462612806
1.0446867530368
3.44516509837938
0.249372423037369
1.98325000366001
1.32571680546433
2.31774685200352
2.29353737667421
2.80705182318479
2.10161645676927
1.19693667361026
0.896874275041674
3.07720699195844
1.51310504561352
0.285323455542158
1.02773744833996
0.397128851886329
0.928841443187986
1.25476116974989
4.1210882815101
3.26590501324562
0.841996560523498
2.48527939033059
1.65142592833826
0.692915755004461
3.62487776000985
1.27100601386071
0.970151733930237
1.31958117706722
0.87367719079523
0.630425121054385
2.20739526881521
2.81730618383297
3.48065179962494
3.98026185065971
3.50388308772234
2.1428108414447
0.842821074478413
0.824801512752709
0.312493241935526
2.19875669122412
2.39098316429508
2.7965271557567
1.8611518829868
0.619467290180995
1.92854672488255
2.43591700797115
1.82802167837219
1.10060847609635
1.9835751899876
2.06199845621167
3.73364234511174
3.15884565117323
2.19033502421131
2.40339157268201
2.47477777152705
3.92983827661289
2.14905699455633
2.15324680340098
0.739841828870237
0.818925487355325
0.656817352388819
0.548767405273384
0.196798615413152
3.56037711430385
3.62601690385295
2.95145264757619
1.28150132853229
0.355198253319634
1.61152121260481
2.36913796152254
1.44973224250617
3.15742499429322
2.14874481393269
0.426383507070867
1.08600349570816
3.58887174770048
3.01139172621894
2.38348271453342
0.900990361719628
3.21870329865805
1.64420689653061
1.46402015506779
3.47954644476908
2.87032457259063
2.65680292784245
0.29392984217412
0.861924963990859
4.14372907856338
1.15531611552509
1.5700185799708
2.15868574424563
1.61748641029291
1.6259530362501
3.86215303567958
3.21961178761871
2.67384111855262
2.07157437668799
1.95310191830079
1.37372865192367
2.67150185992453
1.75422686513831
1.44443291965467
1.58847735159072
1.08655835051974
3.44579173633116
2.2997063389829
1.3031621797538
1.32074974097155
3.6459499168922
3.299215487975
3.61878936221692
2.81902525871809
1.72234138015931
1.89013510937732
1.30428762899026
1.41275506599719
1.81291300442892
0.636389159046176
1.67067584580699
1.337703993098
3.44147518680735
2.08875090104228
3.54616639192232
1.6950998961898
2.51751907509663
3.03324520631632
1.99459416325991
0.874671471328356
0.302534328408585
2.03412751842225
0.776180459176713
1.65047230989659
0.651982139734316
2.3417530127771
2.59513413305185
1.61959591286461
0.751906197545856
2.23550233344561
0.199821574630621
1.21502387214594
1.27976149180196
1.64958248721171
1.68920196979114
0.152635375600757
0.425272264578852
1.40583418023871
0.927135063443876
2.40578952613436
1.23882186233714
1.73228610926526
2.31837648046426
3.29103855658729
3.35743947281731
2.49975882080309
2.58223971593549
0.578924273024917
2.77162164737958
2.4350835658917
2.56033809371414
1.90076548018846
3.43001609228659
0.964486958448745
0.368258679771187
2.22118334376951
1.47477230678167
0.83431372296037
0.955152847157757
1.10344414090008
0.802457724536345
1.90622207304543
1.64199011920998
2.35715795020313
2.44938645677928
2.92437061625832
3.8361943255137
1.29171886752492
0.65420301649114
1.17729777950011
0.568905995122071
1.37950673875239
1.62709581389263
1.59019900924595
3.15718230440029
1.41730496110147
3.28173895850546
2.83729807881952
0.625960384062593
1.52857582908606
0.679308577273825
4.2747683930125
3.78619251202351
3.19615614118912
3.07061879564452
2.45544527567124
0.22871887379503
1.56048211357347
0.851874339361853
3.34348237335998
1.92908484068066
3.62379550505623
2.62948796764382
0.837986541872413
3.62786067695467
1.81374113949538
2.97017489418219
0.106393599527842
2.95369323944981
3.63911873202887
1.93628048508223
2.96862195501407
2.72406999510098
3.81277089378143
3.21002216186332
3.00390111714582
2.18437520724613
3.42921976427598
0.769816757125301
3.17369056753332
2.58727129131001
0.145140257260943
3.17773618496912
4.21837450317924
2.68048511197892
2.06060285001248
2.32858033813299
1.09068708041153
1.39658905791702
2.44386102996851
3.02656426610251
2.02434997072057
0.394709416042748
3.82349209161323
0.538701902912828
1.76058380731504
2.31966707544712
0.383340999059049
1.1968479633426
2.32518843251849
1.19195968311213
0.500757882226786
0.288803200879164
3.82488612710284
4.04390935675404
1.30135425375932
1.77978787277828
3.67542447927708
1.10145713847458
1.25734194335773
3.22186670307146
3.91695580055015
0.549376662895948
2.23478360359109
2.45219061727083
0.826864634054975
3.61073465259558
3.00882237608958
2.75715352199519
1.67602617094472
0.500704176362498
0.709422037053819
3.15671591821234
2.07037530598816
3.39227883531152
3.00102670246942
0.587378106108173
0.750253453635977
2.21394249527745
1.44940473495312
1.33049123967262
2.22130992813093
3.26546957674713
1.72613442651502
4.06028783581182
3.24254354323186
2.9769529001914
2.04316928379202
3.67619486463762
3.83232138662484
4.29789892006088
3.34298034994765
2.19576845338927
1.54638447551419
3.16606312588488
1.99645066476545
3.95000901354622
2.8861344466312
0.790279505014779
0.722696788868062
0.380059987967012
3.1748266631262
0.799191865591335
0.829751531857249
1.93802803032712
3.26975311251434
0.755173445172481
0.54177991085569
3.33457208058042
1.26872233913262
0.68526986220091
1.79581905436077
0.842343499341265
0.22698231580827
1.73025077419632
2.48466337625358
3.26547737290121
1.51343579176445
0.086565881228265
1.22305660887282
3.73421832733028
2.97376893503023
3.55601806899369
2.7107287861054
1.37744968877119
3.11288213210726
0.17400734389304
2.50904295574036
3.67970154803533
0.749802869499648
1.38832579632285
2.24842027846112
3.42082454875021
3.72299325783851
1.29133237513808
1.83601664825149
1.75034469256909
2.79464104103352
1.65738738176891
3.20248424654283
0.49817730280945
3.05432048007159
3.58757965041548
0.682192479411665
1.89227444910532
3.16543441689344
0.236638065258258
1.58127780481231
0.46034044939647
0.430974596109005
0.129532044575701
0.249368034214987
0.281545899219623
0.807462903765279
0.266286763077284
0.735370162301792
3.35092868241462
2.15444829634195
3.63031185324866
1.49812093983816
2.02699525203748
4.26699593455824
0.525961643744389
1.27829288003605
0.997221758530709
1.60460745976126
2.23537458905939
0.673742708769689
2.05716775469607
2.38825698824864
3.71902091313335
3.1381146480459
2.01365408293196
2.22672251107394
1.09958280391655
2.12482411387176
1.64863597794854
1.27109643175432
2.42259522001233
2.99450993172042
3.34862119156287
2.07789147135383
4.26084876934304
2.39416971443799
2.85067994786414
3.80137631788295
2.67279995715919
0.643783572568559
1.79501471985249
0.482221335744496
2.69918747301522
2.04657957194654
0.826657379080475
3.70021456157958
3.94602738818124
2.16192333202108
3.54667200291757
2.45381545638952
0.486955418944683
0.884930869450268
3.58416345800488
3.22272747227469
4.0580696921151
3.78963037543974
2.49130129977963
1.06965464095469
3.67293300103813
2.98762242708415
1.89015310570786
1.28131230982212
2.80545792965248
2.76581928605087
2.64158505000889
0.482150846002836
1.92577322114435
1.39629171234086
2.08235126341347
1.55944277113183
3.26513392124933
3.20325003026197
3.24488649269794
1.41921213739447
2.43054080874521
1.81849334204158
3.29053606277665
1.01228184371258
1.91018515077545
2.38846080387795
1.06938928011413
0.597524817207358
0.99648767965344
3.80620560811259
1.72392303578519
2.97935867956827
1.18329718879045
3.28369280269818
1.55958111099269
3.26751662517494
2.84622546887854
0.926633194692601
2.23291420398074
1.03395421266692
0.485805440025422
3.56094179059898
2.61408883019561
3.9236718833504
2.47877301005067
3.1960325744266
2.88543537883074
1.50223998513152
2.15394751450164
1.90571420538391
2.4598672122391
0.788687729706875
1.56553024027511
0.698186630359293
0.145381067204606
3.3731076563392
0.612672545557665
2.55362841495249
2.3189292008058
0.718268039407766
2.81799642723209
1.74736742357364
1.39268161242019
1.01196538414729
2.28309248567455
0.166075572380249
3.722157711203
1.5392726692352
1.89428639120857
3.8895059966248
0.226891148202003
2.08309528706697
1.88862890053075
1.19600371758675
1.9756845546097
2.37454598325715
2.27457461909334
3.29147734298321
3.76099165204781
3.06792728533747
3.57966910453298
3.90416576342816
1.4201453947206
3.51829182204702
1.61519099672202
0.991871269501812
3.28871208626034
3.88022409028988
2.56376999532252
3.91364345288242
3.30370597478675
1.91878112121208
2.2378100331255
3.5400673270369
2.47315394431173
2.25023632133769
2.8692285133975
1.05511555945042
0.969777010098807
1.06802820219838
3.40731766009676
2.97090900402767
1.9516298612813
4.00327620071683
1.57903048866037
0.725596051664256
1.79305179426797
1.60460938139195
2.79261976473447
0.946163376678128
0.67020788482028
3.47004237675581
0.297805876433579
1.71107669148843
2.27364719077104
0.550992537110643
0.171861875124869
1.85367518885685
0.553631783692401
2.49388903366526
1.1676536445697
1.70789804677883
1.48914267536396
2.68812595445079
0.887450789399273
3.8577403991876
1.19238091625099
1.97921506048543
1.62699177707284
1.24227323592155
2.22300150159601
0.949758213486132
3.116024980655
2.55071969340035
1.52447548418967
1.43900290849575
2.30378752657754
1.53079079366053
0.987664959457615
1.24012294028914
2.64185089749779
0.985085174801647
1.56320534580977
2.05719665492371
2.25992353606017
1.43364203520562
1.13186000346467
3.10173097391186
1.63750962893866
3.32484118473427
2.5172239884209
1.53350164743108
0.594202678740324
1.80992640351383
1.74596926709377
0.565091977165892
1.48711433561131
1.90653555909631
4.089171594625
3.04693498069117
1.72526818459104
2.79613152195646
1.65721914251071
3.00343383109933
1.75300317204431
3.30650309838728
3.03401974414697
0.796134750416925
1.01141965381065
1.92138100162488
0.920493653787181
1.48448873020624
0.246691084838664
1.2444048633544
2.13172855674145
