0.149389324817916
0.0328988279613467
0.138266108553782
0.367464476916387
0.0801702050638325
0.00575154440306396
0.249841741168225
0.447463629599405
0.318661889680459
0.0530607001306443
0.026062527903289
0.238950631781168
0.0823063592829396
0.207535823847714
0.257439417327947
1.04782590678973
0.237208539024798
0.388855650542583
0.0545748452837174
0.0825450380495361
0.420977582240563
0.217211412228437
0.499259135473332
0.218215139560021
0.306719817700056
0.221095180446862
0.181645798251628
0.1419673125063
0.132705091176303
0.0333000181513899
0.125763237869908
0.141545777116649
0.0906447618990425
0.0491956904635705
0.113822708484655
0.26158589504412
0.0674467723511507
0.515942874786369
0.402964359537317
0.582486333793346
0.0925311980486627
0.138485664907188
0.0126635545244102
0.310947082884052
0.230442478542582
0.120557134650879
0.453462822661125
0.336701726468395
0.00677955786342961
0.26568302510504
0.110027161244882
0.0604635100691697
0.189641063439557
0.0763335604555701
0.17032231433304
0.384173580927588
0.026322451995489
0.0701143933491119
0.0283886385490365
0.114484609293437
0.0247185839945009
0.0643841315658467
0.13124872936198
0.281851179615613
0.184255057637723
0.0349252838608015
0.0956408927185754
0.183538754965188
0.0662006173917179
0.742005566240958
0.24274760669845
0.307122520620612
0.306191938970874
0.292260662606274
0.100476120245508
0.275324750334448
0.0955140629795855
0.222009874355789
0.755783164186678
0.306872642717705
0.050641500366103
0.243197511385515
0.393147927631894
0.497841346471455
0.351247954384498
0.162967250900782
0.40100902513695
0.112003024471332
0.256757418786136
0.341176428772146
0.388356628853918
0.229565007506292
0.331646754948632
0.0508280207345257
0.239398049962998
0.378155364074217
0.415967529212071
0.23747736813532
0.408067083253286
0.77040338348319
0.435474826938392
0.48569183736512
0.276884984678695
0.267679643820176
0.474015643232897
0.270660398882623
0.201026008434259
0.376845173845255
0.234444159085142
0.690357928801129
0.213675692345346
0.0402513137499213
0.372354924004795
0.165160154591132
0.302262289644061
0.246390772351874
0.230276389363927
0.491735847642254
0.477599473344021
0.0314336474403477
0.0230031360099098
0.302340127399036
0.212678450100791
0.556413553145597
0.205085632279893
0.21835915268888
0.125189856960339
0.0625955251818465
0.164836556965843
0.0496428207959347
0.351642002205239
0.272469914228243
0.278004287690133
0.252342070246938
0.167144691821346
0.105212264799266
0.194822989276606
0.15879411631132
0.0725533480209926
0.124605534158481
0.117120431983103
0.0817015987070574
0.109560822957108
0.0770977489584907
0.252069216391473
0.040536911453489
0.14922137069603
0.267319544500045
0.288600039271136
0.208454588720084
0.195111894704093
0.933775896422433
0.253196205126067
0.343623780421449
0.400716948880076
0.24287170125969
0.260772037344354
0.335177132618886
0.210150434225791
0.222527970650124
0.0953705276093739
0.0846042448150839
0.211335108690344
0.225260523498361
0.165917424217627
0.476840575925994
0.225538781009895
0.0886302371142137
0.126210464034063
0.199069179753028
0.600554141285319
0.0843516825343072
0.1233523219656
0.120391257651033
0.0197307557010651
0.256107495445538
0.354618452496534
0.0651110656512684
0.308609535749599
0.466128162377696
0.226959231298523
0.235682119641432
0.357641686485598
0.16992828039993
0.100363420894306
0.345845834348268
0.12216800975517
0.253602237727454
0.048440908664017
0.37380397676003
0.322908969602899
0.207824769491509
0.0284697876025115
0.123755119008881
0.0502135221958578
0.880741155726999
0.230852317982546
0.105096256410932
0.327943484883125
0.267760687111439
0.0604776322122372
0.586435445891946
0.033066768652319
0.138940389971049
0.0825287751237981
0.0849469223180731
0.365049624251368
0.980590048134023
0.139611775145157
0.0912452710903498
0.0598271882296489
0.400286778535405
0.502424882068372
0.0705764684381071
0.0276607135500914
0.588599448401328
0.123370050354877
0.341560553054259
0.374288048151636
0.159761404550014
0.38151235345175
0.0396236687066887
0.129077471008924
0.119459123873976
0.505124050856355
0.0764932240884707
0.133968818674552
0.175856692781429
0.377893835124197
0.262772220959482
0.0463172470627521
0.200737933910703
0.0714505717585169
0.137097516590882
0.0881941853398937
0.32888786116692
0.603223525445102
0.243446987236195
0.211954707078777
0.437873509169991
0.191253695579495
0.0622880853148215
0.324924558750818
0.273353779227683
0.556399918379345
0.265973231093065
0.0607779870088667
0.117603379874372
0.0269238483320591
0.375317830051407
0.292344445081138
0.562948650123694
0.0562713300109737
0.3562019418709
0.055053054287393
0.49871975584045
0.113767771051113
0.532437574507634
0.281198033050766
0.244637263337651
0.411139557635741
0.00868212192565632
0.0383483091083077
0.0975269088810228
0.466566107104258
0.401891068368926
0.00379350133412339
0.479477991495307
0.111335368005026
0.238865979395145
0.306289933725223
0.502567898158073
0.236770944986223
0.0829568371784279
0.221724536710399
0.254865166002113
0.512937841539943
0.0490241741761836
0.00538912723890195
0.346134960803969
0.112891572431862
0.130172709160087
0.0556928445951314
0.484085829635735
0.327661878730723
0.151833643939796
0.594570156960434
0.281409801549462
0.206695685842339
0.0687926871755577
0.18925243559165
0.0920248423143029
0.274425453306017
0.0928168621150544
0.211446580146057
0.436140136611007
0.273930001565939
0.348666602886312
0.0636517327559877
0.175255594923275
0.0871204682294868
0.105622803257734
0.278804872787082
0.19448490727373
0.0440554720954354
0.413331367005699
0.233927788549579
0.403624069339558
0.340553677275775
0.101603156247674
0.14071418528312
0.158575211110999
0.172536350930374
0.104589154018409
0.218526975134521
0.0309901215287415
0.752639579946748
0.162918344867548
0.479457119921754
0.41805710581047
0.245288568603705
0.355781256723409
0.218072127167275
0.178642275533935
0.120259595777398
0.279647735703369
0.059532255577814
0.514830541081835
0.207354083684389
0.00227480488595315
0.0350810151580249
0.0874370016602156
0.250286957475076
0.181340603765048
0.0909759259060756
0.0890892651197552
0.183412767734084
0.112074819058676
0.507896330027424
0.105860551840752
0.202347656880478
0.379137503028088
0.00997105433470722
0.0843391357466689
0.458238796998853
0.433512300017754
0.551860054403552
0.171040756488541
0.132356323832323
0.171733738957545
0.0362087991103203
0.374086449595552
0.346641754484836
0.167903716832391
0.0614968493312936
0.303612801784934
0.780844430841379
0.335185969677341
0.0234558422669701
0.0714987673103876
0.279009546603329
0.0376875683709464
0.358940210871844
0.391810979014638
0.342856097600751
0.141668985428589
0.104955772820911
0.199233063004453
0.443371284601711
0.0784858008359554
0.102395193967184
0.169793478237998
0.0196336790081408
0.205284901352963
0.362942966540184
0.461519518417308
0.781240261501344
0.224798228495692
0.0389895580970542
0.109617196239554
0.210516736216961
0.100943466311154
0.494476635365956
0.053282746741645
0.0626648934822235
0.266009712040664
0.121369614319748
0.0685151789509004
0.1609324671026
0.306949990238149
0.197842525407444
0.28745480268885
0.178319196452618
0.426544087679886
0.120683457206431
0.434936331479647
0.0758556376883929
0.0418255092707631
0.264970520084735
0.408400997939369
0.123454806283543
0.251215166473315
0.191322153838794
0.321304356245275
0.296455756734638
0.143012208692274
0.0513078292455886
0.327629713074027
0.3776998094753
0.172239455831578
0.148572689386504
0.226531601208648
0.886118224524148
0.0698219794120412
0.0625474533406841
0.276984962268384
0.217491982964556
0.218985483896395
0.22929095656969
0.126420877422434
0.0933134713454186
0.145917668205876
0.127954223308318
0.207768724359404
0.0888291451859455
0.159189050419563
0.0679070510730891
0.299427480557869
0.142348079621463
0.306088146076303
0.216815278546318
0.0269506726904052
0.0501030817045305
0.340992866316442
0.694878704892001
0.20828888728432
0.184371003306109
0.401108227832545
0.201098772556286
0.273454632736177
0.581028298779308
0.121291552712183
0.147966161206208
0.124096220322865
0.0376445753693339
0.2464617039128
0.236225479374079
0.210493927660523
0.0384911512075128
0.299533340128774
0.241373403192588
0.0452303575024571
0.0544743206959613
0.0652482605526443
0.111893503962589
0.240428077372691
0.0632390958015874
0.278507253241292
0.177219425195997
0.316625807204726
0.0280007086917298
0.295968056127873
0.0403727583822224
0.114809462322579
0.0554771473802108
0.282170979367927
0.111154689382414
0.4791886959202
0.480317639718789
0.14876409179572
0.221995001552429
0.279933872657488
0.592656171972715
0.233998216086408
0.21207048341165
0.362990245633942
0.0632652857929872
0.213746311867707
0.180185157246272
0.309016931234734
0.123020186584243
0.0800602705579587
0.100625835670834
0.652388015901495
0.258003319862104
0.161062826759643
0.149706164874614
0.0857267378021011
0.369499743695332
0.210223309045426
0.182250620146543
0.0605161869293005
0.288949943797123
0.292798981747507
0.140276579479682
0.447897904071775
0.390030529701525
0.32807226167705
0.024580492663427
0.383435731070719
0.306623437932224
0.283874632802585
0.15467374525597
0.327717707405493
0.306894782785425
0.160117953580809
0.540261597156303
0.220459302907769
0.22943240345716
0.300418642871805
0.17210794237574
0.480371497767768
0.254713333390662
0.0728045125176608
0.425654924510387
0.136189311495158
0.204550369449831
0.399633526401025
0.03740945176321
0.401801316977442
0.446458275491995
0.0981870576131171
0.214174088225611
0.656844629794601
0.244731409640133
0.13360263154944
0.158418385760628
0.572570096698825
0.402085008458663
0.0325850018461979
0.0899373975929011
0.291051189257558
0.316994543098068
0.0386511481015033
0.499680363688652
0.0598711125757142
0.189876077796178
0.362594809468206
0.291221503114925
0.246635007022175
0.185779476389732
0.403871030944145
0.270587542599898
0.521163205857759
0.391569941308692
0.302021835862282
0.214349313423079
0.303806845897193
0.104628680764746
0.00324490240266736
0.0636914349375302
0.0571513408123039
0.31845318481795
0.150113470886391
0.437514079237144
0.01069271078998
0.315758090563208
0.0236888431113625
0.128234383257904
0.0921773748811196
0.0834585067047135
0.356486000560033
0.413727810756851
0.0922843760881482
0.0461169910200978
0.0839426392399056
0.283303003728207
0.171588960869199
0.318562360100544
0.0747390686005699
0.129325279072398
0.0660369923711295
0.497807609088278
0.246449240875144
0.118749185451496
0.0310271841289298
0.425042339913456
0.129102338978151
0.237216171547407
0.371066700255473
0.058717612660175
0.0769442862610675
0.193900401023487
0.431978865700079
0.0721697285737533
0.207156304515118
0.262071120773581
0.0519949551657466
0.226747761676362
0.230592767141029
0.591346980036904
0.253770771479951
0.415543334566726
0.288175687413851
0.0402340325608644
0.0880062068258311
0.340584513000045
0.0714867667061464
0.239794102871717
0.230742892952159
0.0488604238344539
0.229976748518303
0.281833563894361
0.756022453081393
0.37795996656801
0.119788634178841
0.152917151898481
0.683551274666578
0.0233910565165375
0.318951814843262
0.758825636279489
0.245750351607538
0.275496558289403
0.182056659678246
0.0629977653466113
0.142777674288204
0.382844222375269
0.0902609696072801
0.0758397534822635
0.210312858808417
0.257033557194796
0.042393003606382
0.50468353387849
0.477111807531317
0.145294460014693
0.622700808284397
0.104375144346099
0.167071282108119
0.0635611684434074
0.158381916829264
0.210394049310339
0.0471869363913811
0.105674521784275
0.055918208859111
0.536692677106565
0.544454658449858
0.297197769512516
0.447700406805806
0.107387571906816
0.345722476794907
0.461065638807332
0.226455657273943
0.174118211162107
0.028513116567881
0.25501754223658
0.0608485796324098
0.224985070080079
0.159068551996247
0.104462063650884
0.271864374954875
0.128821343404487
0.704909773337506
0.242131715312883
0.175261452113385
0.0428214533067
0.0818778726913523
0.48859958726791
0.0171956337697234
0.155394813765575
0.0386117934462059
0.555803776608484
0.100881911072061
0.152682872445518
0.315701110015763
0.279278057121264
0.017953872795572
0.0233366764512423
0.0753408904367022
0.0528806839111788
0.151006137027623
0.101021760338789
0.60057784634837
0.243865033154109
0.159133701984951
0.0828571426407674
0.443944008299008
0.467348802779998
0.353417553255713
0.151963091479503
0.13649626237093
0.277418051706618
0.497796715322329
0.235854948798615
0.0770994905467557
0.0706607826752031
0.00971735655821584
0.331337279246691
0.346271655487755
0.444848688438673
0.332264167372626
0.162504576768579
0.0625847142187592
0.061726458835041
0.0509295671154789
0.26603434571044
0.0330083481498034
0.427680486516302
0.294199868842977
0.626260457345629
0.416876576126011
0.096801047459843
0.362637231449756
0.0532217408492359
0.415557552599868
0.467526742596732
0.301499791446912
0.237905545916543
0.546534642071575
0.0146864877793589
0.650157647730137
0.271376207504146
0.330375301564686
0.155488678962558
0.0814909514518772
0.109592554786621
0.0685410971553542
0.333050301211911
0.43343155456073
0.0941513815604735
0.290342124640102
0.0772708897172392
0.147561490406493
0.306644956466273
0.049720403258278
0.26482939299075
0.542110545070298
0.289681391319341
0.530415052232168
0.0791266207815603
0.369348112479852
0.303552574066648
0.289459161709522
0.132226755283107
0.0985665580555837
0.0628549077922072
0.0613437970387584
0.395242061949835
0.340595892107881
0.234521641274813
0.287043863936941
0.314687908555783
0.125606035638777
0.283231770272016
0.0434072173948355
0.206109116126901
0.212185104487817
0.299912879380504
0.0721583297923588
0.377037997999513
0.106594949312243
0.00420890435867571
0.185924579539961
0.184842845107073
0.305140500714296
0.145088069239728
0.548000663834728
0.380509907147059
0.244681031564376
0.219866270382794
0.109134107781812
0.157156874222303
0.287923749456234
0.0220816066520263
0.26185769170309
0.301944490095454
0.221942636055882
0.056655460481106
0.221039682564557
0.192435976734515
0.0709425350905838
0.335735567372023
0.249678644377705
0.112462731563851
0.177507364732544
0.37762940876608
0.194693649937118
0.349837601349293
0.649485241037966
0.339325022256396
0.213017122495382
0.385878307283904
0.373275498848058
0.301480181994558
0.0157517846761331
0.600807219414527
0.031488339769363
0.177806234227366
0.0438042947078017
0.257323972953793
0.231524949823306
0.340119677805139
0.121947601872495
0.0862467664544801
0.183066952166772
0.515410281378414
0.158415442381683
0.171220962111439
0.197233677967207
0.409824401536946
0.335421792234525
0.108108342943148
0.0660605553306927
0.0830454902245693
0.365450963619358
0.0845001328576006
0.503870537860225
0.0329673295546738
0.0905529543486875
0.219793581621159
0.158667941345393
0.0868846191421095
0.285324026349574
0.326468126744026
0.268629250432754
0.149964776297201
0.133924993993856
0.352808017959566
0.418338998833856
0.56098395516904
0.568454462686218
0.147282610748977
0.285120862092086
0.441541293971253
0.215990991954286
0.0955719576214986
0.306498317254519
0.0568035101369426
0.404048311983014
0.177695500526575
0.289419314368955
0.258068198078864
0.161934855283144
0.600422829828372
0.300044021106328
0.227195414531222
0.343372783997216
0.0499233415296935
0.167845265652036
0.285424537332155
0.315390508393204
0.0885129384084456
0.376877961522297
0.16485990980292
0.258529474678907
0.130083070621305
0.111580300069464
0.049342051656984
0.120847209569093
0.29137690558118
0.138835768817289
0.255130402668401
0.155986933784452
0.246287051281191
0.33123128037899
0.201899444765902
0.154218649703235
0.0630867239271917
0.0193523439039924
0.0856317682997284
0.344468907401593
0.187578264909784
0.283790907932129
0.301231749629447
0.108296118726471
0.172705155278801
0.482824492113293
0.33948847565796
0.0735350665693642
0.354885835774397
0.018672434481349
0.0916809931543457
0.261137663493457
0.277845975460926
0.0549329785889014
0.30735877096935
0.214378245120313
0.405491265784519
0.124778504696606
0.0699098216173311
0.205800849561115
0.0895811152119008
0.136668300710999
0.281133103913003
0.285453748817977
0.603917789942904
0.0650535385205089
0.361437181099115
0.254553873491886
0.114223205801603
0.0143597675817129
0.058158073471451
0.0333280861291713
0.265628962521568
0.251962388355756
0.179398419774817
0.0196957517851235
0.0276091653291089
0.397656714080902
0.0582824577484314
0.0209597544254755
0.73770257394129
0.0167576606352239
0.443830840713301
0.255014148887772
0.198073825273509
0.091819925684166
0.151034258743848
0.380681378979635
0.186390365804851
0.301602868878798
0.718082231345327
0.0774786323193565
0.516491608120324
0.366919781936165
0.230224610461415
0.245228097672168
0.455019888454218
0.281773017816287
0.116636476005882
0.190923607895638
0.47585180851082
0.301532879479041
0.120828453260529
0.0446721066199372
0.524636267384859
0.0911870593374753
0.729107847144094
0.354700942961948
0.248741562722495
0.0775351309626831
0.0270086274628082
0.235416354549642
0.439644831963365
0.330514949697463
0.451211948728185
0.475489680950873
0.502265980748322
0.403119316910389
0.376804654577143
0.0819090558404698
0.173496791126453
0.48969849373327
0.24109365217577
0.294047185006847
0.381973509364336
0.33220182227486
2.06187505454539
0.156014339401177
0.131075019438988
0.641839584657777
0.194186808575843
0.0459075791224196
0.0569453683071525
0.105220210175351
0.227478615719097
0.121019961942331
0.313935721513034
0.299371731161897
0.0619328172977329
0.367916103937239
0.398916821664496
0.149928160965957
0.88981048673224
0.351198457859064
0.19907192107349
0.240664367273396
0.237041046374386
0.757371246506371
0.117431769899605
0.201813348431832
0.143915217718973
0.191424249274347
0.442289588090621
0.431062623747902
0.0223580704901156
0.179701714859505
0.0684766525694834
0.270196465929434
0.308415767694662
0.28626912219419
0.454203058380152
0.261344985728204
0.00498417024982609
0.316521876927917
0.115906158244736
0.344026065909186
0.237367634783868
0.379169586083644
0.090406922525709
0.271414207473497
0.0514439347078053
0.277521400049177
0.206671821289056
0.236370420899311
0.337914995794051
0.159427903679477
0.186599171677762
1.24768737026494
0.0701256067948379
0.75110242040144
0.11297730095978
0.42244638523603
0.168456007108291
0.186307063791528
0.478393911644411
0.623703475763798
0.531212752510324
0.173248309454779
0.287566154438048
0.179338039793337
0.0876305214086483
0.215332155814945
0.27662227160597
0.308509024437035
0.414898813305825
0.829429490853965
0.152630048205829
0.107237785166455
0.318510468768138
0.0370542492837826
0.0742546663278345
0.104168339208205
0.276148242757105
0.114469781190664
0.0736821350672861
0.124283760800483
0.255397728107613
0.381178340049235
0.212116785087979
0.107124413981962
2.8919789600888
0.169767098118462
0.302276318023918
0.480388602811538
0.62345272349356
0.0993838149892454
0.288038270810615
0.353262220713159
0.394292180988218
0.0979943553363006
0.184503165595971
0.0380750002143643
0.5834877743034
0.0157451406791494
0.124091522633872
0.140778948740158
0.239839501586725
0.336064056373961
0.0618711236464451
0.213027056258316
0.306563347977307
0.46332655393192
0.19984587069064
0.107366050080487
0.203596700036962
0.211760289474622
0.119244275110609
0.147606227586525
0.351794444443637
0.118915841403082
0.222295157382159
0.480261590494067
0.237108802794614
0.219332178187886
0.306187822450686
0.339048682122039
0.455594031794376
0.414099302567033
0.25288754207217
0.0723668651239013
0.272316048362833
0.141696283254199
0.0438572124417335
0.214706460691143
0.439098096677945
0.0642082672403715
0.316736664370869
0.34230443683788
0.141279537221514
0.60874942944751
1.27250309761741
0.276154373367282
0.532097124174623
0.196768402269433
0.402937219292131
0.330084270172873
0.0609500855798101
0.152457258853072
0.0708388290583408
0.351723796422901
0.473879425571891
0.195254995526405
0.255017987838494
0.0741679883616313
0.287588843128039
0.370580851607506
0.0498217608028265
0.223651804744824
0.0303692687524871
0.433513085913463
0.116875865436525
0.226014845252401
0.147881087613074
0.228511819686327
0.153901514818045
0.513388153695375
0.0283040310655878
0.864207030602706
0.105298620025734
0.360732625223976
0.0568046122964579
0.0812181947454811
0.463612290749858
0.196224219450006
0.206141703477545
0.131540826733782
0.456672608006379
0.202302795516624
0.218550352004131
0.514922139098624
0.455565759718819
0.0908297242446749
0.126105844807375
0.285081068187866
0.38375770651845
0.0369868521636539
0.106016314147594
0.080127232111565
0.435834789804509
0.285088559448837
0.356019148178556
0.112093701267358
0.0493056756478319
0.873412347968426
0.271200986600884
0.260983040693611
0.0909432523145646
0.584915134702711
0.243049071543908
0.326501007547962
0.587241613588143
0.0883911082225386
0.121484312558302
0.237037612136113
0.702649794919102
0.00568522102371351
0.202200104364213
0.300654837056539
0.0655195247069862
0.103221567491613
0.207660921974746
0.0892741100592829
0.453703119682148
0.264490704720486
0.0512523117364177
0.0774850570073044
0.160840864450909
0.243917593220182
0.101747985629241
0.277594871662739
0.18604387571736
0.211839623057786
0.291284490098043
0.14907718733851
0.0193487394361643
0.148159783402861
0.151634145259093
0.272670123034067
0.285641775500452
0.287281981340227
0.179882829422116
0.0350911932451987
0.467791072042721
0.191600086285723
0.0477236488369536
0.0604924342410129
0.274363267548329
0.131601459615511
0.0219931519030562
0.296012120984385
0.196993375321669
0.27699121769708
0.239267393564098
0.234233756152398
0.327375647063538
0.223251472842556
0.260805308929113
0.231552671031922
0.0475778366568929
0.238059397410603
0.15392324509462
0.137673411076639
0.290054777188646
0.0702591673850566
0.370324320111661
0.632564247515565
0.312651575627946
0.573113488161238
0.207686498409909
0.110021241492747
0.219871284317813
0.233530005642947
0.109671278764511
0.214016374636006
0.123719603696086
0.201811500920797
0.176781506782797
0.0906555362659727
0.124171312943678
0.102820627574385
0.467823968355934
0.0626986353290953
0.031986825263394
0.123369082529616
0.0740101001040864
0.517062843471833
0.282396787752183
0.198167567702627
0.226786764601545
0.405393268762512
0.211825822340426
0.267623971816261
0.0176722521177199
0.163995955453646
0.500459618869316
0.23333611564202
0.293543161998263
0.113526493822847
0.296965351178075
0.112491779872468
0.343512495019464
0.0911038650797144
0.15599089492418
0.281264622647473
0.304836219001973
0.34195043949955
0.152274733541929
0.0864307432921279
0.211812080680757
0.177702462375745
0.283134706037627
0.499452202813131
0.648805783434124
0.528704159927246
0.2370637551192
0.149976929131781
0.426406974776343
0.406119427416828
0.124873211493324
0.0720337452947162
0.320099489392552
0.30065738294377
0.259689931194374
0.162578016182464
0.227889256349508
0.181680922954887
0.14318811526066
0.0748759215073521
0.0683057978179523
0.216715246669671
0.0567005195743609
0.11625756040578
0.0496328369586993
0.298663598752568
0.152371949625749
0.838344172079522
0.148542397481759
0.518008071965736
0.0508495600947304
0.420741868883813
0.501126256664661
0.393392185655391
0.33041600966223
0.0711715667047811
0.21421894873676
0.640459648818031
0.329193915541163
0.0595715985479999
0.183466925396229
0.381139281292602
0.0945772090849149
0.346597433348664
0.184166478487498
0.411239340942002
0.549980169089021
0.171972138116833
0.516763120874226
0.31148738535204
0.0372761722015769
0.233602124868885
0.360612151469061
0.142648851910727
0.344948955836765
0.550853829406841
0.879837175840799
0.558191933346055
0.125228391866308
0.148205257041426
0.200568036693943
0.333370787641975
0.242389399874786
0.10185003575925
0.556859470697273
0.3843741157618
0.307630866395533
0.0934710065813621
0.112944774314681
0.272833371195314
0.38457668482149
0.0351405868704424
0.459513277658472
0.117033506386713
0.255097427987586
0.378355321302293
0.272786048306269
0.099547095707369
0.128418608618431
0.45078522420374
0.239207008976983
0.35381951068596
0.499036782181373
0.0233856279006917
0.526377964883913
0.432162228541385
0.0701773121180575
0.349022575833494
0.259502078212498
0.104115414278537
0.325579525247875
0.238506711836919
0.424112418422148
0.412762956694019
0.0938905512306871
0.276112995098014
0.368692920195462
0.0242382719458185
0.110004526247819
0.0526232176777904
0.550459685708185
0.10832196328312
0.185116936570148
0.273070859185662
0.285682791552255
0.262945641577051
0.0355975180516493
0.544756482118393
0.0349185479189676
0.0449122138184901
0.536229141354573
0.475761599570247
0.0597349528031999
0.0879082937742332
0.275066509828604
0.308484943611755
0.27387598644926
0.150761347405075
0.250318010873173
0.370525579638791
0.0753625663864655
0.505335707165256
0.479802435572492
0.538918849129492
0.0400849847018233
0.236049902500952
0.448451236380282
0.668827574602263
0.328554711085098
0.276674108746611
0.182895380454808
0.25177657629239
0.141009604338445
0.141492671799032
0.36330851223573
0.118872176884468
0.121214254289288
0.168494438328891
0.213509178944698
0.113539735511506
0.121073963438644
0.344698968905887
0.0644183308265388
0.498445365777638
0.153778139422698
0.343856156422518
0.13345612014964
0.773575332540813
0.061851219505335
0.198591711335401
0.245615847933088
0.394408342257237
0.243557114647754
0.245565526030422
0.266120173708308
0.195753883365565
0.307934885645196
0.215397852760599
0.137716054938952
0.0606547280856097
0.575873425586775
0.306305570639878
0.138945482494963
0.0293102786723945
0.0989359477988526
0.323275165764487
0.0636426669193392
0.176871502013628
0.406204341552143
0.353439224379735
0.488470027892917
0.339019972452121
0.0210414896175394
0.285573536229607
0.642245633305346
0.234278978006668
0.060767037206334
0.244474369785213
0.25677306203999
0.309731459804402
0.173118614000554
0.107775178042629
0.163974025240334
0.268687012962534
0.273588493559304
0.390208470644443
0.368744239377891
0.406921364885926
0.155742889932472
0.088831187446747
0.294742266807099
0.0960858645802459
0.282296597727003
0.170613464950852
0.219722663723484
0.324734793313011
0.247134571669275
0.272001443716386
0.0578914262973201
0.34372059902625
0.273570938144072
0.0182533523629775
0.0168032039823054
0.210759387561875
0.669005076849198
0.0231568998294104
0.0222535132740602
0.223405101373371
0.0746187020661995
0.395176794412829
0.344189411452804
0.1048533432716
0.131131538927095
0.18263879489225
0.137967686694146
0.0125618561661025
0.386537482644532
0.0180024412899272
0.219046538305375
0.153172786909557
0.176297909673362
0.109633950601192
0.335899460603266
0.192508263421755
0.243008494245673
0.181710587895004
0.607110996112514
0.324786939031374
0.0765488435530267
0.0732582380273256
0.194273459731999
0.265900863980729
0.227255484201905
0.333113740764542
0.334092174258163
0.31353982734123
0.325775119962819
0.354213520988546
0.00453119791090831
0.00738361557567396
0.38142741360168
0.258997997423484
0.450286759464803
0.383029779420749
0.180773271978176
0.360011059578555
0.0396908273190194
1.17612881981185
0.147161032220541
0.240238550560287
0.143290576437883
0.320305924808487
0.0394921747450495
0.0346018104420709
0.249443601951097
0.0485262804390969
0.198918848129938
0.494808066218287
0.369568636938505
0.310823117165201
0.245913402363055
0.0345258849596192
0.332389880576619
0.126544133403145
0.541661016759469
0.459241283835314
0.100765724189621
0.358806896859848
0.594647630003698
0.33882347691977
0.357904928544609
0.151626245227068
0.439968258074663
0.106629415043192
0.508770448810297
0.0526734371553434
0.294048371623649
0.0106041710828657
0.630036268674767
0.0735909984672344
0.194215032022991
0.0119744636104882
0.335456531518085
0.416580232306867
0.0686298918996986
0.13308406177223
0.0165933866940711
0.320696617755075
0.373935588574057
0.385729903211455
0.0496603040038463
0.237494535600392
0.0924069685828947
0.0609037377096806
0.11119134997556
0.088226734364993
0.292167656599151
0.339690597976003
0.0320001396007199
0.706338574176514
0.15106630432637
0.145071368455367
0.53034491942312
0.515851740827342
0.426492826173081
0.260219424052956
0.439407900440114
0.0853353208578144
0.0375827109603191
0.286198390187463
0.259326603825431
0.276765373698644
0.309821673782285
0.200822037706074
0.0231071656921143
0.273813983998682
0.0223332922590448
0.188265971706679
0.0803842200975518
0.106157095860449
0.0917404587273848
0.091311725265618
0.354322497486548
0.288875418376697
0.143951891697985
0.135741616388922
0.077751265842434
0.372338998128425
0.180883617695652
0.256092827098817
0.0514495510983755
0.738244182816906
0.1812952431762
0.0856646140731616
0.335090802472925
0.327569811073993
0.24536402495313
0.0512922185165618
0.0922522044846719
0.298162020849329
0.229297713410701
0.0558901286225697
0.0739116334263759
0.252961977934541
0.443310206834177
0.452198279995059
0.0856082880314287
0.57249649423999
0.0745450066029972
0.172561769594796
0.127800777793935
0.0940442739261663
0.250607377679195
0.0765493853261521
0.504064325454854
0.566702688039752
0.00356382210484473
0.672337261621658
0.223385433517364
0.313004295136935
0.287549307189716
0.102217847055173
0.177285309803039
0.116267218936223
0.0969862030252152
0.462591411052845
0.0584033861175559
0.0564593486747367
0.3245701899474
0.331526013554346
0.281247266013138
0.140848162544533
0.211654892420922
0.370540676351409
0.100498465428688
0.365866428305677
0.394953279471969
0.0420037310861997
0.329981349660366
0.230335560662724
0.424768498859809
0.0154421066829356
0.515530935692161
0.56982993233719
0.181383301376649
0.216748911285938
0.0496035511829994
0.225801736641549
0.282628801830611
0.392810016665618
0.322961967286042
0.261892358908197
0.0308416298406845
0.30997140926835
0.174810377085654
0.347848121743907
0.554452778277789
0.458843804153406
0.53357781141249
0.0830059066570006
0.171505598362503
0.0206381302096653
0.172648398148832
0.478824614524641
0.379168462225236
0.0728750754062541
0.215620124913607
0.471865711898357
0.199653931469739
0.222339752563652
0.300975123408283
0.171022279085461
0.632775411778236
0.0607057221156329
0.11896791900605
0.353026685043337
0.355060887137726
0.187787344357718
0.0793624477245191
0.0541385052112268
0.36231802676684
0.495342623772459
0.267794163925349
0.121174513360921
0.0346470613936968
0.678574958197578
0.41682314775459
0.311885272003187
0.0808303847709539
0.134815640184768
0.164615466260261
0.406479729827801
0.242228666872221
0.520783982731939
0.0942947048776018
0.0508581928557909
0.0558033521535294
0.0648415886587695
0.0178855361533973
0.0856025759924603
0.120130929521776
0.21592540708582
0.155188159706168
0.254322603760176
0.0709546757316179
0.210564586646534
0.136761395161718
0.23089990857252
0.471255995006013
0.270057427997998
0.19677533549482
0.0776952855171666
0.373926333217685
0.142145081743523
0.20492019968703
0.0326015034794833
0.0416390862786723
0.0618696328245751
0.178039390307624
0.541663642543075
0.525993528712907
0.0594985598419515
0.0355561167926543
0.276690780591124
0.149772424683974
0.495619353710385
0.154118891172086
0.185924765565828
0.0535882152581689
0.168518243493704
0.163756232326402
0.359271623589654
0.293817064305833
0.496366201412441
0.831873183072443
0.565815329178705
0.0266009687909891
0.586296146462757
0.298470229352377
0.0266674185982749
0.499450474434822
0.0277315348917444
0.151304246287641
0.142822596454144
0.288430603065634
0.105667300673033
0.193808807539024
0.0461825409467943
0.217697113525294
0.232056924670395
0.180942884276727
0.114103233253148
0.11461941848283
0.358443864796422
0.204260473886487
0.119239219373731
0.194533721710872
0.129639697640905
0.569902918310632
0.150207445660504
0.279519493319616
0.133345741800907
0.602054882900301
0.102720729430553
0.161769734524832
0.411640739684008
0.171509379916783
0.0552350795727067
0.164446772328836
0.066377005631796
0.575416619207198
0.151180766202383
0.062193957051136
0.27360033729593
0.116678752909239
0.230645361248905
0.436327783406072
0.0895683815446413
0.218259539498996
0.152225933961075
0.181781508385515
0.220735988712199
0.361586506471937
0.169240426180394
0.0904867799885112
0.713464309980406
0.310547242040307
0.044096704585441
0.165227764906498
0.344642271371633
0.0951363883338207
0.187907992938951
0.342578967279025
0.290771908975687
0.0183064023319963
0.0990966382423904
0.128921319034151
0.207311801445158
0.369989746788783
0.0634060810470672
0.36086102943572
0.267712530396627
0.412420317535854
0.134240492331891
0.0263817851688043
0.422283440096874
0.31021718398224
0.513018980100965
0.302596524938601
0.0811160324428869
0.338830144805423
0.205844239522444
0.34169508756584
0.233135244314299
0.0309197129937502
0.0560861645917095
0.30610414399445
0.415494120052739
0.453545358028028
0.0282973186796417
0.0125059386102974
0.231769772181833
0.0775395254708451
0.393572367987037
0.378872088251857
0.407763474894228
0.166879994333558
0.279240734803985
0.194399281125377
0.473926500704354
0.271487380541306
0.0975071811087406
0.217487411417953
0.280636337411544
0.134040823530095
0.322248833654998
0.325151524969759
0.281836800272625
0.032784579718269
0.32888339774092
0.362131544126264
0.0154040502228527
0.32230904599361
0.0119781503532442
0.494437405587887
0.120607280353718
0.140521035651245
0.0646817227239728
0.00407980847237954
0.298625186384521
0.117589310872873
0.0900339885592238
0.174022824283433
1.02112586870403
0.484818725813712
0.397732832351915
0.215227106525761
0.310028505879049
0.0956898090830506
0.0508600760668595
0.355836743858414
0.0448585603025663
0.100819568696192
0.138207296818377
0.13053786796401
0.211782711948747
0.126989470683999
0.0334540914655441
0.230644523881055
0.25336386808835
0.0368461930785168
0.569950758332175
0.220948892327274
0.340995851247914
0.0603734532937564
0.121297105328132
0.118048420567409
0.117117672458578
0.0451442462480107
0.0905209023819667
0.322082332616395
0.616728656172134
0.241084150343925
0.28526455955544
0.261320387665318
0.320621766588066
0.140751980840838
0.360415700546521
0.277190376017176
0.881043914508353
0.242689328907184
0.369404771427846
0.355252086285371
0.275154180288914
0.159581615267036
0.250966258046975
0.331021481942566
0.314734911062267
0.190341637818315
0.105965837259788
0.208931371111708
0.446009970827883
0.0574335079905236
0.716707409654272
0.0266851166852882
0.307853609530621
1.75238702248618
0.54314712004681
0.316279854138169
0.389437780528076
0.0437507876626533
0.209408448573311
0.279353764825335
0.51219486073407
0.186730799406313
0.455483380948294
0.653127903205925
0.53591673191284
0.464798742991379
0.707810896215926
0.278104769482594
0.27689597234544
0.457621949485826
0.323943719153064
0.217157051443004
0.18108225828894
0.018030044670242
0.0824582202626355
0.043053439435042
0.277275526203889
0.0573281925443079
0.235751933012813
0.0827017555506782
0.552532466183541
0.436504039467513
0.42422125017618
0.56798168366221
0.453646864264889
0.0984093037762274
0.209455418981863
0.0703598469825239
0.395341033911759
0.211064491283675
0.104019080582636
0.278623154715653
0.308723767004991
0.150426890577432
0.269493148400583
0.057940538057951
0.036522264925102
0.0998067933558627
0.028777283779292
0.145856687527378
0.0824505962182827
0.0244871125123742
0.501425114474242
0.480346508159938
0.102844713900605
0.141709953956619
0.318224728047897
0.106743407720085
0.314616802822175
0.276551696907428
0.411189617742422
0.159862110461442
0.478605688308553
0.186432733362631
0.349155308339664
0.261233740675404
0.25882805115729
0.837694424400565
0.086143169240289
0.343345689969896
0.137529166644978
0.137363667365824
0.236049715276099
0.161793200900944
0.310705234774212
0.162841700661667
0.0358005518697559
0.0863217855541998
0.188204642968987
0.0295145441320019
0.0272564895491668
0.218002309912544
0.242532979897138
0.0245838161452347
0.393851520024375
0.45026998158286
0.316463197844916
0.0992100179073931
0.201598673820348
0.177240402709578
0.142133129785738
0.134915247846898
0.204553088008718
0.257498100323866
0.101223175389642
0.430939480831943
0.0325841817889359
0.374601002189131
0.104957097994774
0.160189591863642
0.0234449383105461
0.179708992804469
0.19092042807081
0.119596415070509
0.371135906906406
0.253569261965079
0.547519884807493
0.136929821231373
0.0983496151691828
0.379665610091224
0.167547564995607
0.237301212058473
0.120880625968209
0.269508720801248
0.496535754999252
0.135761647223769
0.215851519871735
0.123429756276076
0.11900062038178
0.227699561335326
0.52488614713171
0.312883258689884
0.0651558007994206
0.0781021380214408
0.527395280343005
0.0899600214736744
0.395223146064929
0.0316488308766102
0.408744208557559
0.141334705737162
0.20846398518667
0.0656560788858664
0.177103702000389
0.464836379736403
0.1111024625273
0.00768852307814866
0.27568357542808
0.24606283708177
0.0570770548325352
0.105999709416009
0.0539333473208857
0.0445155867766743
0.27743257038488
0.191954062265595
0.438274077662145
0.114396220756269
0.52058138048891
0.08441975971059
0.320445305037224
0.77492044122391
0.189780796287083
0.106879714826979
0.186704165192346
0.234208282001079
0.0391128294039395
0.248897164601083
0.23760796042043
0.257697931102231
0.0554813654148368
0.377405374936572
0.230591924839462
0.409880256598412
0.0406345028966469
0.110015735621035
0.669193923951992
0.210186335515565
0.286821217471166
0.196663233485245
0.210917115620931
0.120647742541614
0.166683632543225
0.134732909231144
0.141050832771478
0.318181413344552
0.132882883397298
0.0999438968696
0.106800861242076
1.12518889826381
0.169427520924868
0.151642908018342
0.159909249440594
0.130840046673804
0.073717130275078
0.0469311742068981
0.54827182641704
0.449873287723703
0.449991596774848
0.49393900325681
0.312929145098796
0.301453757042497
0.134068201703635
0.310993960040165
0.246262676846896
0.219909868611283
0.13123874957297
0.061917114386938
0.0935247393173197
0.150003060739273
0.233955237274323
0.357364283771298
0.241478966626535
0.249412779775702
0.190777798701846
0.249226653712307
0.0562450498995728
0.23716857364629
0.444004361259563
0.320296192862199
0.1052565629611
0.197144925756363
0.536380295102653
0.314894445088006
0.259664789061989
0.416486448908704
0.61128470425322
0.212109987135143
0.238365996770136
0.225424293219352
0.589612768785416
0.241044207399277
0.497310106548579
0.13214964635372
0.161390442351705
0.0811583804499262
0.269092660476118
0.337501472354551
0.266892543410751
0.430602723585355
0.221477096678826
0.399653433176261
0.892026209872831
0.154787317669862
0.471701151383038
0.268580056269944
0.0606263764488882
0.132600104687093
0.108578592446318
0.106125677496926
0.266634517394401
0.0395866037710969
0.206908477000194
0.039878403537108
0.173530585242727
0.264508280666705
0.081032387753909
0.268630501619142
0.121003111710055
0.304742472688012
0.396480847730051
0.0834464889986286
0.0911018905581208
0.00909436638410523
0.0826157286511531
0.0145845031695946
0.325484345260787
0.582829297256868
0.117293581258255
0.58716407596768
0.0362691981290293
0.366710318954891
0.11781611450289
0.405005575825309
0.0499425138754013
0.04827515414827
0.375661922632976
0.353991046091123
0.168999794416643
0.286245362107011
0.307628942949685
0.114047756511807
0.0862684066509866
0.0616597160854912
0.108410594302863
0.0439022460979027
0.246852951352898
0.325534752875067
0.331823160367334
0.17563816970689
0.44511621956977
0.155652728606364
0.0552272587232909
0.143230223038709
0.197838629386106
0.711933063518346
0.210256976658094
0.0684573835400916
0.295118804646477
0.0316929132661552
0.00955647756046517
0.211781988720541
0.511784248619808
0.187247029747246
0.196989841112446
0.273121740651661
0.208414147771513
0.323206582324612
0.0334585484562042
0.289908693638489
0.134349836059427
0.266271143888198
0.256682656159604
0.154984111971344
0.300554436726476
0.220865756639479
0.21441189036217
0.402677143022252
0.103567012677746
0.0308496820764269
0.00548628036089977
0.105946657570644
0.210483938293345
0.20334700484947
0.267632192063143
0.413226064301043
0.252413557773222
0.13840742658169
0.509364747130882
0.118780011647064
0.0166230220436645
0.157947069312001
0.642614728007171
1.13116694013498
0.212878479718905
0.433672784279468
0.0459965383954961
0.139938688676519
1.32374800959026
0.0397733039198416
0.363781794557709
0.384777899115395
0.230361518897625
0.33731781312662
0.0497916343939771
0.0977330685791474
0.22370606029139
0.221625168327213
0.297783641895289
0.167960268765481
0.368046764868718
0.308611242293419
0.0438172899924733
0.146742863178869
0.0543441131062194
0.0664129147511779
0.186982312529115
0.0394789853888254
0.00910017504678821
0.249054238355482
0.207981057463521
0.377396454512441
0.374026383600831
0.405553185392428
0.684722594227823
0.362760375436979
0.0359551320798355
0.26941491497871
0.172686474096649
0.279107842335766
0.262483062313193
0.100307627118857
0.342065427636066
0.0456750618110938
0.24344032805541
0.228174315695841
0.24790843031805
0.0576905257931071
0.291141027015438
0.162970203529654
0.204946528901827
