4.0595505883348
3.83766988154674
2.22691688654365
5.23861940997263
4.65223563813229
2.97274821646216
4.41293883559734
4.41266260803796
3.83709104610255
4.62117936935797
4.72252166524888
3.31520435418825
4.12064158843759
4.29868651587204
1.63486477141552
4.1125070477777
5.09308772443908
5.45983019118544
4.27941454803612
4.44081540230359
3.09882057488395
3.80088033710176
0.881298898042539
0.124029818628481
3.4284379018678
5.69658414289611
4.87445745860674
4.54048005252017
4.41749822224251
3.32600979007921
4.62614756240483
4.80367151840237
4.95565053833793
3.23454303324586
3.97717474707853
4.33166187031718
3.98058254427856
0.789876220870608
3.85816324345005
4.6205647627727
5.22879063263428
4.69495226405333
5.37109688948792
3.55964130806292
5.39664987020859
4.30008419100489
3.3579220658136
4.96664600989898
3.79373649712146
4.55146465721353
4.95828765370703
2.22679303387445
2.2908613657413
3.89721485966424
4.65604786901229
5.35921026463827
4.48128037859724
2.60827643339363
2.9467551069675
2.05762976285165
3.83046033480641
2.68430094801965
0.760453348667518
3.24824867516877
4.38456832269319
4.93423461570144
4.70061849961993
4.370843399382
4.45712243515615
5.4391925308056
4.84257049722941
1.05186266107466
2.94155224924294
3.47829628122009
3.35275331507933
4.75932025651761
4.15972510120468
4.65261064447346
4.43997916583084
4.0779784048561
4.20210195121475
3.89744805651469
4.38592394055548
3.69062845904577
1.9338741083201
4.5246169617963
4.74424924292459
3.38136930393467
4.52643909733715
3.77905173992514
3.15711923151832
4.1113484683398
5.11391931789838
4.16395421990369
2.95560349387383
4.74037605774467
5.36406484789026
4.60271616263417
4.38096620019331
0.922174362025624
4.7829003169969
5.23909797160624
3.4755665263035
4.50663969235817
2.15412800668423
3.23628114121649
4.58619574955387
4.12707491959037
3.78992291607953
5.49706638640377
3.9906249371327
4.74172813128673
4.501656416492
4.46564245805167
4.40600711723648
5.10304317176254
1.1594543070085
3.0916972850059
5.19277159383351
4.82942393979322
4.8423020989763
4.56995057608745
4.54097103947989
4.1497453797891
4.90505093933398
4.10447218328
3.10476859629373
4.80020991469357
4.66032117044238
4.63806385779405
4.38357888025405
4.62002415164729
1.76556801480473
0.762314712675789
4.69476784657608
5.14570007148818
3.92563189037059
4.64175835898923
4.81753754580105
4.19931043525277
4.14841568607281
3.87491828586671
3.75983896981617
2.11868492876492
3.82837190573472
4.59718846334459
3.15093940216408
2.94194464382972
3.61137954906517
3.81477288260529
4.42034649718208
4.60845454989604
3.21595808973604
2.01785490545072
4.76804242410726
3.07123617854498
0.6433008121117
4.87629774056584
1.42917610410304
4.69442365614712
4.93052579256388
4.49740512047822
5.31347902541371
4.24852364154678
5.51805748960447
5.23229310728575
4.81747174870378
5.53331074789906
2.718511922937
0.857793565865784
4.26200394721583
4.07711615245931
3.8481183345345
4.45106685578463
4.77666502460909
4.92032298800968
4.36369805837851
3.76610133030697
4.49156766759734
1.68545690419593
3.02160081848787
3.48430577190363
2.52405050014575
2.06755938074246
0.906039416192232
5.02758522512704
3.34061438883521
4.61781216194021
3.52452266193645
4.97670319524768
4.75141463434268
3.41300117685689
4.60658700165517
4.74605779980735
3.65007093368062
4.49460073497409
3.73509287720412
4.91829246975304
4.90255208190496
4.9155714778594
5.24361423369212
3.94655198035378
3.84615754374112
4.80775492958758
3.89859958019955
5.42405093129006
3.85844097766959
4.88795562527851
4.42602239347472
4.40717196697582
3.98972111937745
4.64429697026937
3.63096835654097
4.93828717671463
2.48066790196802
3.52700593234415
4.12984670910908
3.89898029357911
3.68579907623103
4.04430880532543
4.1526073152879
4.99261923492947
4.70354328209534
2.81873186202932
1.22224922295352
4.04484936593247
3.49877203828837
3.94520588648435
4.83073421270678
5.35665955792633
5.25795048489582
2.33552724453145
1.71512463557878
4.09949768500471
4.77936767956543
4.75635066525559
4.32387525900053
4.02260302475457
4.91775318500389
5.23884938015631
4.61984641851651
4.50847992872356
4.35888150292164
4.58187217545079
4.32728539521161
5.58111200678345
5.58316228166154
4.28107008039486
4.64229046035778
3.13548676770204
5.43944066809052
4.76986356759794
5.51830391455645
4.38964979517365
4.47671018341727
4.52062690742507
4.38382295041186
5.46762057823346
5.13456917380447
4.68182826385743
5.54654138908469
4.8480253069891
4.83439252200599
0.454651255344235
5.66986275414708
5.01402597338328
4.93856327639429
5.66411618777338
4.32218350628692
5.77392208317923
5.7964844208718
0.215660785792974
4.73666072386302
5.04869720576041
2.75204171168672
3.0129769807447
5.42780403534098
4.85525261729818
3.61950949565388
4.30719883081998
4.17702643752526
4.51735837083534
4.62562482767533
4.86643830793138
5.15506027200491
5.31242309129115
5.53998247872121
4.89127170147581
3.37314094835584
4.29049657001557
5.11979922376788
2.59483647487822
1.71008306833722
5.00498577009281
3.85479061843707
4.34703408119493
2.21488387776058
4.93557194301801
4.63018315693922
4.76737858467806
0.404408629041397
2.21126185719136
2.8326977054022
3.7563657258166
4.79137598899833
4.39911729339519
4.32306848416036
3.15088398128923
5.39576883059618
4.09278626798116
4.20474876650125
3.26686864921056
4.21967650252192
4.26091799483414
4.74515198988017
3.62413160854748
4.50833399461976
4.53577338319251
4.59477403346337
3.17179803715895
1.96721384579696
4.35373470525218
4.75985798990099
4.90607987768184
5.17564980972886
3.98861332963319
2.47011583346199
5.18585070700144
2.02631931607179
4.54490598526726
3.37034444672257
5.02950915053421
4.22551287682548
3.59189331140893
3.93858374652865
3.59085404196999
4.84508139569708
4.72113095846838
5.55960505378215
4.29675925725078
1.01471901489163
2.81500524177828
2.44279283991605
3.56774922579854
4.32450535466966
4.7509664148008
5.20967027347467
4.94815087284428
4.64397309785868
4.58371962031577
3.84764028113486
3.80319244850677
3.87875658657444
3.90714904032697
4.10963187737413
5.01767957635812
4.48314562416607
4.57685961453519
1.15212094646548
3.19694910569549
5.32668824914394
1.48657568825111
2.97280089440771
4.57596602812653
4.37077617115387
2.14195217564166
4.41116710175373
2.55515045350387
3.38791657742322
4.52215876299905
4.51124968162294
2.80125989146745
4.62612266999458
2.1919399628553
4.81310757746462
2.32111973118266
4.53688527629847
3.70438127441889
4.04165436531418
4.16686047674036
4.09836923311009
4.49081865246743
4.83890004444352
4.53879098401954
4.96951411084955
4.14413478303586
4.61834150767718
3.74711308731147
1.74300571078238
2.35648556046018
2.13737562798738
4.61280669048546
5.57122104911175
1.6440625725871
4.43125598297399
4.77200983861068
4.49870396051534
3.47396439050469
4.99293565658314
1.41712698747822
3.38588799299078
4.35831624580307
1.81181003565498
1.46589957990873
4.43524338465968
4.52247399632143
2.42356728428808
3.22414405754536
3.38192547212759
4.04775948337159
1.33525053615637
3.29229364867041
4.35596446885559
3.96066295575207
4.43475779003258
4.06947405585162
5.5430894161282
2.66329651038311
4.42847259427788
3.91124192736552
4.81987467303462
4.31313569300021
2.31672244344008
2.99699580106038
4.99748215943009
4.45819733599936
4.84532992401902
2.97137013832396
4.82410174276525
4.55515799732955
4.04113435223108
4.30437822428241
2.37172665223297
3.91058381315561
4.50481882881324
3.87614591732237
2.85595272873459
3.93400391958916
3.59977237623116
4.22195922384036
4.48626716622195
3.58765419222834
3.10879836721442
5.20809710146111
4.63773081033205
5.11950905017058
4.75119619666929
5.07745616949731
4.08081447819371
5.05214630620753
5.7645184827744
1.39311235990019
4.83546899753427
4.06467890953517
4.15569257208351
4.52386400113909
4.91798973582157
4.90552441449249
4.88107710722535
3.18353312221193
4.71818422194791
1.53136175733778
4.82426972918598
4.4312353322506
3.79814636771356
5.27841519692854
5.19533533528948
4.06559015304209
4.3940174339769
4.51331213797774
4.2002016790594
3.61795796306825
4.93237243569072
4.36114104126991
4.8985809164431
3.10076490802693
2.31290614937382
4.04662196730177
4.75656476394966
5.1369508054054
1.55355124164433
4.88282416497729
3.88791621480442
5.9196180776895
3.96808316614282
1.50647243963649
5.1138635012004
4.0596769787971
4.45155519370196
3.73963785316658
4.59098861941854
1.66020152113744
4.31327891418958
4.71584461245522
2.8201566800159
4.45924700467279
2.25740316848402
4.79201485489136
4.96779885009252
1.74285039754467
5.11385794314967
3.97967804517519
3.3591524058991
2.4836897462921
3.0148013070773
3.7571190860149
3.00409845683292
1.63019409802004
3.38064689423063
3.32719866629681
3.09456290265302
2.09853378062408
3.81827690172795
4.13770961615769
5.11035192447149
4.73725893028881
4.16798247090652
3.63469978260669
4.90241346679312
4.93759974319006
0.200635021129504
3.33643162712193
5.19710969505975
3.45167094243805
4.47852678068397
4.03075739423944
4.49932477737213
3.55831859164017
4.71571352936408
5.44988353535276
4.13851311501803
3.9865646207522
2.97435113961753
3.6026911293711
2.00468772088033
4.08555178687638
4.32264077646857
4.22821069606075
5.42916753625015
4.11860169141068
4.04531962118569
3.65131167307803
2.65122756320338
3.15768306914081
2.63236315507051
2.28542688939885
4.30465986392112
1.81256018606354
4.3572968784154
4.67690871270609
4.54981100628929
4.95220275978962
2.68733728619716
3.09899205331085
5.22424633776547
2.3332872667295
3.61612019491838
4.18086776012417
4.63758290082315
2.61424604905838
2.5735160162513
0.757078024791584
4.37211425297768
1.27472731294612
3.86493484634623
3.01372732370976
3.91755130329233
4.22533982278373
3.69810771126047
3.39536563082557
3.88455857181473
3.62412849441987
1.08963867523038
3.04632611604136
2.41741560718987
4.87287190303617
2.26673443742421
2.33541949709848
4.54925138335807
3.89361275580299
3.132345338563
1.55125763985437
0.468508110325542
5.06397166007208
2.21511344406529
4.48358109803205
4.60078587875073
4.04165209758171
5.1943938256242
4.25935730341669
2.31735904400933
4.49134408625978
5.55355031492245
2.20996297319459
4.911085052771
5.01921620950928
4.71901465259057
5.76270204570425
0.68363756883837
3.49950199541205
5.13859591869893
4.82515962818956
2.23196674989769
3.69581822299301
5.53570140895137
3.22488106403673
3.69389250912376
3.73271552949322
4.14360747156547
5.02295797835499
4.15086400366754
5.02202336007533
4.91866341800601
4.36531349536437
4.87961014705108
4.56354157445305
4.88103256589986
4.94792987040992
3.20663759259436
4.38139015608327
4.30564568868247
5.15342790245375
1.13894099583811
4.78381389988783
3.30407004466349
4.88914377813141
2.53777391867901
4.67739112113646
3.43829603570716
3.63499045391951
4.54383237776581
4.12470090048583
2.34421037515448
2.84769431463743
4.81530536305165
3.38703013014496
4.50310125700829
4.76661020720472
5.34494456033157
2.17934934402942
2.87293822378215
3.47337406062878
4.280261775633
3.67229503865602
4.94251485103548
4.98362831565956
2.03053960772945
3.5167922571114
4.39669964646214
1.91181173558235
3.271166178082
4.14694823673708
3.92187658105769
2.14393677666211
3.05572083961954
3.87064897281153
5.45151365496821
4.63501181608512
4.66169681920471
4.85175236127902
4.31525942616752
2.7301348073077
4.28787839546682
4.74320002729804
5.09851599420927
4.09065128050192
4.0843566879266
3.31517673781944
3.12751787276164
4.81763657981458
3.3413250474242
2.95348313535553
4.3392920070253
3.69699667941026
5.09421919046878
4.61382371793218
3.58241904682984
5.38680994553949
3.84372080127674
4.44018186935232
2.92055115582285
4.10628829527
2.83373748100034
4.84935399049699
4.66694983319468
4.1216602206676
2.30124244858931
4.81160650956875
4.7876963568318
3.11681286938919
4.19762053095807
5.116855417975
4.54926818125857
4.79577843220956
3.16749180409413
5.17599536204475
3.56009595326442
4.44944754519482
4.85381781477874
4.8507497452527
4.87156049364927
1.40055266440441
5.92428187164129
0.758636524017335
2.67178446467785
4.64187788649949
3.96809424785838
2.84857176413499
3.02054438004518
1.36598025931596
4.44443021184846
4.26327668524732
1.65182183531591
2.47502202213138
4.87939017724953
4.20750743089738
4.575100733621
4.47736880256788
4.9995459792635
4.25369490311548
4.84901802404562
4.19688287644578
4.4376181143532
4.95471107586106
4.82343592534403
4.21593029016924
4.43255792220423
4.16608522135825
3.90380766007798
4.75438251951023
3.1315527713821
4.59966190182081
0.721058379180302
3.03013733464555
3.10665009696473
2.01060616966611
4.55436449319874
4.32045096981718
4.9455023698745
5.29290292767219
4.1470419725726
3.95324875095047
3.38818368654315
4.10755811944068
5.72658612935927
4.87926000170154
4.40255482277576
4.8926767947468
4.89001946491115
4.93500221157421
3.89175047818613
5.29222515291918
2.36482777336301
4.13663834029232
4.25028830984015
3.42853226249325
4.51997337595365
4.37226742655483
4.56050770118289
4.2528215105617
3.14750563559892
4.11943863318914
4.51745072137343
2.01769391092312
2.56745982826591
2.91054013554698
5.17538093733666
3.42372853791206
4.31014383630492
4.91055902027165
3.20119845115527
2.49876040303632
3.01417997771547
4.89581018715721
0.776556143691958
4.57090292493198
4.10945667885732
4.18630492525746
4.63170690478167
4.90595522507023
2.98712066080657
3.40474532304072
4.14427024772626
1.61790059891976
4.72350081132864
4.63750794450552
0.837449517211941
0.544377445408478
5.10778959492058
3.97433949849938
3.36868232878746
4.42593341133557
4.89105856773646
4.7785758161847
4.4642572168406
3.96912993593619
3.61563843222666
3.91397504386566
3.16614920293385
3.81339442077276
4.38369394883309
2.85362454539688
4.76977065647695
4.44386655915475
2.61374984037712
5.2875249831141
3.94243862463903
3.85692511773718
3.21809969277447
1.96439805203294
3.8024861021225
4.09423598797423
4.49480597391237
3.62006118855406
3.00078073799361
2.98008244998073
2.35373709290613
1.17684544918396
5.05657601208259
4.63571411959132
4.7646851888699
5.12671625250389
4.10927007362302
2.39100474735422
4.32473193484616
4.2131944608876
1.99177938813773
3.17406804650363
4.89674026774913
4.95816433095147
5.09168745307657
1.86466490617913
1.36925916432013
4.18571739940422
4.10507507491134
5.25197359630172
4.66987574241489
4.66272485240898
4.95688380014729
5.04055049869274
4.51121553857974
4.49324842709022
3.25908783520526
4.44215510027426
4.00736264213298
4.74531302608666
1.16110443363492
3.93504830640308
4.0023795533023
2.16395040504967
2.32655393431175
4.83106039577778
0.971329857821802
4.5305130996395
4.58955322877876
3.18032275501573
3.56540754770959
4.06422866065729
4.17457628155521
2.81017685829467
4.23737410325765
1.17533620317746
1.13002304520237
4.55633360978366
3.79024454808635
4.99078426512085
4.73111223248392
4.31724045781311
3.92015448844137
4.40783839434845
4.60085299622829
5.05105989783108
5.03914374745247
5.31893307850024
4.68712502314173
4.81694869211504
1.60633881117836
4.7030086468857
4.65967271888826
1.23984961302691
4.51130363058241
4.16683520998641
4.54669091518879
5.1512896589031
2.05045144042994
2.10184581047381
4.37071315894358
5.071541021485
4.32836238822971
3.76464729996377
4.89780767089065
3.68871812382659
5.3158148413331
2.97660948546592
3.98667590314342
2.20546249566161
4.30859769190574
4.9264898751868
3.96852247752751
2.06659896039689
2.83521852915492
4.83095893233706
4.68184994118958
4.3393114112702
4.93619656329062
3.95202346163011
4.3416168180097
3.38184429456756
3.56420970157721
3.47386952186251
3.90944373455333
4.63846295232353
1.62443789595463
4.32052240162064
4.36304892831683
4.96127839191633
2.73447976665974
3.49647693968401
4.59199468085472
3.58811868929945
4.29103488565142
3.58930699737691
4.2606350018931
1.40955653907936
5.08481532637485
2.57232758341826
4.32590539627712
4.1033141737662
4.00145468613967
5.16642812796076
3.96247678769614
5.12430080684879
3.01379276571508
4.44240343820654
4.37166847248737
5.22726295870792
4.15894533061704
3.87236511563017
3.50098666444695
3.75202443575489
4.98109533037848
2.67538313732761
3.94523084973454
5.59843610634737
4.53878346801842
4.29171717532302
3.01542678778505
4.81631999877468
4.45212981683611
4.52819855316124
3.47242796202736
2.47589821662213
4.79896877398563
4.36892850080395
3.09904880972672
3.30227481469381
4.95503401139312
4.32006566275064
2.02437156814084
3.98712686260123
3.91422110690142
4.73310896933671
4.9508239055567
5.43304689736745
4.65674625214853
4.59037998284904
3.7053141866853
4.39476615807899
2.6334097992615
4.74549550558556
4.75703965454079
4.29583994451565
4.10085461678539
4.3764447710158
4.64364854359669
5.21720062034578
4.17971700010931
4.37846674209669
1.81290967277621
5.21843417192741
3.93038565212288
4.87004437720032
4.728340820783
4.66893761290173
4.91220087621388
5.4452610560445
5.2715097469429
5.10888819117307
5.4786455107191
4.01738212574688
3.82746053601063
4.78057526482213
5.273494173246
1.76821444705677
4.15877259394213
5.0034894276057
4.34078077482941
3.76468355099066
5.17070515334033
4.40602879207573
5.25531839277312
4.55684799374737
1.1204816490209
3.04888542523116
3.8203384640891
3.18490731944492
4.44592539354855
5.33658340633708
4.3876007808371
4.02159777289651
3.39616377958427
4.92854392550656
4.48183766558328
5.48543831784412
5.62997396662614
3.86978100541912
1.81884098786243
4.37131804656016
4.42444755412836
4.32683987381204
4.48741597543384
4.75441705236866
3.5051011247613
3.12338481899866
4.71102763893426
3.85956777798987
4.61224758573261
4.79160028747539
4.2493808516326
2.40232642378341
3.46335236769523
3.79877853435386
4.51420763663937
4.66969437274271
4.39245026110223
5.08830658269792
4.87273668245973
0.850519117315459
2.74247121382409
5.05759109962564
4.65201405903951
5.4181838091932
4.97589511823086
4.34711454487473
4.63510803564589
4.0527339201405
4.05637728983606
4.885377121324
2.70645369987144
3.07526531586216
1.45870885834401
2.26454903472976
4.96412878803643
4.02902486806989
2.0387311817785
2.02584624202769
4.12207367745413
4.29278450744136
4.14861263857422
3.61144595330737
5.11996862779115
3.03600276119703
4.6824880701709
3.10940667077976
2.55800727204046
1.03775267213728
4.2678183446688
4.97303643105941
4.0341514849077
3.99175658708163
3.75596096928934
5.20560349852007
4.31537484520772
2.89461084143832
4.06823771860738
4.80959117439498
4.33165996461978
1.24656471515859
2.93704287251479
4.53703204495366
3.77023095989601
4.83833942433412
4.31092360336806
3.55066107926743
3.59188430199513
4.5265269192997
5.07107957453308
3.4404064206221
2.51683214844324
2.73735124207691
4.51455907346148
4.07936437785354
4.46053992253807
4.97500596837764
4.3872743815854
4.49063264918023
4.5966267437337
4.41713543786613
3.31447638199549
4.38701386098249
4.76222537368862
3.25460361732093
4.78640793963626
4.25412447686078
4.08081659156701
4.44648523948082
3.60502423611397
2.25209799528783
4.03857078255882
3.9476796239557
3.22813245918969
4.87883086227295
4.62981930295124
4.99844752489438
5.18871259417007
4.65573805935175
5.34187315143159
4.64487995551904
4.05508096096071
4.48762866381727
4.40430679368893
4.57557239304451
4.57159428863551
4.7293907404912
4.87850651831401
3.59577866423551
5.40895874506842
5.12019834748263
4.20016495379445
4.53812570586016
4.50373773155326
4.91276920361647
4.23097924332091
4.95079523999219
5.53565721831112
4.1931711910902
4.76276547393885
2.18959700035309
4.99566760675871
4.96592010767342
1.3526568201662
5.56903003626167
4.88648635956227
4.1892791142186
4.42642983207968
5.60999355305469
4.66612736181091
4.79450487347385
4.09297502429094
4.42290834950833
3.98942396894872
3.6671592776581
2.77144177444564
4.68988114436711
5.00430678808194
4.82136449015023
2.26649266099532
4.92198889775395
4.72670432176436
4.95380319910349
4.403056326572
4.52544610740367
4.91196455958192
2.84251530984663
4.88437227845461
3.83187637700634
2.52343992295815
3.14121187966215
2.16178238664729
5.03067046084134
4.81973380588134
4.94431853343996
4.54879676411481
3.8588136400279
4.60672560972239
4.49535083005355
3.51636552178517
4.28879294827493
3.81126141598858
4.54380650881656
4.94426487296649
4.23290829852959
2.83201157566734
4.05457291232268
4.51710648181402
4.95896655795569
3.38864330122601
3.98443689452899
4.23903633391962
4.58370271211516
5.12570250296878
4.78674669590557
4.31473522480383
1.09901759757947
4.90663225571339
4.65402570726316
4.92337345057926
4.83256143098778
5.08704871170267
3.51425956878905
4.38840160115567
4.95971962298495
4.52690504981942
5.15454371021733
4.18723383243804
5.06084559517865
4.78558133880612
4.58874869995994
4.22559836768738
4.57300650522156
4.52183636114444
3.48066867883238
4.29211947111027
3.79320658234038
4.51737392859719
4.67519294836849
4.39667320010212
4.54266276931334
4.48574400894398
5.1257804530772
4.80571348793247
4.36435950091685
1.96657488166127
5.16698510196307
3.05204508191049
3.62000959907878
3.3532585611966
2.93957067593208
4.79510664458036
3.3729728900374
1.9706757441209
5.15625501245688
2.15009301419047
1.8404524730524
4.12145466032641
2.93838174725235
4.34312241252219
4.01925882512926
4.5208169324553
1.76256211667548
4.39469160083058
4.35195019618448
4.05849464662374
4.29008226107998
4.00606009485766
2.9723328185109
2.89318393829595
5.66858727443052
3.28531067705967
3.90674918727791
4.45503157845924
4.44230139110282
4.58490608581692
4.5744325987624
4.96002442260293
4.84555688901579
4.330914346844
3.63821387085122
4.023985326558
5.12067306494066
4.11650088107534
2.56991778091515
4.20021688704794
4.25050676728337
4.78268936836219
4.58055314595923
4.57567711578112
5.57988691766299
5.02019608340042
3.47666329752308
4.06043010664528
4.24270605991517
2.76578680186825
4.65060333050955
5.24908207767789
2.67308162856687
2.40640501631464
3.50577224267264
4.07401926692622
4.85444045773134
5.37344512874361
4.55087954571371
4.27280603611103
3.9017476192126
4.72019864108459
4.01471957714544
4.23409382685265
4.31465379919094
3.99586646080739
0.688961575379071
3.86338124694094
4.02343107409145
4.41176648999585
3.02504656865245
4.93332868001452
4.67430545777577
4.88854443838346
5.32706089133371
5.22186539720722
4.816411083411
4.39616207805349
5.42495147327718
4.74339668155566
4.96049989526524
5.6618955015373
5.45384830157696
5.06054634302795
4.83231296470802
4.36939178235834
2.97180282146243
4.88076925364138
4.64506348821549
3.63700743359597
3.9800982668024
1.56473194376755
1.77324951090602
2.71427281750609
3.35419326556941
1.63733062327801
2.89862248474948
5.15580707155556
4.54515137836536
4.44044108341642
4.03058033588889
4.42870829966773
3.9284821260382
4.98166272560523
4.43746943533211
4.39137178900614
4.10277376042493
5.20239648419183
4.59797620324814
4.0023037861744
3.38107161420398
5.89653142120486
2.88663560517786
4.11914488041112
3.5648963855645
3.96630498072974
3.54702103081044
2.6337237748632
5.43766107342237
4.79102817078597
4.8411586808834
5.16347557438078
3.89872940823181
3.61025219631866
4.88497493875083
4.08064448105434
4.61493571433986
3.61183968040511
4.19565394671935
3.13259265124465
5.0280119559149
4.34630888122491
5.55612421969187
3.51979699345212
4.96657145164721
5.09679695444972
4.69425309399599
4.07993281797313
4.46042581766515
3.35114671679569
4.95751988802475
3.08182756236735
2.56162680890407
4.5802261054078
4.60739957404257
5.24253533555886
3.87308425405892
4.30132731804086
2.93618521860846
4.99263329413715
4.39146117473422
3.69152613450744
4.94748482707543
3.93281185412086
4.64039501866941
4.43679090981303
4.3569340201936
3.60340956959127
4.39912187271881
3.65616627868112
0.791056562054554
5.45749745910892
4.15677727806095
4.09607665008445
4.5977714030171
3.64515013107875
5.2818629742124
4.31047856710699
4.79627014375798
3.67594432782301
3.29471378921876
3.76607795785879
3.75802040632032
3.90607090419265
3.84607620071997
4.53863995149419
3.09334352663504
4.22366075580585
3.31003137872122
1.2969259097207
1.79399105389301
4.22464462389515
2.66022818180368
4.92290178097122
2.96749218528631
5.87169500335327
5.14104406402303
5.13530584514946
2.72253318744543
4.44170775220963
5.31190287768281
1.43501071591502
3.46007150553787
4.05277709745299
3.114822014716
4.52879832667768
3.9150029157364
4.02472231525596
4.21786093538529
4.54524292644231
0.964878815805709
4.66031691843225
4.20402454805788
2.89315652927093
2.84641132058013
4.12669870744067
3.94222374504024
4.9227936346784
4.75622025122571
1.30596695549363
3.9894606505489
4.40544943161964
1.91222432517768
4.58999495500853
4.12267928688464
4.55185178370421
3.95173354558489
4.35973387387243
4.30735581791958
4.13231095049014
3.68536503047671
2.83688249671104
4.6727206412714
2.42444995662788
0.508631318590733
1.19189484357904
4.72318955323775
5.0292604684912
4.55479230349213
2.43656921553426
3.77778974049748
3.97731888886817
4.49389595832529
3.26491725272289
4.65599957776761
3.99549867639613
5.00398972804347
4.9923097127031
4.69314791710229
4.4610717675407
4.63216567745484
3.60946600822741
3.78183325683884
3.70193695372223
4.3935529760822
5.4154158902879
4.51143646074893
2.9627563209241
5.25762019557678
5.03110154807776
4.79753239803447
4.30956032520694
5.03406897842281
4.24266045985816
5.06332741421615
3.33759097126238
4.74815663108941
4.38095190783441
4.01158053591547
4.51001781508886
5.74423457443373
3.5663308959272
4.62872479139746
3.72942179752782
3.39901880726084
3.80345842076305
5.04840793309657
5.44165654074202
3.91578329375679
2.28431079071358
5.21477371467259
5.02272568864854
2.80641658610804
4.62629414869641
5.02286957645562
5.08828597436685
4.84908314151258
3.74138244850457
2.60355498930351
2.82830086776627
4.60001660879883
4.48942658674401
3.61065533458054
3.38036243148518
4.63138710328033
4.6634967107854
4.91881363027083
4.70941359580086
0.39797414766556
1.71682132118698
5.94825015789701
4.31040848373873
5.4918637426823
3.26337696223619
3.6363586919885
2.66894319998231
5.69708454150015
4.04322098870694
4.59818741875175
4.06391658881326
3.66890288903025
0.808826303751711
4.070818861101
3.99448746846738
3.3631569371646
3.35301253333185
1.36191788491545
5.3854501399411
4.16795069849452
3.4218697895567
3.1152432149072
2.76222759309824
3.33795152212266
5.07610846069126
1.52888199897164
3.10810251267234
3.38369945436165
3.48040394425268
4.50316074937696
5.41106789632655
3.67500918729895
4.06519316918601
4.99884899423841
4.60517808467218
5.14554361149747
4.79326643175618
4.86459336106218
1.94000934643272
2.83693424792282
5.28519141226577
4.73776510601343
5.30881065900509
4.5667401624934
4.84595067536138
3.0313857061289
4.54672551833998
4.75348615799407
3.5940662509726
3.25884594030894
1.87104142464629
3.8651504184605
1.47513801496278
5.26323471453601
4.26701925197912
2.84560950692489
3.23060894286835
4.07341405595599
4.35740091756314
4.19185935000285
1.21263298056115
4.69866575096865
5.41624896561469
4.0823873280602
3.21000682536526
4.42347387873151
4.23312790443567
4.27473229996026
3.86808158915533
3.78956231177652
1.39404528299088
4.32106229048512
5.2408621272085
4.10220733603538
1.87354820577792
4.93114397284793
3.46013044193804
5.10613099252583
4.56759538512877
0.701157404091282
4.19939980173037
3.95815260660115
3.28322449779191
4.23177021666431
2.3713284217375
1.94959411457014
0.805978001165397
4.38361769061503
4.99135352765119
4.25467421446693
4.03831672219276
4.53411028451706
2.903081586413
4.76090173409349
5.00332826550659
5.21155692729511
5.03548094495222
4.59351993076076
0.365754718454453
5.42874781882281
4.29896469502169
4.3131281535447
5.17844859419705
3.8283611563753
4.9341150698389
3.02712662650544
4.46933392834077
3.29006008856808
5.2638499091889
4.08696074985278
3.75514369432621
5.63281951526373
3.82713235905964
4.43040231016571
0.517907914622985
4.95552421630001
3.56579172590218
4.85111602436858
3.91821739668642
2.85086720057417
1.85140534227483
1.80073661137552
5.24194731124947
4.60636924086588
3.44726802225818
0.766334568860901
4.26354000586239
4.29842715139526
3.3202395948382
4.95726241030718
4.18798573597369
4.767411627582
5.06609747708662
4.58074470798442
5.09688000662834
4.21212720588309
4.70081809058894
4.72264781869491
4.51266991502125
4.25235127606749
5.08519673113672
4.40023633145363
3.96996056375785
2.57993764573981
3.84744921470393
2.08336275497409
5.41531929046043
3.68861864416701
3.34213889805962
3.61376140263161
3.5122552515095
1.16981186832747
4.23546395332031
4.72300335396826
4.633254438452
4.40022904534394
2.72316610801575
4.1761105884765
5.13552629967846
2.90925962080769
2.98649501499861
3.25880177566794
1.21425506968533
3.1194357291239
4.11859272367686
5.89201863999345
5.36742333598788
5.42930367040257
2.93794450881607
4.50637239822609
4.30021900366321
4.79147705685687
4.752291083104
4.88258708077855
4.76462232970713
4.65133710607387
5.74544331299504
4.41614409719855
4.49263740900583
4.42992379944807
4.96765022125749
5.35782819069198
4.8427879895036
4.7708519824394
4.67621224801678
4.6139466689672
4.42102666891807
3.83271546072391
2.97229235393052
4.93649607902871
4.80790500201055
3.36035931484574
5.49612942708573
4.82376660500469
3.50320827517537
3.88537593412728
4.63830333511783
4.0446231467104
4.41215461255831
4.32622949977341
1.99662165157476
2.88693038389288
1.9368999235538
4.11820346794191
1.26160750058464
3.18476997280143
4.33873115629356
5.2863801720642
5.55579449229175
6.00134784013033
5.32634972404003
5.51735403234498
3.84296730856714
1.38495570848248
3.92045129577802
3.0227266753288
4.50793492808615
5.43042979839313
2.84951360694791
3.53217266100483
4.8632925840574
5.47939208201444
2.24439202362789
4.31240088880716
5.39467678911334
5.17253185472732
4.61278025607597
4.4014908696367
4.75385914333765
4.86664523698302
4.57380575763463
3.37545686334729
4.82712553230589
2.57545903808631
5.04922397164537
2.62497838772807
5.23781179789784
4.63699973058244
3.84860044782313
2.69572442667353
5.06879962933887
4.71493409246913
4.53593152021715
4.49165460393885
4.99351412226785
2.51682934895115
3.15566909068755
4.85916417613772
4.38600075072609
4.88893499360195
3.46507567806485
5.45121140127478
4.80792781453363
5.19721199700775
4.88097866642287
4.3876384715147
4.72489427795534
4.07492369658611
3.76908605694379
3.9433892400597
5.08489559984726
4.08624352759011
4.38182197922621
5.04645999108846
1.98765983664807
5.40036376226633
4.51702725416166
4.11289003942475
3.68561493667962
3.03496857032723
3.73783768626216
2.82498609705564
2.79658963348362
4.59927428919874
5.08473697557962
4.26922516312778
3.24351838638695
4.85818830136767
5.09507468896257
3.83240341997986
5.21710173968253
2.37215526257977
4.98812777314072
3.79381827843138
3.47449706010816
3.78414210268146
5.48357336538476
4.26375420220017
3.463886298465
5.21828919205117
4.07880125164082
3.8850980792913
3.78136509740127
4.00318544370551
3.91885685742363
4.10984633470007
4.90651126867898
5.14638769927018
4.66183806371946
3.46141924781421
5.11897884402585
2.57597948750476
4.84953979882312
4.91752381493227
3.84940399638189
3.97950240530584
4.47351637468022
4.74666834522466
4.96988865940831
3.59551737196771
1.15284408671266
1.52538052395809
3.31252279830541
4.50996115398885
2.22251613061577
4.96091549652614
4.37995943519916
1.93493554906857
4.84133391216953
4.83960352823574
4.89845518117751
4.35792609994866
0.913930359419533
4.03696885859644
5.22936769176523
2.32300821400088
4.58372173296203
4.79947161285737
4.39569522244672
4.91876011082538
3.38482468146986
4.14781932846246
4.38176621649697
4.59950694576778
4.69461958439678
3.60170586325317
5.37179697831989
4.03745385792072
4.37320104288511
4.23710482981543
3.1511752227939
2.99859934873946
3.98321246965102
4.36118369157308
3.88671438013821
5.20727392431399
3.94420610688941
4.09052170610884
5.13301226721985
5.15381073349024
3.30665033222606
5.1355600923614
4.40141735222741
5.06268236367488
1.15104070743495
2.53210823947757
4.27654414083282
4.44275838219696
2.76362696290841
3.98910933822995
4.73334153280718
3.86973181815098
3.42037514593326
4.17338366155741
3.24666584008607
0.97339244278256
4.40684810893408
4.04299381722238
4.42699210027386
0.805740080827587
5.59253848878432
4.10973914705079
3.39856569009964
3.33710899860322
3.7903203593449
3.57403576028069
3.18778413605805
4.50567960309443
2.42507537349768
4.57702568508414
3.60343046015789
4.52639397365524
4.49734339130309
4.47701149150332
5.48405994364582
4.4541038920816
4.55775410258693
4.6531234157154
3.31972465502776
2.50906765304245
3.7778509374498
2.63338898280855
0.462879353732774
4.54501945673564
5.11260601579134
4.61337413204473
4.50800889589413
4.58220754867246
4.28590791715033
4.146666341505
4.40763764730354
3.12494637327831
3.89457758239559
2.00013189169817
4.94009394821625
4.78668586323346
4.03929949223424
4.79946045135073
2.26512798932539
3.56723045045085
4.75391565567603
3.80296627439262
5.56758103426309
5.1281470092439
4.74196177206963
5.00880143478004
4.23763646656147
2.41117674421467
0.960745034733083
5.33742395930829
3.82015786492648
3.8540928150131
5.34841273497118
4.53116888064534
5.02897191343626
4.74844078522707
4.90084890048049
4.24831985906272
4.66514043234387
3.85425227827742
4.67415691442159
3.74834011435847
4.74064550268422
2.98859701446809
4.47882484075471
4.88252139036684
4.77076205475917
4.05833380373731
4.22677587772481
4.81472395719047
4.87266720436418
3.41396622653244
4.2132144764911
4.10127131408842
5.05625095291403
4.38897273433273
3.30112652959809
3.81859263301987
4.68328110546103
5.21571003112623
4.37479542927495
4.03611590284633
4.85607498062323
4.77506443581392
4.61519096411747
4.78716367998079
4.71409340495064
5.11136919022379
3.14169708535603
1.58073124898792
1.84163277156799
4.95497457557497
5.32289761877491
5.21363708698971
3.68164182190077
3.59255594430717
4.52783341087118
3.12531095058798
5.51701087018519
5.20244797911456
4.53944182209472
4.4099894625667
4.39799842677886
4.37996018735348
4.29072868980792
5.01701134931814
4.25951778143195
4.32883476498625
4.37445187294697
1.57967349294048
4.66235917696434
4.92176963866592
4.1868734493943
4.65846362363659
0.87471392189907
5.29581137158897
4.08845250470407
5.37769760710322
4.81668736058712
4.67782192368728
4.79464844232378
4.14433257217443
5.42252043342203
4.58693080780556
4.33994257346757
4.6361879093145
4.59223811521908
3.04544429709724
3.77113791655501
4.15866242804945
4.84372291319128
3.99233407090398
1.58889797456828
4.30963374927619
4.59557645883154
4.11645631327594
5.03395051924235
4.01319889133571
4.98957087190118
4.84148799119207
4.49794785469501
0.756561622587277
4.51124770482387
0.370272994740664
5.12902923724207
4.63493572119801
4.24504711721214
4.67487020474995
4.25081662458259
4.33834493790848
3.79326729568367
4.47818236823794
4.7098505521735
4.71825131975969
5.61969007854227
5.26801792097147
4.34126255015755
1.38620196020755
4.65953553234795
4.83823737643295
4.89313610363177
3.97407047386771
4.15608997124343
4.23416514088122
3.64577033868613
4.37185169520896
1.31784679913198
4.88792652547932
3.90333126571064
1.15672292832887
5.37903478412619
5.19418917112341
4.10051823689369
4.90436126635783
4.3687749575017
3.49671604658157
4.1768652980567
3.44211589324556
5.6742678600739
4.53088518050535
3.81070167914842
4.52372306077652
4.05370403956618
4.7649687578318
4.86974463829911
2.2741273734037
4.88006218854771
4.35809466602759
4.70919735807251
3.56000077168016
4.49374171412926
4.50194057572361
4.24770892374514
4.1213639935849
3.57579990981066
4.10663056178801
3.06492681149989
5.00150418446776
4.47306505604224
4.11345686338245
1.29737589407627
3.31252174936809
4.0983328601822
4.20995156491428
4.06446782845374
4.24498411184746
4.4776130301922
2.42195002626769
3.50334835647894
3.9524308119391
1.56061383157699
5.26671466664291
5.47128916787036
4.5699144261282
4.21249148015723
2.65913989164281
4.17473301011197
1.15175637475861
2.9933192184549
2.38156554549027
1.74068742720733
2.57219956459456
4.57855743426294
5.24525776853255
4.51391133450896
4.22994303197244
4.14572628969084
3.68612665545191
4.95923751074191
4.66308448734815
3.8730968782475
3.87530062239686
1.09301355483007
4.68212428788414
4.42524728498671
1.96753383276412
4.69027081860317
4.95244820334928
4.50868719783941
4.7484259410224
3.28481642815011
4.96454835947645
4.35930833505689
4.36552257875294
4.21339742094797
4.47656824252139
4.76009558742114
3.01526113591839
2.73149324712987
4.31694404734776
3.80535035590564
3.76620821412708
4.18245538416291
5.08003594437216
4.47744775078163
3.31477541535162
2.60612051707035
4.83782354006775
1.91489822524807
3.66544557634627
4.76467524928009
4.2781484551675
5.79097758488355
4.9420131570664
4.88681882143801
3.87033308612803
5.39251790518516
4.55938870685841
2.81815217642568
4.38016787096056
3.69640797445096
4.40994161682293
4.59428625329255
5.05891763648774
5.1205706805776
5.47806387439914
5.33108613191168
0.26071516462189
3.18711031918194
3.07486130317688
3.83365535302077
4.06873043163764
5.23134277794696
4.62956584584739
3.76954568366305
3.03005241543802
4.18366892910751
3.23617079313382
2.3033977855697
1.66193440689924
4.70132479666583
4.25341588866648
4.79654989910518
4.45073636774292
4.02664864679087
4.5606996433698
4.23936804803961
3.72390264975816
4.5938768309468
5.03579204237837
5.08724301004067
3.4545248648817
2.97236643319407
4.58958729833894
4.03594349938834
5.20157546779158
4.31584549351325
1.81491013573487
4.45516661383442
2.10772716888195
4.621136952046
3.76425386514813
4.70107093018362
3.53228153789019
4.77285562709925
3.85374592628499
4.50989240609686
0.40964632287119
4.39024140918329
2.96645917478199
3.41990928905848
4.38178486070699
4.21955145128851
5.1691557591843
1.79009196901791
4.24453683089927
4.70463177923692
1.4401665077622
5.58959902754852
3.78252243857087
4.31100439476217
3.47944860675436
5.47266266736562
5.06668101298428
3.89749292216768
3.65168352926033
3.61809271755449
4.50317747289759
3.69544797863154
4.02805520305049
4.05863307141592
3.97032120332113
4.93116580282561
4.42242606710125
4.73089912722373
3.08996873087217
4.58497084929851
5.04705516074538
4.71386148358722
3.89795163631148
4.828824470057
4.80573039312655
4.25945394371361
4.26768303422484
1.45176779502712
4.10087502126731
4.96180944400907
5.10182175063875
1.71222468365034
3.64262998563938
1.00106633055015
5.06567929875557
3.28863754621096
5.9756558952964
5.01065587015345
3.52831999744501
3.28450298773645
4.46887672321824
