2.18279927470142
3.45911955083226
1.23164936365013
4.32827202038898
1.36164795999085
0.96322274392674
3.34502092186501
1.61368778372586
1.15807570166107
0.415742984031287
0.736299412425177
2.21645113693518
2.19181587679622
0.151318442054178
0.22584358621237
2.35545034156293
0.514108691553735
0.713846173074549
1.53218536009248
0.979033716712121
0.415532425364481
0.93076782091966
0.0979039415159302
2.85837031891291
0.988203164896176
1.25520441189288
1.46346727282573
0.346864589139419
0.468310695454869
1.18588444264237
0.480394174400755
0.796560333016978
0.234938443949116
1.21708542894534
1.58296280879582
2.77800922968337
0.589618918503459
1.69413715736695
1.21957383058886
0.284534138449602
0.728831894320161
0.289128176944012
0.997056300247968
3.67468991744855
1.08995984859182
0.339331608088187
0.48141993678298
0.675292976470529
0.377260180479967
1.02518017109924
0.453625029004315
0.796122002303992
1.7873277962888
1.28178959457089
2.06518704088105
1.44970191881549
2.68440945291698
0.830453340257379
1.67513354481646
2.29699612369323
2.86568443651193
1.28054338200961
0.520888126089828
1.36728517896125
1.66765105228075
1.17364567260507
0.867962334250761
0.561458804699128
0.139841751992699
1.33685854035688
1.28979315598426
0.576614136810275
0.85169791983049
0.752372202750192
0.916286470844941
1.17185516732505
0.336822508220597
0.151198035001259
1.4099424786525
2.05273861643685
0.23133495599938
0.210983548711572
0.774355429193105
1.55603970555259
1.07517775692271
0.617298159854964
0.718652708274512
1.19291221553652
2.04345508582309
2.56533281755804
2.08256800034507
0.752442098991655
2.07713985529505
0.830429902905108
3.56339821825706
3.73784409264436
1.58241624161703
3.15631450001224
0.675184524784833
0.5874092891293
0.922030717750145
0.439317772287525
1.18408081376908
1.21479827380702
2.04606098787426
2.27774876637341
1.54119451765445
1.49777377900967
2.20684747203395
0.692518937915224
2.9845683020638
0.189254419132715
2.02364542354381
0.971038805238256
0.601060502441198
0.115878930124646
4.91485911637869
2.0469281785219
0.591045251404072
2.53995512364628
2.01651427901182
0.525364163381433
1.49047899549978
1.9508693897625
0.0784232397800325
0.261390339607365
3.09813859301141
0.160628356326386
0.116396345222828
1.56416993584946
0.616566055771297
1.33848551764699
0.77632361045322
5.3427511867227
3.17652817444275
2.32373938465977
0.341350051605894
1.59669626060634
3.45331670496025
0.905816790280506
1.79293001544312
3.43853584010686
3.31353455944672
0.858571761337942
0.908084481406985
1.14359915973843
2.84344285246786
2.15143933041017
1.86835416754497
0.495435760975815
3.15064010674049
0.611005833869257
0.146345763107678
0.209689746532138
0.676188464533837
0.184322082144189
1.66023160306686
0.356352861302917
2.56711819859402
1.15811010750737
0.645726205833549
0.12566507381765
0.356762662787432
3.36211430354038
0.66222527725397
0.125418529327739
0.468074615347774
3.91055260906843
3.34447161048514
0.0148724474572779
1.18031173314964
3.22730894578586
0.702474655893697
0.640414591368005
0.180574662488574
0.738976160295639
0.994754456012943
0.234391992513389
4.06169238607826
0.0807455182060439
4.49547559304657
2.13362919475495
2.43313964084744
2.71643546264265
3.10168053812829
0.0561556006179784
0.0699201932955316
4.22785766615439
0.0968697318055029
1.01609487902212
0.14879896773864
0.0995715947000533
0.281679275593975
2.20859897462625
0.590894804569552
0.199395320272359
2.78953622986827
0.601085439169482
1.89024504496487
2.1372977119264
1.22653081551137
0.174963404903958
0.112056038428536
0.170174044591389
0.939848972241503
0.107410902295528
3.77543374935
0.658316082861517
2.93077718836063
2.28288924457247
1.6030666056541
1.77716854392239
0.178991112564795
0.766912062438252
2.12175165736685
2.2000155528186
1.07979148608739
0.283240160836303
0.906245699212432
3.568309473708
1.18480188694827
3.66733591282463
0.631031593805729
1.55635552506578
0.456868933159718
0.305635585215913
0.759401667465607
2.58941100084159
1.96963886492908
3.44099668070769
0.0787149176018099
0.555263634714479
1.26991374956512
0.452032467751492
1.84583779372636
0.655728017372283
3.15644968170099
3.34094908160241
0.339981964443769
0.787907503337926
2.67492467305463
1.66089548035553
0.87899307343528
2.2448429342257
2.97887585814002
0.492149212557159
0.0607551672492539
0.277032675491272
0.516359147561677
0.900453913131683
1.44121612070945
0.173262845584731
0.0941005768473428
0.80709762423829
0.128469354775493
0.311227181783039
1.25134744065349
6.24819890319128
0.351477316542923
0.00574590146450212
0.0288463998146073
0.75028059685153
0.0225962910381658
0.0320000741526584
0.177947241376159
0.0657370413956345
0.87651477843314
0.0472004767772388
0.836000170735861
0.0835941714321028
0.492198297232321
1.44857315839088
1.78328541514092
2.06672978001484
4.08413890418777
0.103684475448203
0.114713341103976
3.55563410720589
0.0975501101318384
0.301037302719967
2.84634469629238
1.24379861793777
1.08885251378624
1.11823308418083
0.122386480942664
0.266216795230103
0.382567767931196
0.324069595270078
0.0222277974933672
1.94380519016173
2.55044964853428
0.559581210872094
0.462509978754772
1.28243036479799
1.04696469747113
0.0116210949390918
2.40553557270189
0.0798478293345109
0.959626381813862
1.25915697498045
1.24689618643634
2.9953407311332
0.566307303844692
0.456292286381779
3.34624917962556
2.7370333749109
0.871514983468661
2.23432603264576
3.9413966843669
1.64013837652471
4.89417845418111
1.49859795967723
1.68181383494916
0.7460329607753
3.90256056566501
1.09582160294972
0.429048685476436
1.51472279304207
1.07243833784333
0.369329923088549
0.626192305641341
0.633545962107167
1.6031954773548
1.10644502097067
1.25033096078744
1.34531204479587
0.0364567807728759
3.29244829505108
0.880206005359864
1.78889265754128
0.60693593218607
0.886527186248348
1.18009259618294
1.43106956677555
3.03028476292804
1.75194200243194
0.685425680277525
0.247342354774955
0.0617069482285695
0.204431197831276
1.04747489234978
0.115560749747215
1.44617255225407
1.14955198696382
0.325624071740276
4.19222843802436
0.155318618994693
0.968569265702388
1.35587419615683
1.36731073662247
0.0120080237574826
0.624673822593839
1.3684582394489
0.901867585633204
0.608970415886794
1.14535717709109
0.115522082794525
0.382601081984412
3.10573997397653
0.632465616363701
0.42006624379479
1.59405029911675
3.22761006942542
2.97256797577062
1.25749008372747
2.25502331537917
0.531860080685782
2.89504181664896
1.92081896428783
0.821208059373379
1.98052065460239
1.31727387771188
1.38234700467764
0.459959064682737
0.328422846224082
0.803265760009163
1.28677236418642
2.74361331335715
1.83896826504385
0.382184382382177
0.398820140519763
1.29728747326156
1.05478899403082
2.48609079963603
0.524868927708961
1.05549657836041
0.336447532459141
2.77479632950703
0.376093020678772
3.75038977192197
0.997495414251783
2.41735556481477
0.611964851104099
1.69889774645747
0.645691379022458
0.969210248174336
0.97506359615432
0.737651635864915
2.80677325655547
0.737725735736292
0.872152821979861
2.7706552065459
2.31690881555707
1.40230908561702
1.65248386271357
0.73672868336075
0.910810275798751
1.91382821225545
2.12220518038176
2.47961011074296
2.29892092422284
2.87854320628203
3.06763678982153
2.07819293044682
0.480030667709585
1.19780379863705
0.859376103921361
0.776203255686116
0.726470658174766
1.02838908154698
1.43003428947253
1.67068364490516
0.594847569983783
3.21413379000157
0.649917155856903
1.31044071368932
0.705820012810985
2.2491607174338
1.57187933293608
0.224392034927206
0.404836265864101
2.43995671783534
0.9710726479914
2.855750035679
0.776776648890245
4.10955531040705
3.13271553167006
0.514021719152047
1.50206457585202
1.85483953690359
1.30378175901068
1.52310343209669
0.545911719070078
0.212468133122669
0.216439804717816
0.281230026175533
2.92065485994219
0.269603088103492
2.30719566671654
0.797310442204773
0.384985834649215
1.67691210393485
0.721521890762259
0.565288764323519
1.13880342654717
0.226431454362711
3.78191819162967
3.34626119964922
2.6029168772972
4.03668251622582
1.86218181552116
0.178061745953345
0.442783001772263
0.461369675241616
1.59029045523368
0.367698795517048
0.691540564724654
0.331950377481284
1.86003471132513
0.215505225160919
2.84204039807846
0.916296927812341
2.27932873574723
1.50866721113561
1.94550356000157
1.05615320263927
3.19305018516487
0.902199831933773
4.04479585657283
3.80554927763175
0.657641788102828
2.76521982408208
1.18791163962698
0.450229503203114
2.80230374999597
2.06373050514218
0.468300931756369
2.38363579544505
0.392408762797861
0.882364592539777
0.0639935571624009
0.947638772149124
0.142625336277949
0.143120535100697
1.93001783324069
3.64780722138093
1.75479328698886
0.591577751012585
0.477805368183741
1.95472456144871
0.358820439659682
2.26300374079116
0.325015065893069
0.28934918070916
0.853268276608096
0.726845478510407
0.288473333274844
1.23529706364286
2.62690951668233
0.474531632638013
0.522510792457425
1.52884234271449
1.41679569796529
0.482397065082688
3.76995781973047
0.31510129467938
3.18736420854954
1.31776567977756
0.498387110018688
0.342915702219705
0.348396419155836
0.388903706067465
0.890207908473502
2.76971854330049
1.33236064676856
0.485638924600318
1.72256021826435
3.78104364945757
1.41428301230647
0.70232269552963
1.98630363427362
2.07849830054124
2.15440877107667
2.47485762347975
0.293356892710464
0.60669556653448
2.31892750137579
0.142406264619089
0.873849538230767
1.13072489222159
1.89485367237507
1.90657782991438
1.16172614457926
0.715054877684639
0.771577805976673
0.912710661607908
2.21678857466237
1.73508922430254
2.27832275470636
1.16983551983904
1.54254496350429
2.24495466119983
0.934908801875093
0.964259919874205
1.34447860729319
0.237873154548477
0.233525593639395
1.00002514272849
4.26851197672041
0.911838738983034
2.31474987227695
0.0830523060585119
1.74475848835901
1.9969296090572
0.95473908970788
0.479301579080107
0.280841483721536
3.1618412002922
1.09062036272823
0.21089559070357
2.50195888479529
2.23937756797894
0.674106369646134
1.49993170448405
1.16884727280335
1.29665739544898
2.87667580878841
2.21317921675963
0.706577861079646
3.33966606214523
0.142776347117052
5.38588135744248
4.28763696628226
0.360759820695803
1.8723592113867
0.830269192981805
3.23950722116784
0.718994137184673
1.25051071955734
0.18238924473914
0.737357257570256
0.660827114716765
0.923193920117721
0.666583067423124
0.259821267179587
2.40672247068955
1.46497224838788
0.280084691772772
1.41482574864616
2.88672948252765
1.21126641764022
0.626090497950068
3.08886084208564
0.0686244791382272
2.16261212830531
0.193367979644574
2.1991919093206
2.94141822267009
2.58431457461739
0.713230298712169
2.82747769047999
4.49764270234839
0.55018156788818
0.627087897466131
0.74826778070248
0.0813137547389669
1.28613073256285
0.0389556727778326
0.72679227493975
2.95597059501884
0.166145273877739
0.786444647773495
2.53656525983434
1.2061286900735
0.121105370080045
1.39670790354005
1.10860236876418
1.57778160106309
2.79111137465973
1.3112888564093
2.42873061294075
3.89334660046177
0.314574443234687
0.287769256809098
1.70942904942063
0.146672836871099
1.69930831657466
1.91665809377872
0.503687270184255
1.02796110194942
0.0449210653123981
0.926640148108212
1.83953543839958
3.67562945957687
1.67084497157117
3.36196753337248
1.50839582114326
3.02870426069962
2.30605021911747
1.77739247741036
1.44605914856963
1.14284451957745
1.98756488631964
4.46875795858581
1.16564890668291
1.65516122588051
2.57528833043582
0.634121377130825
1.69429724653232
0.764230203352778
0.0977784952589166
1.24552736176738
0.274627105927538
0.319687305153007
0.922367858312476
0.414388706989807
0.120225763440338
1.44744251386068
0.85632388519301
3.57174616896332
2.56471216685884
1.52766771866887
2.97453689041924
1.37740184529589
0.74383451654006
0.656385828118263
0.804295091508156
1.67021684184218
1.36814094337022
0.750031264353401
1.26146107106033
1.93381678061244
1.45149003144034
3.25546871771667
4.53773340938575
0.669016646790797
1.79406539389493
3.45794895693618
1.92655604217479
0.182531776655734
0.125457635773538
0.221466390459781
0.197013916012134
0.854532427722149
0.183925372263813
0.489319896671724
0.140852712179113
0.316848774865576
0.369064684415092
0.559103027222716
4.23902061835751
0.259583907147439
3.07180004468661
0.118808987475983
0.140086856376708
1.08521116311575
0.651304189817981
1.07716639464025
1.89099269481655
3.40443713926777
2.39123811943793
0.557922822976769
2.96385863181292
2.35076410625524
2.55780457275551
2.3597810061924
1.40372930804549
2.09278219728689
4.63303240495415
3.75464097057733
2.7699944586614
3.036404273211
2.22096526348857
1.081187765484
1.31707448947455
1.01838088425952
1.2568958459036
0.234654857108913
2.13284146539378
0.0934105825718868
1.21443946892045
0.650291108649384
0.833509565463109
1.6314224782089
0.159860640026042
0.85375840945461
1.68593873498985
1.9649214853339
0.0657708574939996
2.87653212911462
0.870002552288854
2.1809226361614
2.49095305732582
1.72982335850657
1.97091591166235
2.02538057071503
2.41468877975026
0.198257418197927
0.639557717105598
0.687596544760049
0.786454184606102
4.34080334739556
1.0245428102045
0.630094169901793
1.36517646639494
0.385713266120153
2.23406402990963
1.91744263183796
0.771684490676321
0.651376076406782
2.07338325574972
1.61294316011316
3.3606171266887
2.4476572199916
0.957891091934836
0.265899088667012
2.17127245832854
0.536256951637057
4.75293513920907
3.0623523445806
3.3027080147812
1.20666507215916
0.386716148595481
0.472184521660292
0.291441428365028
2.38349246943179
4.36157390892376
0.614002618454796
0.252728416840359
0.339057198978155
0.632223638442823
0.161298708586735
0.274577390228392
1.07302055606951
0.40603180522388
3.92499258884841
0.50054708976725
3.36755568031789
0.286260604320968
1.88838473655558
0.802060827434332
2.24274374851234
0.969468812179741
1.55374804326709
1.44060451370482
0.920403467583235
0.980868337779999
1.68105837726369
0.798739088855625
0.709180423444249
0.625858565055388
3.24864848278603
0.604064234112923
0.207991196302063
0.980690049127508
0.419284788467364
1.81036959167189
0.76546415800024
3.11561612560592
0.439272669922272
0.895670611108203
0.750322962383571
0.153969569987413
0.823058766310667
0.270895570680096
2.27993755717356
1.44777276507972
2.86384320135802
1.52606940660503
2.26481560249633
3.4377809614563
4.48416032289886
0.429125199488976
0.0689763551572692
0.438252624254506
2.93882758297642
3.76298808729488
0.456012183577651
3.38654270980146
0.706177007974681
0.513518196073409
0.618158533911995
1.52466245453064
0.425757588415742
0.0743879574422926
3.82328741354677
0.603089794452911
2.99164108352221
0.758956788640707
0.599899958495496
0.586665630139957
0.792464863356423
2.29385859944025
1.12748593585128
3.12833087568435
1.20926330550241
0.95905226752226
2.19147594860441
3.96463421544501
0.786716770596319
1.89298599412925
1.45473738471881
2.06841881415104
0.115763358926818
0.456207683204667
1.70522980903769
2.21761698456461
0.799203891445819
1.58119774454272
3.55847800235402
3.24431264698953
1.15097785151818
0.427880680715498
1.46197532761091
2.40209912313361
0.924385340624546
0.558497916048964
2.81345064954551
0.221889430385953
0.212562042787156
0.633497803524596
0.983908211738325
0.469280791516875
0.0967552249351654
0.432571104360007
3.05159581537933
1.04456314854797
0.553471312908214
0.147482412552384
2.11272636207581
2.89784223949366
0.771338989520748
0.33055623819776
0.163029845947182
1.5106579897956
0.241023114443711
2.17024773073864
0.103666590995334
2.06803581054313
0.723474580710646
0.298243003452433
0.422609941561236
3.20703988646388
0.110807011243497
1.18085888005126
3.30794887375561
0.977630283060397
0.94491486336475
0.404894661612992
1.30808973917562
1.83636869038939
3.58222751810687
0.181968007509905
0.361812414569592
1.7311895194422
1.40063126029784
0.76326497698221
0.329326724120095
0.847697322498611
0.0154190737576752
0.522137396859961
0.818199536861791
1.07150775420199
0.146284035693891
1.06021116390771
3.35862292454389
3.35106276252039
0.655364590317027
2.12645544806614
2.80292108048123
0.649651859182069
0.15695537592284
1.11091507024635
4.12570103640687
2.66806673455284
1.05384313418931
0.603427465692124
2.44630883613887
1.50659908078806
0.877855353227622
0.778903148909102
0.400082550793109
2.24087718458121
0.583458618587691
0.203812906259798
1.67045404684821
1.41616995603127
1.21854240178692
1.15936472901857
0.504465380694383
0.229305207470385
1.32439277537892
0.606244223292117
3.64617493095465
2.70097127955719
1.21533851265384
0.886451530887332
0.948421933492535
0.453652903585384
1.48994719310272
0.874076351831869
0.21255935358555
0.847246445218782
0.162549182479341
1.58639095280962
2.79181137194891
0.163125483921951
3.66087292418726
2.96542332505383
1.14418644257158
0.740320791891512
0.211036901823255
0.52005170673884
0.642782347204206
0.966175848232239
0.331578811113554
0.712261166980725
1.32009708473809
1.44759422605176
0.137000943330063
2.51254892139849
0.0482558619553502
1.8021735458641
0.407904733542664
1.3965707825129
0.783988396390593
0.0739536183537687
0.408162759901773
4.39435126860324
2.65925202664804
0.396846509338772
0.124856632213005
0.667106007392151
0.44423214572818
1.98218046568943
1.45666304513395
0.0443839585951796
1.16773146437223
0.462609469920738
1.60272055496018
2.21452511075405
0.483358932977779
1.4911042966186
1.58698725683842
0.832961019169613
1.01475019562186
1.64326416257745
1.24083313385922
0.138129209164482
1.79449666133373
1.45533097072339
0.338231588753786
2.79624869960059
0.212864568870447
0.291836326556776
1.72611690907321
0.32718432865241
0.751954033813077
1.84708638491026
0.119271010057618
0.637155904812287
0.468536840863736
2.06978047777572
0.870554257058354
0.475846180610283
2.22730247866698
0.739025640387182
0.895619639500346
0.44135387579738
3.66396144693216
2.32124015074191
2.12805270666478
1.50937337299564
0.805564294865278
3.08467302988415
0.628006095266815
0.982340368749419
3.21634693371637
0.392653263994784
1.4461970318372
0.710010855036582
0.840850227537767
2.94951604198379
0.59593910248323
0.293591759430996
2.09440099371612
0.714793245323308
0.836376958617996
2.77237714641086
3.01111580049997
0.225106221310067
0.060589769325795
0.505257853125146
0.374058857274752
3.33318727995301
0.619445463982215
0.281791896037208
2.31224495043449
1.21140288223095
1.25769896607992
1.75637529638597
1.58639998132712
2.01765071546888
2.35526202129542
0.428533392215413
2.81546194897923
4.76674188889485
1.56248840782899
1.93285387879856
0.975462645048146
0.714598393145458
2.88256854922495
0.490450688155162
0.482489705475353
1.89462473737917
0.271759824355719
0.623402777332192
3.03725921687478
1.9700142442717
1.35580904521953
2.11361468319588
0.310152184664425
1.7635725655151
3.76109732706004
2.38395597315988
1.92114133492835
0.206752638966371
1.05930678749832
1.34126849037705
0.926940640820672
2.07158185327178
1.32583975838241
1.70235282507851
0.6953100255398
0.357988846289477
1.58850374625806
2.09770752729541
0.538352025096829
4.76002236063364
0.408065831800895
1.26175220302564
0.71257121122864
0.932937887188286
1.23990111450018
0.119239826700722
0.127066175893415
1.64621464108066
3.95721217196691
0.969188546465135
1.37203107475139
1.10070340812073
0.33108535776268
1.56991565045491
0.915298184967766
0.244956030857178
2.2981569606447
2.92426635616494
0.80620304862041
0.885806600304714
0.557296085985711
0.445300421079916
0.804683580081064
0.265509435114414
0.116617507033786
1.11649106931278
2.07425897963505
0.469964797788436
0.234227751885361
0.286508400064457
0.14264418400033
1.00049995829441
0.645169803826286
0.475777356576603
0.109691982742928
2.33019542964346
0.92622383791496
0.154422458875271
0.662226437151974
1.13495576780602
3.15992665985466
5.01733763137699
2.12619880771293
0.760648221195796
0.180070926251416
1.51080336511854
0.279081239103475
0.770894704732923
0.379801729444797
0.0212694465138204
3.84850347053832
0.115258894037303
3.21706973349584
0.0635544038091696
0.475690268790724
0.218875943173105
0.03645964056259
0.138565420076591
3.18997884861948
0.751347233364623
2.14369684178666
0.0324582638356891
3.32847870741646
0.53765862795907
0.201536564982057
0.19394827958226
2.05624963746001
2.49491294111879
2.95791871424186
1.25767237937133
0.772255587568268
0.697147403796691
0.368232767968488
0.803042391860615
3.28750564253931
2.06554779016746
0.0454786855860824
1.02346973362109
1.77071861972765
1.76199176126657
0.653080179609527
0.798449045949121
3.14505817686759
4.6243840888488
3.58987819750781
0.778481572970473
0.198721653095945
0.766437578324779
0.989180720995309
3.41349513765541
2.0840768813686
2.08231134260087
1.06411031045017
1.68856861669458
0.722161036946634
0.546108845355793
0.472948975418862
1.1443700804206
0.763224271799541
1.80499103739652
0.0762524153817361
1.45936327784829
0.682239476501483
0.451596499668239
0.480147501167244
0.645104459325496
1.31064687127573
0.628887136101201
1.30621558015095
0.542131572541693
0.652247602470084
0.298506688240446
1.09116659349349
0.0429825347494972
0.481842824378292
0.630310143798397
0.358401183064313
0.683217592775202
0.82248194880043
0.348736339839551
0.520779340708766
1.90005971845941
0.380623263527913
0.700757624518435
0.603084224442472
1.88249994003085
1.14642951400859
2.94355743771686
2.55895134523527
0.269694140818259
1.0129930787227
1.05142358518083
0.0980237555012645
1.6653568853541
0.146425545681157
1.35706169831171
0.808652008258475
1.2355159738238
1.36910284871713
0.463079681540497
0.532617551571558
0.486693998956706
0.6065214313573
1.65107570697323
0.403578623264603
2.08988361465142
3.65753905691172
0.348314437388947
2.03461067534686
1.78183587576597
5.49376300540904
0.883091045652135
5.24321012847722
0.453953961350839
2.51351516267057
2.42273117607728
1.26015586226525
1.59656250222168
1.93988255901838
2.63384924905542
3.76988410776723
0.631808032899284
1.56667946089388
1.34013706334773
0.178980782906322
1.08363831317205
0.989210217455769
0.938248691702762
2.15568310161395
1.51104502285349
1.75254408481363
0.284813394971253
0.677318189514792
0.757986004391325
0.259780261045143
1.66636677111859
0.272397540254574
0.350232240845115
1.45325264782872
0.578031167881475
0.429622873648758
0.358215029958313
3.50440838762262
0.103164116681376
1.69155290912307
0.058981442253591
2.18948516195604
1.60949504833688
0.802414248612886
2.21035543090696
0.384309160965533
1.282243810148
1.02041833454668
0.114556761937954
0.274661053345556
1.11426729760256
1.12194506604544
0.601353189590454
1.23543106485454
1.94875979111551
2.76480683756997
2.30772492484709
1.07118568261063
2.26328389116791
2.87035729426346
0.775694928750244
0.268252386635018
0.140889535334781
0.258882249077134
0.505943457793895
0.988012589191709
2.60262652546233
0.261191380576109
0.148474726800846
3.97297896732877
0.221716381078257
0.382868492569797
0.0282112975058683
0.466279209077069
1.04555088009483
0.281730242790588
1.8490395114442
3.10495455504592
2.23683874888229
1.37742564965189
1.49986485005847
1.51563465933794
2.02053157237292
3.2416492522699
4.27576508936342
1.04816357619164
1.8466839790784
3.41054640553893
0.882507723385442
0.572847577220213
0.527053259989596
0.429432956694366
0.499989793591634
2.02971429999216
2.06005740731136
0.178266430667365
0.71968618448243
0.27377400588263
0.45562268924536
1.75014256520105
4.01188010935188
3.3094827619653
1.01823538164179
1.86578348239195
0.859814351764051
1.93837673990996
2.26954891032733
1.64845316826337
0.217756920064074
3.41798220710691
1.54563108534462
0.374806036180879
0.109982887161801
1.58579034271117
1.2758026731252
0.482594950430714
0.396460784519446
2.57690663248921
0.590478867435184
0.955676654760356
0.83908113068646
1.15904295912718
0.803184683797936
0.902905850163411
1.57804246701739
0.281088708627626
0.747533763844354
0.561692479125045
0.207365918664073
0.826472605297947
1.24351156491564
3.58496431509847
0.572781374567183
0.972853654449103
2.6280118811801
1.63109837277548
1.71550851907614
1.48219118977388
0.463014107303541
0.21369215830451
1.03972830849535
1.44514833161115
1.37307507740413
2.24675550716453
1.23624031321774
1.11952317157395
1.28025095705956
3.54615873949652
1.51037512945104
0.437404522717839
0.577593816327017
1.70794219490047
0.802521565829287
1.1000706056828
1.02440638269489
3.05842061483631
0.545763224367586
1.92604896001759
0.280107848066776
1.85912225024034
1.87719002630542
2.3817885741929
1.22691296850655
0.310983254074077
0.316270235893491
0.355176090367431
0.103882466650955
0.5662959204465
0.0863019389760944
2.72043179683386
3.00256998258188
0.526624594606596
1.25219656688933
1.19083784503528
2.25447083323299
0.529219635130969
0.995218421733892
1.07745430388895
2.33892897232156
0.180751166668798
2.6013532328402
2.66096591463846
0.819038881440226
0.163714822312237
1.69214687586468
0.539348399365484
0.968452515247243
0.847082685631657
2.0145645190477
0.778355385505238
0.64048807367192
2.56524541874352
1.62300760446097
0.115646714029215
0.608941294735828
1.73705888558356
0.483645332703191
0.245900156370602
0.625464466041029
0.237888653776131
0.889015582141205
0.605552041858504
2.60074167931242
0.264798682555754
0.843486081941358
0.151238045018199
0.078684587507683
0.417129680210772
0.83042561883313
0.482979548851595
0.0802027599972557
1.93525096647947
0.567078173072303
1.3356895900422
1.07952912200499
1.04126472803071
0.740575836754145
3.09679052309318
2.04814651967358
0.755225309227158
0.27447498615943
1.73333108634022
0.822307553225769
0.448434455106903
2.13286890813687
1.93412213836751
0.955511887699202
0.845054879902776
0.203970359036472
1.67689457373247
0.394841316035531
1.29375754778988
1.55969024250887
0.759748960011651
1.28442979778632
0.16245898190929
1.75100802860299
2.49333464941036
1.18930124583817
0.454260790079117
4.0804941965739
1.34807922863076
0.919720886303781
0.812164096894325
0.901780451527658
0.337054120365077
0.579906171861837
2.27534972016851
2.43557227905659
1.20447333787492
3.12174302364509
2.6307554110668
0.573561350253572
2.40970548822145
1.33631204597688
0.472273437286545
0.831713747281006
0.989734571227093
1.52079361447868
0.0290403451534201
2.2924835331996
0.393828411060835
3.70145455372104
0.0252048991966306
0.513026060643236
1.11555417423401
0.697014902380914
2.3997134780577
2.05702778897779
0.44134514523857
2.26770933769704
1.16149716380913
3.00174148782938
1.43661984701043
0.143409364738511
1.42483349888069
2.49569974819614
2.28841234380874
0.810937300221133
2.21320489596513
0.98526987194229
1.59195740771093
1.29557432723724
0.270515599155969
2.63097186626888
5.5008533198477
2.61212027107029
1.33549615019576
0.986599518942202
0.0789449834128881
0.314191050950072
0.546102856904489
0.389282490608932
1.51476239258883
2.15451743059468
3.68691898443544
0.829815223565617
1.31820554874245
2.13124454627087
1.6515795074986
0.644941275358836
1.51198555165193
0.268335790704603
0.515531412141442
4.54224520833068
4.35418939636659
0.646263797165064
1.81053024393412
0.836862100181646
1.46199830947112
0.813640162004065
0.258671681079508
0.0162176200627903
0.67303285067928
1.66769120810332
0.821033458059089
1.68572560321147
1.09597128598436
0.80473852108334
2.15948855113019
1.56084291982183
0.936990532780868
1.40380593875139
2.54853392209502
2.48485959387183
1.47341159142615
5.02918745226533
3.40642781212744
1.75851837383845
0.849029333266168
1.07393762631324
1.80280064960216
0.972503938723131
1.4542321825303
0.488864335386326
0.592215215526172
0.153250838698414
3.79792528889834
0.671956722873712
0.427636188469571
0.477699980484998
1.49389289089935
1.2453359802859
0.466101055816253
1.30525804059715
2.78792607521387
3.03397452925142
1.97194313674485
0.082323331758521
4.68295639245427
0.512895875808703
0.356018109629558
1.50345771720921
0.72518092505451
1.71767660091373
2.09474537068084
0.722442324079484
0.780197966427138
1.0927198658848
0.850648153918657
3.8021835209128
2.43331958454374
3.44380165055641
0.466868969238471
0.239332854539163
0.661206845826943
2.78275936973181
1.05516494985444
4.5124583520887
1.60603016531104
1.99982176988725
0.336734454064648
0.0877875529639974
1.16085157085392
1.85895262274129
1.36711885882482
1.02029801040665
0.27267345663278
0.171192390604031
0.281522319440309
0.492529189305942
2.25352642462371
2.75090532643875
2.57808287013786
1.37131694261099
1.65327166314309
0.644689998853138
4.8437356596346
1.37429078689354
1.18043237317653
3.6771199152288
3.56316413942116
2.39501741120722
3.87058738797308
1.56204649011741
0.593036685162385
2.15835417312118
1.39179538294801
1.08882874890433
1.15480889589623
1.51748258855512
0.99468198046127
0.681185368275823
2.6850051973031
0.857241563122837
0.527498356492292
0.349007150119828
0.130786400734949
0.207254614574685
0.458556601306931
0.979266065611688
3.52930347512627
3.15450528229521
2.66616393891575
0.124750669069869
0.695146236016259
0.455506945334314
2.41012942250299
0.950236167863015
1.57716830946094
1.26560611074749
0.872836619520446
0.54889569889072
1.60813836144758
2.26363996595101
0.139996207930706
1.44774193708276
2.21743722558836
2.12506726863875
1.11038011867447
1.52453431904095
2.64099075366883
0.34931972741825
2.62447197026453
2.03408424256749
0.971291172812126
0.823946631850892
1.92412681177694
0.607402176332921
1.26150116057993
1.34787555762699
1.79960022603632
0.537311415004782
0.422747034117049
1.13926587407925
1.65132899585182
0.195524410514558
0.47793808654133
0.653698586711388
1.5355590450355
0.707540374715021
0.171647394889405
0.897151254383116
0.912284934611816
0.256301703481401
1.26675282781147
1.05016910028392
0.478794672601911
5.01731611300124
1.33698394176425
1.42072384870164
1.16983881269971
3.23813344804284
1.04671884782764
1.96046217733181
0.903095822215327
1.12012829455569
2.19287034031509
0.927862030844603
2.00165726532624
3.29927004210065
4.46760143537043
0.703004025250044
0.580958156702297
1.29713014452712
1.45204184300022
1.11006646198363
0.490582437468335
0.683309376786047
3.19690501047232
0.624430581586748
0.320361489914179
1.85450563836384
2.40147684139246
0.944933162707377
0.304899366808553
1.32193619003599
0.196646778047823
0.485035654163017
0.480266936355623
0.820932481565531
2.54147827185026
1.83285394461112
0.768172491955718
0.38295140027086
0.5253954719877
1.38264774278431
0.923029169576149
0.946000510249737
2.26618485524366
0.895760788797781
1.22744364834727
2.78429980193042
0.60200351448655
0.113813576714173
0.0556983386421371
0.613666894030742
0.963082243010491
2.05745569807307
2.81583747374835
4.05500561505442
0.250269575065712
0.477658381190477
0.76745667662758
0.34060386316937
1.23254103130651
1.46342605541648
1.83107714618004
3.47775395921801
0.803416030852274
0.781172844896623
0.864278831223664
0.487746139682995
0.142730095805251
0.72573744797421
0.819413577588302
1.97279469733136
0.88303945412502
0.4461219218129
1.38710498146598
0.725275126056849
0.208169616543969
0.889144730430165
0.800201591637903
0.503114371345159
0.413372545196125
0.646670877731243
0.585508418377969
0.700907764241141
2.43229742509992
0.121628935803518
0.977730234047902
2.95255243082113
0.887483507613176
0.578453502605711
0.386525911760812
1.68106688100463
0.804223774562577
2.52505311115743
2.39574594058696
0.92981380091079
1.61817182299438
0.901167604303057
0.36898951239446
2.83948884507127
1.62260922102244
0.266987005416295
1.5015826444
1.11171023594854
1.64812898143149
0.638012527771522
0.914079451215259
0.662112161849717
2.03593856499992
0.972137332972034
1.44255337288881
0.410770479866443
0.425910937739368
0.970287505175495
2.8342289005587
0.412662760005464
0.586730637206344
2.40534771279749
1.68279154349179
1.58661902114476
1.42961814024511
0.988745387645419
1.04027394380282
2.15191037542134
2.95998756434683
1.66654786341539
1.39575046238078
1.24701909654461
0.203230547510271
4.68710018682515
0.225251424100428
0.367730704023935
2.18512107906244
0.446598912190622
0.885427239449726
0.670435213070415
2.36211841411848
0.302032615894814
0.612826533800614
1.48642668151758
0.193174884927467
0.660719721447297
0.406324271517002
1.99871535102022
1.07996854405633
0.631515352756807
2.19232464525322
1.92210888676587
0.843234153011318
0.464482542317756
2.66363621383431
0.348887488089931
0.878397522335371
0.170631486798756
1.9921902551748
1.93205319122695
4.01648417728007
0.653518487807521
1.25265824766785
2.7799726174008
1.93347230520792
4.06612085453137
2.65756519104247
0.578963574768884
1.04522072652596
2.18752349544196
2.42645724067857
1.18920947917222
1.45081680556864
0.439424090940783
0.0407030931571293
0.745125206105485
1.52873509536925
1.27153603101327
0.484176177187006
0.23521177561193
1.08059395173335
0.841914455500551
0.593186536322067
1.06583389440326
0.336135219321867
0.218874237056066
1.04079005537261
2.86148150229667
0.50674837300913
0.978096650236901
1.33164703814826
1.15727780045965
2.33110404543768
0.514902245422112
0.100459140377619
0.246601747755982
0.264486680786632
2.06726948732358
0.887782785872256
0.956492586729468
0.80164288144928
0.278446580170664
0.44973636316511
1.26969138465679
0.286559072814354
1.43277228393654
1.51883123506312
1.5188773184676
0.605391272327291
0.76374014008231
1.25191353342705
0.411740499072276
2.45257612328272
1.29195945076375
0.941179586776613
2.33730746315884
1.19300469371945
0.210067299853978
0.00243317696625196
0.299041077676321
0.922117588310356
4.61172912717109
0.218727503225425
1.22528950866375
0.377998747706948
1.19060199601676
0.820392173306771
1.93349563341368
0.273796937691264
2.48815268158542
3.79896688415298
0.470381837378695
2.12019205923723
0.213579924905262
1.34596757560517
2.48769218937519
2.34356819718851
0.232413856554475
0.0182591635225536
0.078887192520107
0.667679109568056
2.58851852705446
0.96392169625059
1.00037493926139
1.43734598608699
0.294764125278304
1.85116385533694
0.684811010677292
1.10508481985999
1.30671976721303
1.09239614901477
1.90736200085584
0.801300230708306
1.64864121919697
0.120456417494167
0.219716402692373
1.14939712391216
3.1101995701837
2.6758823298747
0.187708829337549
0.888676714179296
0.962064687503105
0.943728859813885
1.1186860736714
0.892823702901021
0.844264718400099
0.872206540620671
1.69141592277877
4.44879984292971
0.468099127764273
0.138093192456357
0.246129965745863
3.54610431940818
3.19566362524365
1.15473926188533
0.988055640402804
0.067575497656802
0.116954700821798
1.06518906959699
1.15333744243503
2.44638593207867
3.30464897127812
0.72292690854498
0.323790590929085
0.874091078611511
0.1306444656925
0.215879295377183
0.689644901703174
0.319045141488719
0.359280101459958
0.867849641132147
3.21562730230231
0.268429574940882
0.0333302122240369
0.408306268566633
2.22663890639475
0.359436505165005
0.413908505044449
0.486893780608724
2.03229052344095
3.54381844858293
1.92594467146691
1.21643920020337
0.177590743337039
1.65095750963572
1.49614530577427
0.876365297977732
2.54920579245601
0.396870358729476
0.228442258944914
3.1300895442795
0.929726738976755
0.225581957406188
1.2476447710837
0.278278645286448
1.36060700546808
1.22187010298377
1.0844874390592
1.80219952595679
1.3630851079677
2.41693056378093
1.51807395599899
5.34215770187153
0.0656634968995842
0.444650354104561
1.35799429965684
1.40867319799676
0.718916786452694
1.84625554153349
1.29467704705
2.09813628756441
0.217484576021954
4.30929463543064
0.0436924400882713
0.6155789576432
0.429719340868957
1.10623141998217
0.218077657728944
0.110384918128789
0.0688407131535171
1.79154453082375
2.04742236985658
0.393460114312882
0.34805124918751
1.33225976341132
0.099150562430331
0.322285834792666
2.24189169490424
0.455952892799495
0.0381252853703221
0.420145439174467
0.89364705324287
0.137895029078109
2.04892141625863
2.45053486069614
0.773523681039613
0.391878970065048
0.288123285524465
0.760841053723221
1.6185936717198
1.70761608693807
4.89514823929487
1.59951421075288
1.10991082332914
1.58581956793839
3.60317162353496
1.21208174225134
1.50073777464924
0.344687840422163
1.6921699871905
0.267917545538154
0.278107588502765
1.49847535003729
2.53677936128334
0.17586696089568
0.00995560219838701
0.158560736757236
0.396899410426555
2.52154004257832
0.359340124397081
0.407887522099277
0.712934998141183
0.548679448942582
0.524201999654609
0.652917503364442
1.45921772986232
1.09288581169496
0.37421299561817
0.699958739241187
0.143640239115334
0.322319915481446
1.35188107277278
2.12534346059294
1.02550501380196
0.171434805045884
0.336763114538106
0.684178372881385
2.02990002545587
1.78468898731492
1.84377365193065
1.72420986308765
0.285472123591827
0.989592967731252
1.20771075577076
0.881353496200271
0.929425287992394
0.500708108558755
1.42285846616903
1.15678513948419
2.50653687555703
1.10746212124006
0.381473894940423
2.75091783596875
3.07727212556082
5.14119215334156
0.999015918948451
1.17266413492519
1.5613915882622
2.07619316532319
1.54813728133291
0.995547006793222
2.29319232732648
0.167767206951613
0.598563163663214
0.604642320685398
0.418739372074748
0.261779985572551
0.808975105762616
1.76607894829534
2.93914911147696
1.08619751010053
1.64507555500761
3.21922730199956
0.690500873900098
1.14328084960457
1.41702355923712
1.99225664108436
0.175148007549138
0.131068232653578
0.379989011849435
0.393043011587572
2.48325514399182
0.556363779246049
3.65243980237203
0.849260138403724
1.02144397801679
4.98349749227707
0.236122912505003
2.49853938779605
4.23836493245809
1.53290805339894
0.342511906309498
0.448949943325443
0.976650297065539
0.219272500628549
0.0376956639703574
3.81860856333827
0.0642902699079458
3.10851447451282
0.459450389003965
2.10948443441291
2.23790850202558
1.31480883429815
0.294653869323225
4.15707773350435
1.02386915170238
1.2829929940057
0.0246963054327178
2.49234364993669
0.0581738294554214
4.45681560149455
0.0317227962642176
0.388476868319838
0.677122432396117
3.3891584490046
0.0618488248411069
0.317904877396485
0.5271765321654
0.504402904855145
1.59994238670944
0.77425242962
0.248550816805616
1.0158563908589
2.74297010687746
0.293158003318888
1.18207238403583
0.716232111246031
1.18199415528507
4.05275246311212
1.47039624197389
1.72185770337893
3.50165152798109
0.0950123509564739
0.708689682378745
1.61155733400354
0.0832491619131563
1.86695011017097
2.7374308956045
1.86509351753514
0.452503325987073
0.326097568322939
0.177554985063819
1.24251653743807
2.56234928296628
2.35547748594964
4.31743129317361
0.308970542484981
0.516604437307644
1.55896964445671
3.9205380739783
0.925550630481151
5.93707453469192
0.538992611338688
0.87352225852146
1.55795101345092
1.73411729682897
2.44330266663742
2.79243577567918
1.71742830556555
3.59593921287661
0.547186204238343
1.6597569303972
0.519069109909274
2.13141814694933
1.6560563012436
4.85805173241131
1.11775571302855
0.915365769327817
0.375335991824788
0.510031246430879
0.411197776248977
1.24192795386722
1.88855046504366
1.20367174361807
0.443372414997883
0.899466026445378
1.27803632451282
2.43436662656561
1.55704353515159
1.51743102485283
1.38726739189437
2.5646725716236
1.52626268707977
1.63351911274974
0.517630211405377
1.5790517645099
0.490132998472977
0.418918023689727
3.78362811504696
1.74867982679263
1.00337301707505
0.897718384714305
1.84865770207501
1.54405865320233
0.6526026712822
0.515098353935346
2.92715751209157
0.955090942261391
0.635263387962907
0.0829767544362292
0.517251534127064
0.611655600588787
0.321159383218341
0.684936238558589
1.09826020004115
