0.53570549869553
0.199898949430433
0.216429335632143
0.0773797110495724
0.226491534055257
0.038164968503559
0.0942704693187317
0.257309975249444
0.200529687143601
0.0576497993533593
0.914474551558568
0.122618755098131
0.881657191676858
3.28342147909107
0.0894728516631303
0.145427265248018
0.469224240932482
0.153332919893522
0.0511955615814106
0.641379789147412
0.545548401202742
0.238975846642008
0.197292538892063
0.401385595108249
0.367643777584181
0.441205843117834
0.466993865448192
0.204054511297113
0.138319651204644
0.292480256936905
0.276149611661101
0.646062818061397
0.6517421601847
0.0962830124934404
1.40907526215045
0.221062580641905
0.66156263479988
0.912905443125672
0.149624242991071
0.663109877472984
2.29111638287018
0.264838413540447
0.00812257112047244
0.59073663684531
0.152791113693423
0.0566801161516982
0.634960330266745
0.119572983687393
0.208722962356102
0.0884214778037834
0.0321150595450854
0.1908293986543
0.459035922653989
0.0528075970721116
0.353853553225028
0.0505923489434944
0.15876688589298
0.466205818729566
0.217838828540495
0.0508067935912132
0.799117615592286
1.3087263579369
0.0358206933208528
0.084088761589226
1.26370872365002
0.0586877865870302
0.378269664916387
0.164985685967946
0.096902723160808
1.2855498690038
1.12698685584427
0.323922906792362
0.219392236247327
0.296009697597051
0.0958163509936963
0.200595075686987
0.2569416741165
1.14870359857211
0.134802007625806
0.677641839586318
0.214456280159433
0.182650240618872
0.324955115230124
0.134032595600762
0.166730656171246
0.0850497201616308
0.671299613346463
0.982277833959987
0.0171611198525774
0.0419292638210401
0.0597899548612093
0.445222464509084
0.627112041362507
0.226818447913618
0.373521447138603
0.325119881483672
0.278885216524224
0.192755111245781
0.262675538511243
0.21448716035163
0.431388810636267
2.88235837774598
0.878446713037532
0.0885183452090131
0.505130002420092
0.499138687561204
0.0411020365958126
0.0852089046535754
0.657593203439636
0.36439194896396
0.842271025040772
1.96740936125709
0.051327557185734
0.344695362999512
0.149216653978732
0.867976951998107
0.639293802044521
0.365633670168302
0.341386665150531
0.170627220118384
0.10109883075379
0.17244592743276
0.296517262254389
0.0375260055192234
0.343467140185898
0.496594870335827
0.124260052794391
2.57501098398945
0.411058961401707
0.26545370438883
0.387226945277296
0.496519691129972
0.740673581370484
0.530299553415235
0.333894723773368
0.145513035676709
1.20612587963863
0.302610735463892
0.373827625209878
0.312260729220956
0.376137934822593
0.0499964271778241
0.306615445973913
0.106860497294666
0.320198699298181
0.0981105776872985
0.302628497199305
0.367550236691197
0.296874873708033
0.158529416898052
0.510997484940484
0.738557636611019
0.318838836590459
0.317763540469686
0.584091455986
1.40828173436548
0.132775515964869
0.495523734905582
0.121464770083682
0.358049363129735
1.6513119690435
1.05560813425326
0.430789724079951
0.0875249954225041
0.19298232908242
0.205196558556202
0.233551541432196
0.92508317496232
0.0896123431485335
0.431290644611033
0.357517978284549
0.33587157262707
1.86625491839126
0.252635659008868
1.57526694229716
2.1263078726569
0.275029091672654
0.0589721605698214
0.282245488451216
0.451559578579664
0.123800672715443
0.473734358677565
0.0302265934826612
0.568374836209381
0.714360540452132
0.246063639119333
0.293448538497545
0.292767534881638
0.92829713765987
0.786057675548271
0.744054532615567
0.138051840120894
0.266843045295167
0.416170102919464
0.104974981404902
0.109037111699909
0.03840979400288
0.433505883658615
0.993140704662547
0.56935571109356
1.76176667986106
0.0873153245782822
0.101729824859274
0.0447534384473048
1.20717714723047
0.189593116011467
0.246671849618075
0.0567065563733834
0.0554656480654594
0.271145881058305
0.100497342224755
0.146177998674222
0.497513962942767
0.153956761102422
0.344866636091468
0.0711556252220443
0.0379836064079363
0.180091068171579
0.137564776659801
0.091724371741875
0.191644588893079
0.0274892627782136
0.123907645024465
0.370987750210884
0.804206549641116
0.3841692812172
0.87119510651585
0.204172144832471
0.148536879489633
0.568797578896663
2.79591704004351
0.272449225695089
0.0991024767571951
0.485725690884989
1.44989293469983
0.221774844979524
0.286850022437435
0.0340605212031991
0.252216954009055
0.362046920676301
1.18228795267924
0.244526281558511
0.0262459996091127
0.606769921944576
1.52390020712194
0.12063269989932
0.2910090512563
1.97765997235918
0.226787407051355
0.976648485719983
0.389782582195995
0.0692066810929271
0.0283883186712284
0.187067454293616
3.14761808130147
0.0581335678492437
1.53242034156747
0.0865457435523491
0.394150501959551
0.781105261527659
0.212187819431456
0.540400201788568
0.0962496427799232
0.274605681711449
0.814228110579365
3.43848896707023
0.106329594703391
1.40999692317318
0.254449038383599
0.353696380876402
0.441823844603064
0.147536287388492
0.106675042049572
0.0462892314413005
1.38743062768248
0.474468553284111
3.08295586657005
0.0453991455956873
0.101462813630407
1.31025480130949
0.132738842433607
0.831786427535785
0.270430829056354
0.349817151611501
0.0536091499555748
0.124650325430665
0.0219374465098707
0.698951038118576
0.0940854523920203
2.06912904079042
0.067086808219738
0.217379088205316
0.0247320297797982
0.205980299880891
0.148055649992366
0.14492290145691
0.458352623070152
0.453288602710203
0.143607437944007
0.0722635675602624
0.0145710466280316
0.777763854499708
0.140529394515604
0.239314251451342
0.0657274738144384
0.145202142486826
0.150212457382342
0.291086097751643
0.09760875301482
0.595556138970536
0.365837740658682
0.623182716810993
0.476912882899083
1.33944954466942
0.49888959040528
0.295232181349125
0.0913712505839898
0.254278196488077
0.0652397480251759
0.930316887513567
0.413157126257673
0.133916346914226
0.0936096660796767
0.175853978508762
1.33736269621886
0.452773082478815
1.16379051891111
1.67016975841439
0.424681635661794
0.630007001813124
0.182855517761964
0.108247238484269
0.600617896236826
0.0511403045097787
0.420698647619895
0.821342610185281
0.904073524867274
0.422335801691057
0.187674730067942
0.109846990333536
0.27939055833869
0.187943124529141
0.333204357451417
0.584632307991048
0.161530162661419
1.17700725236648
0.296059734115237
0.405848675636272
0.209405959538436
0.139043698050429
0.294506781780499
0.071100410406403
0.115390963369176
0.329809147329706
0.401697627956237
1.07684268222873
0.0461091167872294
0.643656499018465
0.307196941698355
1.05752811687783
1.61660868506839
0.335499493861379
0.392542914194154
0.258195409847575
0.0697685137169764
0.0864994167180863
0.6453156036295
0.0240342351201199
0.415184518940784
0.120043569093055
0.261533342723534
0.0407956260321054
0.109220904414665
0.11015233250259
0.916991615135166
2.1987802222324
0.318354523576452
2.08131194791271
0.594246753508279
0.488736364400676
1.5169801661732
0.16930872502937
0.3694041345104
0.166593614948828
0.0458162688200994
0.813856583702959
0.969547215938889
0.842819248043807
0.0851843824544573
0.098360403709024
0.934975529597914
0.451375706353999
0.159375305877059
0.287518585972692
0.657158117609193
0.0149620971417978
0.658649750972952
0.287433468865199
0.0906895070902515
0.30452385604697
0.39618424730083
0.0225982418788898
0.296929616653407
4.53559328959401
0.0505057903741832
0.32535463288753
0.260733897431402
1.00518397505126
0.96352952059316
0.203409900088652
0.30884375259409
0.199681374971656
0.485338070464915
0.591046502692591
0.412703573804178
0.252128042850622
0.130294621640285
0.388856436081685
0.0533858925430944
0.453818775215293
1.69367769766406
0.648810863318831
1.05853901709274
0.600595247499732
0.255297872163033
0.0354258141311782
1.46411467895973
1.84347516913875
0.615727337258714
0.0437771793207284
0.391973778946344
0.694980266394959
0.6290916526848
0.152179788634935
0.266805826149255
0.285012234172832
0.340006700134839
0.225152508746564
0.263997773800052
0.113217257818104
0.203256544609559
0.0310685812652666
0.0868906866693216
1.44403832071011
0.377973207407429
0.170232453135632
0.623259524609421
0.211329673691083
0.251010716725506
0.11328488843452
0.444638143667953
0.103625798710308
0.299262727383975
0.656767013766421
0.163227405296652
0.289746565213649
0.599929321107773
0.0613760905711338
0.104389686015074
0.27555877595875
0.195527090899591
0.663062573530477
0.206202249313044
0.0230574153388713
0.079079605739888
1.3688736009795
1.02566962595888
0.0862099794857144
0.188570372573897
1.75683801685011
0.122575071871445
0.189180931337741
0.338584441135728
0.116928371145283
0.276828646792334
0.263010461971321
0.332246268839718
0.704024001477887
0.394310156597862
0.158863306966391
1.65980507896335
1.41510575852432
0.254422392020713
0.400508579920709
0.179228453672259
0.78134585995233
0.219479579683562
1.17233229863229
0.0632929149180814
0.209547106363902
0.468109599710888
0.823960531435405
0.136100295197745
1.23734378857497
0.174357261079675
1.79531595946056
0.0850915113857455
0.0225452388116842
0.702810901143846
0.203063896296688
0.146498110875434
0.445034544623434
0.123147241571018
1.01604131131633
0.11292725178238
0.726641714710405
0.654347559265271
2.2083942456984
0.0841370102985627
1.44102561595653
1.11544114459268
1.45994236926321
0.139317771821996
0.315058491579218
0.288356879947775
0.119608628515288
0.271421960969572
0.120960733166322
0.358683331876138
0.450131382147034
0.585740127950244
0.254244465068445
0.124577979486374
0.207008174248822
0.216520098100285
0.13811998016836
1.08019243385308
0.0607482348717126
0.397066174630472
0.0323522958034955
0.903150754924233
0.534851290442854
0.241117677141007
0.0297182202430321
0.748701312877454
0.40816152520456
0.256984137968185
0.906084915386132
1.972121556063
0.220658031854337
0.29852650504117
0.7834200205917
0.222600262622394
0.444330556107603
0.0794754171712471
0.274378968625113
0.141578527056553
0.412217487513313
0.251102183657677
3.47864921676249
0.192614221686197
0.601050003227131
0.0260565909870132
0.81690072251664
0.39587705075243
0.419734302952825
1.00404456971521
0.547579356200999
1.2025226778678
0.11476097889679
2.00158906155661
1.50999921536106
0.172407716687346
0.0340431681394584
2.0940825950439
1.09435684809194
0.0227131731805005
0.31719075948306
0.103345196782949
0.154337127489495
0.555578910163341
0.0820563904562028
0.520555527782163
0.029250157630797
0.858923700672493
0.121960504930114
0.219437433868805
0.232301562840804
0.572139352059424
0.350839267204373
0.375936805540175
0.353191400819654
0.0530405949862012
0.177790363830204
0.700080114482075
0.330902784073773
0.110402757866716
0.79058366773659
0.505229403277261
0.165668241312749
0.207689761691464
0.14348963819812
0.453317876493797
0.291692514553409
0.143147762758091
0.0543692024473811
0.0356390992669242
0.183999683802925
0.0312181431253873
0.202257001725601
0.200881708244883
0.39271609293613
0.187323321482559
0.279598172725028
0.516996139118058
1.04270381847984
0.346378483949337
0.463829961823142
0.148150861738988
0.80552201450149
0.291521912927258
0.410621707058727
0.134411396882808
0.427569911537577
0.626514497236513
0.124490088156719
0.0754058568941817
4.43548452485876
1.54921024688497
2.30154736339187
1.48767721512833
0.745823213176772
0.805452909946788
0.0398058472969935
0.255594626578593
0.508498098240532
0.480675152058335
0.298007542906968
0.0446566474462158
1.07297443364341
0.191867519180502
0.0907184682985823
0.466490335807768
1.33338545312513
0.0853063589511199
0.474312485599111
0.0611337287943593
0.669737931390547
0.158038747953831
0.263783086670523
0.915468855051368
0.123635606870432
0.0525815812358758
0.328270205058445
0.053605540377305
0.0138418391419358
0.0976894892466674
0.412915134490775
1.29199142740081
0.621933326815193
0.0171909677353908
1.23311395111154
2.25401261824673
0.36790434262721
0.239468145140651
0.340600927290357
0.528114725424374
1.0798862876365
0.135050816833058
0.470634503593668
0.457988208627116
0.26739952706925
0.750041175919422
0.153491457828181
0.200558660718079
0.0592023399790879
0.130447364506154
1.47472668652891
0.202683320460831
0.406591132521775
0.0679368269954486
0.024791749167492
0.938668386759717
0.1619050673972
0.252018762623843
0.0944751500136344
0.129780238339425
0.262696222781346
0.0504915843202754
0.353118021193544
0.0970219968316555
0.168107048405852
0.526829659280687
0.717831089064419
0.988530987442116
0.226283973086422
0.488979856267301
0.363520654096483
0.345464675631763
0.442099603968596
0.229751003414332
0.603091282870455
0.804762153801205
0.239203878440435
0.683321758308639
0.255197131883581
0.106894403745044
0.265310435241674
1.08323687117114
0.298580603805983
0.0839970540497693
1.35867862592221
0.643831608322909
0.219719506640262
0.10240573352181
0.0157319191218739
0.260775156042666
0.0790080989239212
0.416483886188166
0.735895225981333
0.227575462073333
1.67137636653147
0.235967035538431
0.330555736668087
0.132755093209025
0.690913008353212
0.511917934843387
0.106886895699941
0.165733788406256
1.65132335384677
0.459396721397502
0.0611877896621503
0.420173349718733
0.426555860567506
0.038949361682636
0.99680269157317
0.229293339814041
0.55633575931377
0.0979437715739616
0.638591287434118
2.44628462008946
0.436647741231635
0.131369728791411
0.742200450598946
1.06440010937878
0.233401015323222
0.44889536386503
0.161520728499072
0.622510808617164
0.17957380075012
0.534940014395473
0.540214086282542
1.57674581518528
0.344371887500589
0.397738381233311
0.189988388628112
0.0723905884596152
1.40413665618726
0.0381747875503931
0.0860454470863759
0.00285776099707389
0.167716476830063
0.0289843529630952
0.0471388622093027
0.251728126540223
0.340650471426102
0.744282212553026
0.207100406951004
0.0690397245888667
1.09029763763925
0.279489600423603
0.470338242177183
0.077293505989032
0.557132655151801
0.466538542376019
0.198413026825958
0.159418426626535
0.658851893948718
0.317672604274361
0.108823428929198
0.904122858803261
0.0470973861417661
0.638548915639852
1.26582705848236
0.453124250381579
0.153052132331848
0.459089351574242
0.193371200891028
0.0447898527203468
0.460090316520217
1.57119863374882
0.83233918944572
0.874367847623459
0.111640618603134
1.26642469961201
0.284907750649733
0.235835126946603
0.168832426065259
0.103160414082544
0.0613602758008525
0.180629485775954
0.478466394217287
0.742595428550664
1.35223676825427
0.0676624502491812
0.521124514838256
0.382793328572012
0.0380872034058333
0.253315717494368
0.0741964907195778
0.013074218793673
0.46807446240648
0.0352701164965429
0.082723243355502
0.0930317710445051
0.1741805551249
0.0801181558954889
0.323893670898236
0.151255103029779
0.055202097816568
1.2711023056797
1.24684685386443
0.434203902863633
0.164619045293918
0.0499823431623972
0.639429198883918
0.399523956282092
0.0784134099676968
0.0931484295925437
1.09682041681493
0.0727948809112406
1.09796094190562
0.0270845977411661
0.639208966207297
0.0529150768458913
0.323832659114719
0.558515752584044
0.0867265275073308
0.376750414445116
0.0454163528844619
0.128213881758085
0.0317892286146311
0.662142923642508
0.417655912825402
0.707457225403174
0.294017716120779
0.59824965806713
0.595774396983813
0.290415021349718
1.01999957496197
0.115397248069386
0.585652654282752
0.243703453956021
0.104928326074841
0.0630469415189155
2.70546056521626
0.0730326288427534
0.325553015421625
0.315981318222622
1.02104767414241
0.712135633204788
1.08566467053132
0.189126935933326
0.494625869071827
0.423439704707531
0.0877766069210963
0.478356358996689
0.685471350422837
0.192969537505406
0.0608666881489222
0.853820894304777
0.774337481608942
0.405566114315394
0.628923397703182
0.0953665358582262
0.207553313425075
0.11975474387755
0.0775278895359762
0.140322280988892
0.223187282960155
0.228021777632596
0.0606344687553238
0.172255412186181
0.487576518539561
0.163459031513979
0.455104978725688
0.118516855523947
0.0320383238922839
0.170695361570219
0.200119344740451
0.0276392717917396
0.195994186494465
0.494126703160981
4.18341562634659
0.248468483012674
0.214072556673526
0.13987848693581
2.05177100711265
1.05948883181766
0.523675874686374
0.0976312657035616
0.224472134204252
0.0370000506697945
0.187135940245607
0.203761991357443
1.10514619826371
2.10114598472298
0.337010543680638
0.462766980090194
0.168201830195284
0.926648541424163
0.0427430259926557
0.427042007875855
0.0175772376772332
0.0964455073603936
0.924308501804667
0.381931587243011
0.236480871924265
0.233691653680562
0.462524782612199
0.706639949344409
1.35907785777109
1.20570458518466
0.135841990634952
0.153701112455526
0.166246256866721
0.039028624999446
0.038826802302671
0.0148058680381855
0.318218943955967
0.227950895922552
0.293461433623783
0.367731693392527
0.558750926146982
0.249907783688001
1.71048495980784
0.270039722768225
0.0758696279815411
0.823087766902565
0.203151590207494
0.304393686287694
0.987291724635804
0.148297644456635
0.742728970728424
0.546149007004326
0.294478017998256
0.662657943347724
0.376307277690619
0.638793076318383
0.423034623320917
0.369087017479901
1.03992938398301
0.396354599783688
0.802577587009622
0.856832525516191
0.141561657551128
0.110454775364956
0.276737950367429
0.557235607897377
0.0668740840137297
0.0266562628291195
0.131448517667853
0.315570126604891
0.793558300743669
1.36447058687865
0.150414999726271
0.0706847238052014
0.718944796943502
0.295509679181942
0.382515082590715
0.651937026096872
1.15497019147185
0.13597723964146
0.773404035392145
0.0586360018399628
0.0507698941781612
1.09689644339566
0.545340202303018
0.663563600500505
1.21399076253943
0.475462856735869
1.52201220188132
0.732019956334204
0.300672638959174
1.1642559977931
0.123235906724886
0.863013897642051
0.0612474962100259
0.129868220692424
0.1345674492023
0.728818142779375
0.561380603676827
0.286469740098995
0.0839762571123677
0.348991768821344
0.493380321588696
0.150419374117193
1.41935109699913
1.25542364907127
0.0451330426700052
0.0572843834956938
1.60159561123189
0.0891068103895024
0.0435751203203824
0.934556866173565
0.339531461040646
1.02489935180949
0.383741611733385
0.276106398006642
0.181478421294158
0.230120215081827
0.498526879782492
0.0911487484451748
0.294515404731291
0.315355644398535
0.833230307955612
0.178435775602629
1.29353752849519
0.573526480945277
0.00309087733292852
1.06548804966825
0.350823694301378
0.051268403572305
0.319635380664396
0.219702761034299
0.496174905638209
0.744050914350109
0.0386304224120405
0.113886667430874
0.317332923846998
0.0967023004059334
0.205324942365558
0.175729551131383
0.246146416033339
0.535321706743977
0.351146851503057
0.201083410292211
0.677852817538176
0.25313955585796
0.075354024262075
0.245475588548224
0.253063951556172
0.142332261853075
0.0900604426813758
0.122325777703289
0.0831738867872949
0.126471822592349
0.0630206147033054
0.0320100393708226
0.0559397957339483
0.320191789710562
0.173341851142914
0.296473825779182
0.134856423627497
0.458203513837406
0.691969533785993
0.305885718138987
0.220800986158711
0.313813711564821
0.771429934417725
0.362476527427457
0.0366035046695328
0.765500628834893
0.797372054463463
0.0584229280414497
0.0483062954248263
0.140127375824147
1.12127987557854
0.578849391853307
0.203867883828043
0.42162074611603
0.581075061585953
0.0799542068675753
0.592576269110661
0.0879324450999594
1.47060344719023
0.434594470462934
0.515187821132793
0.617560895333756
0.708069002592878
0.146628958232806
0.389956113386027
0.14549515081056
0.0562180466743653
0.0588690615690742
0.191088038710354
0.433180283951705
0.172888800998029
0.49935564497434
0.0315578564147838
0.161361139888187
0.70982137156625
0.570171654761853
0.020504163432942
0.408298759443695
0.132955749540475
0.496982833498079
0.388863679130943
0.417897375913118
0.194226593061164
0.339214796855198
0.480241734991481
0.322756074050103
1.36973618314576
0.0227707771070394
0.0732025711153556
0.542160788299168
0.422519600026522
0.0539635262999382
0.113260316076905
0.785183006177253
0.0293685289309323
0.416769898372574
0.227750657748999
0.0344414515597738
0.351722020832964
0.117002436151299
1.17922897361221
1.32161598794434
0.275611784117914
0.13202110688498
0.219794349219232
0.306835438730568
0.178590105932172
0.363445212853944
0.0426503633806631
0.00638262813856216
0.275164472817794
0.0410502943134326
1.37497376933069
0.737302564129785
0.232737766583925
1.46920362060155
0.206624151733076
0.00880487207840354
0.28156375358469
0.22656936580866
0.240476536001159
0.18480895527111
0.0322252309929735
0.119727241587411
0.232423734885605
0.10367676885346
1.44937842459075
0.0378690335618919
0.086831530621056
0.101758451288759
1.39645415620058
0.175945548009542
0.179203092379186
1.37002635665947
2.25119290130527
0.0742336723347752
0.0300316701164765
0.855650650837518
0.0296412782352913
1.56282706624433
0.0732324575141171
0.0977195501280176
0.320139419719965
0.409073935748443
1.13397525766601
0.206073730080377
1.26744903243484
0.491536175448979
0.493249843356558
0.125400910766667
0.314456620341434
3.46929948871909
0.526286278521119
1.71171962289717
0.259389706254987
0.681516372536851
0.739164952655895
0.111490937229346
1.21804988846354
0.560607436301998
1.38483077684041
0.0906804212322861
1.85539685428682
0.237090272504385
0.238582167141932
0.484636743859627
0.760055031808859
1.56643698281642
0.737673652727418
0.683116176172861
0.408997722630546
0.332756050899353
0.197274007816065
0.1908851377822
0.140118918514526
0.442621898429593
0.160867404420022
0.122397163385933
0.136668405457368
0.638522694292962
0.0899763120810101
0.209647226115315
0.333518128571097
0.172556402594965
0.133736618337764
0.132079315681207
0.185885995032376
0.354119634161387
1.6047746344815
0.252602272970008
1.06503233663382
0.130165100531625
0.461348178083776
0.394870264793368
1.46610190641162
0.10705620364252
1.08632898933285
0.153398310494663
0.206080770051869
0.0252920215973359
0.566195422772736
0.172825666139116
0.347542943996094
2.78859098854955
0.52415113049081
1.99697408368968
0.0423993188926183
0.411271593462237
0.572287689597468
0.230226181978681
0.276907267512366
0.990760657603975
0.18765680511186
0.574624358418926
0.0647524355277855
0.0630289100821128
0.962704206933472
0.0997187986326395
0.35692156379227
0.135026240684718
0.427675825982224
0.146206664963982
0.130846392343749
0.259335949143445
0.850110895218435
0.360020680296528
0.372726242630074
0.06846925939975
0.213547344502589
0.487848274029672
0.223081697893131
0.230359112580719
0.232254884848663
0.516093147398977
0.452916196776257
0.645564712381195
0.354647601666601
0.396603345667506
0.233509285832133
0.23121919090626
1.00515196175535
0.237706491013704
0.21644606137006
0.214653007007546
0.0855896170023869
2.64027116346177
0.0555085391995617
0.192915394249579
0.280562439247348
0.598094712230213
0.0929645152566679
1.04967770912215
0.659719800503011
2.36244750465965
0.0922889738396546
2.11402972612205
0.245301651909811
0.312818377605717
0.305140962624038
1.95140304286722
0.452498642415653
0.322808688588689
0.412328351504671
0.119432530096458
0.106781927823135
0.35554085449094
0.330986620408353
0.384370280451316
0.658312251463759
0.0300514767470412
0.0384849504886948
0.0924198963268582
0.198786078030665
0.654105561314279
0.0122637507809557
0.332569590798504
0.11325912270226
0.123532327427776
0.0838305334866937
0.561656378255456
0.501810819022729
0.996171542868895
0.115205323392019
0.317550199839371
0.0129788501351977
0.554191292895928
0.505156051589712
0.363563775652018
1.66493657095757
1.14235836051326
0.0771434085558476
0.230765447028421
3.72580725663098
0.0921717153069575
0.105495516527671
0.340900387134936
0.431182912232931
0.145588520559927
0.553798203955627
0.538508494705307
0.24698520080446
0.231571022581481
0.175961454564498
0.680021325282337
0.548054429564648
0.200639690560522
0.982428819585982
0.0599944922776629
0.0368568096720003
0.225742324970551
0.262908360054074
0.438501079105609
0.0961763861059063
0.9165940103595
0.607214681490287
0.232397155040783
0.486882924969739
0.134583598963188
0.765973553931278
0.0522321482840557
0.00922458957688917
0.322173461166053
0.0477506787435126
0.180622546863436
0.840236075040974
0.314987994059223
0.430779432724651
0.0317005009828496
0.0864347124565833
0.183339884927527
2.24049474475194
0.760576106031459
0.0879914849753408
1.38186609939899
0.491254822007638
0.0818535556565711
0.11323636796475
2.31786327692422
2.52381932926876
1.90028225778209
0.0467022065999871
0.229444782323958
0.365755227454454
0.0921056106178967
0.170786912921543
0.285434690501622
0.296362847678951
0.181949188500379
2.45101320020217
0.325236008043522
0.266524897092301
0.0829804425683761
0.194558473630881
0.174491259091774
0.328477108577405
0.052122866648658
0.256070065395441
0.147603409814207
0.531228276586046
1.02225312155907
0.00678095177373972
0.85547377159249
2.4675855470757
0.273777849331823
0.190401356376896
0.242207725547485
2.89168887182857
0.413686395798602
1.06017442044817
0.0685300015109438
0.0830267339273156
0.65579647362158
0.384721200439045
0.223672773315484
0.281281918527983
0.244579117670622
0.240609509510875
0.175521724907336
0.601025775214926
0.15467394133811
0.665720426913266
0.200560196906882
0.394394000197087
0.102891373615652
0.127664692747246
1.04247781492184
0.921700721099713
0.442142434051504
0.127841688223624
0.275843840911356
0.144032827899041
0.257540055856024
0.886706202455711
1.43193673782693
0.220547279388813
0.152203460963466
0.0133659241600394
0.0534578808673968
0.393138708139477
1.05606977629465
1.22035328758191
0.0169868525573143
0.267142001564745
0.223423750764586
0.144593816205592
0.377472923963509
0.225417238743443
0.248642380378795
1.40959120683945
0.748739126719615
0.0533618885250885
0.205386039219226
0.16780450828896
0.469074099655863
0.761807914599903
1.43832566084388
0.265150858304053
0.261923190032962
0.0422734443171251
0.503368232875953
0.0670709432648287
0.0272207170379341
0.764967542566036
0.64640148312278
0.323882822958475
0.554045820847077
0.193263056279306
0.404322429937387
0.954520343342941
0.2539563986433
1.41845463566539
2.35030163735849
0.00855333894352521
0.212384251097962
0.15316616613418
0.80867118670802
1.07245454872942
0.515674427322966
0.667891311886527
1.31339427906534
0.738137896967034
0.0369918576749882
0.35471861237525
0.0857178794455892
0.103302784252619
0.617985558304826
0.130380424638783
0.535786641173189
0.0812830885629456
0.0624328057906998
0.846959436460379
3.4698277152032
0.686560749684231
1.74794018120561
0.572564870635726
1.07638558214564
0.144825391858751
0.408631858561056
0.188234922760063
0.203438768878634
1.2956431060871
1.17707825989479
0.632433613627823
1.1675333648232
0.0886074006343757
0.57366660686628
0.477411161537699
0.173894026672707
0.624689680051588
0.407972576107406
0.295543965940835
0.61394657303301
0.230017663798062
0.280903596196018
0.0288746324831578
0.0723296642698415
0.0997026870889842
0.0264759806176116
0.541493007031916
0.0436112731079149
0.343073581667892
0.20217428863861
0.0822538922343924
0.267264915085096
0.322996046711451
0.882804046946211
2.84994639453435
0.84106767708997
0.619699653961834
0.648397464449139
0.280346186022191
0.181884520888302
0.201445911258171
0.323219983447673
0.194477643970399
0.877844221695806
0.667562302961969
0.312974065140359
0.0374226049682247
0.520789488624507
0.244090237638808
0.135842237397663
0.164392455849249
0.757250404673515
0.141324637820662
0.450563434916235
0.439402064393423
0.754151269640898
0.589083912973418
0.118983776011467
0.362031086380732
0.813390168582458
0.159274745235494
0.246147895393306
0.250570715739907
2.0597485110218
0.143521394080095
0.109019929974223
0.411469683230897
0.12262015260743
1.1118480510816
0.536160150006386
0.0483735214089539
0.73763971879005
0.123424376544117
1.31324337218026
1.15475726826329
0.18422365101313
0.860169128686255
1.14351944989904
0.0429271356228567
0.0737067279679549
0.0282436822144042
0.214006294076348
0.540980998608826
0.66438937194875
0.031885317230153
0.080331236036655
0.0387776268625327
0.0745925783362309
0.404639689437056
1.26369463665218
0.0558413686995879
0.188978208695342
0.0474241335530723
0.174188540783128
0.478532376362004
0.133141825318397
0.713698475245283
0.209281037863671
0.341125029820986
0.370112239491535
0.196796576661853
0.0210287331933607
0.189188368888283
0.252535318601201
0.0719197640316693
0.818116825877663
0.514989018400711
0.994854792715346
0.453667384862779
0.180011665682572
0.122488411472333
1.65772300690402
0.833027906245154
1.93760363063241
0.0317131758531529
0.0210043629209282
0.0824130211371916
0.20703804420214
0.270998676743837
0.986911570955528
0.138571033408275
0.0827792361604676
0.344200684891281
0.0368567452145364
0.133080434830353
0.0468254459342469
0.088107063537318
0.165547467157119
0.163016529101874
0.272898985487566
0.216511770112704
0.699464450044813
0.112763094474895
1.04417635391941
1.44169534670249
0.41195562948631
0.373390562173252
0.194342075933169
0.406196221762945
0.0753803190594431
0.411932722587681
0.188379149579847
1.36528725110822
0.41382649516282
0.0628085127955788
2.11347160425902
0.463385298141852
0.0216579196148211
0.118356967539461
0.42781317659114
0.0236301290606744
0.753602171439086
0.193370196066318
0.0336234883347287
0.293051072864832
0.991967479977758
0.0660674289553224
0.375410391364542
0.229603101031696
0.265910304224245
0.182403662917349
2.67827598218233
0.282748738939544
0.0808245939421431
0.225710361333783
0.0583002626860077
0.360326570718172
0.341573061710018
0.378789169311543
0.645256231555464
1.03754740194806
1.00233241305386
0.0670467891198155
0.0772528316114756
0.38621879856275
0.222143875586862
0.0581613531957822
0.0595625457677855
1.22040459194633
1.62400730810159
0.745409985207245
0.218046480336542
0.24964999946671
0.0975980073154736
0.284714642611632
0.0664527391874186
0.220635114237482
0.847420782267796
0.127740543009814
1.25120136979804
0.107853467983312
0.192547347574557
0.0985115246775925
0.691784515628867
0.230164117237832
0.112805062736565
1.417833831055
0.156859503607819
0.199002824533202
0.325236704752331
0.398466686500737
0.203217926545263
0.135317179864306
0.102383394395722
0.165562776410844
0.210830135874688
0.786998366870333
0.276915621478359
0.859962291157646
0.350939805336854
1.86402498004556
0.0224711064767851
0.532155640486629
0.160102349708431
0.382135839288942
0.009574106804753
0.0950104572929661
0.447206426136492
0.076702350356084
0.735926633417643
1.51954393401995
1.812848715804
0.570706412163001
0.399663377686651
0.270476644803805
0.124759675911535
0.559891744611574
0.157650580834088
0.113996590372868
0.0247044772855676
0.0876356870799294
0.742065617326318
0.517931493079701
0.321250505134076
0.911768142594048
1.65630346087885
0.0785516973174986
0.383644563457653
3.57324314589137
0.229421032168312
0.206758758608007
0.220454756165205
1.6600702740862
0.707992549642478
0.764125414506646
0.0430152200674845
0.32188623133836
0.40767359448179
0.423406914095148
0.0290554208269318
0.18213201483994
0.0031282172306578
0.240506227361669
0.86659325511612
0.201390138948466
0.166112886097486
0.124631184889568
0.315987993233284
0.158250905506763
0.291203518111069
0.257716700874722
1.77584574335575
0.259097999535282
0.133895864208645
0.679685089244466
0.0240244845892978
0.258456947381268
1.14474491073879
0.758428449063563
0.21224551390055
0.467829663888988
1.25631934670223
2.54789600061117
0.238959668906272
0.422139600216134
0.176875529309287
0.296266507921957
0.0791947349204409
0.0661786689611758
0.145211310969485
0.727766069355076
0.37338817673776
0.619980437232968
0.433723246792998
0.18304599699858
0.540853528147424
1.71585589779435
3.18285487074891
1.16088597212896
1.07800497678456
0.421047011306877
0.564561234868118
0.0853452534691296
0.0182426652952699
0.57726405483547
0.0506196130277458
0.754966719488314
0.242007675450436
0.224624074492434
0.351502667426398
0.0518701172857473
0.125420878375617
0.390671670559997
0.180706165656151
0.239257464174992
0.218120684203861
0.658747286289064
0.0328591206489684
0.16020793118437
0.549664181226488
0.250631608012631
0.293391412125861
0.75276806894187
0.401419199281482
0.612186394895351
0.177013299797305
1.49105468726672
0.390184491753169
0.783593289719095
0.0666051859855915
0.476708200110597
0.0851798313418443
0.551787500699207
0.0956780920783485
0.280965636374057
0.21619541117764
0.738173934510107
0.318582045779341
1.16797596745672
0.265320756087585
2.65937374428646
0.440675951874805
0.557526735350829
1.0493661586959
0.0438302214939844
0.208045411093413
1.05732041469221
0.461755960757434
0.0820674687812487
0.321564225786555
0.185786742719705
0.160370227910373
1.03437424306422
0.930501865778009
2.13117906756851
0.197855441792222
0.24001052296635
0.403750510881729
0.559110181972049
1.7459024379407
0.232908331534534
0.250064336570195
0.32963605116253
0.136957924587431
0.0953989124063202
0.363004517694815
0.210875621660354
0.128875674026757
1.38844913758252
1.33809021205867
0.0760358699074434
0.744204167498867
0.190488636584405
0.175574816656332
0.238754583300269
0.781577630607627
0.213290765378218
0.0898190681471229
0.282312102958807
0.927374019498928
0.538628183668723
0.206675048769596
0.120261627730034
0.0362584746210713
0.520654610323981
0.538139674858841
0.169958667367862
0.633773960954472
0.353793610512292
0.090266158078133
0.484132694863103
0.0525800651242197
0.192160081211378
0.282360459022377
0.140699916888147
0.564654804209712
0.101910105659039
0.970176291778084
1.48145052217915
0.744932841499776
0.422183606979956
0.640379252755215
0.685952715274131
0.0552030155912182
0.102795881007971
0.212160983412749
1.87425346535396
0.352493739023827
0.034094067847979
0.460041219197808
0.803632193661844
0.454047453316835
0.0603990349163911
0.0906155949851168
0.2062447711553
0.129361843657374
0.0702656931849131
0.0801787335159732
0.167073888157391
0.189695944306261
0.553771200031614
0.800406239191561
0.235383456945082
0.551055958723627
0.593215862771911
0.862937322857768
0.258334272407774
0.204328551405388
0.10001855119861
0.611873549822788
0.904673681290704
1.62005209064667
0.140575615669571
3.41863851054621
0.077081051511103
0.0594198631637912
1.46514138705368
0.174272890502887
0.26376699485302
3.23121863967697
0.0956939486051244
0.631698707088345
0.0188285986141232
0.836109744657653
1.42291492156974
1.74353002472204
0.159442790794942
0.151255553820662
0.561653992084087
0.161907090421658
2.10212717980057
0.24821327955375
0.12766831935326
0.555588171526339
0.0337303165239141
0.277514434576724
0.115841086821595
0.34195172546896
0.286384098480713
0.121803473837806
0.384033864715468
0.254493056637091
0.168817115956243
0.117253088487215
0.0904907651067966
1.72739756020054
1.23324123434595
0.465939915530558
0.168459133573464
1.53363624826109
0.339461712955547
0.0504521178362442
0.098556436742967
0.145552103784458
0.355319834031196
0.362339291548672
0.120118760390816
0.772817153282956
0.0877868236478012
0.429644860372095
0.178879393332563
0.623237107242424
0.0341101640000276
0.376114578446515
0.347173906500178
1.1954481196418
0.354873813360073
0.0718483386316476
0.0271948846677873
0.144257907350308
0.479369394840431
1.01289218991726
0.491736075138651
0.769572791643695
1.87358011752908
1.26006861202283
0.451122886949301
0.241775212744715
0.344237587256857
0.48546443599492
0.967242640916413
0.0865781168270688
0.29293819459555
0.0760218313632669
0.168409577275369
0.125386905440912
0.397344006277495
0.922884597061799
0.0859596244043389
0.276644355811393
0.848683273263832
0.147323361384698
0.212104762437078
0.111705013090875
0.224179460868311
0.0728475428537099
0.223377633219458
0.0658215579218581
0.443022831833638
0.0712994675338143
0.169581604868077
0.0925235710814004
0.234351022581033
0.119349566020433
0.520728892713536
0.27170063104092
0.0816628544531625
0.466703801284969
2.84408692583021
0.146763208462877
0.00530599413730526
0.5808862775125
0.343812282768491
0.526971642280344
0.175424013930557
0.607877406564857
0.0907488189812159
0.0331101825954858
0.468702363409587
0.0688828550382579
0.153088861949289
0.20376719117779
0.895994092760605
0.135235281396237
0.161439426227771
0.619310802947578
0.600018661835145
1.03680739342527
0.304282421416321
0.124653094110628
0.436486493693746
0.130095404395442
0.145272995991983
0.0804299860696274
0.0273374431691678
0.145979821490346
0.160441430104266
0.422501072624791
1.9116480349059
0.195231171563315
0.330226327384274
0.0956849892183102
0.104540427125559
3.23470390011883
0.614401684977401
0.68323906783097
0.578182786225511
1.31672663687751
0.366540425762865
0.0385734623823245
1.00470165175784
0.15881331262179
0.477201615805983
0.437049699926831
0.0599769394824837
0.524318911939786
0.112915067193973
0.0969153272849394
0.152507389699387
0.199727457192164
0.667326427407906
0.140515814672506
0.0521876929366815
0.0569973765366354
0.329049667715971
0.177298738928804
0.254108761782228
1.35550541272312
0.350196142474273
0.616866099379297
0.434474707891617
0.416707105315474
0.213247226283195
2.07751857293308
0.354927441827878
0.667725625912466
0.388211819878937
0.320237277339418
0.461301022927857
0.722849673265855
0.0885919939100111
0.0898529463339616
0.0578225585421026
0.14982104416074
0.150091746673464
0.424812323897156
1.1201451389501
0.265564660732032
0.352368949443648
0.14033245520866
0.0670275223366829
0.107166551775334
0.106447320923169
0.739554200733997
1.26683191273472
0.098149916386751
0.0396652094877387
0.261934664812977
0.0730542932990098
0.0473788547703501
1.33070582021421
1.42940980484616
0.0186815366349382
0.0356980476817071
0.11200450294052
0.195032987957089
0.0769304361803777
1.10309591449626
0.0882601987274065
0.123309281404577
0.274739661474074
0.104231808410969
0.0290520598630359
0.0317510694518287
0.0924257973295402
0.0841284709432024
0.507944414617133
0.45896541632355
1.77181157238828
0.0806468845898457
0.627389213978654
0.952262576333284
0.153125086738221
0.50748435806452
0.406716838467277
0.431251101129252
0.0494386553554621
1.06330928232249
1.73130495373869
0.473207743511929
0.383752685329923
0.345332145614074
0.138334145129749
0.36974320862605
0.784663073299309
0.139788495595194
0.179702924416263
0.476473370505048
0.431701948758152
0.202370908352651
0.978091891976225
0.427240890931969
0.0598560173893726
0.332393371281217
4.54857621528403
1.20265389703847
0.639870000996504
0.539791724957379
0.0747193660358944
0.0711650656971027
0.304846026995518
0.135962487911664
0.204841147970483
0.6089283434598
0.205731469250624
0.199004565836039
0.18587634158989
0.723589132760254
0.219606495034268
0.184998299557344
0.199559184878804
1.49173289072898
0.101062814447282
0.315001411459777
0.00356450100159011
0.557040556357453
0.351581641554269
1.20757124322143
0.198739590795512
0.129623092076462
1.50045071705784
0.379021608221151
0.113119109738237
0.322118392006196
0.661406275782477
0.0952078883861021
1.1960338698991
0.141967238990409
0.226450133196842
1.28901740051691
0.393749385222897
0.0962619704581667
0.430396346254447
1.00855972827161
0.759185197137893
1.60802489424978
0.0726686456899201
0.150054250010457
0.262374073478653
0.395563531289101
0.185398651226858
0.737797873156079
0.122433394664374
0.493204022841729
0.655434175847399
0.883001943301256
0.303542753836549
0.27933012163281
0.778725715127927
0.130310558940144
0.60356869768626
0.00749519630823992
0.0289209518033912
0.201283644154475
0.0439619482045639
0.162546294521472
0.754139282297284
1.1317549330347
1.33419534010998
0.21428509503343
0.048925004617395
0.77106761349156
0.283439639480311
0.322450602655759
0.18652659326519
0.113736327550983
0.154589357519463
0.0982025138068048
0.389200634622762
0.14115264163139
0.204417635963446
0.200899155705363
0.312175064237433
1.02494316395298
0.377463336322348
0.486082064841775
0.0990667989715839
0.170824454102983
0.155384101262926
0.762947077255491
0.53633502447294
0.785101182598134
0.13452919240592
0.0852869222402187
0.583890199014973
0.076718883104154
0.0818684049201927
1.51760515974355
0.182138734371788
0.251354074292897
0.72670035208919
0.104428498286531
0.914866014101908
1.38995534015424
0.377543704230529
0.34942632743184
0.406842762639784
0.386757588306446
0.329301256786762
0.915647258251376
1.29235184951392
0.688327142789308
0.542550331304922
0.174510735156133
0.822323026533339
0.435375187722587
1.83586566918008
0.0847905030063541
0.403042134475017
0.0969482915888829
0.420728384891512
0.177149765304277
0.787711038374479
0.252719127367727
0.263533834981664
0.311087246970385
0.393669915423173
0.216028411719833
0.372407602038231
0.170648786599634
0.501009034535939
0.11797831732854
0.592572272715642
0.379246402412213
0.406236540554359
0.163255901815616
0.237616320510005
0.185781458621401
0.147256386615543
0.12943466391767
0.598914219417952
