2.55471232063908
2.323565360083
2.93926649538625
3.25288598003667
1.74506724351007
0.195580914489969
2.48441489102819
2.21689370190097
0.709078897423137
2.38619258726019
0.826157317456663
2.69429117307896
2.0624184266763
1.78915760842632
2.30115080602831
2.9477055494691
1.69491671114092
0.71656133693774
3.04001312244064
1.16496133214119
2.1537204119751
2.07064624552358
0.92062929962619
1.24077298089419
0.906313345241901
1.88213492931605
0.342585239108443
2.42930909206054
1.73723817701069
2.51889122106012
2.62989355836301
1.64221679821624
1.61159623981917
1.54929435708689
0.838434291139531
0.609511618895057
1.09581033707991
1.9046541971063
3.14407334162738
3.3034660374914
1.01781238771449
2.47422254000604
3.39729835274731
1.32913144117695
1.43837666240734
0.320390290840211
2.37228373723851
0.741125702230134
0.204285785777716
2.33021106564248
1.092911557284
1.70993984416894
2.13208479717104
2.93881328425816
1.64615587544636
1.75644085860993
1.79117652452389
1.94352877394719
2.95919821531048
2.80931839197619
1.55631921964591
1.90491746401678
0.804131288183447
2.10463080012612
1.17588876292267
2.80656287847514
3.94238072567401
1.68757620951761
3.19835001147842
1.5898483475937
1.07267897961251
1.10770331223531
3.58872306361004
1.36576049871887
0.581473410875694
0.764705021474519
0.955754762176369
1.03151079617462
0.206657663326078
2.69278934394083
2.61085083034658
1.13935878201674
0.634319477298792
0.777551113353239
2.34008678693192
0.796759678806233
1.80999568840574
3.28693662519022
1.35182867993011
1.79128433411761
0.839146832213806
1.26509669467323
1.48420545438203
1.55264197606805
1.36739105704964
2.52880981809726
1.11975423028536
2.19970369725349
2.06455040763948
1.78340252648666
1.8396429597943
2.58790737376281
1.67713381558632
1.41282174777276
2.90577325778878
2.57287364097044
2.17520963912751
0.991335935705306
1.94027953325354
1.59916624636214
2.48733159942012
2.35861138027599
2.04460049846584
1.1138334294812
0.356768877887135
0.693338343995772
0.82967861747723
0.221986655609446
2.66486495557172
2.2055722239057
2.77055975156727
1.91708794314907
3.4840279123858
1.41291173548584
2.64580968211318
0.248496367469725
1.01397674383607
2.67853172020334
3.71936110739162
1.5524969941853
1.6708997311222
0.376135721310909
0.991479060714764
3.11343201053907
0.444193319614626
1.67170517892832
2.01300590381034
1.19342882151387
1.54565440070904
1.81123266852665
1.00189681772465
1.77522637784286
1.97755323349078
2.09387260171522
1.18956607081029
0.920827168560112
1.3784708955391
1.58502091240337
2.06030923182714
2.19727609191863
1.1279182121382
0.61802045613994
0.660384203636013
2.13228390380032
1.98645191056924
0.14432501246851
0.433109890313881
0.980824390639101
1.05716571727591
0.233433086120075
0.601636195288712
2.9203438869264
0.756063092610367
0.723778148522644
0.594428831268322
0.686562116084106
2.71798863292058
0.172705435498525
1.40850516600375
3.64000560552577
0.818968948323796
2.42619027523118
1.34198083028919
2.54973218746571
2.86757161119266
1.05021695877839
2.11124628206704
2.1724937378431
1.101492909193
1.47524551252655
1.923823725943
2.76026473930043
2.3287943347209
2.57199033086412
1.96383044320819
0.79362230493616
2.93688152512743
0.0837528049913054
2.58804547754225
0.476511226657407
1.93330432919242
2.77351972974388
0.169311021101817
1.12386104048847
0.482708041646995
0.623186185553078
1.4582596997467
0.749948755633424
1.80591026264962
0.379548372442099
0.648874872164647
2.93825343073759
1.88978357315226
0.721317404310515
0.113062547026107
0.523015404439509
1.67861642396986
3.36058077529992
0.476848984404041
3.27015788781097
2.63098702678398
1.4757479950029
1.61994239515172
1.02404424826197
3.2498687964291
2.2397769169058
1.69318488627147
2.19998007070972
1.77845077433901
1.2319256460926
1.27701133996105
0.905563776140559
1.11300051175431
3.12870682714571
2.12467453672087
1.03238946339125
1.17016974359395
2.94528347969403
2.63006134853498
1.27919389107142
2.10065972866825
2.22885893996267
2.12746300331253
0.835667974764513
0.583096726872333
1.17043683793016
1.93759601267778
2.98457219687385
1.80353273629477
0.939586607620935
0.314036314507436
0.173789342311682
2.42174128158247
0.410178512512037
1.81560038066265
2.1058181612386
1.47678255236981
1.84768542132629
1.26072542457119
1.79880692579934
0.214156098026964
0.466604000825677
0.276105565959405
2.11139645758736
2.54690644237388
2.43074781910486
0.0347239406646544
0.0477682127950269
0.0815042161098793
0.552359335750566
0.240808192343674
2.16259090089353
2.44477935981939
2.71462729237249
2.56701514507305
3.1212097954927
2.06508016447523
2.61957143476876
2.48974271785441
1.55493254881081
1.31209217833832
4.42070175263088
2.43804900522333
0.654195453176212
2.80684565063881
0.756524329953763
1.94408478376863
2.16299670032123
1.25382193682043
1.11256950671064
1.16652696264133
0.835176423677057
0.440880384916173
1.0742048608028
1.38868367027992
2.14137450324743
0.991977550601951
0.9317464678149
2.00759878081273
0.101441423754001
0.0683194534877836
2.18761414755227
1.11343684293392
2.85894991613664
0.532219137350972
0.715555513414871
0.900129621863496
1.59886860587339
1.71229527848645
1.13960642102086
2.45191822009836
2.13811362486615
2.84509758793205
2.51066677176723
1.23016617046684
0.55203031601445
0.510269802354
1.21124450304197
0.0413935040395183
0.762322211176413
0.765719665856332
1.4495219288711
0.523465118429896
1.82627686569132
0.293215356162739
0.606247241994319
0.608055872190598
1.29048321284961
2.52207490513588
2.33654565975699
2.83056215178062
1.23596304405202
2.70234756675141
2.19521666359833
1.43343244913752
1.24117493178154
2.00330705475911
1.86670248435627
2.17816891068103
2.73386243588824
1.72782657804939
1.09429810167941
1.86851180971993
2.20161523054247
0.7432664960135
1.87067275747199
1.97080509671025
1.90980084560919
0.390831222750798
2.16695145707853
2.38217396781054
0.572467050324025
2.41667431703818
0.678459126707588
1.68062386982373
0.62977658584106
0.398640637634964
2.40928327156977
1.05459333089749
0.79061694451046
0.348133271790853
0.601734098872336
2.68419613086147
1.40262434199128
3.79363136130201
1.80948800182127
2.7427564619207
1.54770550827655
2.05363650623355
2.92028882186256
2.7155010276837
2.76691436801424
2.27683173615288
2.15437105714645
2.00535546733053
3.15684680477459
2.70940533762721
2.78839168056911
1.79287980009666
1.59917081882321
0.979637259523172
1.78161869494156
2.03762301032636
1.03064449272344
1.10355134195709
2.41214708855004
0.64658872740402
0.177254103558834
1.98671138894348
2.14854588381307
1.71525130460062
1.8323899016671
3.420264732981
1.82740465502131
3.15945676085567
0.420261366798025
2.90985299900096
0.281506887045157
1.18414567685241
1.53675840304379
1.14236397924761
0.341972770459183
3.03165110128474
1.78137005629572
1.5338283290889
1.2375988597121
0.879206088481939
1.14594851733294
1.75763980843738
2.41416651472462
1.85718552938029
2.1569116115386
3.18205270185308
1.84950119085867
0.247793325450938
0.620914583232014
1.43173083911248
3.03606386880381
2.60750726890818
2.46074997235601
2.11393972699121
2.20434168275371
2.81914412060137
0.479951627295632
0.647531670373138
2.00193162645804
0.697501408380763
0.844227128458656
2.06262625716297
1.36807409978301
1.22682061425836
2.02244399742368
3.26653893921748
0.373856176311003
2.4840535357349
1.36043624381212
1.20401351182762
1.87699628972116
2.27616470118804
1.52634869863495
1.34417671017706
0.988337280671292
2.79267791956181
0.667506570195764
0.366682114847137
1.95392920305043
2.13186004156528
2.48300174936594
2.08820016504423
1.93681332314165
1.85684061806107
2.98186111108868
1.44577490879198
0.910118895338256
1.73712764681157
3.06728612124168
0.921552045515176
0.711133111274707
0.49757644054529
0.58182031767028
0.703751567372043
0.699168626434236
1.20880223456633
2.03467894777678
1.9150723495554
1.12807522623281
1.73794499474787
0.508344762596907
2.06103174201579
0.316977755005934
2.6739448159978
3.07945033876092
1.49542805909948
0.798224698851877
0.427899500521584
0.418007784814145
0.189727485009617
2.75546499054706
2.02420615170834
0.194064083120948
1.02016362937906
0.196397179605365
1.6393953711306
2.11546643768954
2.6003749451017
2.67850501944101
0.852372816929362
1.53752884423298
2.9845414810849
1.81159102315841
2.47771433349466
0.958800111081768
1.17660804851324
1.05012743799798
1.53524990589296
0.377808938336555
2.63619620519381
2.48339757600304
3.29493351074323
2.46203974940157
2.55024794059856
1.57428829097246
2.81908934805322
0.879203962311233
2.45691203850579
0.629178872194988
0.141518943151312
1.59549112967768
2.9337713347348
2.51414572088865
2.33175632675705
3.42685505988214
1.70414012783376
2.41682996981195
2.90865689428769
2.65782594889532
2.5824544583155
1.49135921925482
2.50320517687619
2.80444476453592
2.20813870851908
1.95446629864982
1.45715589591748
1.07498078740065
1.29074305997196
1.29355231312825
0.788263627079725
1.722550321704
2.2485230338065
0.64458522575407
1.88098486327028
0.0836408986243644
0.862865685211954
2.97892102168566
0.704855587918807
1.83422935223856
1.19610960614092
1.35734727862179
2.49530368054908
2.68717253018371
1.22890249803846
0.775294729481097
2.66750826224177
2.83045769594746
2.90034271214096
1.40026740977373
2.01691763261614
3.4823513936363
0.286234400870096
0.833144501439613
0.880079197058107
0.774141266081429
2.57158853721523
1.91436538616527
2.92759406834504
0.785840738884552
0.184298550199468
0.165327317555007
0.470621204317006
2.72150740650913
2.32577604791015
2.117738022025
1.74301815801321
1.42797437641528
2.4191149698957
0.673555064361494
2.1704084013693
1.84471310215834
2.07212472015236
1.37129325884904
1.21017007488341
1.16365186358347
0.906605402221209
0.522999687745076
2.06725421313904
0.620360849183973
0.735354844962246
1.94343478387815
0.634565369553665
0.899216656004046
1.572755111995
2.86859748569478
2.47398125046053
3.08334243335485
0.994913552617779
2.1347249622147
1.66876118346607
3.09270450937253
1.89636776175659
1.03686069104374
1.04824132892356
1.20701378524751
1.3954602674003
1.94893511353689
0.314383421171048
0.787075127642891
0.727533510306696
1.52711147283018
2.17228637829585
1.71002143492043
0.919265331835593
1.45632939044588
1.00227992051378
2.58843084822202
1.25452886368509
2.092292167993
1.6985527840762
1.78928997840352
1.99746555829157
1.811346574886
1.50651811313569
2.51725633944864
2.2940778612294
0.338552988750654
2.84391276481542
1.55892675134144
2.09533037232804
1.91277156791049
1.81612015201656
1.98620134643599
3.39851629683911
1.77520318596329
1.59000644311561
0.222550476532367
2.57404366447779
0.826928711084033
1.87966000183436
1.31207685120743
0.99354032772022
1.64664632455607
2.15745155136696
0.903842458874484
2.32521297138572
1.24686935120038
2.54991471214652
0.935525759800746
2.16129791079096
1.08553487681134
1.34499805789224
2.39556118968992
0.908285306897712
2.5142671359582
1.48273530203607
2.42376340365502
0.672611531494641
1.84257041990303
1.96965303867821
2.42283003456561
2.35149228350606
1.90205280419036
1.32467192052914
1.6468484146142
1.06420477068989
1.81142546817123
2.01987568036858
1.74701008904833
1.62300598346536
2.93347781905528
1.23538130052
1.38684207468719
1.61354923937346
3.66836155972023
3.97265070779501
2.55297891868393
0.717157255328948
1.39153686119113
0.813761384034459
0.200091569320281
0.438566346957595
1.02305653928418
2.72704057349591
1.74302521975446
1.66070317212619
0.230898217574911
1.85993483933498
3.6365699850676
1.80941384734537
2.24699332489544
0.151489311775553
2.9857644132905
2.48317102934605
1.42053450224076
2.44535637724328
2.77758825727136
0.435184512694572
1.29163011481083
1.06855393215269
1.97367580640205
1.94084912591107
1.3320138822005
1.88871848175471
2.93649633312724
2.45259030323932
2.23632726946583
2.84639565763333
1.7616091304637
1.19629885078954
2.40786680140084
0.0688061430841718
1.38370015937449
0.232472837748751
2.93663944816838
3.19625074598172
1.51586288194059
1.56215541221709
0.439108939720141
0.47613231471396
1.14756599291447
1.71543210647045
0.613372121825216
1.92091927976929
2.07532378293189
0.667257714590206
1.7225086499301
1.20782215547789
0.672696403051367
1.36025955557516
0.660113176088311
0.782536050517799
1.761593336407
1.54439728628181
2.19420405563237
0.716464141472488
2.2949999547542
2.5638689574944
1.86077420252315
2.39358853201384
0.875353595288569
1.23575255394512
2.12063143426828
1.0821260054386
2.53402004591224
1.86976112613847
1.58415210728771
0.252166340511139
0.66539504969564
3.33516836962759
0.867626900006779
1.72236825520039
1.58194088168277
1.72924839991521
2.35672844633725
0.793261505885775
1.45309819383879
1.85227799366565
1.20645317513322
2.38455734491928
2.18628113726015
1.87322954728251
0.939071818273781
1.04813177509174
1.40649725860155
2.69085304530856
2.13263560860296
1.17869379448377
0.641938042835133
2.56803164709801
2.12887725496142
1.43043354516553
2.46051239277443
1.71047380768028
1.7747767409117
2.84210942461461
2.69761720886122
1.83762242036279
2.61986105750228
2.40819529285996
3.13915482777242
2.17994195227367
2.18514491695522
1.02520284501648
0.888387866119857
0.717394632932721
2.12672405622175
1.92808722250198
2.07293124563956
1.71142519602781
0.650047347691148
0.501877587475002
1.30037783666041
0.769930289901384
0.875003504677995
1.0973869596654
1.65754050127528
2.66099697169656
1.1681785526487
1.62266463968362
1.63003724935565
2.44437987111028
2.15638240290514
0.0453685246848725
1.62103546525195
1.78474674183808
2.5830517729306
1.20905976803981
1.85804026174066
0.863409452787005
1.08667759337476
2.31461865390484
1.64239558406812
3.20499734464355
2.98794682397254
2.56680428698073
1.73002446593094
1.43126053946987
0.736622723857558
1.17850462594526
0.449652058460252
3.2006764138756
3.48997843736846
2.31497623419651
0.674007261771567
2.88099876026637
0.0761091066799716
0.378487274108749
1.12882490631121
1.8046416478829
1.42014302839153
2.62170516576124
2.71221093940357
2.25334799870296
2.37389555326813
2.3323184721719
1.734455478661
2.09294049979281
1.54335713191839
1.61768407502031
2.09285078252225
1.12887447922688
0.51126508918043
3.14271825280459
1.98872223582002
0.187461685501156
2.14496299845592
2.7478363898848
1.11672238630388
1.62960850267617
2.28888793770218
2.27761113174236
1.54780419407083
0.772819664217024
1.56455173773883
1.38428710772253
3.04011478244651
1.5526770131087
1.50144854776091
1.09864411729531
1.29424601372969
0.119222700666235
2.51258264222955
1.0773068972997
3.54112548221337
2.76958960349851
3.04659654124145
1.04073460153247
1.68132962999711
1.64586492149471
1.98650879519714
2.09650327060563
0.993845846286653
1.29795714437871
1.93215051338925
1.03632255028986
1.90534240009841
2.81157352522408
2.6044686920486
2.20893852869193
0.564672656060927
2.61519604366326
1.22967281305626
0.29847972812825
0.927023280972517
0.899602974378765
1.18890439472034
3.04684581125078
2.45114281473797
1.90275823415089
1.93816426994396
0.788410270892168
1.34359774161868
3.05956592357561
0.443354404267574
1.81843321587033
0.112845640115027
2.29003124689724
0.143648902499368
0.211359223985517
1.6930229650773
1.20404469011318
1.39842568904291
2.16099122459667
1.77336467781369
0.401105600708021
0.927420858619114
0.963124504209022
0.612292422470302
1.36931847894154
0.40275419008022
0.440983466688227
1.02549719311115
1.84522022299574
1.50259312121978
1.86181861403216
1.50847689987448
0.974971957010587
3.12377678439164
1.54156341219038
1.19254351923314
2.80820848920527
2.32310906155352
2.97048324499193
0.901090959148346
0.432419561522539
2.25402670615973
1.23129248326121
1.87295757748001
0.967970797385439
2.7482912182657
0.280067086597756
0.658083877024207
0.834139358236685
1.05924781657444
1.12619224285723
2.8252504270926
0.440104782864616
1.87046625226471
1.12098199700811
0.0970863684755246
1.48785958881897
2.58506753256574
1.14326830134817
1.87726800146564
2.15530799410427
1.86019460396968
1.94596111254128
1.66822959613749
2.08280451437951
1.99716573078246
0.944704352366349
2.74871397793641
0.899432601608781
2.2540090320285
2.24795019554262
0.36204926894861
2.12054847440027
0.376273334146615
1.38293251627137
2.06214402361287
2.19808012816476
0.557896064338056
1.72278401854308
1.19637453697113
3.1577274139456
1.71439914619189
1.81511552638816
0.231199142945624
0.841432602681869
0.21599095746076
1.42846268254744
1.8394861036072
2.46178871280795
0.0933664057577703
1.25182640847602
0.152705548293779
0.720080554518963
3.47120452101687
2.97314365398176
0.718953502125167
1.57987820810612
1.06081728890639
3.7284088732547
1.35039823764595
0.0538723435251947
2.65772595991724
1.83277666773579
1.79922990942838
2.0987620715978
2.52876732010421
0.592679967441301
2.10932227332858
0.647235294879547
1.96873501779982
1.7473634801765
0.820132005294003
1.76817611769868
0.211919992297264
1.53387820047223
1.06802002623244
0.0383036561919414
1.8594721543271
0.421015002440824
1.29811344353623
1.83875226125448
2.25093123189347
2.8848545393559
2.03596594071422
1.61484996449224
1.56680389273262
1.08111275896541
3.35103988323689
3.15316024058145
0.690863450423818
1.9554905759363
1.21615739979183
0.408250183931695
0.304934577060861
1.26886896318472
2.15350210380868
3.54140666492609
0.188844190784788
0.750231110603161
0.163324818599228
0.926878397942624
1.23178948162367
0.844854753808595
1.90203843939027
1.66608851835821
1.78374370638903
0.822349078705469
1.11466979810061
1.21814827140384
0.800396601665452
1.15932286676991
2.46786081395593
0.786425186509465
1.65184114367724
1.83525022992987
0.972659996629061
0.656477806123821
2.25075026103173
1.30390609906994
2.57550022999224
2.37201683180879
2.65008208108365
0.99136768188865
2.00187268176817
0.357826751147224
2.00732084254964
2.58381761342631
1.97182138779995
1.20334374238997
1.47934787940844
1.33195134899899
1.70589304769131
2.27319463277152
2.78985470488776
0.29756946442884
0.435794794861474
2.20955555622816
0.799898890260149
0.98989585766709
0.0663757499958166
1.29262040060733
1.71168602070147
2.43636593244017
2.70350846217596
0.975055307452488
1.26496043766949
1.56429243930326
2.69588183042859
1.1671301338265
2.89153639413441
2.17118000058445
0.948101707506173
1.75609482123158
2.89979252750687
2.4609319940195
2.28159221886698
1.56586630643014
1.27650444074056
1.83156998897313
1.04818993084189
2.62135792145899
2.55789572204224
2.39382440099724
2.62891476085814
0.994556400642135
1.95312429208361
0.917307699525069
2.81631030174636
1.03816301207742
2.33565893590903
1.10474977686893
2.52362316537592
3.08023770674648
1.6907389595555
1.02726509938287
1.965431626215
1.15857783347833
1.91940172361584
2.91807952838511
2.28095299844457
1.84546094777032
1.85356960198035
1.5459285215267
0.301804071749463
2.70462539860667
1.78005010709411
1.99083500932811
1.8098843484821
1.59213371482154
0.477271535337958
2.58894698099049
3.41450104722442
0.265581758396278
1.44525959682127
2.90078395580421
1.88036089868832
2.11732140151479
3.27860634517294
1.8224959359596
1.3010555130365
0.463056722898105
1.60224538460169
2.50559104992075
1.06116177952441
1.03767348914782
0.59128044501798
1.08193469256714
3.27423714983138
3.42148008637498
1.54499255057513
1.36823525156564
0.895188350297202
0.110981142985243
0.133604521546224
0.886685571595903
2.05486639381465
1.23353133250608
1.56394603713693
2.21834155606619
2.24758444911618
3.03319053670315
0.53837812209429
2.15468464723228
1.21537625060111
1.35617537430174
2.44600215351765
1.78375714564351
1.60972287537222
1.78590940110339
1.48535711366371
2.37925746241088
0.936266013918088
1.1501388437271
2.51390837376266
1.6361158497551
1.96121418401309
1.52132574062777
2.30054361911055
1.11232507195145
0.98988950636336
1.47616966726951
0.382161905884011
0.741240685872135
0.738612072724457
0.103994456524188
0.87912550353869
1.41324707261456
1.2170175017062
2.52718651200426
1.15463059258471
0.207530266609494
0.763077145349367
0.901908451652644
1.04960889120206
0.923305437743001
2.83767637377079
1.73044753142842
2.09404734647609
0.905197427715669
2.31239956640826
1.59455463982348
1.31107886371166
0.25067536786322
1.29428233557767
1.63306878479903
1.55710931179222
0.513926880210335
1.62014809670811
1.16137164367149
1.2208838912556
2.63606012386219
0.581146387591597
0.0934948678679436
0.433854928228804
2.47671466793077
0.944546756175379
2.48170498546053
3.16854140323803
1.54778525768337
2.16546329100617
2.47532582354728
1.84904333845982
1.57795533139206
2.36759239820905
2.31524051636497
2.22479310616795
0.923372641150282
1.61571140557943
1.72522262937932
0.782302535981205
0.087715406543037
0.371807596546985
0.689798045144214
3.1314034243941
1.94583723807575
3.21840319760132
0.9183247548058
0.885222401823696
1.44066730744685
2.26109019792873
0.739064707938231
2.86735533998768
0.680397325549592
2.55182451509553
3.0423768029389
1.21815096252471
1.5670561220745
2.7540409177121
0.267456358928419
1.16788867360469
0.105309627640119
0.329106583233835
2.46547348942941
0.132650891983268
0.540730726799003
1.13602854562829
0.2543254982686
0.677640470362407
1.57323851850828
3.60625232841632
0.539248016783215
2.41753588804499
2.52522564634755
1.76392973878891
1.91755872058438
1.79584527640629
0.804792845754974
0.712147129367361
2.1894141003505
1.08321910887333
2.69826132859187
1.81019535842791
2.05058650246051
2.24586604512687
1.63660310400387
1.1362358601207
2.25211898275319
1.38892454650239
1.80628445872562
1.98485830863794
2.05827538635592
1.70058885858587
2.39953149109931
1.3766141286932
1.75189117715891
1.67364703798354
2.48405044229225
1.36497429917145
0.593355626406706
2.43504691324647
1.38615297790853
1.66011088000422
0.917890171234763
2.25181609537339
1.69144391191808
3.76155027491891
1.25163539040656
1.77463915172594
2.11829048633807
2.11029020741867
1.21376497073045
2.43361839524789
0.51867557662633
0.898909459715584
2.02560711836893
1.63552675086013
0.325299120882037
0.622224739356036
0.461794774676096
0.730493489677069
0.171964039284009
1.83978783639507
1.59940898827569
0.780576410289749
0.452890186368871
1.68420419581613
0.425775408189291
2.02268390225456
1.47321724100327
3.09245961229327
2.74744368298903
3.03202150891594
1.64106623967175
2.53170208629473
2.09018835725907
2.23685372271964
2.43313871513329
2.83413926553769
2.57367339746848
2.03361157401673
2.11061784558749
0.537611811500476
1.73539770472039
1.61666893982118
0.297753185546315
0.622530265726044
0.250447544298919
3.8522619572916
0.456520537858704
0.676785242364005
1.79504232592772
2.03178359480774
0.652551553985226
0.240499200615089
3.51091475565265
2.36775018578536
2.57390441820776
2.3527716572956
3.98267744106107
2.98207777994724
3.66450026554302
1.12179925370075
0.981055534375881
2.27653566480753
2.61900544830734
2.09086220698475
2.13625633768341
1.45540489150567
2.23753458999329
1.75905743457596
2.53481964193331
0.736065155178719
2.03471717514234
2.35246296843811
1.1306763805286
0.168706812054193
1.96007731349773
2.30531174426843
1.14047696223232
1.04013809308677
0.147521860022438
0.796271151615044
1.99503912351496
1.65285224169262
1.01923887907096
1.58728849599891
2.19418221760492
0.511784198855931
2.23227269660218
1.38896844514346
0.972695024715644
0.847649398802572
2.09976968492559
1.71334086993319
2.21926430187833
2.04138610235479
1.53179437024337
2.15729162827335
1.33880957241328
0.745116757598664
0.587085973753479
1.10059791510832
0.973422539541774
1.32132756678767
1.07265309726116
1.26633721461392
0.884171150477491
2.17746963784673
0.409777738766966
0.663262619643662
0.349364557810937
2.24755726351806
0.853830922697975
2.7247590068502
0.0798353378496948
0.830978014300674
1.58552029301671
2.08372814590448
2.30907037249638
2.64430694424092
2.71124940471822
1.90489689536652
3.0246299815896
1.63295675470288
1.8231822950751
1.76488684421545
0.791601340857043
2.28714195714843
2.07904883187303
1.66911481175798
2.05873079931257
1.15130851110438
2.79020319300789
1.69171660817293
1.64889180157586
2.35086305080989
1.69926864388091
0.84682559296934
0.93273440826572
2.04180024359244
2.57980147785537
1.60801413777588
1.18657263834577
1.12010358128005
2.08523579284134
0.746227307037178
0.643231987575265
1.90822664689822
1.51146460482531
3.20616220050728
1.7313966579799
1.06212444332086
1.61197249387049
2.29914296487661
2.41308598891201
1.10586672561644
1.94439199821402
0.861004863795967
1.57623705137778
3.35491132573303
3.55146322003528
2.27253012112433
0.629272455877247
0.89037831276689
1.71176654343932
1.17720955970094
3.05053607625907
0.95632243064939
2.90441266883549
0.667373623656811
0.244853874756061
0.616738283016118
1.49774448223998
1.5710076552247
1.26307957069768
2.01795956843927
2.47430160595957
0.946593023344461
1.84156516352138
1.788618805383
0.546228592714733
0.0259543541056748
2.92984062606543
0.0822675840867037
0.848457699881349
0.731992176815308
2.38196664309674
1.07108229932681
1.36060238810284
1.69921398371052
0.888563277817795
3.1851445376223
2.40223863086013
2.71912102738643
2.50948500516996
2.98341631647689
0.358395628472199
0.950406019228136
0.834845593841158
2.42160475895808
0.549377892310782
1.9944748892639
1.50595706035296
0.719106057445862
0.519500620364637
2.56639826721226
0.475800768651407
0.684993244826797
1.52144832174223
1.65951934359113
2.84036481184316
1.10518209533467
1.78038740104055
1.75303616449363
3.48753613677043
2.57630278888044
0.704956426871788
0.641674422145061
0.726740673941224
2.34393270752238
0.599398119218297
2.64327154196692
3.69415857010926
0.0573085766233458
0.0917404956471833
0.810017342793322
1.060758008126
1.18191958247814
2.9525423588499
1.05367590900337
2.32365941493312
2.43779963808739
0.797888954153763
2.52452188054257
2.86646451127254
1.04972916358525
3.22349670172502
0.827769476339911
0.52327633672759
2.12882051896634
1.29205976824465
1.53131250401131
0.977616333975261
2.59797302347333
0.379212271261989
1.63598669573475
2.51210336740524
2.34940074323074
1.23730394361799
1.7983186667706
0.972669717388946
0.86746253468769
0.959478451923438
0.372447132398091
0.217203057391114
2.75747321993301
1.69885777342574
0.223954433578366
0.644053112190486
0.557828925597327
2.99972945776299
1.15368777633607
1.00411286507164
1.0640200311342
3.96424577842244
1.31498326017884
1.7147032896936
0.977721944464466
0.874590860451884
1.98740862863392
1.09446945853871
2.61384273302955
0.937654203109167
1.49536125184733
1.27616537020808
0.806725299041441
2.72510986156727
2.88741966376583
2.99553860483125
2.5548876527344
1.06775125531394
1.97050261214233
0.383520015589643
0.179291366897244
1.08438626043585
2.5134640302215
2.82585326635763
0.573980410166018
0.689858109852907
0.384934701965081
1.66870102261493
0.903837527602204
0.713207131762741
1.21682625809245
0.0287962584194732
0.14298281461225
1.89557872820305
0.347675794517976
0.804639090727497
1.1927889139789
0.589178319408183
1.62962676273946
0.507525393469706
2.09723988170394
1.94402791229505
2.68367930305172
3.56409422289096
0.272052991516603
2.6585048056458
1.85996963868403
3.57193292803174
2.78460342716371
1.31154915082711
3.32994332922892
1.68144028719463
1.70109330103092
1.44016596617571
2.15092589868185
1.9552346860373
1.934373069588
0.660040168753909
3.17392029205131
0.852090879677301
1.27142625508255
2.54151244245116
2.00077925520197
1.38733322103743
3.8099095392094
1.81935528926805
0.852368406925634
1.92463771648017
0.726949705131304
1.69770097388337
2.37195002403756
0.87542765993182
1.93627387877565
1.208176687609
0.988733949314436
1.74790472081651
1.78881449187451
1.67314326977329
1.13311880368051
0.133410976020294
2.09759983598466
2.71965485389097
0.0862682151748117
0.505297193054892
1.47189773883156
0.436778422915365
0.649923152725492
2.11938427797519
0.225870532941743
1.28215772634892
1.46839564464797
1.12172667284079
1.17318631280844
1.74833161035481
1.46645787802909
2.30024229336342
1.74384812883171
2.1107868611674
0.248120082704478
0.260259396386016
0.337454857797327
2.24569190769676
3.07533202772083
1.25230404303991
1.77936596657456
2.56064505607935
0.995578038486613
0.741555003135313
1.90833758478983
1.25219671886461
2.17645784999575
2.19207722698877
1.46002500315687
1.77962398882506
1.41847314746637
2.07551255448188
1.19565240902353
1.07639763885348
0.613114096800513
1.55179189123089
1.57275634552708
1.5530250036627
1.27769100642405
0.893283750537147
1.56937810791062
2.06213054541347
0.205787322622236
0.127072272718252
4.08528006351863
1.27844366644658
1.52315757638546
0.628968803140716
1.80980491055892
2.82046845042227
0.816339740377226
2.17645545480407
0.31620288670021
1.7527009107624
2.51882583059937
3.54338434996755
2.21476908053705
3.2595973761974
0.979476094310108
0.572516503763996
0.622121393680018
1.34951947747373
3.05893828937344
2.01959646498347
1.31301097301548
0.451692232294859
1.36662251195407
2.18829518683451
3.19223181793981
0.447796776398897
2.27232412500735
1.29655344463583
1.35710984893694
2.50466230392737
0.623219306194088
1.68700972332616
0.367383608801146
1.80545659267946
3.09611853379844
2.01007211599555
0.792997896177038
0.85272378257898
0.0543753122493262
2.29336759109685
0.532775027246648
2.85072028510002
0.394998739509765
2.18980566281281
4.18249479711073
1.00132550687471
1.63942693345156
1.78034036880582
2.3769764732935
1.12842863982911
3.26716558935866
1.06839662799036
1.18527420348475
3.28149274280002
2.31842170487936
1.08153574429421
1.8412115070528
1.52855042996738
1.70342312072695
2.00682402945598
3.19884050631104
1.57930279323116
1.33042153106532
2.27485897743704
1.18828834913934
1.37304430724207
1.48590567861903
1.07979657029173
1.47035611755666
1.55985042582419
2.69385547145712
1.55878057657038
2.14306424386471
1.65276129608291
3.20809866796223
1.5911230698231
1.68811038000514
0.363772679093577
0.320372172155704
0.211095567202932
2.18104813663369
2.38811499398936
2.03252091258304
1.25485886214785
1.2307766675289
2.53930856956298
0.974873585474167
0.515028065412325
2.66145653908642
2.70118516984941
2.8363350298333
1.05062669183281
2.48203611878309
2.31428196480004
1.61265493587979
3.06303450152716
0.324446751199202
1.15341168771798
1.95514539615764
2.83375441594246
2.14692311395848
1.73621575519856
2.86403091321545
2.1024242083076
0.983705718125735
2.09201275577148
1.09619643823117
2.08811638107768
2.10909762755984
1.3634423003106
1.78386767646731
1.58788241677211
0.906685559036023
1.57238824917909
1.43640299758025
2.387854994406
2.29521558325674
2.0336939970897
0.905767331842188
0.815431001213444
0.184644705019065
2.46218680028476
0.252616228280419
0.94244553773549
0.318859946762175
2.02885804851499
1.32440901069306
0.904247447523175
1.17582329976757
2.29256429279955
0.962579218086473
0.794889306153394
1.53315247838282
3.0037876066698
2.46096356270678
1.37373065813754
2.38134938256433
0.0895458471199265
1.05605340572707
1.34160815022323
1.92370524384923
0.431543204262249
1.74381081818842
4.16225911337219
0.798157873903908
1.49255997042259
0.36797610595174
2.6260482881633
2.81166282934956
0.194439207708905
1.75456170387515
2.33765132438668
1.81137402147493
0.417634256011801
2.18696243246112
1.20644173846869
3.28219185709254
1.12375041596585
0.45032464782541
0.593937492997344
4.71562331637699
1.58776501688974
0.401515804711452
1.89171900543798
1.96501537277375
2.6025676741727
2.02620465219369
1.66405438079932
1.28040758312668
2.02924292013189
1.54810113406345
2.98496749372326
0.943846469188057
0.947871828286568
1.52848385018431
0.306845894708836
2.85575646494032
2.6850975388364
1.96324907340212
2.17463441620259
2.34047427216852
3.61981072749963
2.39433653673681
1.26226258315666
2.85844760458912
1.00644301166246
1.71301577949542
2.2280467645959
3.0008306570146
1.36983726261514
2.51659389925573
3.22993109148974
2.84419340760564
1.56045535643426
1.98575762061878
2.85002090575375
1.35489978644034
1.91161918806215
1.90684602746478
1.04542809462798
3.44513245614269
0.331706684681117
0.23157604928003
2.66413704548601
0.631294845819891
1.37271877314725
1.88712653599247
1.87878111237641
2.12047100032683
2.83863577402151
1.06803583225912
3.25034282802195
1.70674716057827
0.783361530064463
1.93106855449706
1.16880350191173
1.0238066043004
1.05484738287397
0.423479104381312
1.51839025964715
1.86059381567199
2.27082347987342
0.904486595419538
2.85551178022961
2.1041727179052
1.61161667976163
0.35053770809183
0.13834632559461
0.978440437687323
2.89244057663034
3.17842713742297
0.632901757836837
2.4142044368148
0.969589133420684
2.11720152522503
0.662544701314032
3.79907246252607
1.00019127839216
0.978035763179908
2.87977991121197
2.94469248871918
2.44048447688585
2.33703635672028
2.37849535498766
1.05670448004264
3.37164907100874
2.87339034449297
2.24054740011112
1.68852082447439
1.3404714106312
1.5934268763665
1.21171283678105
0.484397666764876
1.34423057361278
1.38289683156723
0.283911733386931
3.07605108977808
1.62151150487495
1.0245822380836
1.84620786764773
2.38071081694798
1.07401469641875
2.1063634936899
3.56649876173516
2.46953130386765
1.21930342419821
0.556531312695047
2.69742955305831
0.807497623851864
1.53233022128078
2.7497494399073
2.43911464592635
3.37738009077779
2.07291330830397
0.721150219456059
0.383620015242999
0.255804497704321
3.26211315661973
2.65484929686955
1.32509802585065
1.21379946333833
1.2575166942183
2.25781225373358
2.2182599320831
0.64681906718276
2.2473777204128
1.73724000552901
0.886462052040041
0.719299159179549
2.01323894115034
1.29310546410585
1.47965716432837
2.0200376783508
3.32645934197662
1.30731238961977
3.00930417711834
2.24402834987187
0.349966137490006
2.20954979267965
1.99097976961432
0.136468998692261
0.985417257094835
2.1913815007611
1.72472973182369
3.48406015550003
0.648230819642469
1.34744454807721
0.54699370762126
0.535140793147407
1.73683809032697
1.63266682517208
1.63039487795231
2.397022503686
2.43893612046409
0.352032175743175
2.4541323679159
3.48077524565303
1.89239546702795
0.435073251768339
0.032994397372869
1.96704428694832
0.881627959957478
1.07594517330898
0.606544143560805
1.94723892027377
2.31329220047959
0.932250329702075
0.859780420481242
3.34092049768148
1.08803562214795
1.28614433301772
0.11884574037038
2.02346324390169
1.70706448631544
2.2843561175259
1.35948988055189
2.73046700850772
2.93041186234909
3.36887627620334
2.63940156783745
0.546538299372654
1.17200352057127
1.62316244255073
1.85438430621401
1.31126914467975
1.61089964645498
0.702371434870799
1.38330253001257
1.2976446984319
2.59513660785608
0.387835797776097
1.95373908339161
0.841480295670323
0.993174746163313
0.487298833422206
0.452346015532198
0.836812793283582
2.65967535310745
1.84533448025526
1.17408007646326
3.44122861758012
1.7201598621544
2.07488504978102
0.317913241686369
0.345478092241204
1.27506850072191
2.9670276043828
0.836579435576264
1.62181373282366
2.2065934901103
0.120154106919519
1.12153699507968
0.393932534733729
0.0352974333412824
0.0541479803798431
0.0266763552669524
0.43536342626027
0.632624011380119
2.09161645484209
3.29025482126353
1.98025752222641
0.768035028410749
2.84507075509786
2.64159296063298
1.64263753453622
2.49327921724366
1.47389813762188
0.903354354168603
1.4820129933726
0.676524444167452
1.89056758415424
0.937379352633505
0.465036894475052
1.05568500463444
0.954647431060268
2.82763389124258
2.63365118742499
0.724094448677533
2.55563963959358
0.867134992012073
2.65002229005051
2.82755508184497
1.38720148663041
2.09682854729095
1.10697663322467
2.5251626375531
3.21933630007454
3.12655168667576
2.16275574800495
1.84375422925132
1.11428319234933
0.483318778783274
0.665028255645485
0.264293732293487
3.00337954967891
0.351972685918233
0.498047776774338
2.14894470860147
4.241706861092
0.902486846723296
0.954379162457476
1.96399451211809
2.13891323490673
3.05237562862129
0.71525306225272
2.56079066638154
2.83049222650654
0.992255126147397
2.47529074834659
1.87069129985348
1.32894698214437
2.60913700945494
1.19301717290395
1.23496193393201
1.61146739824322
2.36205920895549
2.72845404594748
1.36788112401814
1.13311915399815
1.33062828444083
2.53280329232808
2.34807717599772
1.36522753878879
1.25668535328633
0.563268534532723
2.45010067298338
1.04971949896109
1.05793534393063
1.13288316051592
0.637056348094634
1.40723001241586
0.341562902983484
2.84097688400768
2.67555537127756
1.87464924381586
0.977394177059374
3.22098574644828
1.70735688777389
1.28656023738588
2.86802384824408
1.1621100957935
2.65838086823874
1.5546643580835
0.820201192375546
0.649468174478355
0.161341556442168
2.95534458764337
1.04378654482297
0.699589335982694
1.63441402288723
1.05539185653854
2.89978551534323
2.40700183778487
1.79621590365441
0.850151441701895
1.04255025992406
2.27522827025548
1.49794952889709
2.11093919572609
1.76228547848567
1.04118571291437
1.94182634751442
1.5949712107328
1.27477163738418
3.20009767049862
1.21422456267379
2.76413231020136
1.92440515115905
1.37396004859711
0.87702200023188
2.25117442046188
2.93608657956137
2.09667418470105
0.204410162489545
1.74027442250071
0.824238250099996
0.499046739118561
1.36009121972629
1.72614724192136
0.909616463376182
0.626975293175684
1.34253843247693
3.4539588152899
2.32072541146456
1.62073173051015
0.980059752443324
3.48553994046383
0.258179441106373
0.991693587420095
1.56003520250052
1.72123483600744
0.745707551962879
2.6856547793707
1.28988097662549
0.113215177231178
1.09119369507749
2.55654129931901
0.429750381980095
1.8814683613663
2.48583534606542
1.24419716713105
1.19789653561209
0.264099540427415
1.42075922244617
2.58002913467457
0.877198510105336
0.567871859217549
2.21966563068341
2.41067066964577
1.13129606843515
1.94114447713988
3.34632501239856
2.21034956527772
1.57412005319648
2.32581527212893
1.06512881014219
2.21529533679574
2.06289784351492
1.74050091764243
3.23767118091299
0.561842071928158
2.88496481100696
1.09498287591325
2.7887325622784
2.75554488702697
1.19514382883753
0.560481577188258
1.43246512507725
2.76388684050662
1.45609734111639
1.51629017209283
2.17647257523351
1.95543560131802
1.56194935023401
0.24742666584153
1.61056881428791
1.93869739011112
3.04382741845895
2.52631415512824
3.09269882536166
2.2955038666872
1.35389600488456
2.96880575301219
2.72383002740891
1.15083517218307
2.93310992403382
2.58733837031
3.49978238806661
1.73863487948336
2.52614002819102
0.891125506555403
0.799666650503262
1.18105331570244
2.04441272638487
2.17127176320601
1.74488689730975
1.26739524069467
1.17124118105755
0.57869152600057
1.9877175315617
2.42158072346884
2.14488905628285
0.52804439764189
2.78842096813079
0.508088628513668
0.218935102618008
2.15596908741618
1.42563161555692
0.288152299376843
1.73207780619757
1.68928600137924
2.33625325415017
2.13103272394191
2.56223871928067
2.81488890062886
1.17299428127987
0.950996897558846
1.97828005546822
1.47218398373063
0.541445297517152
1.11614348104871
0.930487262924988
2.01087780877175
1.05932217842966
2.87076370070975
2.62162434686044
2.51499736735604
