2.01219446491136
1.93518902485137
1.68140275869409
1.95568706907899
1.76824510535581
2.33306084673615
1.92982012111537
1.97750628325233
1.38553140718942
1.15688639364843
2.01444356232532
2.36686538879948
2.12061767905061
2.10873254533995
1.84628592421298
1.99771950487603
2.44894410807413
2.02807724044638
2.35066773162071
2.1412407674476
2.15352471827852
2.32433517520154
1.8904126982252
1.94776955059729
2.19419602474106
2.03521502820499
1.67903167742315
1.72149581969884
1.92408866675266
1.78063835226962
1.6316970873389
1.92061663529136
2.30903246539868
1.88788770356944
2.17261803968467
1.49376613511106
1.91139662645692
1.42575801130334
2.3533406349406
2.04487215294919
1.9643275325421
2.27397802261082
1.84425947286383
1.66762355205132
1.73689868188685
2.01148682239024
2.32371552335994
1.68772004371204
2.31204995997778
2.26631548991928
1.92471371634706
1.78305199167757
2.16027900122774
1.85798652740417
1.80042607472599
1.81074769553718
1.95648266742004
1.24042925658959
2.29828052008213
1.75976004139636
2.16758278992193
2.24711560933914
2.18834995414596
2.4916896014674
2.47517004142444
2.10822710971649
1.87433156021099
2.27343781114075
2.47005914382714
2.38966321863425
2.45069616486488
2.46525294611446
1.41028770921042
2.19361190570748
1.24948849405287
2.26223825637852
2.21313864047304
2.30104214702322
1.80164939345501
1.99902501055187
2.27702811432155
2.43722448854566
2.10972232265277
1.28871156161588
2.27211852841322
2.32065147460803
1.98299965550477
2.16389970080156
2.17194774538675
2.23670675733999
2.25214912812019
1.78699921623804
2.31707613735532
2.07488394758551
1.9028618430887
1.36205672079293
2.0794931572796
2.15759387353633
2.26551350446586
1.71532868041216
2.28549308423256
1.93856742104385
2.16829344411661
1.72906212744007
2.11994782298078
2.1772632761952
2.12024107431935
2.32207580661369
2.0945681113091
1.61827240548903
2.11879155329191
2.10576501249252
2.12537376530532
1.77555234143508
2.44157338565782
1.74756345943376
2.0110581394573
1.8549159468884
1.96662172442861
1.82364161612007
1.72330774380832
1.68171194273285
2.26337605024517
2.14433722845235
1.67411667809511
1.88819186003912
2.38229674178944
2.14702727673852
1.8533746981614
2.35734333666975
1.77297899186466
2.18244383165592
1.95552517660751
2.00502791339486
2.1073646190781
1.95605301206512
1.95093886971754
1.77728434970748
2.31819141339206
2.15459804954303
2.45608144615217
2.17294698298497
2.1669800606518
2.05206613490222
2.3111809040914
2.10335592782021
2.35502809295329
1.93242246095643
1.6933442847853
2.24777442914605
2.18089760941104
1.81341521972532
1.76834986488098
2.31777113565782
2.28158056841555
1.877688438939
1.93868030677427
2.00401367354973
2.41452541472576
2.29027533894252
1.81553757642824
1.83917903653328
1.93697004326106
2.33854038188502
1.73594320291041
1.50874992307462
2.44803166439402
2.34824136819512
1.37133632555143
1.18777758393171
2.0359472830156
1.95427522082043
2.21230269995279
1.74984589591715
2.00536663982134
2.40393683346213
2.33598240879354
1.7674084050816
2.14382713589474
1.90571069448075
2.22560260239571
2.21734791812071
2.19720499391309
1.69411110452404
2.34220951097595
1.50787226092667
2.19687074572096
2.38475567101207
2.44363484775466
1.97421071396166
2.12646977603988
2.10476491973505
2.36019528769809
1.37399544480666
2.16248743698714
1.66075928617268
1.94087940047025
1.17029472641644
2.45105082315963
1.80598406375073
2.30822354043795
1.82243487815578
2.32356997389445
2.34190787193275
2.30306489443363
2.14514657406649
1.8519751445794
2.12464653574851
2.16153957814583
2.01653113174905
2.28598129617514
1.57278777611144
2.12750752244178
2.06701623281203
2.06794071759934
2.2850757593517
2.16155062349366
1.81725794727255
1.99552335081042
2.14925572246735
2.24781893284771
1.77694681713923
1.82405157301087
1.96101621015587
2.13816036542516
2.32169536109802
2.10430085486101
2.12855112425783
2.05560197919401
2.13613211652251
1.98261514440975
1.98979104436587
2.03759763306481
1.49042049607466
1.68665087833684
1.91108148523176
2.02914074510447
1.5173249743302
2.28425610231757
2.16906628006265
2.24641147759269
1.85566506594252
1.96936658895638
1.86916506406674
1.31727014220087
1.93783057205411
1.606615615208
2.39063394566007
2.16751104063761
2.29624060277433
2.01555880011337
1.56923949843337
1.46972132016779
2.00303097992437
2.05018707029694
1.11589772949027
2.34972583018637
1.81411716252808
1.96667336213859
2.24193513171633
2.26748941561475
2.19081129689635
2.17930897608193
2.11118320865583
2.44008360602402
2.03722092181666
1.35345177910584
2.4802806360599
2.2386496683307
2.28570133110305
2.17781886813925
2.13746772909472
2.06414512618966
2.25729284825135
2.04930040251566
1.25512700757735
1.80724921824443
1.62291934876725
2.24120302544558
1.94287829937037
2.04915799516848
2.37029132223139
2.0429692283444
2.00506060098057
2.25511860255481
2.04297061118071
1.67602462381572
2.28689233352152
1.52912424172593
2.05520735687019
2.06883669875957
2.12652509662497
2.44608496660061
2.3405187092582
2.46876853269751
1.9695156177183
2.26895183254037
1.91387793450853
2.2883279812286
1.75682497139122
2.12008979413199
1.85168794884263
2.34904951014641
2.04982185664605
2.14065750867057
2.10008917543242
2.38511977165671
2.46720916296966
2.05199540036737
2.1492008356978
2.16521482719586
2.08560616544859
2.08853777352733
2.27221301939341
2.13276563455961
1.71150767693093
2.20711191576923
1.73180932745873
2.34148037432991
1.93839145786718
2.14877786625262
2.23346986575652
2.14460654144293
2.27005552624802
1.43708744067141
2.34310310952718
2.48154234533401
1.64344928244851
1.44481179525771
2.32904769294723
1.9879672682428
1.99151355017819
2.4169073632807
1.94095124861627
2.39927676601937
1.81608666187649
2.19286505275755
1.96487216999125
2.2678826799384
2.24929780929027
2.44517668212979
1.78242067294953
2.32761901237497
1.73003990534532
2.30475303721733
2.15749936007096
1.72686251719886
2.22529923024355
2.07071741262623
2.11908566481225
1.54526923695529
2.02048499764443
1.36116735423925
1.94890342806085
2.01651150235379
2.1420639114162
1.68057631440286
1.76752009056177
2.09374871814059
1.92593943208438
1.82920968334313
2.02000896900793
2.16999274638945
1.96475391227714
2.14492390761998
2.01104041064416
1.80809479444771
2.3602975512217
2.10105151513221
1.47488098162415
1.97574689885119
2.32778640700261
2.19979286570681
2.14768633536393
2.36215044688716
2.01960554507657
2.28596365079457
2.42831905024405
2.16615571103239
2.43843851056427
2.40100034824233
1.6903855218702
1.66610751849934
1.94015989758735
2.3702197337578
1.96808490462699
1.33887761344984
1.71781717488631
2.2039829451009
2.34106453735027
2.43857122584469
2.19319400373737
2.01206051253232
2.15026063358019
1.55028520342894
2.23416426353204
2.42527057634976
1.68432603856133
2.06395969154761
2.07813958302493
2.10154799648854
2.06807130587785
2.26165941594968
2.04345007401545
1.76390571538482
2.07438894524175
2.00425252894728
2.20491345875889
2.44081712623271
1.74830486681729
1.3759667198513
2.1420866089807
1.05754040795231
1.75798441144606
2.32538900921509
2.30538821227013
2.35724068306916
1.65510738098146
1.57797120849506
1.13750851240202
2.29440180147501
2.2571764380836
2.07374327666504
2.0098668155722
1.78876947505524
2.14695421899893
2.38841235588955
2.42452873876204
1.92134689818368
1.78129827624931
2.07009715235717
1.8788345591873
1.90110518033117
2.03650179823766
2.15247144527044
1.6529251540073
2.36743845829547
1.76096833696582
1.9341527623048
2.29736401109462
1.8875789106579
1.99116490999172
2.08290496842091
2.23122465512262
2.1767125061952
2.19796313608294
1.75007753398862
2.11065301725135
2.26195180267929
1.67541073360307
2.08062540534646
1.93199429809735
2.4168110839036
1.60306625700942
1.34165699355567
1.95149258846103
1.79644557143332
1.99846825240254
1.95770464317923
1.79012569070525
2.14342678983288
2.31419695369073
1.35087912428738
2.15825598992457
1.66870669045792
2.2709872470089
2.07662438307625
1.72693049370757
1.88830670575515
2.1700613178148
1.37525987994812
1.92825102512871
2.18431007363029
2.15646392601806
2.08802828756481
1.49203714784938
1.54100172045806
2.20249950183813
2.07861042041897
2.17936306757364
1.98705754494169
1.86994858393807
1.77592673358784
2.20652067521308
1.80321462655662
2.00748296356373
2.21948288372916
1.58164284096501
2.02715022014406
2.03364046019673
2.21157333485509
1.97204527127863
1.80736358720908
2.03306482346576
2.13074217896549
2.14889045688489
1.76206566230262
1.44731628112843
1.82506614085286
1.65692749754913
1.59585418701576
2.23796467924955
1.58375523287782
1.35884986395906
2.25074902068841
1.64388516656751
2.04621332167334
2.30605954174958
1.76376266158906
1.64730666713921
2.2285677374085
2.31168634331449
2.0259677361229
1.88575737396194
2.36227307620859
2.09278879220099
1.78671863750783
2.44688089628574
2.36841308829715
2.07857694087482
1.48724070312766
2.40284118102833
1.83766524059477
1.57262904392204
2.36958779689703
2.13299381205838
2.31110624611539
2.30093521693905
1.82382154353708
2.43655491736405
2.05060019750285
1.43873946317879
2.20597281384993
1.75956030783037
2.05337636707432
2.06426311467619
2.0640259762251
2.38872602206772
2.20614461075973
1.82574696232537
1.57338299389261
1.94325481572984
1.95351300465956
2.27830053240511
2.47343777419151
1.9132564242506
1.53873443246242
2.10389926340382
2.42334145259459
2.35370195535649
2.1226061594595
1.18211235756688
2.40305000865665
2.17093822870424
1.33724551922564
1.49729966636688
2.07837166246349
2.35664055499672
2.01807427047704
2.4022035162995
1.61108968750451
2.35260498508599
2.10133638662898
2.26793853908759
1.99921967348862
1.6088047943683
2.48032613704856
2.19378904158738
2.48431336339619
1.77629921336175
2.35191582510297
2.26426629837917
1.89417502201739
1.10595508122277
2.47617265050395
2.29740426900292
2.03889332029364
2.29530853466348
1.6680763485212
2.1632437954266
2.32753123700943
1.82375488645011
2.00505118493062
2.04759133283814
2.13516347548462
2.10183742787464
1.98763938301652
2.03583399640084
2.30981270190591
1.520839713025
1.70234127868482
2.477349163649
2.46667405849651
2.07225361117146
1.54609241574758
1.99238203346231
1.16224796515401
2.12939994728179
1.28605426821323
1.86241587065872
1.49888124586378
2.08799109194523
2.34457491079682
2.27327766357549
1.86639038888459
2.28174509130637
2.25590043023699
1.90134589442512
2.15942758737843
2.03311112652001
1.64914058604456
2.42468951368553
1.92033525492633
2.26858534588316
1.37437650214936
2.41998888556663
2.43290252474462
1.44135171736811
1.70468308230588
2.06426156412047
2.13071060062288
1.99663599516561
1.53995148775734
1.84476698851217
2.18334700522243
2.1057263108651
2.07618539709316
2.42835644248614
1.83406396544837
1.67365892493992
1.9332930332756
1.81454805944404
2.41772173237527
2.48923321753613
1.9696053314798
1.62505395623233
2.38973686598326
2.05009388824049
2.17422717540971
2.03780616031114
2.35743718826335
2.02945225114976
1.72692155439345
2.04128553655656
1.93580786976882
2.4201483610392
2.02028065907511
2.19002422893387
2.14578038631417
2.05691168053631
1.76115463192543
1.77749951789473
2.42845827307466
2.40663709621025
1.94462481513986
2.25596172647119
1.90752136458504
1.77939906045966
2.21354560094231
1.52779948885493
2.11577417701266
2.10515582129948
2.31949622929887
1.90321039087195
2.22343082252492
1.46258308566647
2.1865134364989
1.81033266226958
2.36414185764948
2.29322186454056
2.00651430920541
2.1206374065434
2.12735836301902
2.28205551317205
1.52062323239061
1.74420723237102
1.64087132610985
1.9762547599929
2.09947436085044
2.28757370492718
2.2624104103022
2.16865019926695
1.69410158160832
1.75646098337801
1.79400769045858
2.2523433409984
2.25935103166244
1.66147514041237
2.03252546733065
2.40507788403977
1.36536915271368
2.30623948893123
2.33333669761317
2.3675825054052
2.1883801876911
2.18203693604146
2.19584475018162
1.31809232758336
1.85824761707219
2.42849790987328
1.7756488344543
1.92556897061907
1.87934658966085
2.36686099705696
1.43263925453946
1.96144256798462
2.13938869461567
1.87658873647903
2.32923248785528
2.23705442775503
2.35413318208948
2.1779264751487
1.53203484462683
1.69141114542745
1.80888390076403
2.18595552197377
1.95561342080633
2.13802663402575
2.10790199782949
1.94132225053969
2.44158788288252
2.44569706768134
1.5793235896626
2.02020025978356
2.20789055981621
2.10146425536814
1.53490315468265
2.28838355245194
2.20564160491466
2.12349814192639
2.30247531934022
2.3165001909993
1.88432400394641
1.92154075237426
2.20135341418437
1.67659435007127
2.32764743385898
2.20746539361628
2.24936150186347
1.72984064504936
1.42581848928031
2.43187542712297
1.11876246089014
2.37743888559837
2.13447074918994
1.78721149932224
1.82200872240815
2.01339899691667
1.82965893731003
1.87502188116029
2.35525743594372
1.7419174305423
1.68145989544818
2.19404681704973
2.24099246959415
1.65708535257903
2.16076503937744
2.27304217946016
2.11358143120566
2.12316231324124
1.24872778160627
2.27857416638114
2.34188503656068
2.19087726655198
2.47640891398439
1.96892753919614
2.31055091194653
2.18188794694229
1.8496778636176
2.09170732148799
2.31695882083196
2.27948633002351
1.73828611584756
1.48201494257619
2.29286105803019
2.05030425967962
2.40732638055752
2.38081700111047
1.73633756895106
2.30760259502934
1.44915846620526
2.14480086598496
2.26128345083051
2.05893481058775
1.98195052804883
2.12615450319187
2.0642935939423
2.2670711307524
1.95073699418031
2.13783004725338
2.38626879210996
2.397159789026
2.01437851137999
2.33167671431099
2.22489388528371
2.3826676564167
1.51573374781605
2.31971407273435
2.22017318128117
2.10225952858185
1.39460390835494
2.38650762770142
1.82521784752975
2.46448633616895
1.85761114416063
2.1293643989902
2.1349290386624
2.43181497580931
1.87494149762762
1.63900132772734
2.07400551641112
2.31331278590221
1.95217707569304
2.17609512141367
1.81888606839449
2.25371390619434
2.00919247313508
2.05351425937851
2.15192297277635
2.24619427652201
1.85764889772837
1.41662083422728
1.87943494306145
2.10377165123393
1.61029172086895
2.37191627180681
2.15620839481537
1.98181461764171
2.44966279882303
1.55117701783882
2.33523035036258
1.81488640750916
2.08382661906634
2.18743996044663
2.03962066617297
1.51879989847956
2.40739794244391
1.78012233143827
1.45397352538627
1.85495553401094
1.95768809270968
2.03812861789087
2.19902899877843
1.85209338428383
2.24142262841044
2.00294928543716
2.046039293955
2.30383401496507
1.9698211368931
1.64015682954049
1.65738178255142
1.81603188807975
2.35594787522037
1.90164349018117
2.19604074708286
2.25258820050005
2.06405937004248
2.00485775995504
2.37865821440667
2.06107597887287
1.91483880052606
2.21995290420995
2.35951833652111
2.06970093187926
1.60524766612405
1.98873544635166
1.82803007494148
2.03362536538667
2.08096224393688
2.20427852727537
1.95306404659351
1.75498795124541
1.48831957314336
2.09360052470777
1.94554752600891
2.27332823459141
2.08937416038556
1.88826729845807
2.27785527317259
1.94203145379853
2.33480100364812
2.38123072247586
2.03471289195818
1.83255535322348
1.95992715175078
1.51186254669421
1.99274168983331
2.00040634831075
2.01089495667422
1.96690497985568
2.19982939259239
2.32287575369543
1.97750324219668
2.05149722195467
2.29471663261781
1.77915913298726
2.15269765728926
2.35446417033416
2.27184279209043
2.03599922195214
1.91706713298404
1.47627932750954
1.84083921650898
2.04486839158674
1.75265487423049
1.65665611993801
1.56994073334304
2.13539226631367
2.29175664618927
1.61351794839135
2.19803291043682
2.39458816565011
1.7702349302645
1.8991906763881
1.52712190046034
2.11750793172313
1.72877648196181
2.18717468033684
2.06973969960662
1.78883754565412
2.32111283146098
1.91375826090685
1.97145497412795
1.49770743100176
2.05481534862849
2.31623172309612
2.16948918670328
2.09174924896788
2.33769770319385
1.84772902213771
2.35920121056458
1.91371181741254
2.10064473465435
2.3149337196384
2.31069912117934
2.3555613240308
1.67347280042858
1.97228818171087
1.84657216419785
2.44444831406945
1.73402833461575
1.9677550169597
2.40653338663274
1.26388503664416
2.02737065273378
2.18565038386527
2.32007746096599
1.87813943919889
1.38845858539522
1.67423633126149
1.35502862334461
2.08595047146976
2.35836706003144
2.24129867389922
2.45628498882002
2.22898786870372
2.41213503960181
2.11950756810887
2.15532026176515
2.18485391478749
2.13645251357764
1.2603479623876
2.09846371643656
1.94164716529694
2.15051308736067
1.66204584279221
2.068333646621
1.86920242010074
2.11239029669285
2.21190670535454
2.07123904941567
2.16417786482736
1.97189746958181
1.82112504281299
2.12809246132704
2.29456319724688
1.813619312483
2.46630425065401
2.22518897844667
1.76248364727859
2.09958121711373
1.77542710168018
1.52127702059147
2.35744742933438
2.38341970578612
2.29324228120899
2.21268931305431
2.21910075446648
2.04800532094277
2.04431685499812
1.90375517457462
2.20862174871912
2.06855275063047
2.06816980624609
2.03574062248419
2.16045152750689
2.08268185552336
1.95938102017845
1.67474738461848
2.11273305952037
1.9873303986703
1.46227102136029
2.18792368431778
1.78948160615573
1.42228806124664
2.06935888549448
1.97182231715868
1.8336225020962
1.85853156558023
2.15598652930838
1.3141227748596
2.19250092566738
1.73959665074599
2.36260284333242
2.31049314796868
2.28037793595265
1.84659949720267
2.19889456250981
2.16047552696875
1.93960134897498
2.17837296193669
2.24302917926433
2.06300681922748
2.18823792952318
1.9235875620556
2.16014191738726
2.34835582441849
1.9702932290752
1.93718323083666
1.76505434821785
2.10363915269141
1.74270561645812
2.15012835655431
1.88402113968755
2.16416840423716
1.58759955218558
2.00001224051054
2.05190863584788
1.89352080727182
2.29724798329401
2.10239926289274
1.73724842274808
1.89600019339908
1.79815927563526
1.81732679378668
2.19855456831975
2.04919479105714
1.85337231322842
1.91166616387426
2.24922368213675
2.0954919805968
2.42692615902689
1.98406628362076
1.8833704091529
2.0233724557411
1.47501864885117
1.76873836924767
1.61459029057162
2.23564764611281
2.12795465336095
1.79206939452949
2.16154936563283
2.37613087850549
1.7582011963675
2.42642866933035
2.04389804079963
1.83559706842686
1.57991844571009
2.17336627506892
2.35728479269447
2.06346561019431
1.78214075206183
2.41667554690885
1.8339032539042
1.77792264296794
2.14843935865523
1.95810324462827
2.1757774412375
2.47831533770681
2.35495213887731
2.23669895329997
1.92923515714256
2.33182971471259
2.09224066508678
1.81693391654452
2.38429220465469
2.33829655755994
2.36578517499186
1.46164429867543
1.3205792135971
2.3419718834086
2.2014231632487
1.59827013649144
2.03226567986719
1.48387526294922
2.29049852187496
1.67970338651139
2.11915659886482
2.02702859265897
1.86796159144432
1.79727750806195
1.47107803692678
2.14212232159344
1.87313063401513
2.27063468296595
1.8902794521063
1.97841786133498
2.32350693497177
1.82490647805877
2.33348040073655
2.21035334592059
1.98666031109407
1.86315773763522
1.89737190481323
2.00796224231807
2.19722674473887
2.21498302238537
2.2014820957486
1.36966032348826
2.06300789391462
1.60265688423379
1.97580472952933
1.76683472321455
2.10147639128949
1.94726576137934
1.69618391506867
1.98228264628922
2.11280748357295
1.75741861497037
2.231033934013
2.13145243678861
1.79299589659458
1.61480460005928
2.3366080975666
2.35862481119103
1.30558370391313
2.3274793916285
2.25476819663717
1.83626893539959
2.04094685344353
1.61759573585607
1.78300092164552
2.11574421249968
1.65159743335231
2.18583579772943
1.56537595675218
2.21534200323002
1.90983657130586
1.87809416876813
2.35981244857889
2.1252004971626
2.17032592924349
2.08417718243248
1.89653920030397
2.16776727077113
2.18407740635272
2.42884326595467
2.0126819144765
1.99326274948361
2.0154076753016
1.80609870315968
1.98577065440284
1.96731194928939
2.09896753734144
2.05812474611968
1.92280119888722
2.28096029920127
1.66518019347108
1.46322952316777
1.58913982841928
1.64155328726506
2.09988157947401
2.10855505009732
1.20035994052665
1.69059982394354
1.91484844891753
2.44720047457155
1.81900006844285
2.05641469708844
1.64062605739129
2.26393575093935
2.41331836918537
1.68373276567998
1.62196666599349
2.03387528843299
2.29241773018575
1.8277418684287
1.80171283312023
1.87430114708958
1.66158573932918
1.97528095816532
1.83125861409505
1.92585707170593
1.91713894885778
2.22559040875928
2.05877518188667
2.15151921482081
2.16428331726724
2.1300691817197
1.33144283170983
1.75862267502677
2.17831723242049
1.87307199720984
2.18274673561844
2.25713853084044
1.75335008074209
1.65429675099032
2.14296779742843
1.83710369017605
1.72492745297111
1.75012593031377
1.71793189348308
1.75986416812888
2.29772648714953
2.17191023748755
1.89613512384755
2.35968620939308
1.88437654082295
2.44405861180853
1.61722094203229
2.2497184496642
2.41287330817942
2.26520744896136
1.86435222973195
2.19468761040775
2.31304315912019
1.52270329839962
2.34514911291148
2.28043455539809
1.1513244747322
1.49383356060881
1.45211439295116
2.30329640481764
2.21539930104623
2.1884273044521
1.81483743454761
1.78673302553094
2.0204018530542
1.5157789525903
1.80492478529634
2.15896505924229
2.32221776263135
2.44036758448606
2.32745364533735
2.42873514181932
1.99713693142618
2.42285717034414
2.04701124347571
2.13141223435838
1.84250009596151
2.20002396947394
1.99145856662846
2.01925759882317
1.36066287195101
1.69941469010592
2.16845272439402
1.98932695013044
2.26464379172149
2.00397342918354
2.1265535339635
2.3773120823134
1.5711663786319
2.05384835479879
2.23759290603374
2.06007065376394
2.12148298256752
2.13848618531697
2.30012709108506
2.25017171821798
2.37473617593225
2.31661259010245
2.31415695659922
2.39037087315465
2.40992427954152
1.62678022386377
2.24867156595932
2.09149774665394
2.0558135778406
1.9061851730773
2.15907502459508
2.11057703318404
1.47588104576868
2.33594864464388
2.07458673458935
2.45045929371009
1.99537660368224
2.36072318461049
2.38334583173073
2.30317359326988
2.06069459952558
1.77488306851588
1.81745438275987
2.42441460496911
2.03707634806233
1.47505325489617
1.47859740379843
1.67930776179198
1.596127891365
2.14368638061622
1.79571605963719
2.12319049591495
1.27438763295796
1.87649355065483
2.42596871080814
2.16273386012832
2.12514111360358
1.77346880212651
1.80133080610313
2.34279376656221
2.09558790087865
2.28351871142286
1.93042107763653
2.36564994268676
2.40656985634929
2.33294083015961
1.85306138491259
2.4622117675522
2.22106710254403
2.43461383440537
2.29626803771111
1.57626883083981
1.95735250835224
1.63624451000334
2.14838706873685
2.17494918257021
2.34583494789939
2.01454628456536
2.3659734178466
2.42801109806906
2.35933473017618
2.06731903658412
2.32586644451373
1.88226479421561
2.48625223722832
2.47546973218075
1.55883860675497
1.63146086341801
1.7533500005398
1.91592851136574
1.92710639782302
1.91196780958049
2.44280308601108
1.7987037366399
2.19214451319012
2.44996211857699
2.29664182795871
1.75863580181493
1.80533223790009
2.25849187781839
1.88894840962621
2.28354269879215
1.91898337490721
1.8838551818081
2.12876169058479
2.3154367466479
2.00950175816825
1.62182852381212
2.46490691231372
2.32895334551818
1.6279741447728
2.13099453356482
2.15383528103941
1.57672735484174
2.28592955722212
1.70541343668333
2.39413322526816
1.77563405892669
1.79336610718429
2.29703586912091
2.23748299007579
2.23125210243467
2.43392456074715
2.05323324200125
2.19205602846283
2.07965484017404
1.98468903323004
2.29740772324784
2.22551431422449
2.1165597289311
2.25060266615299
2.18457753013614
2.14530270051756
1.78247307643784
1.77843426702077
1.90687164339985
1.80849661285747
2.26527923828929
2.17971676499092
2.14341358198738
1.77500526500776
2.32047777093681
2.19864311021794
1.67251989692276
2.40953532432275
1.72145255060748
1.92400179088508
1.8919529238704
1.84678498294179
2.49473140347231
1.97340751919984
1.8364013173964
1.3785283530558
2.16906574585373
2.35833081832424
2.28507152070538
2.19884064258592
2.21361790682569
2.12085941422125
2.29947431282149
2.14872594906206
2.15754036375605
1.83631064407664
2.32840661725851
2.26080453988475
1.90135840742419
1.87386813207518
1.69056804193453
2.12668758200351
2.32263100238442
2.04547676149694
1.82940800041592
1.70403086720116
2.22578008115455
2.22235480245669
2.01855076960243
2.4278956398504
1.46500793733157
2.18405371636578
2.43998151628538
1.97331408740161
1.60004278000112
2.10915762548687
2.05494019502933
1.77628579000274
2.30315042238292
2.23318841723066
1.95113790814286
2.17552050650048
1.63501768135805
2.34041734477394
2.16823446157263
2.34224661067309
1.84068453750134
2.24198041700996
2.38423974920957
2.05858710198072
2.19497054017793
2.15751390974981
2.04254163506017
1.85020453999221
1.58429551706513
1.85099826364337
2.15015505772727
1.90574450762019
1.50439417556484
2.01969622885807
1.53844296407234
1.27249887012268
2.27992619613353
1.66848273002927
1.57338327326148
1.95795035554446
1.5671674260697
1.96121223514664
2.14292561516407
1.90683904106805
2.20671558512365
2.10793134807913
1.84718126896714
2.27596590240412
2.01512904404584
2.40986867905852
2.0899706826432
2.0795805670593
2.06376460071333
1.87003181770043
2.28866614126506
1.89699207451296
2.33842422965373
2.45303879987682
2.21613560693063
1.48412660591317
2.3803321250913
2.01121666721833
1.71441442844149
2.11929564890855
2.33075242839481
2.10278550049281
2.28648937319772
2.06538768986346
2.01247774463718
1.9316951942834
2.08207512478293
2.31068142667536
2.14225263445963
2.00491729544652
2.28415797587682
2.16289869316006
2.18780333734409
2.04555944581806
2.1503166920027
1.8519183648052
1.72950504033295
2.42432813347091
2.2633121161916
2.21086378802491
2.25791065407448
2.04443440231937
2.35478115675815
1.94109297943896
2.15683023580169
1.85538391839455
2.42349372831983
2.15010896845749
2.07487777213934
2.09662218411358
2.3962011300645
2.05065362343034
2.1827887596107
2.17502363106365
1.61462082970364
2.35909194771821
1.67364333737942
1.69759726672228
1.45365438822923
2.16168763112765
2.36079643672953
2.35829672318088
2.33777048710645
1.40698076703932
1.84216951535201
2.05098473321735
2.3373016430593
2.3885450775423
1.53350045760812
2.24225999625737
2.02451421894104
2.33951849420493
1.97170132663809
1.42269484397962
1.61499066842499
2.36816769669652
2.36183061744713
2.21716405420342
1.8972223681311
2.18178822416238
2.27321350017945
2.29100508858228
2.38102889890448
2.08221421991036
1.88831475985655
1.96848027195048
2.29662104789482
1.81622319917307
1.73164751679271
1.8855224809132
2.27948709304654
2.48871605347282
2.38699836712816
2.18982689274464
2.00955570133241
2.19947762675621
1.97113218421176
2.15018814744939
1.84483297497028
1.97706346548167
1.8454755837985
1.41398604429405
1.85980798806916
2.23462030944598
1.86781112689895
1.96004847844959
2.19211712792688
1.23990846493867
2.37213780429577
1.98835632966831
2.02171164653058
2.11759915884266
2.11470373745037
1.73438363408543
2.18118518116712
1.54228429730501
1.34045077952866
2.16371773019045
2.15445865883654
2.19425374463332
2.09486755741227
2.47912114928533
1.28015948204022
1.83117092236906
2.35020774680089
1.53550075931865
2.11312688675587
2.24215046562574
1.79547377271939
2.42117657053817
2.41147579522698
1.99697896064336
2.21007875378722
1.43529323128996
2.05316618587243
1.5788335633144
1.70117800120392
1.5000247086792
2.14136682064493
2.30989259682915
1.65779352294192
2.03449564498747
1.89065971748467
2.16687889487473
2.06577644990272
2.05873010705798
2.03314806330887
1.45974444493832
1.95330125810973
2.37481818393509
1.89878166195245
2.41365250192578
2.18460584888057
2.22802321979502
2.05878678032727
1.68815412498145
2.16274687001961
2.14952093184308
1.73823402913051
1.93377833977352
1.87331115560777
2.08225497421549
1.4346090330265
1.47458845012517
2.23001890186292
1.51843928713234
2.40474818447898
1.96537892297361
1.94408857250641
1.98678184641785
2.18282985729836
2.35995683563462
2.17456791821997
1.61935426550271
2.33535994659704
1.8996256331694
2.17274022153524
1.97736980810461
2.41919535409559
2.24516082751615
2.25951792545612
2.12751712371961
1.89979278746009
2.24331745231781
1.30972370660398
1.8478570173729
1.94979512440464
2.05307134641423
2.2027467034151
2.08272822825401
1.93757703164358
1.87368058794374
1.7713858100823
2.20951147457621
1.64122627290712
2.08345573493036
2.36186203867348
1.97514675187962
1.64580099436056
1.56270089282926
2.39540797478687
2.43889853491258
2.07599226382133
2.10911595855492
1.24543967853236
2.28860254340963
1.60534605616083
1.61595395507834
1.49662907914987
2.36958817099464
1.44548027505377
1.78733726944668
2.29254352652242
2.48340980181084
1.71459115594386
2.23614675379381
2.29460678911035
1.73398557783817
1.70275168818295
1.8022315343703
2.19761135669562
2.02706419991222
1.83112059000435
2.38890730985314
2.28430423473304
2.18644739829245
2.28995507810424
1.44078728166978
1.41993146095339
1.64183667545779
2.25571716806391
2.20380625561709
2.17486505447372
2.02181625930903
2.23132842740405
2.09119401685271
2.17565293938397
2.27326072663874
2.20654060062979
1.66692318050163
1.55579331646304
2.21367599189288
1.83470303131096
2.32021602545519
1.69127501481497
1.93757246111493
2.1012438137755
1.86009190259665
1.53461200531913
2.12473430438558
1.88395007568629
2.20904528498099
1.89677003441565
1.84203545229371
1.77107085129815
2.12287388007302
2.17582334235145
2.0741192903324
1.42984261524028
2.21741000520452
2.25914302967893
2.06163103362309
2.14094592383078
1.98562885557215
2.38191700946541
1.49288794334723
2.36370052905305
1.979093417471
1.88843348340731
2.47030570666414
1.0608825968368
1.29516572844358
2.18811352570478
2.24203297076743
1.91855775457084
2.37702285325532
2.40296118486398
2.0409640765518
2.01827088137046
2.1601104133197
1.62893427666362
2.31698444348501
1.93401917431551
1.90866971971249
2.16712044878151
1.92368890649551
2.07427589101785
1.94890698423362
1.87015967501062
2.32429513011928
2.12659668636847
2.18640115168687
1.79917823621497
1.81297813834434
2.12398830428513
2.1564276523993
2.0212024211948
1.75685255132801
2.22530584430047
2.24338702469351
2.06898541471886
1.79315245018525
1.55395638021418
2.07331355950793
2.1938379624017
2.10253449123579
1.83599642968127
1.41803585243704
2.06324822335623
2.28104768988174
2.14140968428024
2.40102824012547
1.78800624804184
2.13302916810997
2.10651556247279
2.20753099361287
1.66465027257439
1.43849293633996
2.10917554215573
2.32738977867094
1.81820562516531
1.4616053004646
2.00551727513936
1.69090122853888
1.43555701175835
2.1745000383976
2.23717927023937
1.84405905101936
2.24093547651237
2.31254163559213
1.90874929896373
1.80874337437258
1.48039058899273
1.71861724766061
2.30467726302973
1.25346136833166
2.48103010342557
2.40828005148419
2.17446000870078
1.37702131194193
2.24961370507953
2.10117096961167
1.38254115966938
1.96559324440307
2.15724968269156
2.08743647378591
1.75114424553264
2.12144413577031
2.17136623601155
1.89942483435697
1.86638620319794
1.86498346000809
1.29455030919486
2.08890723139507
1.77559430461969
1.94710227251921
1.60954672343006
2.12053281645866
1.94444335961301
2.38365282238348
2.04291355914057
2.22992271233921
1.69635100127967
1.86580872002763
1.66418698232807
1.97853235362817
1.99287643243806
2.27884323774494
1.95999860182189
1.96138969397294
1.72209405431958
2.18594889833628
1.6795151808617
2.20909627569243
2.2876398561552
1.60618184405703
2.21007350985119
1.63548321051776
1.79379968015449
1.96607567666161
2.11159559130028
2.26982302455653
2.44598262588733
2.48292686466069
2.0125955926602
1.95542549532524
2.17149817252757
1.76408490756918
1.95905078160267
1.95480560936635
1.97844267835459
2.16141290677525
1.82766444619831
2.26830094501763
1.85309957758556
1.59288575230565
2.11577802864593
1.97597204925438
1.82695933613141
2.41349561396472
1.40194429685992
2.27150209009011
1.59125840552668
1.46630878125386
1.38141275661225
1.6970399733835
2.3960490853407
2.00923520278526
1.53804317295803
1.46274208705686
2.30018365093809
2.43831089500267
2.03591577107561
1.9220615376066
1.62007698491916
1.98603747982779
1.74620556786753
2.32341184539885
2.42565081367991
2.31574090155232
2.18140008920297
1.92498383473472
2.06356649422336
1.90990558701969
2.08170099873096
1.84713840653457
2.15327372977807
2.21299901329589
2.25481061440783
2.2828364553346
1.99570757685468
1.93922860916964
1.88854434301171
2.34317197951564
1.93435103790544
1.38292583942134
1.40527835762854
2.46381887305246
1.33596522235967
2.14937578996963
1.85919897296215
2.06967005243872
2.20740241950357
2.19142653601959
2.35401963250249
1.73339579353902
2.1823949910862
2.04024807061963
2.17812349371093
2.18403001932614
2.22389663151365
2.09987672060491
1.99515082422616
2.32507194375954
2.2343989096326
2.0999601544513
2.10173289739112
2.23825877247601
1.92748723684381
1.98990388135551
1.8640625229453
2.11330872725725
1.9644831767604
1.79984501486797
2.09345072735937
2.06026269614793
1.95480768083674
1.87759173031501
1.50738876126227
1.95829228602505
1.84672718461014
2.23782569297478
2.34395509020574
2.12646076341074
2.09044536373491
2.04243457972781
2.44566540397503
2.20351910374206
1.56624221966152
1.9669491843151
1.33486181194924
1.37320365614698
2.04717815034896
1.86115804868402
1.95101503856244
2.42908965752719
1.96167964728941
2.23026705528863
1.91960439703554
2.26633051430969
1.95831892133601
1.8573380561343
2.23958221892533
1.88116224703272
1.96998250230202
2.16088255537024
2.04849025764323
2.07532644204312
1.90242260405528
2.25263398275127
2.0068323277119
2.26869879004857
1.90717791075309
2.13818779035617
2.32571978461289
1.82281149047697
2.10070002702544
2.09083153647162
2.25590340941129
1.85562434375447
2.40314886041924
2.3133934226762
2.1326735620153
1.54079686084745
2.1697088548102
2.43127506854206
2.34809676590014
1.59000423129519
2.13945864036003
1.91251641809771
1.94034951830318
1.78437009689469
2.19827951027318
1.88777506079637
2.33142143905937
1.84393308703857
2.19859978525263
2.02773090616557
2.10114526421419
1.77785238304317
2.20144299776234
2.18156952132352
1.94685716148892
2.15061017373965
1.95462250225899
1.88121379769517
2.06206547972013
1.71881383888582
2.24093390854607
1.84091453737905
1.68719388952833
2.2437829245573
1.91543149794389
1.94225185356779
1.75883317894121
2.13616382691412
2.18912846145676
1.68698197677957
1.93077597921217
2.09592475357789
2.01650196080019
2.12586295212294
2.27043842973939
2.25921402594361
1.88702911973468
1.62157828381943
2.0528059488912
2.01464295852418
2.06923204790788
2.36929683514098
1.94580938972928
2.3309798584762
1.55302975280923
1.52027553846575
1.7147522112429
1.14714542694967
2.32846186183085
2.20280582493164
2.05893720698416
1.05485210604638
1.43065885729975
2.30853707343165
2.39671903795333
1.98701027437526
1.95938886028078
2.04645297525748
2.14604034033023
2.35435880243526
2.37742324701122
1.85787364449509
2.3330165159297
2.01281204530018
2.30867163423074
1.94679080660489
2.21759231072807
2.22896257502584
1.69431262103419
2.21412828833282
1.88323095215477
2.21564666877279
1.17404200812869
1.79148387684756
2.02649362622101
2.30099665115113
2.37964493697606
2.22935622300191
1.90956653695536
2.39315059687804
2.30022229779307
2.47921021775467
2.08613712401414
2.34623387663763
1.93597950061549
2.37451306624138
2.45956383647437
2.30069993722996
2.17364565285755
1.70985345919445
1.79985842617063
1.47981360490711
2.05562224206973
2.37850599775987
1.94303982790074
2.13079753354901
1.83802237383953
1.2794946464707
1.89687501329405
2.43692620631262
1.71891109544254
2.42957637259645
2.26954201798829
2.32952304959483
1.25094347398381
2.33998902111633
2.11204042363948
1.73616791466332
2.00695304361707
2.07039472752876
1.95980830114423
1.6546792927945
2.29339394037405
2.19794693032111
1.96262279377789
2.17358292789892
2.1229287622018
1.67840006393452
2.33331903982633
2.12819317428619
2.11523874810536
1.8279027849931
1.78286234405947
2.2178952579125
1.94656629467635
2.22887600817734
1.91185424328677
2.15789232330463
1.96943414620099
1.80281222467241
2.15461774391655
1.64146275385208
1.45729566290692
2.03325136263802
2.18664005674354
1.94336827767746
2.00974161877385
2.07930843197242
2.23024012168296
1.91720742173378
1.34425446117791
1.90237487907602
1.90081800101343
1.81232712857336
1.87919575811024
2.18933630187498
1.7184539303089
2.12468102848669
2.01070125645385
2.13106262135726
2.15228187897412
2.26664983324955
1.99912606920849
1.77309510644286
2.21521163875089
2.05667846439451
1.87015556879905
2.34523995941467
1.96020606560497
2.14203321811632
1.8798208521648
1.8835039695928
2.42608229378075
1.90505528522541
1.27337674815335
2.21516462835235
2.1490907204305
2.25753746083377
1.21027924572834
2.10422989798735
1.56897863128315
1.87642918986646
2.15250389797588
1.46595053543379
1.41799501223498
2.21492579800906
2.23851009934597
2.46722751206165
1.08719440590711
2.45452706738834
2.2717604510232
2.30161496207986
2.24795517604036
1.99069318726619
2.13155140771037
2.12578323692095
1.71120098584384
2.3040870341423
2.25566702699724
1.74697782277016
1.35152082833063
2.26516501212997
2.20216368450769
2.34926822182228
1.93027129621501
2.19706209757969
2.28279890347071
2.3523131999095
1.40248650964588
1.70473611240711
2.24204046260469
2.21230326924419
2.16088903342953
1.88775144819349
2.01591190948511
2.24493211212432
2.01026282826058
1.75775285173764
2.42019334667362
1.84163270565743
2.20466766109683
1.52412941320781
1.97337470750582
1.82596718687918
2.14568703319796
2.11177018027099
2.20978003180285
1.688042029633
2.16553372424116
2.4120621474486
2.10257612000366
1.82821155770681
2.03876916091377
2.00884785194657
1.86637961035015
1.97869657501938
2.27006871127224
1.98875380319353
1.69168310622045
2.20230001117546
2.20803499031209
2.26269196651053
2.01976588694342
2.11451328530383
1.85721340717869
2.00901774016444
2.02424484347408
1.72969516527013
1.9237058968533
1.85165656355662
1.69822330974073
2.34191077667155
1.75040023558857
2.1811472770956
1.87647888780619
1.92217537876987
2.33030467632011
1.55225782304543
2.25924399998545
2.13629632557036
2.05119517177458
2.13286729892075
2.05026511084224
1.85279012488206
1.48835979624306
1.98205513192776
2.28092737039366
2.27599099196176
2.38843074180293
1.4999285043509
2.27931678272142
1.95781641547422
2.07176183481925
2.45896071834928
2.30771592407981
1.45441086711678
