0.213599540836593
1.16202921132779
0.0715786687038523
0.16840250068388
0.414712300662802
0.706701333346276
0.548153629749921
0.533905812844746
0.163287731290889
0.115068047776928
0.204814790173463
0.221763691284531
0.142249988324968
0.835910202536185
0.446931894963901
0.267842534246117
1.71293432959572
0.201653064664268
0.300860839391399
0.237123879388407
1.95309250024934
0.294295816654178
1.6855328341566
0.187065634292104
0.148487239727412
0.981181742984845
0.808349360273586
0.823714650674839
0.120911520297693
1.33609659052921
0.141257496207977
0.448632418645619
0.415604996075362
0.900865686490437
2.03678872035476
0.615227905411004
0.209845031338573
1.23880629072178
0.330675789462156
0.354534521928434
0.389973548458443
0.346298849367158
0.109555330881705
0.397971746144176
0.714672601376104
0.812165539690093
1.46290941587464
0.381428226186586
0.0165835042825423
0.273534798869004
0.225989237431839
1.91390226883595
1.54631355480511
1.56033603207215
1.35824998618205
2.71445545467701
0.646397588603334
0.826012663070024
0.813652397594608
0.287763787728309
0.390068557528806
2.34943415991137
1.24722178949312
2.10514176948715
0.49850826366964
1.75112987465002
0.80866461588275
0.330292691999311
0.16105354039552
1.23334003190174
0.106286488337752
0.376287294667275
0.941133396758381
0.405336730303999
2.09483577398126
0.271190495883404
0.322476804718229
1.46957120609121
0.615662445234961
0.0948321279708861
0.0503109358933223
0.144738787600577
0.0755573678488022
1.49888157381647
2.35453072276216
0.207790623512304
0.411003854630601
0.484069836653085
0.086380108319327
1.5200628300513
0.353289450336431
1.23769910005891
1.08717026603141
0.714484143174542
2.54080192146477
0.371390992450614
0.580821923693499
1.35569851341884
0.400360960711626
1.8597509547519
0.707303757846332
1.91662252135381
1.15010296896648
2.04332315875027
0.419179028631811
1.07509954669046
0.650891182869678
0.326727545207942
1.06103933888708
0.562227083999569
0.160203564254604
1.51896092846674
0.582695871775296
2.58638358704633
0.14663795761253
0.393452577459569
0.790664909407207
0.0953620179630324
0.346201147547409
1.39707928286221
0.407614445955282
0.352257777689693
0.742499412133561
2.86876522466299
0.193617427869933
0.572563207437605
1.18850889072192
0.908359850356401
0.650186427636784
3.00448710295625
0.341797882376463
0.0973691927769359
0.182540272170924
0.159395164163239
0.291384696397519
0.642887267091649
2.60342306613606
0.0928454452649811
0.222587763024205
1.04704568129758
0.0772351268016549
2.36513794361158
0.0527021016242491
0.525463339111069
0.284018290677009
0.294859738893912
0.243606308835906
0.280220547202089
0.819109741867451
0.296568828153903
0.235010427756862
0.0574286727826785
0.828852849726085
0.41478307231048
0.220604208621602
0.29754996054571
0.13276752506392
0.169488736416488
0.1840195514007
0.0254108490600838
0.00776995052991935
1.02567847118501
0.359294616398456
0.32090122700524
1.57817306016339
0.0232242894952719
0.292022654987927
1.07534808169044
1.46290979064714
0.39706365482248
0.595150239968874
0.370035276809343
0.26934841907145
0.326613711464026
0.0669105975565989
0.597800792010993
1.01542690873732
0.0901157364018535
0.580493301644599
1.05304695111939
1.19554196581159
0.205336050089565
0.515225846198755
2.750506475345
0.428904602892491
0.449382786934569
0.14397869897963
0.561646719014808
0.409374243380891
0.692075943055358
0.153786304853032
0.238201120902908
0.128793314300705
1.21081729792077
0.694690209238615
0.345543272495488
1.26496353963492
0.306954113952034
0.460531626741863
0.0416733878420271
0.21162011270948
0.762921497046804
0.271542875118858
1.61842596078832
0.48859876190116
3.02696048665481
0.530786417348129
0.344131379943767
0.225633639002264
0.63139775609244
0.332346757197989
0.472717543084985
2.39274568634946
0.485302280996527
0.543802956212429
1.13555080279143
0.712358107858502
0.890294768601752
0.488173166516488
0.225491008561628
1.52632121925757
2.93944445042248
0.175383291036157
0.881385382819593
0.400807699331675
0.16513922328075
0.605490361359596
0.60501816005978
2.10898240545708
0.0927716768030452
0.673593094569039
0.767083827852919
0.669117829546923
0.772072850976165
0.15402158347545
2.67894785799249
1.17080058263854
0.00879392554566668
0.203534418219294
0.421251746784832
2.24799412944977
1.14622807929936
0.367519120728129
0.198460081664705
0.784066302233953
1.16779085132755
1.28141634267991
0.569994832446457
0.543370913769925
0.362835369523677
1.70130825672865
1.53753159189673
2.3466737236014
0.357998991299565
0.185675813988482
0.309171512881518
0.0466785118229073
0.438765391777328
0.521350339236814
0.00156387155277635
0.0450861664018391
0.0782798546008159
0.0566641918981321
0.0726189535032027
2.11251287457973
0.645180508076992
0.418409023315423
0.0291017119672
0.697892618868214
0.119261127656894
0.264484680505911
1.44472429331803
0.117586031723785
0.277137171461682
0.247305473840221
0.33413252262551
1.30564860088212
0.0468551496744342
0.100144957102824
0.57432272901673
0.545915060733889
3.53912041187907
1.11027993935019
1.19021947748394
0.325826517744819
0.0220872952001785
2.78327546992523
0.0490103740244007
2.0665484126501
0.0988150554675945
0.360537097852574
0.931424100326048
0.422999333858709
0.172860922289766
0.337001705163925
0.103229559828405
0.597906159842644
1.58475138046091
0.157037594798348
0.277632500849112
0.03207404257106
1.80268410279713
0.952710333020826
0.120867155826923
0.28318607424365
0.239977883109452
0.335167701041472
0.317280202755332
0.0627586558014369
3.27814881040966
1.98207732366228
0.419021086401825
0.550860815641403
0.0482551652957975
0.643733065102425
1.35616586398487
0.522443102563286
2.13775684726489
0.780807581742488
1.23126186083849
0.324949268211971
1.30973730274522
0.488354480634356
0.101147961063176
0.0152662537735422
2.95631979668055
1.02010659437623
0.169701642908368
1.35316487097548
1.06949698151838
0.472713403295765
0.403360243130992
0.0128562081201737
1.60676585214468
0.354957731792455
0.314356312662741
0.0813715464326975
0.280868816765638
0.0605814042914631
0.311495844469056
2.79742929534166
0.094556598273269
0.123328587874135
0.366572850051591
0.192013217347874
0.161741097735378
0.32753488556568
0.275573529840464
0.36781781683133
3.5396574262155
0.425801769913705
1.21047446509862
0.218624648276325
1.02771355153267
0.503875774045193
0.439272768641256
0.42739717441794
0.464176563286139
1.63209846797289
1.00351575618884
0.295844556566748
1.4794600299
1.85680652868096
0.764349262834983
0.133225027946636
0.587211133971261
0.567737233628034
0.455690899710469
0.902326835263247
2.53530762058947
1.00493997198584
1.18722299251601
0.994706143895015
0.282740678461459
0.556027176542485
0.153626841918072
0.929308547670163
0.774914296296494
2.32250036520363
0.764421538343639
0.244165023221069
0.724635678064864
2.98194162832929
0.809718062148309
3.4235923266857
0.276236805781725
0.259194186471891
0.794917731662523
0.12549207285283
0.307226609456031
0.748546260271056
0.303860373207654
0.967393495127091
1.62101267323209
2.99605172279065
0.367941310678288
0.892701985561558
2.56972102671639
2.76399956331328
0.468308958754697
0.475314263455186
0.419949825394127
0.423580697350124
0.17257524825293
0.436933178523961
1.39876849510063
0.4436558677673
2.15567132089567
0.442093840303173
3.11471592622794
2.62188763334179
0.615760674645627
0.474244239981946
1.22113550502686
0.520071187007621
0.900995171329424
0.544390498947268
1.29720482977733
0.140753302035622
3.04742740331233
0.599725950133958
1.2178796165748
0.441824103702433
1.22033340174868
1.09676259470957
0.961352147315605
0.220375536097925
1.76222959522276
0.173900217955051
0.652220928850477
1.01495033105275
0.553598054852874
0.759964589666846
0.86731836181028
0.958990848229711
0.518001479093038
2.47810954920125
1.32515838506583
1.82635220225991
0.388763116761611
0.781658838651466
0.229333622188455
0.255500491383393
0.291189163395
0.724749265979096
0.640881079684889
0.452915654871961
0.960125661571683
1.12568654850266
0.595429393803056
0.155889391422648
0.678460582594584
0.263281933480648
0.0888924064938039
0.866860504674438
0.407384735526166
0.400557322542872
0.0818466643268929
1.03760890284406
0.0423356947157523
0.949219154728199
0.706821662742805
0.161209008833179
0.590582063316161
1.78294738654019
0.675332473020008
0.540334341365413
0.167394568563597
0.139905678187473
0.907911113255968
0.767029545542448
0.214268358796776
0.133298571809932
0.197054079745701
0.724841224414536
0.874699640084486
0.810926099384757
1.14354753017584
2.84017165791117
1.06366916689079
1.89431991426451
0.874867408791041
0.848474836635575
0.513575889867278
0.240452238740132
0.502173505991515
1.80692800749756
0.254205787429817
1.34826526383525
0.907625238422961
1.08236171476216
1.02310534229677
0.550199401511031
0.364904193171726
0.429816171301673
0.818377911038023
0.0511840924913028
0.860986162423747
2.70766132034735
0.180064420084088
0.699153267884315
1.81569174427115
1.38424567087168
1.55229028882206
0.75092848906475
1.45301539698593
0.0275636782319295
0.0993607158350255
1.28354522826298
2.48022674892407
0.799900487074783
0.720074399317547
0.189865571401576
1.74472389669401
0.550021794167827
0.158654996658698
1.36711046206039
0.869158953262375
0.956935475090803
0.212548060994264
0.0940951924738492
0.307618980303883
0.602032446703179
0.957409865957846
0.762425231410702
0.289631497197924
0.723081577602437
1.46511737787831
0.55915327869261
0.30401595399273
0.301526318334392
0.173109736958203
1.61485337714935
0.271711900611663
0.173506208836809
0.123730360822087
0.344352709497725
0.0561258787349542
0.0597866068963104
0.67335284635429
0.322357377177449
1.18365515215744
0.724097751066606
2.89273661538618
0.471786005190016
0.778662800334391
1.35898634959491
0.972042349693162
1.01110460987455
0.760842839262759
1.50041417752756
0.247167467829788
0.266422676653869
2.38604720685947
0.675539625023304
0.209961709602989
0.451806959072575
0.855184933230019
2.20912486865
2.27802483041968
0.55995274068952
2.66207282403547
0.308643657918479
0.782921139569487
0.655341805369116
0.0618515723865929
1.00407231143812
0.310588195553416
0.342120536043188
0.685183073776133
1.96512015980168
0.466610914628901
1.91129278362406
0.768670349958072
0.996125583403064
0.72255735769302
1.10934629923955
0.814244659592398
0.517557199267475
0.919733655206699
0.553937600863512
0.125685759660765
0.675255299794379
0.0915900759063709
2.99828507347941
1.08795450078713
0.318719639897685
0.0676809489850065
0.0190464084409854
0.0313304050503819
0.646750167580491
0.167873496085278
0.0698710448352594
0.424643969299667
0.0846671228184786
0.426736148827895
0.447154347637174
0.359663309625145
1.54272570563763
0.387186617013517
0.275520214531773
0.0870031618590801
1.40989732986348
0.63784517738799
0.104150651544325
1.23860378689538
1.22299239393016
1.14993075030357
0.304316858002934
0.534174435383184
0.545431287081399
0.826678675905194
1.95827079703949
0.146801723146825
0.817351635417929
0.314645833239213
0.460151174051195
0.0123840456297501
0.032816791148614
0.160128225457282
0.369512271166316
0.291885759955222
0.0339492689927149
0.367909579226036
1.1065562628598
0.571150177820781
1.78782466480617
0.697621434073798
0.685278341044042
0.408703104567265
1.88357632244159
0.267814534553485
0.712379140220111
1.11700586988
0.359122645875357
1.07441288865919
0.268518870900885
0.264624844993177
0.0855243978923892
0.0882144613011066
0.263008201733455
0.979346534833891
0.199797286962912
0.161631768009551
1.15743591122996
0.234900750661587
0.529646204940514
0.456792481717589
1.03543866628185
0.403306372268296
0.358360383900279
1.1749680073747
0.299255914927696
2.15886312363259
0.273845081247733
0.142756304624162
1.53377198305411
0.357970648547915
0.367063559044399
0.269730540603055
0.73280178386011
0.259224048427425
0.880921804584052
0.366478277097268
0.166098738041949
0.704072650858778
0.561824511344784
0.398271898628843
0.692700639111464
1.38701797659744
0.885016787402276
0.53620787290726
1.15946278993966
0.481910886978555
2.11529551172811
0.49007811935933
0.578912345584333
2.47754777534769
2.37063392719117
1.46105014456432
0.903638209547166
0.649401100447159
1.2316225635495
0.4155835045976
1.64136800302847
0.986958817114094
0.145514124148589
0.333717562436186
0.372027365888519
0.892088567341114
0.828058109044385
0.172969937552723
0.226867565366542
0.208131569256939
1.2821518203273
0.0649739584795294
1.79109121343332
0.888012633590634
0.818213829272023
0.270216093754106
0.751229482321722
0.490001332782253
0.119027036982425
0.243077146563573
0.158907391464685
0.729280578099934
0.723698137958496
0.317813450257459
0.851737719507388
0.929429960773972
1.99222613104974
0.44751461285972
0.187337530338584
0.513573090079228
1.269456355069
0.0665261907132617
1.34220427474221
0.79693964778988
0.76184497272129
1.20970571185003
1.14595017623372
0.88176191996577
0.696725001345537
1.80976803258447
1.63157322049432
0.736626549961425
1.2245037509357
2.37301705529924
0.639993719838647
1.63449719867243
2.52030482544573
0.852904048024999
2.17646188134954
0.999135680552139
1.33395432390244
2.61857695902063
0.645637826318478
0.293159961450143
1.16961697335462
0.852901006640642
0.418677590386916
0.302735190621054
0.50959394058137
1.16586133496192
1.70989266384602
0.198076266053107
0.187665714579099
0.0404856713267416
0.104034548810504
0.808798816223818
2.85953622650405
0.891270371540641
1.35934085323212
1.27888663841946
0.846058888548601
0.192590806505751
0.548852001670387
0.704568816843497
3.05304096284584
0.35652782268111
0.0953591674132766
0.209393139359759
0.401845465029842
2.02340230566614
0.768163273719721
0.206380477682166
0.100066190799655
0.488958733773656
1.07149451474282
2.05751553650476
0.661397337437659
2.43367095317361
0.694185003892125
0.490713154398608
0.209711689023718
0.518930683271303
1.23458580743639
0.316678171020985
0.112753333767115
0.856062885008315
0.0265104140370143
0.0839446142874953
0.145307398827592
2.13402721605634
1.01279256498214
0.654966430895222
1.07299817816681
0.211757380958161
0.803155877719656
3.2340154911425
1.76338721073089
0.499892647898947
0.482452385795088
0.892982916517411
0.123738023821439
1.47661647055944
1.03065584737848
0.071604041613336
1.23421044416858
0.693393185485669
0.514865685355802
0.254207221723175
0.973465043012659
0.172163498299234
0.687275704606365
0.139392505060844
0.404187212425301
0.936946515683942
1.01574870686347
0.452377008855644
0.578974575673842
0.616023221736355
0.788367202678776
0.17742431997837
0.670986444066341
1.10005010319286
0.280997524901813
0.182988141397154
0.17844700432053
0.412921979967354
0.433819562358309
0.301193214768775
1.15920635758518
1.07652032430169
2.27126069984371
0.244980135840771
0.6728100128254
0.550121860899101
0.765000218238082
0.454735727197958
1.77893259839521
0.71280766668447
0.260085944374694
0.233108379383927
1.33324785212744
0.371384748770533
1.05908527547133
1.02048072021051
0.53122515148296
0.255477894074858
0.165690727618606
0.0828985219287168
0.032580065136054
1.09201073487034
1.29138076434294
0.176797966980161
0.629457458783726
0.749662618083172
0.843414634331113
1.07848062920261
0.657530615559774
0.652192622825821
1.50947930657583
0.367165617628443
0.854294753966834
0.411496236015808
0.822884298043876
0.112664616798197
0.321624830628225
1.9952022912896
1.41650047660683
0.0222484447478417
0.0623388656863906
0.691426808697586
0.969909833088366
0.0746604365820612
0.434028890020575
0.888199839076167
0.151674866056331
0.538036889548274
0.626375233261489
1.73478388168039
1.66870479507918
0.123101770047339
0.361119728919898
2.6476255498617
0.665192604540895
1.56610379775419
2.56766043723507
0.934565275008014
0.292502501454125
0.288570337214672
0.164596871619605
0.35137967443517
0.0135238131362056
0.458907744740524
0.112708887547117
3.04623751285828
0.386379408392243
0.215711070071513
0.243147152435943
1.20790343433778
0.854735142140624
0.328113683167603
0.785198514274314
0.747315949568076
0.270421501431042
0.598125602166745
0.335506054616242
0.419578935785123
0.435800366341432
0.207046603627242
0.0807756879022219
0.217990842907326
0.378687408837679
0.249650038270875
0.318398340073118
1.48456673023262
0.409242325531145
0.114758125453084
1.34900057183305
0.383468030354064
0.387943119058328
2.17498588149004
0.126609307379572
0.243354597350426
0.879045252943158
0.596954309078825
0.223298648043204
0.108965341542921
1.48993478142209
0.484061833676013
0.116874868178814
0.575588970148992
0.486200951935983
1.46489513238549
0.460282882440502
0.568049492191865
0.310490485681436
0.293030896915817
0.53956948605472
0.386229279780963
0.388570409598586
1.09315297246935
0.423225617843683
1.55360525609123
0.994500960088055
1.06143973734723
1.9867504754948
0.0849303785629782
0.813991284329072
0.282018697589062
0.328799726725119
1.7659155205959
0.399225351947169
0.260796308271104
0.0309560445114456
0.5340240230692
1.50066228685128
1.61422726392109
0.70707539287835
0.256153775123594
0.913296629116083
0.0465825965407027
0.446671225929933
1.3127134231374
0.997593065853765
0.124758226204475
0.17093008320463
1.10942920464995
0.443384020703911
0.276620252230556
0.643589862074512
0.0920963504725578
1.19516818232031
1.48489883223745
1.37573042692327
0.603740281508054
2.01816274874443
0.794403024448231
0.454137190204426
0.496834655618721
0.183069477011632
0.185494341685901
0.408671899913155
0.619710380418826
0.969938600497003
1.66858578440165
1.19586445024158
0.710509845083894
0.0840048337784521
0.199561080505646
0.155982758874317
0.38656838497131
0.170992836982226
0.353977884414409
1.0178364015037
0.0695892826774535
0.856345488646713
0.377344663172781
0.166122376556479
0.936591108090515
1.5732281948395
0.130950260709693
0.210442666668282
0.095926201130054
0.848568728124995
0.43850989487563
0.074506989294578
0.125926790474143
0.443337516196107
0.259575450871558
2.38544225144555
0.254948041928016
0.300263461202644
1.18200295365409
1.36742102617072
0.643777183684495
1.75682926146664
0.118987198032362
0.364096765501845
0.677631690727949
0.572216905978849
1.05672256527499
0.130862056804292
2.25752825590365
1.6974577734959
0.621245839984419
0.183747584881733
1.14286976771221
0.531761677382255
0.832132090295572
1.02280472314454
0.571603318874595
1.5894637247733
1.17613862007486
0.947816010422565
0.494739105751465
0.141541297168557
0.23101990066995
0.497600015950317
0.803677356254178
1.70190435596531
0.715369520328353
0.172704346713083
0.781516845378852
0.111390116286784
0.0241966090950364
0.0788265064251242
0.145574916875034
1.08746098209462
0.515148431960406
0.0647325808710342
0.1744693514114
0.39454820971955
0.706964946206409
0.846116226658613
0.766111070103057
0.93878039331918
1.22782541776017
0.936880988826558
0.0454310912979689
2.70209844548776
0.329354766332285
1.23578867886602
0.708807146517184
1.4887547602594
2.18672335924567
0.873394887716432
1.91692785714935
0.157612684163849
0.69725801931212
1.65260880022974
0.57278989280083
1.8765505087334
0.152544573359378
0.565161256495052
0.164189260476564
0.836639536002556
0.34903171713209
0.422161463350013
0.464352329877833
0.953853494506288
0.10473440677407
2.34694671468514
0.798498933907084
0.525017144689203
2.39105988043913
0.519338863387058
0.369308530249552
1.16726439040211
1.81038735987808
1.82871604962567
0.358780892696352
0.54185443012075
0.345783111862333
0.411721003067829
1.71981461909965
0.247186136896106
0.39729295818576
0.11683692141913
0.836014336697054
0.242391154126312
1.04030166101896
0.186699466713365
0.262645071761275
0.506048662732236
0.562043171705995
1.01561388931437
0.961735214588048
0.236695477736233
0.560640513596775
0.78542483396073
0.917310062535893
0.154718076708234
0.738697844080799
0.906570197453356
1.22319961962754
0.62625920405573
0.347912640263243
1.46065617796905
0.413066160758877
0.184399114328581
0.308218902685731
0.346597179937718
2.01027183861913
0.49882541223935
2.49121121929987
0.446810445434352
0.14545780950414
1.46724988291995
1.23640272758431
2.35563135015812
0.157335624690229
0.226216171835598
3.70288525121439
0.418019844058573
0.784395297859225
0.194957098722137
0.183768935841657
0.0997051440915108
1.26041468526491
1.58651458950675
0.209300908826795
0.0881707559933205
1.50887771266197
0.880457153159852
1.09501657081712
0.0139000493585713
0.702486973405819
0.312690312636817
0.560408898579578
0.639898273122217
0.0164215429785644
0.995937992142413
0.144588235580721
0.660675707271373
0.684850317970763
2.28903688129899
0.478005177354026
0.110675760682585
0.192823787110565
1.58819367967257
0.414145693119246
1.40805157028528
1.26489277153093
0.279458379807801
1.87971940062437
0.4229121684327
0.543820720380322
0.953942423511789
0.178934321406107
1.07607747304528
0.485070103276018
0.56007894194066
0.150091871537107
0.132673180194513
0.368049201800078
0.243530288801511
0.841163439064706
1.79113131017443
0.536390320893984
0.485709758525397
0.872469477989277
0.652749371700532
0.326084392249165
0.672346442691889
0.656976711716052
0.0959766249671764
0.331352774550047
0.74684012326118
1.55827382576764
0.497308784961825
0.917840561600735
2.17691220676847
0.25336674055082
0.361356618367131
1.27697460684577
0.198050327420838
0.391311776250043
3.20554415061794
0.543753859983144
0.0324059364236681
0.255449181749767
0.225622435149837
0.753054442255478
0.097891412968827
0.201161776915072
0.336098849827651
1.46159440188925
0.212581377089843
0.680631385762602
0.714618871848135
0.450147134482255
1.33601927374942
0.843287489286712
0.429382189097712
0.162862667830522
0.757312709679627
1.22935144542211
0.524878803295236
0.772110653705771
0.118360129888104
0.63729323323275
0.199011309153353
0.597861391350547
0.0913634748695028
0.953805574536679
0.0409827465868345
0.434283091179876
0.221792022304954
0.181292161220002
0.611808454246015
0.826194498042423
0.720441811153058
1.42765279702619
1.43336542471101
0.557609026187081
0.621454781289468
0.412295305979794
0.336786724839747
2.12249518758894
0.517326850964512
3.25514064646582
2.12813645109993
1.00240423049763
0.88510774147924
1.39619803625331
0.571531323167758
0.91805723979423
0.20465597122994
0.530126041754481
0.23705428378302
0.381526921774089
0.290505777627379
2.65426261559182
0.582841720894754
0.346673442982795
0.259347610593248
0.196075998525529
2.27306298660995
0.100260127780766
0.547875136403236
0.314562336144172
1.14157141148493
2.5821618059354
0.244828049973261
0.106474186724754
0.502574808813815
0.0679038506167142
0.261612014138458
0.0570942021322697
0.485389114906129
0.14661394841399
0.811342646419641
0.315320653632629
0.682615874935592
0.34700470364995
0.767199130234339
0.522744370062614
1.9330646315652
0.0425025059630014
0.362473419028032
1.56649918720551
0.36447865641541
0.053991263453176
0.470445974884336
0.216111496242611
3.0052753727436
1.1112292501878
0.267238894407277
1.39298578239828
1.13572246575719
0.958918185947651
0.764530782679268
0.260457661224576
0.725748380257846
1.43370570293462
0.629906204280495
1.1647998461731
2.38829468585751
1.2679234187238
0.22570489891077
1.50916802660078
0.666157652524748
1.75751862458113
1.17927750805769
0.129551338914636
0.15238641306897
0.0410336507294263
0.757771998822798
0.0947478903244382
0.125900512997867
0.317685451369597
1.19061424602381
0.295863160236152
0.72530036674382
0.0204940784783496
0.410540490453533
0.16903969254355
0.0796212189116766
1.73603857424666
0.821557058754749
0.695831107104893
1.67072550324612
0.676459072914716
0.167644334441786
1.37792093129642
0.757050345127179
1.32236956275688
0.106098335556049
2.02304859702822
1.22239371232385
2.91064093145548
0.818308406375408
1.0318445822383
0.910252893527611
0.296940261911927
1.91554825739496
1.02658781936909
0.750370582981938
0.90322448145812
1.7269860225652
0.527791941713571
0.136252353402947
0.577715327528518
0.439702447150828
2.48010314757601
1.44711915939013
0.522933589795587
2.14920234123297
1.44452007086097
0.42884362747427
1.49210063742845
0.602973855186546
0.134530172153823
0.897105539485718
0.316765134619568
0.153504938978657
0.745487169845769
0.852935383300982
2.33882015066137
1.11846241968492
0.30116020128033
0.675102511559225
0.549355943855755
0.578940137961679
1.55624798216813
1.07052055623362
0.631336262067063
0.402280782178396
3.25727392115367
0.218004556556593
2.04079369865616
0.664786288260619
0.363033742998507
1.36621678609206
1.22312235764291
1.29274921014212
1.21452568604271
0.581810708331086
0.922137705903092
0.0690671789126324
1.09723816212664
0.580759725400946
0.546641924959444
0.854693978244201
1.30585775035744
1.36674330342904
1.06286590208598
0.234219409595705
1.74338301376167
0.408537781498603
0.602912579166967
0.382948167226775
0.399106195109455
0.678133331987124
0.25002620235557
0.563333027261641
0.341377958353922
0.558830484425769
1.63950666372111
2.02178365027861
0.688114993993964
0.743992438410149
0.649646605250758
1.34146422811587
2.60556154543924
0.63809990091878
0.227275868576412
0.319492978958232
3.10883740116245
3.74560891844969
0.738073235430035
0.138219505344512
0.776833323657067
1.01239424996198
0.201211101896665
2.96761420314412
0.77034366070519
0.0925655953051156
2.25210097831087
1.16693159106947
3.73593850396402
0.82704688817853
0.0738805875452815
0.118042113668057
0.273110953433872
0.254834808770052
0.201218956345339
0.229413123851978
1.20178119376171
0.253873009582909
0.782692913742436
0.897365885198563
1.23754294693778
0.239860366944071
0.384177321062263
1.03909945774831
0.488077853283572
1.35673092886782
0.782163344629391
0.223319938224853
0.420074374061511
0.270539122628935
0.809779187354867
0.517194763432706
0.230006915464119
0.218999652795443
0.836815200164858
0.974323324083894
1.0201310302058
0.257306724519527
0.143947597490696
0.0669185171791877
1.26077023010137
0.402797446683827
0.666472161931348
0.910105168541467
1.0036102574994
0.623745796776508
1.59694960770916
0.142761957062167
1.67375403752354
0.190896986537993
1.75322844463829
0.972436045167208
1.74846176987548
1.86042934975783
0.61707893677847
0.215256273485152
0.608757210440265
0.663323898427831
0.304683740777884
0.616453381981343
2.12687838476547
0.618998009479121
0.743050300518235
1.5616849213731
0.227378906123934
0.546575325269934
0.105202578562494
0.952017211575394
0.414246597115713
0.713914695638914
0.102134471325136
0.52520736284211
0.638962514037966
0.194933582702633
1.00675682256197
0.223740597116769
0.38804721145676
0.133657655562542
0.410370997344934
0.731414248912545
1.32978498451517
1.29549085877645
0.980429909085515
1.15387598767284
0.205266701116877
3.1539842171267
0.5575519605931
0.157825660379009
0.118851807951729
0.0866766044823073
0.24163497717173
1.70039208544989
0.349331219929458
2.29027708914416
0.978225112932801
0.509663936700037
0.342910340914479
1.50271736520435
0.293320345485166
0.569863961068472
2.00109638417118
0.260620973438548
2.91390988874486
0.22071386935428
0.130843850893362
0.0134726671535933
0.0693095791257723
0.349108632737677
1.03802864175274
2.0766804109695
0.1535868038433
1.62625726114721
0.138947233188089
0.38919395589864
1.02257094714581
1.0815579931001
0.363802072564122
1.66690184770043
0.524123110718194
0.486821712421235
0.275651434012216
0.322616811465229
0.261068622720527
1.0608583249442
0.0590932405652926
0.602018149156408
1.52980664298766
1.17865250104365
0.822490664165304
0.342040421968715
0.139378676442377
0.0591919097770683
0.920504672534981
1.17676068387669
0.403496304022932
0.0717297495678872
0.20077234413092
0.108203831187916
1.4729772289752
0.969859161595036
0.065861872054395
1.35810473591365
0.115317707069208
1.0238373678301
0.235286242909334
0.373297764593598
0.220754962793302
0.28605575757022
0.67286772947754
0.230287152891696
0.0560974429266056
1.80093390374618
1.87545987876804
0.643467207280117
0.248361521808224
0.543229635323951
0.294901896979643
0.582476432597125
0.811629784536276
1.5459328743005
0.145084691867346
0.781467645503325
0.640017582582502
0.761564796596549
0.521613252701556
1.45786683444065
0.85561849474945
0.537953940399466
0.776318053594413
0.619016716694881
0.457908668893384
0.114051443683986
0.189359403424538
0.636107507897115
0.623404545102379
0.968098079184651
0.374636399228626
0.33920402854373
0.250897894371955
0.303086542944594
0.238105938739182
2.44775657973256
0.331283507670606
1.13649014411991
1.52414449621263
0.213195683133872
1.29841124568136
0.0707901923272113
1.25721019749852
2.12761124492437
0.37350537122457
0.170834148801095
0.628228468665242
0.365913272614817
0.288502654848965
0.777993581977084
0.0584900317620156
0.0678647263669587
0.353496496592766
0.519057201835255
0.775961749122207
0.257377754660517
1.02689236573231
0.82032478521529
0.238870582997496
0.13514699956945
1.34355745336431
0.369404196259443
0.0658930454825048
0.734029418515473
0.569723305158748
0.237112766636048
2.17171161853425
1.47976130584872
0.828724324131565
0.153140523645985
0.435926148609583
0.687245602170828
0.955534101746646
0.144368527926414
0.822949101026169
0.398922465742412
0.192017566232382
0.0924671622918544
0.235872069791625
0.688576200445284
0.73610033045072
0.376373259018913
0.67690806025246
0.669617401441886
1.25210411095528
1.68085895302618
0.684759262687646
0.266676461755444
1.29466865206428
1.28001218662055
0.256426603117342
0.582396312688117
1.71914113752522
0.249909274057837
0.0913700649731123
0.797094956561529
0.279188394789806
0.0185734840996888
0.428248557343352
0.00753682958328965
0.128719739393959
0.814359691096841
0.405076722754061
0.818876350190706
1.46811887819611
1.43322822441026
2.84186798731349
0.169610649492654
0.0606922679133638
0.290627048028335
1.53835342787814
1.9876887492659
1.61383414457992
3.94755483561126
1.54273566838532
1.77643837009762
1.27020507331147
0.225010318977184
1.02718760511658
3.18876410207148
0.722780696384466
0.605738868988023
1.7313204502741
2.99027183789461
0.299883361282602
1.30600622160373
1.61801083818312
0.3464968705365
0.772464514545877
0.599180595303841
0.137953557746235
0.108722682859815
0.626890916295046
0.352180541847426
2.24129148036611
0.27882092346467
1.88014952644723
0.392434203028531
0.3636033792805
0.648763582612506
0.472535937143811
1.129125802429
0.382684848841006
0.589624181663277
0.317017047486906
3.10942165969359
1.17514602477289
0.148173617950203
0.878040079069764
0.508840879856671
0.601615867144524
0.484496594684213
2.79183091628113
0.857120882018188
0.120557991213725
0.108698593697654
0.554898480209693
0.518888842377833
0.710526184201176
0.675570376932451
0.871793615488066
2.64270672459179
0.406582544554183
1.00670101333801
1.37105906057554
3.44306395019095
0.307043269831133
0.672122438025274
0.197375783812654
0.0296007075239088
0.211095920015829
0.490611916565859
1.81660309935836
0.516242690020447
2.1482829559102
0.348226508068412
0.792984895867372
0.295062790309379
0.718792451467178
0.0897745008081873
0.451158107687548
1.61898566236891
0.938582546190925
2.34821358598787
1.93468865703023
0.305760646437477
0.108985854140272
0.375652671027988
0.522188445670436
0.900703698136254
1.22678745154168
0.137447080692277
0.121775437183255
1.07774132803707
0.201989440200747
3.1147807389856
0.105608545093838
0.973316322355525
0.47303908664773
0.209275948687658
0.986153341486511
1.43206828051479
0.193026820996439
1.06690317459479
0.316408449825618
3.21328676500895
0.932954364945483
2.96716099386101
0.232776857803814
0.1336956052973
1.98910760613881
0.252747526223369
0.129652361566188
2.12543958965653
0.17531530962485
0.417820294477419
0.347055994754434
0.189758771833953
1.19164342831243
0.35443871771079
2.80893573546464
0.286556972175764
0.422819614335902
0.399349233834437
0.998462387304685
0.779664449490365
0.240926015941602
0.429200071439127
2.62167516109325
0.110150033549608
0.97602893731701
0.362209282069806
0.620758438577506
1.13197815042361
0.902979087873909
0.250517761588999
0.322163543206927
1.20818060940673
0.036293147880743
0.189829809062148
1.50317970769576
0.0335398082186356
0.162082590551802
0.381823152372039
0.666119282624172
3.02927762803142
0.531823196945623
0.393920011839833
0.628075730582778
1.03317652661006
0.190224420130654
0.318570045369133
0.961460417200324
0.817022108345885
0.201347921499285
0.110253184971509
0.630503195139262
0.62409116584765
0.163567355937958
1.89610761518041
0.238028090703219
0.379973236169414
2.07495960225831
1.02935560070715
0.606064990772109
0.270013894930793
0.520203415932202
0.275625660134599
0.118212848667468
0.969197925253785
0.129970583339652
1.89023726965722
0.401983554469426
0.368906081002183
0.451454818584486
0.959180169529546
0.157094966131122
0.619633931958291
0.120096856734342
0.158321354015271
0.270862396565781
0.596631442002081
0.119824758830406
0.342450664722541
1.20724291314975
0.395571672339256
1.53007871422198
1.06386459480132
0.834320197234849
1.13087921519523
0.52883912453636
0.953322121597041
0.55036010144484
0.900190424791609
0.167479354326969
0.328880245691169
0.183920492260896
1.10947212097613
2.20021783247436
1.5529881306721
0.369853315168401
1.43523228912608
1.08809118521829
1.48763664258784
0.962753787603181
0.189553017638961
0.579352224036892
0.310097444885968
0.278605364619592
0.582330447706322
0.612828382845771
0.971655644873288
0.236954940795715
1.27524957610828
2.54831521669529
2.72137138681386
1.41216301716853
0.101710667037816
3.00971277451778
0.409907516136546
0.752364809598771
0.0681650499977938
0.286809420373234
0.0361977967387987
4.04731742687142
1.14789919258304
1.19568656929003
0.42519188008897
0.18937656112823
1.311017909275
1.22583393307833
0.78866588000542
0.023341725680375
0.730295315917808
1.69209973830053
0.59786452019633
0.650492209967469
0.310138644803057
0.0540679005513521
1.20290355295653
0.521506949064748
0.681737026076562
0.110854683568526
0.213101751390857
0.0639083903523208
0.274134543437783
0.512101541831469
0.141594437592166
0.018424009394382
0.0209131866210329
0.324115306515039
0.852000104208746
0.0708300491439889
0.618470962187487
0.0417044115900633
1.00976389966581
0.832027302051959
2.0268571846026
0.190047833166664
0.868625351324344
3.06912169165254
0.215723088503679
0.893740591273448
0.564704451053563
3.09796097670612
0.445989000743812
2.2374260093924
0.883485247404083
0.891209491134927
0.244680958091955
1.97525204183635
0.251265766322504
0.182681588607331
0.247232559082062
0.202207419685887
0.582403162134177
0.0807325717520711
0.208197450653854
0.0427754404975349
1.15131316597549
0.058825637097185
0.284572446551887
0.492536809637078
0.748563500938918
1.26782727412685
0.215619658654118
1.08291200219134
1.30055459272114
0.702849784730173
0.126533755242268
0.742888138216027
2.63902300978616
3.65232746786096
0.151096387300068
0.410493564856819
0.14356374495763
0.450280679679093
1.24358012236882
1.44424213982749
0.205705854795193
0.524609717163936
1.944188690703
1.07145290446406
0.877855932794269
2.74262329878652
0.226798687050276
0.786470688782112
0.21839189510082
0.576891167539443
0.194124588816954
0.0366678413396119
2.66663250246806
0.0516655531515764
1.39274264563453
1.07842019081074
1.13147344605069
0.249619319063549
0.0761505043830943
0.811333659835831
0.610607878824296
0.0241916959795698
0.0544650011141868
0.116689479055347
0.733548750121902
0.938400861309295
0.618640675021442
1.17886526066924
0.283101131710061
0.544506282122704
1.47067975927357
1.97471023360101
2.76541768692168
1.06588509606819
0.291366494959706
0.759626237266569
0.685626447578143
0.28579392201386
0.210769252418529
1.62357944364898
0.806890745828244
0.183980103886706
2.22574481279786
0.339418926830746
0.716284242554498
3.25988900553711
0.0361024969451211
0.386602259461718
0.342158615540337
0.929283912803744
0.22692114107391
0.100811467455784
1.6484111905747
1.69862379808254
1.09252030351381
0.109858493779642
0.0588507725841857
0.715782300145514
0.215855304286889
1.77759071913636
0.328314241183603
0.0971887563447244
0.047821422743041
0.483042226794824
0.0875517578655918
1.35911813975417
0.45059330923213
1.16482521712623
0.295595387260672
0.434780868747844
0.532701974552825
0.188347971152981
0.516267207091768
0.278527666370276
0.590529125605615
1.63799879803793
0.39072620565617
1.9358117333183
0.211654625665025
0.739004974926196
0.114378167087398
1.22986335049371
1.38298148939792
0.475112280374522
0.287486887169906
0.162244376562166
0.336694107120578
0.107076405807908
0.458043797306067
0.8923984306386
0.998088046955461
1.23444986259
0.330878327372041
0.534185977659223
0.276183722638369
1.35384465893007
0.528791094861265
0.434875177069585
0.569326597832054
0.754152742081258
0.222016156431915
0.407573190301277
0.0253734570374586
1.00439472803678
0.982926625116079
0.0754924651666588
0.907923837620955
0.19548709047624
0.110750529480849
0.0699994908976003
0.256300997378584
0.390387943807887
0.0708498793859554
0.0752000851733273
0.150996665102249
0.148570527567601
0.510624570882754
0.329436394021191
0.96278733375429
0.737882254225031
0.0436091723042505
2.57725292267944
0.329500944262485
0.278138144599481
0.106117342295328
0.919543660040398
1.61717458957075
0.139272915306092
1.00725000554301
0.364683256539179
0.379023452695307
0.0721641675578049
0.805428590341049
1.07740055677348
0.791204635845534
0.410745375681953
0.191578395121537
0.278805329118924
3.08956246098287
0.424221612410749
1.36447499823468
1.73680920997094
0.440146983339808
0.297032475701012
0.119623943746384
1.35204789708461
1.23945227154392
1.17798470698807
1.18052444285207
1.25280819704132
0.440547534173132
0.338939173945744
0.566002536605989
0.987881821019921
0.683056016864924
2.11085073451584
0.0331747171557455
0.627885547647791
0.539810969320216
2.85514321905069
0.162561984000489
0.161317825075407
0.896217981297191
0.300049416435791
2.64537041682801
0.593531585151148
2.69685252241002
1.71440887647151
0.746443931180637
0.905725558687687
0.918125958091381
0.469226709067623
1.99924534798332
1.72338050457609
0.683558545462736
1.34216496268117
1.6856210570943
0.347965620244743
0.34266254314406
0.534426486291533
3.27023839491884
0.605362180850664
2.0126786206354
0.683471409858137
0.25442003016106
2.09418874217159
1.05424257512418
0.0369600335454176
0.258855520266179
0.0553121031012423
0.347590002272959
0.191627634612584
0.18684905350763
1.41997333009353
0.0314513152020306
2.13452006711796
1.61911430057031
1.25883395469824
0.54482833386988
0.225755530944431
0.195687470604846
0.483407734349323
0.785533557146076
0.17084491202103
0.120679368744589
1.60594064348506
0.952186514257061
0.0678308721111623
0.636465696636717
0.216576317155408
0.840392940505759
0.473237171881479
1.49418900513745
0.307603763386042
0.512302961946615
0.383304143115821
0.933737367575798
0.669638886427732
0.903849888268285
0.797671985985428
0.450750154454114
1.47534164224743
1.06394092681888
0.337312638023266
2.11671942655393
1.1315640916071
0.360478155807775
0.78846630561654
1.00467762703739
0.612967770736544
0.604430101806185
0.166062682957371
0.110401171972864
0.249407462459392
1.94699614664929
0.273618238427607
0.388454656020197
1.74218715460031
0.107683067675549
0.196942931446351
1.26359209903209
0.248715509834705
0.658146280735146
1.14549938414963
0.05068483497437
0.207074508393935
0.297384500631682
0.43830299604687
1.09969086484508
0.332502432415358
2.03121237121552
1.28858618744913
0.79835958664568
2.01122210472235
0.793410467294324
1.14492764542326
1.12616913693072
0.443913456199462
0.557969543648891
0.355152826403374
2.49261057757695
1.00408722952011
0.278315071954173
1.2271594910091
2.82802685842474
0.623172889656835
1.16704964619281
0.343258374952369
0.193645226310306
0.467793681849952
1.32342523413321
1.44768501346549
0.522155220801602
1.22702025684138
0.978385852481216
1.0857262910082
0.236794606681057
0.0614356662566097
1.19151834046031
0.366301091064398
0.161231351926572
1.04157997593372
0.19211719775651
1.17063636605681
0.326590433342902
0.413329791734306
0.584617471107683
2.59431834413563
2.70030738060942
0.221470728811065
0.198399047535093
3.13427834674852
0.256951104355868
0.271957993044307
0.110562746824424
0.134935864899216
0.374951286575945
0.529109261390291
1.44295618507678
0.476037604254567
