0.266569563623834
1.52014724822025
2.8076721996602
2.27131222512124
0.237733340160825
1.83771305476343
2.03972805543881
0.886785976154463
0.399689159136346
0.273336191375347
0.554125847527525
1.28794073250369
0.225617630145235
1.58233153886867
1.61243682843137
0.766477360488917
0.700479803289447
0.553563723097207
1.11324624853407
1.06996435116851
4.72300060109842
0.238172985257099
1.09830371988243
1.03461971634203
0.292988736879005
1.22823380687747
0.763753025935174
1.60196212580421
2.76045339175577
0.562666066665143
1.51200933651859
1.34643081716922
0.413328228186921
1.85725456343362
1.01855716254946
1.20955230895799
3.9610815753969
3.81524622503728
1.14787238824813
0.434277750215947
0.870030967628317
2.88561254552025
0.608231723764704
0.551036521139462
1.06797409609177
0.150721855133228
0.899063589116137
2.34165495600244
2.18821347563452
1.15454598988249
0.281227230568195
0.811456791459995
0.727446959355634
1.59259038842889
2.01550801448883
0.718316289036225
2.03997216830522
0.977741438666689
2.70550432338972
0.760274879612061
1.36341799748921
1.75426128676816
0.487833447867576
3.59986207216098
2.30348451274731
0.366701988816573
0.153072055300741
1.13251711843425
2.5225561934501
0.265740163263351
2.005338328448
3.00784965622958
1.17059101128947
1.35084872154118
2.07486709814163
0.933484323651674
0.361675019387607
4.23911159636533
0.0390185930139397
1.32097265192934
3.09012144521569
0.435243691220045
0.769231333839758
0.539504150374249
1.73808553115119
1.48857899905784
0.260390078391011
0.370719488944308
1.67475179957835
0.851359227026641
3.45838625760753
1.76798666513782
0.701760187152452
0.736308343548141
1.48922189837366
1.60568553279798
0.824664187044112
0.612896085534761
0.895628584917934
2.93795692894644
0.615146345574166
1.97161264414458
1.53738370925825
1.34101910577022
1.58798564759726
0.84844499195715
1.50471516248032
0.662755554339369
1.81076892747633
0.628200331710148
0.933729564881862
0.903735640362375
0.278659601707672
2.04906249844008
0.580532078927023
0.0135288247529108
0.0685639646029132
0.463144182687995
1.5221578465633
0.809558189965705
0.249597045980025
1.90467646782437
1.89152176685877
0.569794440249717
0.3269693106737
0.169560561116625
0.214634054743206
0.354702143312628
0.699200962005214
0.252359889592455
0.29995904158036
1.47671097219654
0.0772900756630543
0.170080574736304
0.388315295346936
2.50555673546007
0.603371529626931
1.0258405406412
2.63683733513436
1.24495591830404
1.8796255600929
2.13076920903434
1.97975629263492
1.02328720043908
0.305808881767074
2.06364973655661
0.972011762571395
0.929484611866033
2.54606211375417
2.28383258108396
1.69490174897194
0.562897846418909
2.17262877149779
0.106289971987258
0.680333720580249
1.86087454110697
0.176565887495031
1.04277838913354
0.933843227931764
1.8405067790751
0.0537431723884105
0.135122476773083
0.365456001192335
0.906380773884293
3.7326596012684
0.354913172935835
0.0631187277282535
0.616054942112458
0.082194964611984
0.220198917222344
0.541968948030316
1.25166863686747
1.94061970170551
1.1140703629184
0.842452765048837
2.83461166450609
0.131241042404507
2.57204333513408
0.507394922821534
0.252360872821206
1.42237648588313
1.84458279696912
2.51551401063248
0.225145285974428
1.99315137647229
1.56892518398095
0.333995301779579
0.143752617685496
1.2585733630858
1.09789694490373
0.608145296761067
2.38248164959998
0.114587469405396
0.209539621486727
0.890415094473056
0.843056299885756
1.37150570415345
0.0315032521982294
0.0537959334737437
2.1535925597015
1.4992443483063
0.589832823639012
1.11731710220861
0.233025201016743
0.81828835707368
4.00940766116383
2.92912778673021
3.39492914702153
0.253396308960297
0.0586851462243998
1.24389332720909
0.490234492452037
0.13709210683965
2.43104052148548
0.378843670791549
1.37091147640905
0.304398187059966
1.84711660177798
1.4897452171337
2.0460583455106
1.45531477017014
3.25375996688398
0.520768728534195
2.20419525517016
0.107590361367736
0.968427985445775
1.41010779258849
3.15366013826537
1.30660200953975
0.0710049690071059
0.553763134310353
2.12435417504513
1.17271886847124
0.414967099115406
0.677391448928176
0.340445871414647
0.41955492719718
1.26908576666144
1.20943894868578
1.48764131202126
5.71961613076737
2.93579181279229
0.973766444519302
0.618871342554324
0.119617324012379
0.0742201556171809
0.580405446423648
1.74360898524548
0.829643065001548
0.492511551794398
1.09425512390166
0.2649910797821
0.0432035977881373
0.126348272952532
0.363553731436633
0.136202402122868
0.318857200596027
0.0126509948571585
1.73967449217381
0.155049677620763
0.148791609682678
1.7459717528523
0.00296112166297768
0.0202624215807096
0.233725212383417
1.38268778902093
2.06679628160705
1.4777783565102
0.733429507666747
2.07159207490994
1.38629885714686
0.224040322032439
0.893881994361058
0.708758545883776
2.1642518344279
1.74588297238249
0.503810676055998
3.6589683892717
1.79902485380173
1.16729339235551
1.42346230127628
0.561471238673416
0.219221180828231
0.15820575036656
0.0702313903111764
1.77432521274119
0.0493783289819963
0.31558836334142
0.661000176904201
0.547893482157567
0.257394587045864
1.11627463025577
0.32388015875469
1.06096285697986
2.0913724117674
1.06527758102582
2.444345468899
1.62432392917629
2.93091665821432
0.563472853048997
2.91955261456507
2.97571456827262
1.62408198844789
0.257075157992495
3.53658226334699
0.604089415172423
1.44038016533952
1.49583572800913
0.918045195930022
1.7962618764246
0.132645604915054
0.973489934456876
0.643879902242922
0.148810461141483
0.593332153856885
1.64431207082313
1.49108248795918
3.49685433789369
1.36413613060495
0.719839370440055
0.264468397585476
1.12093209383277
0.706437141108204
0.176003583631704
2.5190700737778
1.00670046627422
0.100505312706804
2.75287995820389
2.29694532135909
2.46898436260887
0.35005498063968
2.6470758813867
2.24178229605494
0.0888496079069403
0.685172134682643
0.428518903935769
0.102308694680048
0.233952946450662
1.79677963004084
0.902815627743878
0.0495807129567284
4.54743536691017
0.249494396323364
2.74958723967211
2.8278000629221
2.46327104548962
0.289001850627733
1.21528006887952
1.97546123714549
0.846591663662275
1.26731013375768
1.33175246525852
1.10124972038629
1.76977990364186
0.0980049029489757
1.78291835831164
0.177120407448636
1.38717734990449
0.306523487665182
1.75381209919001
0.574327258185429
1.09965829353949
0.258176402472647
0.407013595289839
0.631701340295017
1.56533987754993
0.495345051999779
1.11044771561405
1.23940078448397
1.33591616606827
1.65736666022333
0.981679804463425
1.92513359952696
0.505524928592002
0.679744345086524
0.91525163793013
3.89485471544199
2.49345239606026
1.73973605703689
2.5251852545529
0.606380617006942
2.40242735457087
0.981797453497804
2.23042850296332
1.49267921970507
0.150637689853456
0.11606957305099
4.25700609120368
0.0797612130909541
0.476179220936496
0.0996465868065478
0.472849942819167
1.99915588666779
1.3526117960551
3.74578136746429
2.11840037533953
1.29896291312352
2.33657329965121
0.473384029986449
0.969114429529932
3.50291182605409
0.53081504385078
3.29988346588298
0.642808784154703
2.64432245880912
1.92451307374783
1.00095211442563
2.12838650926347
2.40553611166997
4.47320414735176
1.08628166521617
1.56933934408055
3.28037105188962
1.19684036780366
1.70287129973611
3.31007057126863
2.96438848580224
0.313499247226859
0.093231042967187
1.42140938742066
1.79689361551404
1.45982946967206
3.66874041886411
1.25898443748435
1.84214429624675
0.274120706856243
2.41127852172298
5.37019823433908
2.01937165898724
1.85232116593592
0.804796680103412
0.552001530673896
1.02134236747621
0.983043420751337
3.32490294653945
1.06817357655185
0.954074952656781
0.140696570214669
2.47047836336682
1.00072760190664
0.177243760206706
0.614257908060846
1.36324673069456
1.1923865577159
0.192988599004653
2.59531013086021
1.28068674456674
0.619172078245271
1.14962370330905
0.64659413312317
0.45710019445429
5.04564869477005
1.05075759488596
0.314824712752484
0.943925280325449
1.17958246788594
1.01102435110185
2.5062006076788
1.24882686460114
0.260902646637368
3.64493730843974
4.32003007685695
1.92801252630751
0.428191657391447
1.07444455885335
1.77471474316154
6.27146662062126
0.367843361158857
1.30113316302565
0.0665867173543685
0.335710113970282
0.66335164345004
3.56792179665671
2.17592075510277
0.920592852740195
2.15617881711656
0.234550501890377
1.37961864509136
1.2725627475333
1.19155804798171
0.592399163557498
1.19484957496248
1.5541756696877
1.01047174719058
0.424028538776957
0.483229212706449
2.01411451824644
1.23017778638734
2.69089632446532
0.213701789478628
1.8469492579895
2.41342611937429
1.48876812718692
1.5516294633445
2.59716537824692
0.39384441870723
0.21947349139768
3.05960105368943
2.61196028105837
0.890489694155115
1.44581473186496
0.904297191330387
2.01181324808681
5.23509202469077
0.597478153348616
3.20649490966794
0.511089800145217
1.80190626973298
0.409458456323226
0.314990297575561
0.2494290100159
0.240425825889484
0.468844585774623
0.29617599384999
1.43156270868405
2.25391587969467
2.52883195388807
2.85685815699907
0.590476665330999
1.83064503455351
3.12626553533211
1.85367667009012
1.05628255347852
2.8565342098796
0.613102808191653
0.352958054353841
1.44962078738541
0.242871337879109
2.83215340422333
0.969097150788849
0.84070569427751
4.37337812922681
1.37945971087219
0.324580717751715
0.0317428459881861
0.0467987408844272
4.06668209352063
0.271133878466626
0.266681747413667
3.55722561484725
1.2609425637724
2.90223288108154
2.13297116970166
1.9489098075061
3.78927822625283
1.11778222022737
3.12903816946573
2.43765353108321
0.262602930089858
2.68369942402502
4.86545875905667
0.721124845562481
1.06408550840327
0.957919800263605
1.01226863677147
1.18098008227428
3.93850233471202
2.24110344262944
1.24957831143977
1.32982036203148
0.363193228248032
0.342345133169071
1.02434973969046
0.372729521543078
1.08869029592824
0.541849850068353
1.80905337759992
0.829367943299168
0.538868970622532
2.51897885948493
1.29532832199574
2.38244371471835
1.41575934110578
0.366297074442283
2.50544250363714
0.836186735190252
0.370476423333928
0.346672929495266
2.61372540939463
0.926717740556242
0.716516929129331
0.838142144907996
0.259912918893771
0.135309994869872
1.24457024144534
0.744322922335341
0.743296587204156
0.187294095505085
0.166768011346192
0.343512705194746
0.0540191243026697
0.685349880492402
1.11374075995046
2.02494583952579
1.47539397777777
0.364878407489096
0.87045779664817
0.673548101877675
1.8093475328448
0.285859623841728
0.321660549451726
0.354886943522516
2.67820477807821
2.60285632619616
3.33426817152147
1.14213396987558
0.481017382689916
0.581926421737382
1.21142002629221
1.08077418622675
1.15547248514955
0.54253856884102
1.21056607085148
3.0388402280853
0.394345958730128
0.896547911532739
0.734583080918214
0.431022336600142
4.02001806901051
0.332985902994297
0.157019987332023
1.69124338023488
0.342562134065898
1.55686541959268
1.05238259494685
0.509358706537026
1.42484677634707
0.415979666318806
0.403804243656368
0.629665498871244
2.86645844197536
0.452621427903184
1.15087574727207
4.33841552844238
1.45932793301012
1.33886432322458
0.842591704805104
0.720843140991743
1.32369874163664
0.471412254917032
0.747210462832168
0.590757972557611
1.46324118914668
2.3423905079235
2.39139451160675
0.6702301225687
1.64125069929783
3.04360605759073
0.493524763353542
0.712476972909065
0.132339536410785
0.489342614214144
1.83736568348789
1.11516858952185
0.322353512431842
1.63349404675834
0.404737389186284
1.5635204501463
0.918129960964107
1.434004960926
0.867870546274925
1.24029751851399
1.00293154089543
2.40636549103565
2.10214492925814
1.69826056340114
1.62155218546932
0.23294630546772
3.02968021147728
0.0939834465991924
0.904377650147105
1.3002770889812
2.10941382867671
1.09092234199028
1.20290145611777
0.738405062421584
0.681455519813412
1.60266612279445
2.89926547328785
1.71908790472941
1.92205008932641
1.04994783367667
1.62702695131737
0.40654867253571
0.567280083404506
0.640187364691116
2.54869097277737
0.2955317399393
1.1696412250362
2.15243685359123
0.360435738504311
0.014006552656706
0.289151689717747
1.52134482549413
2.44675304704693
0.577129318219806
1.77876762431547
1.56270692441493
2.21896144751417
2.33425519555941
0.507864812950172
1.53850407884057
0.4768612046283
0.767234216714361
1.62487080162173
0.739148672619542
1.16924127969986
1.2000268027219
2.09612400607123
1.54910531572975
3.03009080337766
0.355846787785858
3.48724463663988
1.11107066041947
1.5296083130929
0.198841322234479
1.06856155356875
1.61656510941973
0.935513769936752
1.64107153141573
3.19994073065425
0.826090222472833
0.299588006390437
3.39596752263717
3.0659766669637
0.968836431288904
1.78829291103523
0.473171890470088
1.20708025430484
2.17103629615064
1.04909713394925
1.33892871541477
1.17983040722542
3.42721399302886
1.16411061128855
1.61282675246009
1.70035376368218
2.66783333970394
1.55094383371176
0.425561365573578
3.51625757983849
0.361328365335246
0.728915500265198
0.126952271612803
1.60755981324869
0.527244276338381
0.30335776412034
0.888866621405793
0.912964404486139
3.51170774316748
0.543847661284367
0.137154703787632
0.489007473658625
1.97500502360681
1.41527625432169
2.98683101876355
0.964471196599932
0.980066205350447
1.0979577706844
1.14505232848437
1.47043720761652
0.408306405033431
1.43284064075855
1.07013189339603
2.53620558140842
0.934705129180636
5.07129360999727
1.17902010478527
1.03835913660457
1.61776593398823
1.60325188338665
1.57774050476188
2.77525967785536
0.82810293089664
1.76196765842606
3.09620715856355
0.959417326402916
0.426380738353451
0.352246944265488
2.83905730621668
0.378338904330807
0.683483390216662
3.71496190238728
0.907277136284342
2.28845923061106
0.941546050947358
0.186795984869078
2.03998143371405
2.76924088768255
2.07835737693697
0.365459195894169
3.23713253358902
0.112833374057664
0.894952544256668
1.68685526517158
2.25733448196607
3.03796080606547
2.83190409283367
1.26168318041012
1.38282210245301
3.48565612444828
0.727556355836268
0.505650267216479
1.93055640109246
0.13538058813769
2.28380949932291
1.52403755854781
0.926339520518849
1.43259136573512
1.77487400107992
1.22891738274886
0.609413418445135
0.436161170589359
2.22813915119664
0.441575465861828
2.1213528846622
0.911780166617699
0.716139895070193
0.100294708814799
0.668411803288782
0.255528713568587
2.18485743715072
0.133960890294634
2.83767190372708
0.62936411567391
2.22394957064905
1.45467760456885
0.976847001572522
2.80345160954883
3.09181919656476
1.52480619720233
0.231515770522565
0.970079572203538
2.73707021015133
0.2910938798684
0.500635414603599
0.529159138703315
0.840623043351105
0.965648810866264
0.572139251529271
0.653976525597274
1.42225000026055
4.06817370607603
0.350804728003494
1.03574321059242
0.853284153829168
0.903806578405279
1.0717478922872
0.831549546979476
2.60186249272834
0.533186267891503
0.256044428694501
1.0894840703129
4.08538392743744
2.1686701765881
0.595672384575197
0.717249141344854
0.0737011293552668
2.01831900379987
3.36171191631487
0.0912593487055929
1.47867845989227
0.2461701963845
0.507981212585722
1.20584096285266
0.213595110467155
1.91056888986336
0.917218043828139
1.37882366897375
0.430899041282086
2.05106837280491
2.69055008716358
0.803114507954132
0.526591941865531
0.377365345528808
0.72445466170901
0.43570304941996
0.105153598157832
1.13155985410292
0.64857521021512
2.44815318547017
0.56852767845386
1.21612207493217
0.948103301880745
0.1045344557345
4.09914186773328
4.39679373492565
1.87757341325602
0.957875034985491
0.786073421189029
1.53735375058794
1.85617875014924
0.66936818153031
1.64453928138699
0.433056861629792
0.523941791774035
1.41609672087078
1.29484573881292
1.13897965066463
1.85285882711945
0.47964959439968
1.26858549900112
0.131152161674001
1.19030932081919
2.14414235501548
0.333836594755048
0.383199598379801
0.260309929982441
1.28651103743808
0.914096654154733
1.69038635366586
0.395981285191527
3.38229464115778
0.480844510111223
0.980117920487731
0.958886553643643
1.29301682242469
0.90926171054629
1.52881904415682
0.614238276746379
3.14998238087638
1.19482958206833
0.835767408530048
2.07290101337021
0.429806696162757
0.269450182495837
0.390891474985755
0.464047188248972
0.415075482989988
0.89400485815538
0.357238723392213
3.22280153494349
0.59483387266553
1.99007255951022
0.0486954392612544
3.28187802395628
0.212677331556985
1.0436680402285
1.93239807672962
0.728002022045195
0.159023440086548
1.64565689627075
1.33709624167752
1.36571250969057
0.473103014361659
2.23929001761075
0.47692384031999
0.869783412337343
0.527611131525776
0.779800671333723
3.90870263330312
0.129989827491731
1.39014379446171
0.282505782786734
0.146476444285009
0.924122790393491
0.938406323702628
0.0466230990595637
0.152897933043137
0.523048722908996
1.51234201865127
0.856269177089211
0.153261320528955
0.56537373198374
1.00792471835374
0.485684500271005
2.06556959264165
1.99718786193111
1.08599451554776
1.46682097725136
0.557637745054408
0.763911747414473
1.80760345636619
0.43112759806311
0.182885909501714
2.68771071799132
0.411745937673381
0.512022380464562
0.105498938782269
0.974068938067386
0.354682669829454
0.17947101738116
0.282394745836369
0.718675445011031
2.07681195460943
1.26500703844137
1.45661831120246
1.19205419154561
1.06618032840366
1.30781421249407
1.17889323454433
0.319241565042794
2.55895146930946
4.71786006382455
1.76441744057193
0.856681624722953
0.477584552211564
0.466704155667349
3.46623276774555
1.00456917492456
0.908969579549056
0.606582992300938
2.82287560509211
0.223338059676652
0.771120067058696
1.10628609545235
0.648739171636318
0.42618204935043
3.05400169408386
0.0792878577283044
0.861413856628059
1.55044037347841
1.22908751564442
2.30202787044512
2.34378346501423
0.301909567340199
1.69138244303351
1.73478702653025
2.55831350229906
2.88480119308266
0.342460557544956
1.53213480180989
1.36308064273794
0.574672985170719
0.572284302625732
0.718755822262605
1.32503590419049
2.52487394035263
1.3004248696553
0.459886998500298
0.739109985379878
1.25670737242633
0.588030823443141
0.261174534456004
0.245575633944565
1.06544051200558
0.890300235084892
2.29714166006594
0.649112420331154
0.996314557164755
2.23011334234341
0.19234746602366
0.742990972866119
0.209285532479855
2.73304074606758
1.05922565135361
1.15141377903547
1.60450490132579
0.993064285949332
0.237064427431041
0.620551375070079
2.56910420401508
2.22808049922932
1.50201452370124
0.468461864368035
1.96516794709843
3.30669513473305
0.170637503165054
0.435780481589512
1.96064862586461
2.46829475810887
1.15185088189653
3.47737420783036
1.81571579751247
0.351494358732206
2.32472593464162
0.925903370027352
0.687985272833257
1.85260092572598
1.60554156581601
1.11706184311256
0.632958477048983
2.45949168872454
0.39166315702783
1.09487840556966
1.53315507032913
1.28533073009847
0.87424531957054
4.25625002863308
4.54145292379241
2.12653804621081
0.23003608198439
0.907111255030197
3.42530165998657
0.318231605677118
1.68120709320207
1.31936683654074
0.917158493750331
1.06910265090407
2.55346938047302
0.728653260354905
0.534133697148239
2.31126655581547
2.33526657465186
0.840504119636406
3.4533571854253
0.545425993719767
1.91654068156713
1.83342656887852
0.999118916782176
1.78913097250703
0.828971246168183
0.469699313224717
2.06190851838838
0.905336311097737
3.53646873162631
0.513342670169366
1.46384503069071
1.23048679118604
0.786974409996582
1.34756280312016
2.28857742497174
0.143274668307977
1.33698979740128
0.593486542219604
1.19086725575495
0.903112842481553
0.661346517285101
1.90940312293139
0.649127080500161
1.38195826198154
0.285181699354611
1.62353959212908
1.07886654253597
0.324116479649911
0.204787627149825
1.14138545956448
0.493744671452275
0.301085211522592
1.8232721902148
0.0675672464019782
0.354880884351403
0.180992521525491
0.572172810677729
3.43982605745388
0.433828355472728
1.36359614644483
0.549417386948921
0.0612254724484319
1.13557712746011
1.21373889523066
0.299314746484276
1.31553836901367
1.43635328243435
0.187923050635557
0.357260692702814
0.173061610034968
1.47371943026825
0.0723702787771934
2.30123297274558
0.372764607172713
0.933856005425874
0.789489794293388
0.990236862089697
0.252764232776031
0.26475808540078
2.49851114181487
0.708158141193003
1.5726226308217
0.864671112965677
1.5008913106592
1.54053511059745
2.48796486655032
1.16257945000392
0.911491272506239
1.7966824275138
0.644125933827063
0.965203094651851
0.810178319073491
1.13315017029076
0.283174071137091
1.0108535752825
1.06868254618424
0.585324016853278
1.57392581397625
0.886438117873339
0.751556349468238
1.41462546143471
3.65953114383877
0.594952713342307
1.08888677120398
1.12734775410654
0.461277153068685
4.14589553114775
0.594227365728281
0.434205271895317
0.158873772094818
1.55507229526637
1.26871137279965
2.59227334121081
0.429295225743039
1.01355584354773
0.370401485176342
0.0551154069632156
0.829081726546826
0.530898126045138
1.25752279037529
0.526299591609327
2.25227512949344
0.485687519420224
0.735046264838126
1.33136644352479
3.50820292748006
3.6673353694051
0.246902551597781
1.77959613434804
1.42296260667335
1.41711890895676
2.74210464957607
3.8414370703355
0.332146055530078
1.63215403798234
0.363657224117288
0.031372577602047
0.114049661779453
3.16020734489878
2.57105087967396
0.0617540858072245
0.132085635350481
0.875548614697962
0.877655902761843
1.65563999566283
0.724830688464383
0.404075531953813
1.56222832674273
1.05878795598234
1.21999237470531
0.127464227487219
0.376598948191548
0.449210415869977
3.62300437421554
0.564482176626378
0.722000330250469
0.878510868874306
2.20197136111497
0.87647257266
0.494863402114534
0.414843792379284
1.50843423175819
0.859195638255025
1.48542583384026
0.676935264927218
2.74352491831378
0.23670917903364
0.355988180470774
2.16287741482834
1.74514196198895
0.841809054433917
1.40178534807698
3.97496983387574
0.815150866210753
1.4519044604436
2.23057329973633
5.02092005707686
1.59033298242549
0.664119353750321
0.712564509740639
0.587327670293952
3.18404344379394
0.0882628778502215
1.23306233482396
0.698147323075638
0.81491152122437
3.40093413597134
0.43251808779604
0.764214556448808
0.233845028986999
2.05988104138259
0.150787482629583
0.597103848317907
1.25215722695935
0.414027121728734
0.056119018025511
0.487494304298969
0.545927781427846
0.623462374670928
0.443332393052788
0.709211252292187
1.02758544164952
1.24504119900827
1.13655055205674
0.708898806769671
1.04997879243733
2.56514614194519
3.72312989762784
0.523837896951721
0.713911373796031
2.51836371511979
2.96796462881584
2.69403277458119
0.54840151078851
0.422747757317262
3.81863366174561
2.34355899136666
1.46285877756494
0.31110553591682
0.416301442888033
0.97204655145571
0.474694993794787
0.171702955587057
1.48220570186822
0.128777981838969
1.17624504498548
1.25302768888823
1.90744674398935
1.88149456384679
2.02639087760371
0.273982299993588
1.77817471242331
0.209979789412115
0.943421434071878
0.107023683865157
1.25012864279319
1.01962868552451
1.6887640466674
0.692814599228295
2.21110241799936
0.945049978140385
1.27569539386831
1.30051435883754
0.620685394681646
0.109225890567975
1.68521687504417
1.8086421054277
3.91905123075605
1.79861641261337
0.214886556565493
3.27323948770895
1.07700652961303
1.00884245559352
0.2074710708401
0.446939983134145
0.13631577003885
0.865451878371001
1.68151262981263
1.14496778642526
0.522898171503986
0.405537572291695
0.981994074318279
0.985554894368376
0.713395393941801
0.556473441836475
2.30140272555993
0.451319586479779
0.069272271568144
1.83116507368917
4.90491768233109
0.158437650168933
1.19140517186053
1.6015420745683
0.759771460936773
0.344444187512732
1.05074581119602
1.33510623249064
1.65986183862096
3.06189327368532
2.953180219874
0.86254880041221
1.02184001555732
3.69317424598308
1.85386919571048
1.99321586927888
1.86462165424614
3.9520936180265
2.96449578397896
2.74539601449851
0.757652050378443
1.0328508949934
0.538206770389277
1.07444297547784
1.8088463446391
1.95418030405439
1.19181520145726
0.083272714966542
0.481028821339868
0.540646754255527
2.4020253360659
1.42154996779151
3.15986005054333
1.21470254622853
0.459755974468175
2.86635883925401
1.27753171855975
2.64850383994657
2.79338785400351
1.33897473558396
4.24686811189003
3.0931706151049
2.10769597713621
0.475828288262383
1.1460336153424
1.14450241906881
1.35324920367291
0.827255555991728
0.910552796250717
2.52104591119617
3.23369482565439
2.04007676927316
2.96923309260311
0.390944617418977
0.276153049494871
1.75164569031136
2.3399988165032
0.537648947096604
1.42662811279953
0.538657271695478
0.549984373119657
3.86956820056815
0.636935654112144
4.86099776635482
0.110641977631984
1.09851237198465
1.41703257446238
0.235790012764322
1.67977515907802
0.607260666708823
1.87636594653864
0.87094860550847
0.34600794295985
2.84724751023644
0.819483803613954
2.04194109575262
2.21964999488779
0.336666546047253
1.06636874768811
0.982093405335337
2.78788914735723
0.317356736806952
0.886646540560107
1.07388917516794
1.02067961831579
0.169297924344195
1.66775169864254
2.29938838955271
0.377078627021918
0.864066968221422
1.48530747232163
1.25380359920739
0.595965638278872
1.70543659855576
4.01843136837885
0.483289513379137
0.0865715572529708
0.899990322035251
1.91626792346383
0.80709610836904
0.872253300162266
0.322689301742371
2.05771718101751
1.1938753025431
1.02520531861605
3.61674125785186
1.97903178753592
0.288210208815795
1.18273328668748
0.796504047376925
3.3946286122669
1.54717897114491
1.83924296793934
1.21095698258252
2.08558533977047
0.860421562703126
0.948371363480293
0.251086879119847
2.19861384396983
1.39815576874999
1.80095837909598
2.07196523299779
0.99027710857381
1.65825092178236
0.0101239324397655
1.32338303730977
1.95639660682246
2.75660737613365
0.831880613942675
1.11817325334099
0.547261907741334
0.104616967335267
0.318367589983527
1.35630137919701
2.32027620923721
0.222357748910625
0.179477645977796
0.771732698592176
1.53153989521102
1.55227817271888
0.873835169360617
0.581694094837817
1.47665251519408
1.77079836358971
0.206884665755925
0.949305896408548
0.672991079293593
2.32743840216392
1.74506553038259
1.82120217687238
0.48429986858284
0.343366629807412
0.129582494452896
1.09704003921572
1.33947228198909
0.0997139259105978
1.48915225360416
1.08290687941371
0.328754059334537
0.518917215117578
1.2741191156741
0.166979215797719
3.37907794972364
0.639965205906509
0.103654444953707
0.313430856305869
1.4321825057893
1.09335188334165
0.47012570890705
0.653457659316004
1.12330673161209
0.757638019702854
1.2655610826063
0.996226020907263
0.338937177479449
0.401282706073766
1.05699077420806
0.716998183205832
1.96890025240808
0.280373829115957
1.53776427471863
0.788073269060469
0.101709563477485
2.07230579804193
1.52909975231871
2.1605280343869
1.17169904275931
1.05891952877398
1.4196409049853
0.285003997612178
0.197103227677135
0.156704850148627
1.43033065217533
0.440071563423792
1.09524633483159
0.48131146301897
1.36298295735472
0.418649068425623
0.642602432990566
1.03240593488148
0.673637761181435
0.220564272607183
2.20442425816264
3.71310406667134
1.30021692707497
1.23752572112229
1.75352017661642
0.560982500683038
0.29688660991146
0.120996325273878
1.51756372139819
0.326794297815137
0.86168089011359
3.21962832663093
0.618245951839335
1.41547868426671
0.287805837972161
1.20313606598387
1.35395311133444
2.77281304860971
2.414072250525
0.577959704544664
1.61317011681887
0.653620642412228
2.26629585046967
1.23244922952883
2.13787170539131
0.554298160131913
1.85537942864347
1.79274172833713
0.314150985462595
3.11228192103469
0.606391796425348
1.29231357667286
0.818378049578295
0.706833152078234
0.561751489307732
1.08499288147024
4.26603442053215
0.289236053754633
1.72492384153189
1.02165396924197
0.935328678041961
2.44433070753102
3.80960462531624
0.957681404947756
0.811227252043618
1.09727823066412
1.72568297693722
0.911479981942693
2.28009559224117
0.758703494840482
0.721749812147208
0.544170645173203
1.56375196439426
1.20058693077726
2.04724725688604
1.35115840591649
0.886608557008011
0.37569516894896
2.25099633619176
0.198759158792139
0.0714586146099285
1.89136712349474
0.431237564005877
0.338782432017293
0.13508415864539
1.47324077997845
0.236399827988136
1.73511572761685
4.29108513754815
1.90585544129197
0.973366069328044
0.156776179259093
2.61880381886975
1.61196436212787
0.12891608200045
0.557210782630448
0.350948050219604
0.648142716515955
2.69935394632859
0.18521734866989
1.31477355206494
3.17189072999584
1.76478121091845
3.90427451148574
0.739393222828248
0.412038718717847
2.05760570602883
0.342653667525833
0.798992930426889
2.576428876376
1.10650874185149
0.834170489975779
0.419639012321366
0.275212429763332
0.701736148088562
3.3515807994324
0.0491234254621357
2.13386833086634
0.803925565722177
0.85366763149591
0.187299845657667
0.35378661026602
1.96110762104348
0.0214238776304089
1.60945120788555
0.410552753718214
0.185580675846177
0.0919609921196765
2.37108104389057
0.316797540959595
0.53020993904906
1.55456507057217
0.42678265957853
0.920707263207972
0.510480867627988
2.17354729844917
2.68999226552414
1.20704729436893
1.3856849196302
1.58094613420055
1.70758858764256
0.610625019991966
1.39338215332918
1.13066246555862
3.11746957550218
1.53144727019639
0.511007267299629
3.33437127899007
0.443575534882004
0.738966612897847
4.40975213974236
0.546849442243133
1.06645083233003
2.84170838154555
1.27639297130065
0.434601135645927
2.11473773082072
2.50575586611032
1.4440946893763
1.46353736945494
0.322781902537935
0.350061720638372
0.0793081886127428
1.61844000706319
1.35631140844767
1.62010659176817
3.7345363514645
0.454690854909816
2.5817881469712
2.39689520943323
0.892492898958967
1.2255691191617
4.70741446063913
0.876711804908615
0.709976973824065
0.210629575719003
2.51354644328542
0.828533933123128
1.38714805769352
0.185082966809737
3.17301623541343
0.552038327174967
1.40061504375607
1.40941496844578
0.347969890897289
3.42611692003547
1.02799059252848
4.01544926245166
1.6905534096661
1.30433333269152
1.79739175031431
0.742302983538305
0.474367049809782
2.53343877391338
3.71349455631156
1.48494474388387
0.544989258613749
0.147501168692999
0.410745875241023
3.42903455511576
0.811249013717643
1.98510380537513
1.79015830885368
1.2479451898003
0.453556517642846
3.37812883546998
3.9948411412562
1.66426167206294
0.748856887571422
4.05459969093795
0.668415103590582
0.829028984749275
0.340951975630153
2.83150318575289
2.37371619798883
2.56866696022604
1.80775319793883
1.04456482709542
0.34368056343047
1.1339386777745
0.628134014942262
0.802880974420227
0.731960423235334
1.12778164303049
0.78150771662545
0.687158616641334
0.236574856355543
1.00767312497608
3.47736101399838
1.0609549950392
2.39613895391073
2.05115037854894
1.5041770112549
0.273209346044531
0.594110022720116
0.653593554257937
0.388379234920752
0.0632448017964541
1.79354891081932
0.545383483107299
0.165063855819166
0.0156312857950359
2.60466867740056
2.78476998579937
2.73000058104432
0.542317525798058
1.74953337128246
1.55449720824642
2.53815204020481
1.4857041912107
1.70639545943248
0.563940606054902
1.80023181902518
0.443570326408321
1.04653972876846
2.20661041595133
1.83988008822074
0.348229486324768
0.241322715436345
0.54977792926477
0.207823049598779
1.1273563544357
0.97764524288507
0.779113363056378
1.19740664179287
0.202736661939337
0.111717077555866
3.23654361027965
3.35210564115004
0.667727836962037
0.424761394545004
0.835177927217664
0.279541921670801
0.288765857288
0.25625535679543
0.639711313898871
2.2121229631974
4.15724614564367
2.64499586656309
1.47174777495936
1.21717125681048
1.39763378684738
1.33608527390943
1.82252894839838
1.40429472764574
0.269179408113322
0.992952142189346
2.32019491759389
1.101107288145
1.565297554509
1.32248755453648
1.45788626625977
1.01268497761826
0.396191531030687
1.32819796223373
0.963109508465172
0.247765960807722
3.17432642026269
1.27802764316511
1.87149631467603
2.45580722709127
2.71272217118115
0.115681371790021
1.38290449399928
1.41041166973383
0.748716761393377
0.707720656025151
0.76864368575751
0.802734023311621
0.670521215396883
0.848149343046462
1.10193401499149
0.687448609775561
0.719481525234909
0.958713355458337
2.20061816581721
0.641012084972368
0.488304385089815
2.50497509648229
0.881555987812476
0.531494160383143
3.27927566792004
3.0837375630753
1.7042048508931
0.944298812477958
0.582283302254184
0.839516675554539
0.556529757093033
0.43185247124751
0.699577240931076
1.91600431064371
2.8811517884725
0.696151637749634
1.30912201257457
0.471713086042767
0.776546520427688
0.407690916671657
2.7472757253386
2.01989486544174
2.96505606259463
0.988305151228082
0.802673429586828
0.935136108429385
4.05958650234063
1.57908580957479
4.49529818129145
3.43135623152756
0.197064837886994
2.2255082984809
0.690341357104495
1.13202111832674
0.897180820985838
1.91995219269777
3.36175034461697
0.737079114617714
1.32334414730588
0.299947641269334
1.04240600232004
1.31126634346879
0.29712679845924
1.60572941367393
3.55371839823868
0.715277833628929
1.51630323725411
0.279639793232283
1.07987161127604
1.29581363157323
4.84106040631803
1.78117888445292
0.506983437360021
0.151228750933372
0.721299142913257
0.0817633057222024
0.17188699100666
0.475684246657433
0.36325406891666
2.87631355226264
0.856135940500724
1.20044106640417
1.03094265436617
0.157239519054226
0.296064732434781
1.41373141373484
2.271113612117
1.08041998676225
1.86990214936512
2.44062759538458
1.78825462215744
0.472614720948246
1.02364065388563
2.96448883729907
2.27335477675186
2.01357011198678
3.19965436200453
2.29575172019355
1.07605895553959
0.819482675215024
1.25593199416202
1.71536955704133
0.88430925080176
0.0951736406715505
0.761936015651583
0.803883764668387
3.57021135768551
0.970877297131359
1.15428730411868
1.58612673906703
0.0586441369769048
1.22519425645925
0.291662414295268
1.59418933444395
0.803500275565654
2.58270651516365
0.00720013568861735
1.66640308984965
0.48791859471625
0.058659442257356
1.86886072684181
0.075449886760229
1.31868723248103
0.419251132695946
0.972469667599751
0.406753450670564
0.130497984550836
1.46822695688118
1.63357088121074
1.23153875972426
1.53429089181708
0.805678786428942
0.257360252905052
4.77698970471886
0.63561985076105
0.0728798435528625
0.652497398925318
0.73889399566785
0.156065898581256
3.02142806173939
0.0230604985710849
0.471750645098035
0.099412654953105
1.57554213192048
1.03851785007132
1.2485350492088
0.11416803156235
0.702826921443336
3.08183420748304
0.544710678634522
1.7654969871766
1.26296761801051
1.20762387838533
0.693792250171322
1.59289021939162
0.499633807859293
0.596157650377679
1.87201677732749
2.40509869022079
0.740105466986266
1.11646925120475
0.602198851405659
0.698318752164536
0.32956775620112
3.90912243627826
1.15238708991502
1.06582517215404
0.558182100213874
1.24196949350873
0.793075337399343
0.466042542178242
2.26772056752369
0.889943964948068
0.0734956311866995
0.334772309079487
2.54239073129272
0.258405817532045
1.84499183407394
1.57658851863497
2.63106739500326
2.09452089091464
0.123902622130147
0.649971777937267
0.474492639110432
0.363721042324404
0.873520929377004
0.433190653999443
1.81109060317801
0.860411034723025
3.77115150181833
0.162158756725914
0.940962330982498
2.48550931939872
3.29523466383416
0.358826867310197
2.31570849154061
0.869498931205458
0.738737166628169
4.3105865848995
0.572260678802074
0.0416497135950016
0.0432759221464347
0.234079383275357
0.502089522021498
2.35679994320641
0.530312033918536
0.181685913663806
0.505291755956054
1.05705033221793
0.116964319786507
0.934828552064206
1.00743851737174
1.42352420442788
1.54266451606232
0.83237209254339
0.834333788107462
0.581394501484187
0.202951663682881
1.20329218205943
0.918038131545499
1.18842321558664
0.448231529898228
2.22037454092699
1.71534718113844
3.28409680384641
1.33370054783103
0.659636015993739
1.37066385248093
1.95858435010841
1.32704498118759
0.971743804828812
0.0654003340129339
0.769495549361673
0.0721162778532858
0.0231400837912731
2.32111457034646
0.245821304994532
0.101092947271818
0.507216787176487
0.378354898570867
0.269622059736147
0.85859860843827
1.26001116281837
0.925796028413532
0.767136225618185
0.130317403591475
0.715823805098798
3.1313655045086
1.34511811013134
0.305700317261018
0.202630190636186
1.4697556827078
1.71239714959751
3.31145379764489
0.535012030797958
1.05648110842838
1.5595679757933
0.536902844440792
0.246205487675099
0.482985540450746
0.869486469849919
0.847789475279561
0.0588571767718845
2.44331422728091
2.22134396570529
1.34460576199276
4.24471347053683
0.666842729765244
1.43592410098712
0.256475542890032
1.47101094453293
1.15323487866573
1.31455544788263
0.68143139606734
0.79498994291759
0.793253190252775
3.85823330612333
3.26937673354412
1.50809868579989
2.89016277947246
2.18480522470356
0.304553307871343
0.199006072890131
0.968421959702025
0.426518337504989
0.454842751704295
2.95297070775487
0.83479803357767
1.48862343332136
0.716978783760495
1.06424042787826
0.719534280698471
0.674421783351231
0.314191512572897
0.521623325596671
0.61619161439643
0.625558646382118
3.42256797582067
1.83988671776372
2.54669775708995
0.354363800516385
0.828141006119549
3.25290157569517
0.292779112327211
0.735471369698539
0.250567322141796
0.869714029491659
0.665685990047407
2.08336190684346
1.39195168027584
1.48255050922299
1.33790158483373
0.172416542242292
1.59061633537324
1.54945053784061
0.0719719965918931
0.821597133993781
0.430601796352427
0.483625057314158
5.60112734675134
0.736354486077432
0.872478609843871
2.39312867727962
1.56072049135949
1.07237664403721
0.936361139802193
1.46163149944873
0.964138214883826
1.17914767473736
0.465675825855416
0.28251686595168
0.537417655177569
0.357626899520154
2.32461023745433
0.755787676433476
0.594280421235899
0.0472905196125763
0.734720283051038
1.83290499699437
2.2652316362106
1.04807124983282
1.83234751310882
0.89368017671262
2.85137669988827
0.340409248848486
1.74212206996203
0.772690390688899
1.08962189829328
2.1020690793015
0.0627118549587534
2.0936266421989
2.67922733915007
1.31027450295328
1.60337210764913
0.604679216826519
0.380099796788715
0.0422409351832664
1.63849536467831
4.90037765077067
1.03310538504303
2.26922260822823
2.21283814585345
0.619778207909553
0.334656024215461
0.193877007108759
2.70247633653206
0.252810330267873
1.02037462346396
0.350693541383557
2.21148232987615
0.744182021388048
2.13555813373581
1.66656532930576
1.72982386238525
1.10918947572983
0.670576637805827
1.86819221488191
1.66323034770299
1.6972981918392
0.134506298435407
1.30928988947561
1.81711705994082
0.282015046506603
2.83985450176772
1.92321629681621
0.478165588899663
0.968979759972402
1.18953902344022
2.93398922246572
0.204574153886709
1.50370366162753
0.421265819001612
0.581200060738818
2.86267458450259
0.347958337085614
1.22841722069959
0.537631150872612
4.22459838903802
0.459148471684709
1.6732152429212
1.56798512308672
0.534404512394311
0.505811896353342
0.0467440697420785
1.67690466280722
1.26458659691045
0.250243148471671
2.47745804698426
0.314822209628134
0.0978150814426296
0.751909153988789
3.26858904826266
3.17421839495664
0.306044034993472
1.09416328470728
1.58568925150662
0.355870350142093
1.03921855850506
0.6535052464171
0.381545254684159
2.27641089481008
1.1584050840289
1.44595703228398
1.58879531160225
1.20562880887419
