1.36017847305053
0.484967839586173
1.50873862761408
0.819875479756294
1.1117479128732
0.708309669507324
0.256736047991298
0.473090414502837
0.721088907807449
0.07940645453238
0.634119825336522
0.601020237889934
2.16015482253568
1.37707717730837
0.332192938583889
0.886467214576406
0.823531312381598
0.222554478454874
0.0750588631845334
0.544818720370826
2.14453580715962
0.207743915740708
1.2903268471345
1.77940251719319
0.189108167172741
0.350610166027021
0.777541596315851
1.15670547369422
0.199387982471712
2.23024585899643
1.6909066839497
1.69508742554968
0.0903401011116071
0.686785623972174
0.728464570442126
1.01271045425416
1.2114124693097
0.293545685654584
0.661669959813006
1.00212916517313
0.5320570565941
2.2416843845718
1.25515597749371
0.505473563021803
0.208806353691646
1.45576839483358
0.240994786380836
0.694007614841901
1.24234520679573
2.06033145047595
0.648418088378855
0.756036585451299
0.67541014656177
1.79023521181591
0.73286245464041
2.14866587051008
0.880528364558034
1.58600361088602
1.64622869874945
1.20553982337173
1.79447874504799
0.61362204121552
2.06688377549952
1.12929757797714
1.03372605819531
1.38449404861369
1.56007512335428
1.12005316264652
1.01170983237131
1.58217074990147
1.1646594242868
2.8042091605786
2.37776036861079
2.15461348589253
1.81483243875422
0.630807628950142
0.926202744277541
1.71122260396001
0.0572786080586838
0.256853290373467
0.50852993218513
2.23147804312813
0.710571065821969
1.10288001795883
1.61768743199266
1.08731484028275
1.29817612804604
1.33054224324369
0.91034630659886
1.90482715041606
1.05957557546642
0.779873735014797
0.516854147533364
1.54209103044519
0.878478136715582
0.230341104647278
1.22059627170077
0.423864482199319
1.17195994943172
0.810833371238046
0.31952721300025
2.72970221220259
1.8048515277991
1.0904879426772
0.942438480738438
1.16975083597431
3.0452179511857
1.64275557307271
1.80353969758492
0.762283873942838
2.34449037686174
1.15286833619221
0.268740132451647
0.756346262990404
1.19409332096152
0.176513808841576
0.505132744084564
1.11503139674641
1.75693317533872
1.58615684871277
1.82057025520233
0.979468829917552
1.09263233315596
1.88244447147788
1.66869589823016
2.65742752293821
0.579776077583938
0.182434318172693
1.49921696578275
0.477354729110967
0.73973602830676
1.61049625312798
0.954534583716658
1.47591649884838
1.38893073683541
1.04038075313548
0.944985978508087
0.640278516225735
1.90292472160672
1.74301567856568
0.315042824865293
0.178152777728364
0.531677684254361
0.634883446969843
0.143462090849337
2.2248484503172
1.45237743458166
0.566989814620479
0.603900251795881
0.7004474296653
1.12758351471128
0.0828344635543053
0.163467691186085
0.0610291659146637
0.0691574108279608
1.52811216893469
0.15092168040596
1.83807246801696
0.0213449695239341
0.383011859243376
0.11949138613554
0.0555027181987851
0.359237718938096
1.23709753033897
0.369226406764934
0.401488903856811
0.385094869487447
1.48971567942932
0.847961109927223
2.34907297030407
1.8717968907713
0.441669403017256
2.48583935407883
1.11123716505192
1.21261640145981
0.198389412872761
0.0678583633281365
2.24329220936585
1.40511480997909
2.04934078057763
0.607021280136351
2.47288763169035
1.28469032698985
2.02971766874603
1.10509041400025
2.56874198530215
2.18179545725988
0.132911843088362
0.174465231703834
0.968258077275754
0.155213483333763
1.46640259155724
0.155298512423794
1.23306928717374
1.00181380461109
0.529396083098435
1.43598825275762
1.18298448135855
0.0226555210937876
0.808051178312203
1.4887467557429
0.274690266227531
0.0617852729288517
0.0289034367757114
1.23305667083683
1.02622270392113
0.799635449426995
1.13356731305592
0.150678528525759
1.29071305968671
1.00102530385377
1.26783507300119
1.08551426112086
1.65363603983186
1.52077581714235
1.90893423832986
1.45975024137275
0.218779954236013
1.13410829452729
2.71740976918857
0.638909578154922
1.80695456141056
0.1994856170377
1.13489165345225
1.2296341550074
1.30139023150424
1.83546499122528
1.73507329490947
0.810153278277249
0.0709654289827219
1.47817834450462
0.229215897695982
0.360144123857738
1.18710640132859
1.16466677451099
0.651315347535891
1.82004855015325
1.20977609352006
2.05445073150309
0.106804222894432
0.91070810992223
0.857184738655687
0.417289989592654
0.915216375522045
0.309824341380529
0.384488873755943
0.513618130570094
0.411312826539209
0.154019269042407
0.87533093370359
2.02408374360123
1.7634558226782
1.16901086291898
0.371510493222562
0.599847084336222
0.976243139642138
0.00526025281231521
0.00167389453439457
0.0987765148662767
0.0265949438023728
0.840380901515691
0.0954695899260407
0.0356726732063159
0.0878561831527793
1.04689010814326
1.27474788618403
0.154026430360015
2.1376569942881
0.0838386208890158
1.86536587807002
1.15417565721051
0.857229233218042
0.25324759841721
0.0725291803785241
0.214378465252707
1.58814792710109
0.445562595069047
1.87824518355802
0.676563342191086
0.488893057140462
1.36194815783939
0.532000680728451
0.613804020053631
1.26910237367829
0.131059946987761
0.0851774410164615
0.0283313544983839
0.424323607436728
0.716197012387965
0.486957334639551
0.52609480076707
0.280377055516634
0.0293542108960646
0.00855471277199035
0.0100333498394283
0.121911780694303
0.571520944069969
0.467973919458898
0.813403628390419
0.289496746528068
1.17722195086214
0.602878122575205
0.524188010636692
0.840764403812026
0.563488638473256
0.0633165999129041
0.524624413564612
0.368462577832665
1.19494627382293
1.81786364500457
1.11499195984183
1.56089367888149
0.474196761674577
0.546394582308737
0.796640459984434
1.89839187773769
1.54746590339873
2.10359179661853
0.558569293459739
1.80572221096229
1.22911427250373
0.478378820890394
0.0736829238745602
1.62066343665966
0.0541297630328549
0.845240829815921
1.90036938643787
0.0399551703623234
2.15658023253619
1.53653950165584
0.545711304710868
0.386077673600035
0.127272805621698
0.594611787153792
1.92323264591667
1.22358230602128
0.601302670856602
0.77639431640046
0.454008908036239
0.697127017680122
0.249091832523545
0.112147154770289
1.50832573071486
0.913622024463494
0.180263371980778
1.2246118602158
0.67689240804769
0.341036951130152
0.539123974086012
1.52108452525786
0.278912864355377
0.706871835929698
0.497088982836926
0.92029027901184
2.51601094828162
0.124469094312913
0.715270214610373
1.13909008851748
1.4791037252508
1.38596520516717
1.13540146271113
1.61707387720596
0.0769135997012235
1.10483965430042
2.27780466545366
1.64042408248645
1.05128046973446
1.75368835036434
1.20568538156242
0.888156051546711
0.813784181715713
1.1623007738312
2.17509170099064
1.57854349760766
0.755313047880367
0.87109228787587
1.84370144119972
1.2974563282455
0.225868813989165
1.93367834968364
1.94051453932868
1.45890920551466
1.25628571118279
0.743254834527433
0.734776310884473
1.03668112627989
0.0335743784996061
0.0798840157854231
0.409712760124414
0.641887056638747
2.00075548378907
1.40237739344186
0.951414139644901
1.54597008126935
0.931509819307667
0.792627443151257
2.4202517748635
1.29598751229447
1.69504237584071
1.79202767314207
0.602309128147136
0.650800422289278
1.10900089385976
1.23732753152199
0.679755842710915
1.29897316667081
1.0489570018644
2.25118584548672
1.28909502956878
0.586432235297185
1.36092963499492
0.915416581062927
1.56637551198072
0.597685541051942
0.698716051438072
1.37217436278554
0.573069695321244
0.612294801469094
0.274008296254647
0.465326361799222
0.274314408917756
1.58875784284571
1.43644497217621
0.491592899799952
0.221293313992531
0.892481092716423
2.31789264559564
1.29286425537323
0.394212422995497
2.17969595381248
1.06005548880024
1.13469188627056
1.3332541732253
1.35474747431918
1.61545063653337
0.422151935079945
0.365809610396431
0.800286841105277
0.66838316207562
1.0670058940512
0.36143138967283
0.351881813370454
1.20749966762419
2.46867038298018
1.33811313123397
0.776388812749325
0.14310312613465
0.830005377356584
0.317217313110874
1.06286302276616
1.71464212896503
1.66238043182892
0.216468870371384
0.247568474387532
1.256872406697
1.53834847857565
1.8484793024946
0.333429880524325
1.0222648257523
1.48060253544697
2.24679012565338
1.73015677094932
1.15267720230181
1.11984337914623
0.305448794168659
1.39564160566345
0.699260411075554
0.0942327177894553
0.184828774031838
0.018539653672693
0.331719917922213
0.751129858016704
1.25555954843373
1.80391150474809
0.557480248706604
0.250481858218325
0.794402907893044
0.58118474382081
1.53629948701196
1.25672422286195
1.92637720447585
0.774742790877913
0.706563400010779
0.487828897446474
0.557882741590348
1.62492247376207
0.456591366339459
2.02363832113936
0.178337802307375
1.84321346074838
0.872200881549826
1.2231047194266
0.869443744653655
0.425752732055773
1.25026100861686
2.39811149788726
0.306978520628348
0.267136598923393
0.368790249215223
1.2197566392538
1.11706944862741
0.534744767560467
0.983684212815199
1.78480939183777
1.47598746519178
0.0970092945735593
0.612159877577217
0.173527654660603
0.905409209658397
0.128908390129297
2.00398592259496
1.61881393542983
1.07448614987434
2.48054224330577
0.371498376392665
0.595078433811113
2.03040644064006
0.642677243077764
1.84599250323359
0.165001741377506
0.686253482244726
1.95341780844747
0.47843469162044
0.553695206001173
2.03919660519835
1.84558387991985
2.60058570429939
0.770854604156943
2.08646824929503
1.65653541553387
0.205968412478379
1.24726303703034
0.904682935594039
0.282225743773886
0.919770873264071
1.02576841084096
0.64070306348209
1.69617422446287
1.67702580978598
1.57332151322167
0.84133362298432
2.27770631002779
1.78939973175654
1.49452962712143
0.975130408439237
0.879711424661216
2.80534147199068
0.783587135377297
1.48884931369624
1.20402818350884
0.961452112407712
0.766178929882455
0.324967118224578
1.35603801550335
1.0921116290669
0.0773032829773388
0.319055397235413
1.40529511912738
2.01045000715695
1.65961650952279
0.201759375347615
0.932724990577769
1.54736549681212
1.21179872792943
1.59170730679608
2.38996072248934
0.580589289086963
0.791204686011122
1.5015087655891
1.74546161378006
1.51987166218646
2.16078452271028
1.55413324523784
1.97114786673799
2.22993892553055
0.714472657566281
1.5441751153101
1.89413125771601
1.16951307733364
2.69426639117279
0.5506973832373
1.07371168460435
1.41384511159555
1.86140469412519
1.00288630375814
0.545102738516617
1.087255773569
1.68498920074145
1.22479189760778
0.829553838663586
0.336224526481011
0.577569022654905
1.36238684841555
0.776592253061472
1.74813429164457
0.99588121681857
0.327188085464147
1.59677828698514
1.58733978440931
0.589181747850604
0.272196221469795
0.623937394053702
1.53364855820185
2.31140035431987
0.885711120017762
1.42935937556085
0.584881216684988
1.98773533128785
1.50285136729706
0.992551954236295
1.76876803168328
1.96827854910579
0.349884830042923
2.14367352069063
1.47943781598225
0.0847018030708783
0.761035297756338
0.661713072944794
1.83756169657629
0.720250942444701
0.864857227000112
0.318746657436024
0.69718774239747
0.304309818355358
2.18356525032717
0.473118783753365
1.58559309203345
0.71098286295909
0.286741485346603
1.37646299377605
0.919186470507483
0.499801477680171
1.11970039928637
0.58190133511443
0.372694356240561
0.60152457379564
0.532246935107039
2.12015586718475
0.244163350453835
0.886322166957482
1.26500438984836
0.375851819711065
0.959586367540034
1.51033526366223
1.325113200515
0.328274600286489
1.7815206438957
1.12689745231436
1.76458077061565
0.997489008778716
0.428777253677685
2.73150570717456
1.00208042992792
0.809902965800924
0.109077432015215
0.693896047751604
0.507271532263328
1.17017392314585
0.241971380408434
2.45177422352089
1.94546707987017
0.249865763663522
2.5393152639118
0.48444879691922
0.420971948728106
1.05004004439117
0.815255903654998
0.369404054909998
1.78784977366965
0.598075675705052
1.1005811747978
0.626389156851802
1.08660240427306
2.16708051054976
0.454412918564751
1.9069640520415
1.80788854528884
1.8708662722837
1.3580460540899
1.21532847695246
1.44333343401127
1.63906369722869
1.03355450522842
1.85757886486942
1.28135300587545
0.269387994478173
1.45898338816068
1.28646396541649
1.21254414749603
0.110120533227538
0.14996219457892
0.0742346951815108
1.39892496061495
0.159343093624673
0.977844094024625
1.17217019526012
0.386501010049325
1.3130214398662
0.927527707763104
0.756131696855301
1.54695512865049
1.44182299110289
0.280629584625358
1.75209613046054
1.21357158408349
0.811731522830974
1.20870006776233
1.91815435641268
0.978923942732558
0.802079521130095
1.19239840006993
1.03584421469076
1.1738451155898
1.58571795478174
1.42839387245938
0.690554800279382
1.35030864079022
0.609889615506536
1.2490572543818
1.87657065918559
1.39553277287158
0.625068280140598
0.781146220953508
0.887764756688686
0.542945301324928
2.06624524703735
0.220767397164901
1.52065604119192
0.835193284558819
0.585607633216172
0.640352077696694
0.945833069574962
1.02383418462213
1.14532433772025
0.867946883651772
0.299208638503191
1.44098743463691
1.63172766002632
0.087828468475
0.897943022480714
0.264737934456228
0.093059115011498
0.113607533679542
0.955958250522686
1.39946433136791
0.648428891920611
0.332794459149711
0.800246904819169
0.365282682567577
0.467595550246002
1.99714431394722
1.03214111009409
1.3787361555937
1.26787572661748
1.38842448117191
2.33957447548232
0.84093500944093
1.02587728403889
0.759553432014181
1.34485201324656
0.545583593050722
0.634012617530315
0.931731216627491
1.89330092694889
2.0722805147036
0.657636813998745
0.522498441589042
1.19893235750821
0.620283150684587
1.34094913457802
1.84248860869899
0.0707518754145576
0.199794040424015
0.369692292031216
1.28076286530113
1.43521593821109
1.75930342679062
0.293735731047561
0.0282685035576484
0.412975191080944
1.67600797681286
0.20381426881005
0.838956773914293
0.956605504486296
0.707943252826182
0.409870884212271
0.969243092494156
1.657435552723
1.8037788570185
2.39576969959381
1.23211872071954
1.78824370660018
0.974599380368845
0.92201530080902
0.469576152213896
1.39646029335985
1.91999361097253
1.24765357154929
1.49193024144871
1.34324513082366
0.473769946231988
0.350418968511034
1.28788113912218
0.315770975307081
2.18722926535504
1.13959532318451
1.49197093789799
1.85179746350047
1.49870845267126
1.06158371944153
1.43611246462506
1.97612480383427
1.73750965546423
0.642416551065322
0.436687923422129
0.268205878892474
0.187324002981632
1.07179308195638
0.378464181880353
1.44645898580106
0.430964591288856
1.52662628172092
1.30209582722004
0.920201953704502
0.378467737517382
2.14316080312605
1.24586866920274
1.9217425552704
1.40606418802468
1.31549380214685
0.595567248960585
0.0959564110006606
0.902418590012726
1.08738269421443
2.19682530777468
1.70632078583429
1.77440181071069
2.11640407995588
0.270738757946543
2.57075730023555
1.08565937338712
0.651640529656854
1.66365211967845
0.223459914391697
0.186935655195541
2.32535428336334
1.39401191772533
1.42079199018803
1.78194468030614
0.259531397964267
1.67387909251109
1.06106974915003
0.904928040715265
0.574927203191856
0.055216016418206
0.779357148502685
2.40165445775517
0.411739872679304
0.177724864121971
1.24592837230203
0.304323819322702
1.38338406353424
0.0160486511160591
0.0644862400729532
0.739137368099397
0.874022852666104
0.712361985518327
1.64547228577773
0.967701422658609
0.848937099546655
0.243918263799261
0.155381887749361
2.30277554161152
0.322777571403284
0.156866096062848
0.873658980547316
0.816973831201303
1.14047921479364
0.864880690592658
1.69823998896273
1.11404502177835
2.30558749662019
1.75674654143496
0.2282318193744
0.93313153890317
0.741322167286363
1.88615489712373
0.1494393755453
0.929571615287931
0.43660246468932
1.9298070858833
1.98350747052535
0.888643445286192
1.26507003251252
0.47680152611114
0.709027327001504
1.89241459198161
0.461281343389198
0.443339284632245
1.13376083182156
2.10971650722191
0.198783713629785
1.59224985834813
0.535675088992981
1.22053371436788
1.512823654817
2.59838480467602
1.40124716962098
0.633410879168824
2.41042521138954
1.4764907665145
2.09985010844773
1.14351659414505
1.17690512156387
0.0496885647262919
0.306592972078767
0.467495385290625
1.031323448638
0.793503925684203
0.486282052624667
0.224013329340396
0.666620617642159
0.362525737353791
1.20928980220981
1.78087912110256
2.19356846519868
0.623016677984063
1.08018731998491
0.57023856432937
1.88845886750179
1.50507802417333
1.26557776848723
1.10564854020616
0.302826094006246
0.373009677873522
1.94064192831914
0.904868441965778
0.298423364808843
1.21174770326294
0.548032397783894
1.34393248234581
1.20296303356243
0.826703408442739
1.95202113663835
1.57658283314092
1.353561962296
0.521157318439959
1.40837471091919
0.907347211736384
0.802253250656766
1.10140473202511
1.0993584673266
1.82394982040837
0.997345467550709
1.40142012764928
0.556126926106243
0.288585774267029
0.884964771988111
0.480049040963148
0.268657498985261
0.714143577137918
1.04374445118176
1.44985110159646
1.97325806618586
1.55966869819039
1.04661178952168
1.25498423751998
0.8829355892825
0.877635613597539
1.03753224566858
1.65528856786724
2.04785411437867
1.16125362828311
0.166531856110142
0.347763541966191
2.68275595823981
2.06882500123906
1.08692642960115
1.47782044622245
0.689570462829124
0.100922694379177
0.0264483091147452
1.10774941634213
0.356234131264752
1.30750963518703
1.73287822249752
0.702961354067012
0.410855943010274
0.570021284950402
0.52848645681837
1.33181713907356
0.57995595421911
0.543867867206582
1.52523957734997
1.81610907081182
0.321943482180915
1.57686897325964
0.434979412083006
1.24308546188705
0.900773105119287
0.186473233330873
0.937837762280948
0.136795313207064
1.34984326057492
0.204817214253023
0.33720906297827
0.868916862372551
0.358706184949217
0.133279975231019
0.0781982804718653
1.09297567327118
0.379146099076407
1.98523898697112
1.11202728334562
0.725391431637105
1.23163234706706
1.84457756212493
0.996310582682635
1.48037252291201
1.35886636120078
0.37916374524091
1.43400273667716
1.22600524589871
0.925247023991393
3.1189465591216
0.763141643852262
0.823712185675455
0.845639184979264
0.847253407917996
1.26681961007916
1.84014575681141
2.58929795027694
1.32758282416828
1.90270000877104
1.72092528948932
0.325821782261719
0.21690207992737
2.08698863731371
0.703725951960209
1.44716789417913
0.323567824070587
0.0106920666601842
0.139630107797637
2.38724776355606
1.13457202248841
1.47972881734339
0.230648999027715
2.33923138985985
1.20014642760894
0.938928938659885
0.879338592391005
1.84515392547321
1.25881588625571
0.681573379626329
0.418832910224961
0.484846111932952
2.83181622572875
2.19857830257199
1.1330386426286
1.62728544077885
1.58278098560304
0.655355770145026
2.46140966049355
0.2378340227245
2.39280642947683
0.992876960183835
0.125601551674335
1.45127468637993
0.529610455629033
0.623665810646299
3.47955717233765
0.959783642719327
0.584420222598425
0.517251180284226
0.600826433527731
0.285592876735295
0.774548512263087
1.04165359291198
0.137639111979518
1.09747909775216
1.00572556709509
0.539564686646994
0.81634922281822
1.16163746069849
0.398009574389734
0.446732432209283
1.62252564186152
1.9963696599796
1.26709851065444
1.75747326845509
1.23955968325219
0.785797881064952
1.80684009430435
0.620478821086395
0.227407195540569
0.228730222241475
1.30285869006909
0.31232481435825
0.499081385735367
1.65608149801255
0.936432535066974
0.850465607941214
0.956097169291174
1.61348743212606
1.92514493193258
0.827600499625339
0.470521314478846
2.12112416969613
0.927636562053238
0.428502827639014
0.541229116125505
1.33260760905907
0.143335342134539
1.17996634954308
0.300469981205154
0.964497772511705
1.61998451631336
0.584702432708597
0.167173777009639
0.295623152713947
0.823301075001911
0.95136857731275
0.793832571766774
0.481999702328986
0.806071181524402
0.781801827410239
0.0797982367698663
0.185810188118988
0.0368281341551825
0.152841786535887
0.190379068134598
0.323768620922535
0.183384690909762
1.17688164627607
1.18462839222002
0.0454904319860957
0.773491024436131
1.4190610041502
3.17889587170391
1.68933573177574
0.621425316149754
0.244158668188981
0.286683875799367
0.0675105810597077
0.615447290748485
0.471731476065588
0.135687413859039
0.725975006931014
1.0997444976695
0.00713966904579174
2.3505940478285
0.283809070416289
0.299828824710126
0.868603707546768
0.72847975412265
1.75638482411359
1.66016744607872
0.683851624033455
0.680388694078738
0.857610139915015
2.76305334785116
1.60082799785343
0.985271156639017
0.593289315450076
1.15224892280783
0.348515506031828
0.986802293007073
0.214897327724815
0.128327167088764
1.90852519987682
2.04249184111977
0.206517844809903
1.24136772386012
0.590238797860331
0.367511610874439
1.84286699362389
0.236094626064794
0.517368494450579
0.877236006989988
1.13403273909163
1.60194452901601
0.970154100488264
1.39662659802743
1.36599103478802
1.49491611642909
0.0315510234980583
0.875519123966708
0.463903840838682
0.705521450797669
0.461193900684163
2.21758720896421
0.215664954842699
0.277582032484908
1.3448492274292
0.736008153147543
0.726256337529627
2.00484204757305
1.26716913689318
0.824535351037249
0.537966724089598
1.30789985408082
0.530852626212081
0.389674537774334
0.498675227680549
1.84029314121092
1.1605364478766
0.442665107811053
1.80236629388029
1.68405636636892
0.172777916206242
0.447836640561529
0.261146326808346
1.34765388018284
1.51996154317225
0.84194356837724
2.50581031280907
0.333744797361956
0.378155691262133
0.434612581907735
1.20252643397707
0.0348880852888883
0.129797211583146
2.46037438324573
2.27336427038011
0.836462690810576
0.261439234099166
0.457554428605115
1.62022666235289
0.49945452647466
2.36182111785202
1.93976882343819
0.601803003267639
0.428027648121023
1.94273136960089
1.56886649219054
1.48103308364262
0.456818374684945
0.625853256274076
0.413332211191356
0.210169031405259
1.0420328248874
0.408805674323685
0.234232258827437
2.9920697185714
0.69012590913843
1.56303727035854
0.101686163137625
0.497764068713949
0.598085263271132
0.0847528565926492
1.14268517063203
0.326551623723936
0.650646319910779
1.71633493349057
0.540823990890839
1.73412701325703
1.228918145494
0.737740933546658
1.29218174212336
2.21119472366489
1.27361408137945
0.259339867217853
0.331564734119815
0.0883235541664754
0.215117864748141
0.501779368790927
0.17699102349286
2.14507754499598
0.572466944627102
0.502765977014166
0.546340909657062
2.01740750900339
0.202936409710341
0.340218986448443
2.07341657634849
0.0288024870030889
1.53049802188635
0.950079798549745
2.38468845590327
2.55241315868123
0.331245651600399
1.37571878382707
0.252894578122007
0.81063914173733
1.64732148632277
0.835803915800078
1.47372934129014
0.53890912431862
1.95664481023214
2.33966015916473
1.45748002921355
0.647895737823689
1.3482620210912
0.567464520388349
1.15594354370722
0.537416784577882
0.72084347673744
2.46285583739545
0.708705430394778
0.692425723609744
0.374375911108246
0.708169707523989
0.327216765091332
0.665089642784641
0.0291674661055157
0.0152696727446873
0.294591339543812
1.68976079374169
0.280178497353127
0.961315247805024
0.667333712126417
2.17281488802642
1.11848975286163
1.04284346167877
0.636439269986356
0.923163263314871
0.345481955682648
0.625896713504817
1.40128322589613
1.87990722158239
1.74586354219411
2.14537799003878
1.73793047226722
1.22133227836708
0.972127691802097
0.296575137588238
2.18614511912247
1.54226409969721
1.61416277955022
0.63175471394303
1.71836721867256
0.611829187744671
1.46816888742192
0.345630315460056
0.179391157638389
0.22384483284426
1.24421368322172
1.01138632957465
0.889466750699646
2.23346934558779
0.820253637166421
0.977719991274678
0.828746723024733
0.542725949458093
1.83590380935552
1.51471913699762
1.40065642841149
0.115719522181654
1.3756391980111
0.62745825958132
0.278889878608055
0.254592487337954
1.51045150914006
1.2044159377809
1.5242718143183
0.279186930560758
2.82492013879658
0.875663804682396
0.652799610663783
0.557715166438545
0.505910855939311
0.862557273387516
1.10218000650085
0.793346305486855
0.461031877776172
0.876728913025965
1.01671613256308
0.898754706362358
1.83261700977555
1.57798032415565
1.4278553846658
1.06222027147047
0.785034584115352
1.52423281653262
0.689320102999157
0.361543003707918
1.59670570795444
2.28232861399992
0.842197284736272
0.188320071952259
1.11328507011761
1.47909351166332
1.07393352821769
1.96165734592421
0.270222619087806
1.74222153898634
1.48238998494348
1.48414893629733
1.18287149975052
0.576897166688392
1.02196372180377
0.663128720270186
1.37600806757824
1.77456565423129
0.283725899687895
2.41871149351202
1.31460263953611
0.304813988570684
0.962749456874882
0.475116575351807
0.0645978109455707
2.96171156789119
0.414123400298365
1.40436729643235
0.918149880736918
0.346369063621846
1.46460837316736
1.03140208406919
0.245178866340776
0.770995786953183
0.485938904242078
1.55054774518131
1.32245272449813
0.929966604340589
1.13039048430456
1.52361777979808
0.765709951029539
0.332362968366042
1.39215743703023
1.69325002101098
0.192398046595313
0.434372567154589
1.11596109902304
0.234810091277767
2.29995567954094
1.15748510781216
2.52409908447442
0.921182716185072
2.26832555002775
0.642866867416329
0.771023852813527
0.338104394758648
0.635155149847703
0.325100396820688
0.825448799169796
1.59033160309048
1.85218208347047
0.772714948660095
0.190873827716164
0.637484791769914
0.908713303258788
0.573573053500219
0.831461131169331
0.762065964075654
1.91723372762781
0.707858112941348
0.0489336028207199
1.5851700109708
1.89932160058659
1.57575322218564
1.53807770916106
1.44312783642344
1.22590099734304
0.372132707531886
0.876117664286773
1.87312030034515
1.11374415997505
0.543946656961766
1.04321436868354
0.796395352749023
0.106323190355977
1.24292689325979
0.671957274211714
1.9609689599641
2.39759156294607
1.16299691698367
2.17448541548962
1.7447807292486
1.31169680385206
1.69196386334426
0.231769511718248
3.48020117570218
1.63639580578855
0.238908368950624
1.36194880922968
0.568379243449487
0.896774597222839
0.716013324088037
1.24163531262077
0.101731623736236
0.463061264344829
0.463524460143361
1.19942204041454
0.228058334135143
1.09910376907423
0.322637019020516
1.6951235836812
2.15463237796112
0.489369682316038
0.0890568305519028
0.850377176666952
0.729928400468904
1.1633573464502
0.343050825091501
0.458975198296853
0.203220890652459
0.526444380525479
1.0195014307931
1.28682287772988
0.907886436265092
2.13165178732249
0.668202606149438
1.35892314199622
1.49194177783708
0.678301460771514
0.585792706189154
1.08747177283884
0.645022207435673
0.0988082471485563
0.585360816611021
0.436213545352748
0.658026162873206
1.37755606749827
0.506861951006514
0.209728678379737
0.999295849907695
1.32936680529435
0.842528459306222
1.60415150061275
1.87778882284474
0.669643195589919
0.865689751275486
1.38071452043615
1.20799398889903
0.674385799410561
1.89519093348926
0.782121410869692
0.539352210404636
1.82204443870722
1.16411386394955
2.34356159813504
1.76776277400864
1.24580128126582
0.442226366056271
0.732618626970954
0.896175848866376
1.26398081831384
1.43502967415958
0.636892778843843
1.22829103807403
0.587150780889489
0.72840450508713
0.77341649636981
0.684188409290422
3.05253565786952
0.138789546140233
0.0498473283002215
2.10159657206994
0.293884566761901
0.371439233542923
0.846947296875292
2.13093949525
1.29812978903476
0.593065676404921
1.22632862839311
1.12714523960849
1.26105545011124
1.58931255398841
1.99334067960457
1.22932164530716
0.260759663565794
1.70702935291408
1.49227931878369
0.577780967920838
2.36376007231222
0.580038747204941
0.683185417622593
1.08203911375967
1.09249511587939
1.42946863222156
0.444520154132842
0.840402495232366
1.52993156826098
0.32864014149526
1.2178508157792
0.571696183573153
0.844666989042421
0.879994654359092
1.14006992251189
1.19822181827623
1.06674415402205
1.56628000912406
1.74256277302176
1.53909421153136
0.618515249180836
0.150047861541697
1.1787886198109
1.3785678351019
0.379485769472875
1.73816299107144
1.22342842119582
1.11843693751069
2.29175462605419
0.830524799020148
0.168910849781119
0.769236796895227
2.55784510430014
0.665870501908189
0.158459557850838
1.61115047338477
1.14658965891527
0.261202406534579
0.589195062390637
1.60414288407021
1.25277005826943
2.44732211845104
0.456774075911808
1.63765929047759
1.43015095727989
2.88551181357854
2.17042612829762
0.347099067154819
0.35026062352428
1.02459122794191
0.705327466090515
2.50164465257607
2.12420075783277
0.0768080317400244
1.23679504955258
0.154770078440968
1.29050339107627
0.510216443689518
1.07219137845512
0.360845241448321
0.569683839910733
0.707437521668891
1.56769171592133
0.64051314681754
1.17991475581843
0.554349563913546
1.71763244460043
0.160383852829701
1.44965757659322
1.87838340465282
0.877517040353832
1.68730171679826
0.563099251526068
2.262313794938
1.9474569327126
0.329911534320378
1.4874120727827
0.417427511647289
1.40214355903223
0.583686373019912
1.50015542450884
0.397464828503333
0.430357842161273
0.119073857393762
0.422167407686243
1.17560121458985
0.0780058839523839
0.596803719577498
1.04473175146012
1.00202271731855
1.2504000682936
0.625118611957932
0.829874142416305
0.174239235380302
1.31358195918482
2.41528437284255
1.33309623534923
1.19839224181481
0.591759400733767
0.617899483044718
1.3884129338635
0.48211782427549
0.439409197099917
0.888933454303635
1.77443856110368
0.48729804043978
0.453056706690289
1.95312574860695
0.713233082237727
2.558924607954
1.49114219149561
0.428066867923289
1.01254322906708
0.356371766924878
0.797278065640044
1.90378484837097
0.946834834443325
0.634353463864383
2.14904950945043
0.204787535340184
1.61990732722454
0.0206706220559921
1.08898773919608
0.476218849477571
0.307533238492479
1.4440835987952
0.723827171555042
0.071253046403721
2.03138849328999
1.29655677141262
1.1051183047245
0.264483287092205
1.93020992755824
0.912724596354886
0.88560118301805
0.562091016526793
1.2406968487943
0.514845749678901
1.24591244006461
1.78594555104004
1.57724596607087
0.563651900399267
1.1911151245447
1.42007836746509
2.35442097956116
1.29388599558804
0.474325498542084
1.99462929185398
1.0514833836701
2.2614040236965
1.25170361221352
1.20037552122117
0.964036591245122
1.20608566855419
0.532990793195693
0.773070708533191
0.0169995423823356
0.406864016317215
0.0507123961989873
1.24630073553013
1.65835848772011
0.822373086905364
0.84216857471561
1.25024219735847
1.57291733443242
1.27932427866626
0.401637377711608
1.15980064671533
0.617804705998819
1.4125180936807
2.11882818338552
0.130817218969919
0.919067629163471
0.738962657466756
0.593081078922679
0.86704589835835
1.09902513870493
1.03343963845189
1.32784868868092
1.79120663904972
0.572598161534172
0.880940386007387
1.72983414042957
0.136631137069361
0.84534582576696
0.199108150173213
2.10093553704409
0.745395631142679
0.879279150444756
2.28892856093299
0.102813785702853
1.06717596003658
0.38886631623795
0.885285906057939
0.934481550546001
1.34243799062245
1.58676972914747
0.0227816616092346
0.448566270033455
1.58597322153162
2.28072589713288
1.29123372327623
0.0854159092930956
0.891382333410209
0.294874492029194
0.0308020391595002
1.11543833187575
1.49956571639793
0.0680733800279019
0.899599587456775
1.11877982348195
2.29189211990541
1.55290977941281
0.470624022033968
0.719531789162438
2.30267636780463
1.63018479229356
1.64539263289004
1.20192889286093
1.22764109853602
1.0887249030714
0.227843090486173
0.519471890671286
0.955529873266649
0.145102364278575
1.15012089950612
0.663807447797382
1.4357501073171
1.94491021541414
2.33878243518716
0.811690700434445
1.85679073827897
1.20393403718035
0.686372254888188
1.23148131102968
1.66553091308451
0.744271950430301
1.3512084280005
1.83812955608014
0.636381889509083
0.891037463912907
1.01967001930616
1.37168216560794
0.340131445681382
0.854664678614033
0.933543098712004
0.619436710842543
0.900255709112618
0.785544405016317
0.530036319153566
1.28723237006331
0.842547598962739
0.0711853638334573
0.804472942847181
0.507314357133699
0.338274698139779
0.610678678869151
1.18794255129306
1.00698267438679
0.712298527660026
2.72446237877108
0.218111510745503
1.2177021080446
0.308250350117549
0.918200395994976
0.704068108685336
0.789835068355263
0.916822006660323
1.97521328334361
0.0941681680495828
2.23399527876795
1.68146317022962
1.76613737690551
0.873470208494407
0.181486736942345
1.14580848852863
0.779580319661325
0.662117668864554
1.48652396712371
1.97852127313594
0.476813946186473
0.305348273835848
1.31622499164838
1.27738766792515
0.975360478325167
0.530988493831891
1.42098717812892
1.00959684241089
1.62652603398385
0.998416014447082
0.893441118037543
1.79968932654554
1.02216604009311
0.279586993351475
0.773848850390742
1.1571713605965
1.0024907064957
0.907497308592089
0.723767276040218
1.01747397400566
0.705637687282511
2.03122508777209
1.6415245618853
1.57539598013587
1.3492919055346
1.55840875965888
0.276510230656228
1.57094894845535
1.56352828788197
1.0732162967811
0.8132937460226
0.360100242832526
1.48652476949285
0.814407251304827
1.40797892353083
1.92252570393119
1.99734104466073
1.19572684076645
0.889909103011057
0.81048980912012
1.0124176099647
0.88029228292165
0.407731656193783
1.07660194203918
0.494233296249873
1.54562247974216
0.374677126761429
0.137459274445812
0.391690411337942
0.262662292887132
2.33806096785007
1.56258572507005
0.591208069941624
0.269102477097935
0.451297731716301
0.315825967712472
1.26837303738907
0.380600908159264
1.57572003654134
0.100978032521903
0.154942831920148
0.498626604610369
0.191474228898728
0.345618197866492
2.16733398843367
1.21192779234728
1.19285912757263
0.488303595357875
1.06008549513091
1.22131379533311
1.33835777243508
0.833183678273958
1.11445457741734
0.841766589408079
1.96943180713575
0.212175717639409
0.737917071619483
0.856592945760427
0.529306957570791
1.60016215927286
0.135710531116371
0.22792378137369
1.30723455272792
0.0828403755838332
1.05896493404452
0.351796006600291
0.461650344656798
1.05233393203593
1.53347377767811
0.235961751892851
0.590545721166707
0.921646281407811
0.448724563269415
0.393599039401227
1.32205752019155
1.88388613136727
0.717286532485021
0.995265759951381
1.13579183140321
1.04203833219115
0.304371952877809
0.954925282094678
0.834284211808927
0.418990582604994
0.153908416312684
0.221031862819882
1.46463212847297
0.58525309960468
0.244861412964953
0.0805814716249701
1.80418381109915
1.06411889160624
1.30616490625853
1.37949841196461
0.754375870870844
1.23506345978451
0.598439194302567
0.0627611963986853
0.0561779612236663
0.327040834064679
1.91195760631111
0.338744205825916
0.0438457444652571
1.01395926930913
2.55822058309357
2.74301521093612
1.62297924352916
0.0708045954127711
3.10134426385058
0.274100871015043
1.29328452025286
1.42464619597834
1.91451922932324
2.8984196449039
1.58253205405418
1.94554919602563
0.563629833803258
1.2993296780576
2.19053614437825
2.53327999568062
0.927825487542144
1.27494920591683
0.977937019902307
0.601569129672265
1.19158805882227
0.669762831644752
1.49087528044782
0.340080949598163
0.574722465812394
0.671326213989956
0.234395360603448
0.262469494037389
2.0295222880425
1.32697490212082
1.17945758078723
0.0307638256409976
1.10254808048532
0.429444677187471
0.839685679535665
1.48767927634335
1.22652062230341
2.64152681296829
0.927251187336227
0.276467821793275
0.963475669323899
1.26760284946333
0.744881206899035
0.181074765254827
0.232242944956911
1.18918074950917
1.63023002622435
0.0264902037101726
0.241278326771063
0.104864172129325
0.286952501872588
0.993950557159599
1.76603839682645
0.878133831261681
1.1248609819689
1.78590467794698
0.274396153820511
0.756440554924393
0.149099627165127
1.82714312587823
0.447697722752145
0.987301634335983
1.33682464527115
0.956888105751334
0.224665402503431
1.6945548662756
0.126732868015427
1.67633625104154
0.0820297385446907
0.647034646190014
0.0888708410213214
1.50766126414624
0.317579675006062
0.12974715674501
0.300259203330255
1.22412841876393
0.588618745118066
0.2359718782915
0.377523171318673
0.338108426769703
2.46205149639898
0.538428830541808
1.68961799816632
0.0541186780254223
2.09168990245477
0.46437589505119
2.08439367717521
0.389430515459766
0.242921727050665
0.128483262400016
0.235406331966473
0.0962774848019683
0.269057324719449
0.042267283917155
0.238477751365911
0.755383767080858
0.177902716465481
0.253351707490295
0.0872624743730726
1.58863254338322
0.632576702464626
0.941207229667001
1.16546803253895
1.72073950796102
0.845408374911551
0.755447795490168
1.5121379100651
1.12632649727455
0.447990738479866
0.954106999096069
2.26040776245571
0.726277101955141
0.711127989900676
0.400749139194442
0.530222173170933
1.68316607583438
1.21878532655754
1.49478711407901
1.11708654097451
1.1000799379761
0.795912175255273
0.533863665208798
0.237175865305287
0.69973174329734
0.935192094963261
0.253220341188401
0.23802909390139
1.94946900993425
0.893512722987067
1.2953168864522
2.08996092229258
1.92194366729927
1.69092599048338
1.16621576874145
0.655786955570345
0.755341679753156
0.550212704387854
0.270174701058169
1.56809253135993
0.328393814274445
1.13718757099961
1.14936957479525
0.707647373565637
1.29666256536607
1.58542327516465
1.14662372972346
2.64724757491612
0.483828415076881
1.41116286581325
0.530488199517932
0.91640160385802
0.719706164750862
1.33893555236306
1.50585307191592
0.454760032986849
0.64217204071801
0.626191482821854
0.877525318742456
0.44184907890133
1.21232359216904
0.255015137008592
0.536025831232228
0.458519608807426
1.63712973852656
0.955109799175543
1.84238474284173
0.239269204468242
1.54329702223702
0.427438498681584
1.50682499368857
0.805052046259321
0.62992698235928
0.413082891298861
1.1469336779928
0.333277449099892
0.206102346730684
0.0703535480950877
0.443035231766417
1.21989160528948
0.766422307026366
1.0412599513572
1.94212158550255
0.855635869502992
1.21959403062703
0.9498845081579
2.55780908612822
1.55333332159831
1.73796673100151
0.690080989798319
1.00233866650312
1.426811127849
1.70537626749691
2.24182027043513
0.127917338455358
0.00522725332518683
0.847652735231664
0.925879026892382
0.677243665206877
1.92396486469651
1.76018693496124
0.504048802033986
1.75445606347051
2.02175631266735
2.6147352209782
2.85030738046296
2.14962964321817
0.396783461330921
1.4495081003981
0.82047884770737
0.526235208501696
0.238518848522063
2.3882387159608
1.30853505432377
1.75885799488884
1.08549761573429
1.94732825384843
0.286694639893122
1.14648088164969
1.56198692541593
0.494731548732617
0.238904654263005
0.554048973559691
0.991209165867524
1.37820226089699
2.19517693101383
0.410337093767921
0.994010634518001
1.30109687347426
0.774523089892364
0.410562376122482
2.15371384837717
0.286355977753374
1.61287221727579
2.04205684115423
1.39785316312079
0.650149122060566
0.415096908947116
1.82864983770822
0.49974303594604
1.08230773592428
0.533577186082441
1.91411917037215
1.11614744697568
1.63631959210435
1.18749815271075
1.32189073231606
0.0879441033439689
1.50244578658408
1.7557669232824
1.03319543144625
0.763965994736507
0.516622359764694
1.27055550953014
1.12990947043877
1.48237367663559
0.680271256609395
0.423787256970417
2.09268810143118
0.423706765478363
1.19099713046238
0.786834384586743
0.891457003701387
0.14571387950507
0.953561072904763
0.896764270019029
0.641543812629225
1.05874732106755
1.02018691497705
2.13676625894248
0.313036486779921
0.290057247976399
1.68086597545763
0.795297867410249
1.52106588860734
0.417826107846013
1.8400649037221
1.85955476399175
0.86736642480606
2.0420172055378
1.3567259887457
0.700402885279664
0.22965026928428
