0.511253949394279
0.248105097085117
0.492223564966513
1.16615626148272
0.243662337237063
0.00945397408957803
0.14846107229372
0.404398078362716
0.109326693827253
0.29455830426805
2.04756660677607
1.6348325953103
2.79710726572406
0.315531122754926
0.336757843044191
0.403904565968876
0.387558361432968
0.199003567967149
0.444125750197744
0.508492062630115
0.191618641418514
0.274267995335281
0.0842073344451076
0.705725654587446
0.545547144082314
0.351908566668066
0.923121307232087
0.168609560140472
0.174918947969149
1.65645696237408
0.385522218858008
0.579038086441417
0.240234703506079
0.0714805446527725
0.172459247726614
0.0813290113508362
0.0966816376895176
0.0626920176865264
1.0439467191698
1.49167368708562
0.218752884244831
1.88483022330574
0.190148187664394
0.0688313491353631
1.23177344942946
1.02281724736642
0.475349286899042
0.222626071836893
0.0482617567488456
0.356777553906169
0.667122092698033
0.405974346973158
0.111222102126631
1.00789528280414
0.031921898125767
0.0879249534273748
0.507432936322378
0.0167383044822616
0.352667072672191
0.216216166695809
0.37645715846025
0.25302491558823
0.764192991209685
0.302406833186874
0.123200512157747
0.805510639772145
0.245460554279777
0.528170469035601
0.704912028386782
0.42016916065161
0.330623885692608
0.0969874424541209
0.0811692393501198
0.350885316244393
0.218838981314372
0.164549961499592
0.744039710934869
0.629636035280973
0.644611141327651
0.694030885624339
0.253476945802838
0.908935498726065
0.601557548587806
0.031047744737811
0.0249941646546654
0.687971204977912
0.620134467769968
0.385629870223018
1.46422579360803
0.159910400601264
0.142622351920053
0.117531694447094
0.330758698121118
0.8785186821111
1.13858863766138
0.316086223556541
0.21520219061615
0.95585837233702
0.311144544752745
0.807709026699962
0.544070015606319
0.899926265317327
0.402861879733634
0.437427212340929
0.55022428032016
0.477680970619556
0.641171340875565
0.444625286734515
0.25074834772684
0.856502619857741
0.211271539017533
0.0874658614070737
1.71433341329777
1.56588752489979
0.371215702759182
1.32147423550844
0.354393868515532
0.380952526736012
0.81989622982293
0.202008476401963
0.636048423994428
0.447229253997804
0.0519651748979569
1.10908517010937
0.0588142867850886
0.570001902598369
1.03883601933162
0.565922643497135
0.565029751484345
0.217031016390712
0.958572050970187
0.332669070050307
0.314082844225987
0.46725579126421
0.17855939758269
0.373976166420852
1.11013188783055
0.210785713170261
1.08315354861327
0.271681391056992
1.10480768755089
0.612321866808542
0.457132791880554
1.57700305832454
0.768292311109655
0.475610295240135
1.10554777233195
1.07046319008607
1.07517247604014
0.170895958922754
0.981718594934623
1.0027860350997
0.113774748049431
0.278627865753289
0.586227842070906
0.360093238769709
1.10761055025453
0.763086125412616
0.118294916147763
0.238068634349438
0.0738187828137824
2.0951647486568
0.640970336915432
1.17120667918823
1.1702938686678
0.803739169294603
0.774803606811766
0.943237230906169
1.99658951944585
0.183466094819026
1.89965523578236
0.224277053173472
0.317848018344224
0.323282538347613
0.767737535694776
1.21756641414894
0.550680827407593
0.315126414651611
0.120582541516168
0.36037786475261
0.198718594241105
0.338322336216643
0.517249341445102
0.848772360363981
0.616421456469965
0.730108646147919
0.0635197698615355
0.996461917285842
0.541818344055943
0.911527862454151
0.757286559649672
0.349180335751686
0.634108915717564
0.638210046927938
0.250782679266278
0.60708587377483
1.42039736851631
0.198985864960835
1.04481688353002
0.0526463070732568
0.0681387950592994
0.609246996175011
0.76467072391152
0.766738629078084
0.168265667942875
0.894131047338772
1.11121338468846
0.220116318061748
1.1597967137251
0.161416155067003
0.203375366553658
0.695562728909451
1.12236106926498
1.27927791727357
1.30188323817263
0.833434356046019
0.822706840662766
0.273674490623672
0.276139344867429
1.12194516030413
0.727318662533305
0.120002645418745
0.0246945121472416
0.099399890871373
0.387066527366256
0.719449407627891
0.442401737477146
0.959775932495715
0.448717079953795
0.209922585559012
0.00299814829133626
1.81498542068285
0.487316686415192
1.78147266963988
1.97523350690109
0.332446937145968
0.221207790897235
0.654855907756671
0.644306971159559
1.82720055197288
0.635021749909832
0.221026677885241
0.0390176104923096
0.0412206195499674
0.807613210409832
0.251852315118285
0.0279146603756417
0.436053877358206
0.276806482734686
0.0575743861293966
0.991049401760607
0.18612394956325
0.327045941168674
0.141666057718939
0.448871461246936
0.80843794603104
0.129119474462375
0.0173346673872073
0.129256535977079
0.0607825029311539
0.120010192249186
0.0272203376366243
0.409110960925008
0.929105626868309
1.69076573595303
1.78354696262091
1.66933312976064
0.0584894420289276
0.110539370468155
0.140704040362413
0.254916092299397
0.529046125943555
0.294080215083721
0.74651876685439
0.0693630389656011
1.05402913260499
0.237488295698952
0.350679804031449
0.323766510299341
0.0554947811501203
0.494751414479897
0.68205599402582
0.386092680668357
0.484911236055075
0.0831844607150625
0.636709631146944
1.05234291166466
0.707144020270312
0.557852554991356
0.594076581670258
0.629376349357401
0.787598280587849
0.695974388098767
0.210798876926475
0.276201879377688
0.993188379365156
1.01567258234404
0.93696480866923
1.23369833322058
0.593980452241866
0.981370723304442
0.0573685289170547
1.40023904100534
0.120823817423526
0.895951618231876
0.879677893537428
0.334661815527538
0.442023351433034
0.699234733457445
0.58584069613417
1.18387591952483
0.504829214141501
1.06718275042244
0.206766632555344
0.510036229209339
1.33679813468187
0.13797829215392
0.8751865262146
0.0315498481878431
0.0221511388773569
0.116861434683992
0.340687889170647
0.523565539924145
0.582675231462078
0.649400621912751
0.552198894807636
0.747528380868747
0.29401082179748
0.186632171964502
0.8237132977667
0.666605584003055
0.967770964019687
0.268892889856437
0.200841401896756
0.319820001802218
1.03597452791565
0.32851973169044
0.262740267988349
0.319982562163573
2.38182439667449
0.743981021252019
0.14184674469037
0.4952783372158
0.454066692052057
0.567307659893416
0.295223387521503
0.160383092820487
1.43554816360059
0.560693707357878
0.24168483850154
0.160174388201373
1.0946832053022
0.414050246028151
0.498455741107734
0.13280086017842
0.319589145353094
0.34166831278555
2.00988664402391
0.721470857882663
0.656305577319568
0.569429902232853
0.475644712438572
0.466612772672726
0.0870932458595431
0.419243470411753
0.295434441247793
0.862887865112628
0.476217309049434
0.0742344593776633
0.462846974646263
0.1832038980281
0.324027025390823
0.109447505473081
2.69103315344588
0.0954903536928913
0.275361123456834
1.16041932086606
0.498051101020069
0.146461595461857
0.446211550396483
0.172508519553665
0.665914808653406
0.616197076940704
0.090973335918946
0.358966269948846
1.30261832991977
1.15977845681677
0.989354517985821
0.0501049274893002
0.0665996482547176
0.230267413520956
0.618916302492331
1.17056759404503
1.08603161301585
1.52651582796118
0.661740790912445
0.184938263833048
0.338867669698628
0.617738536449498
1.2828499398056
0.180030267914178
0.509830957245224
0.459352562669102
0.736750752099968
0.367644936467257
0.139746639115274
0.453346105394807
0.13246322355126
0.617579626800587
0.143349098683512
0.543808246543432
0.0750821928422507
1.07560582560389
0.0952612710669145
0.26478328168531
0.502494873334928
0.60759811657337
0.99902375651487
0.792328662277781
0.0812417888647952
0.176075483237668
0.175292759811224
0.283072201328989
1.19433364759628
0.842360672936144
0.215521812049954
1.1612857257873
0.638354112508322
0.645238853791368
0.0965442301440629
0.298137492859205
0.0269436626562089
1.23996641631602
0.0401076088573663
0.886376711309999
0.658551572178584
0.302874903871805
0.839906985049292
0.624478169203041
0.697151495419821
0.159168890155626
0.270697781565247
0.398644644379416
1.11310605248142
0.478556165684781
0.465434452825005
0.0523060332206843
0.0524419203085501
0.0951403292728345
0.487609440882922
0.100680310317411
0.0348085107369167
0.613140513085915
1.23221639628393
0.445507175238331
0.288169068025317
0.302540245931998
1.17556917203696
0.334520833714783
0.161403823172994
0.187803295474862
0.108221059076676
0.570181875719519
1.00353738663302
0.137295296967807
0.123467295342435
1.22165211694592
0.691782330573545
0.362936759008218
0.395268104801582
0.242049068793187
0.746550964876343
0.472569637557579
0.787747418122794
1.04838051377909
0.393813280421473
0.712446443986003
0.838375009820302
0.228420840582318
1.24504621027324
1.21431877009249
0.511459926440472
0.0735144286294593
0.267529553801828
0.671285569682858
0.102342958673193
1.47174251428352
1.06546559595093
0.0623007920961021
1.07317537336222
0.450306882694801
0.598366957331217
1.28393579634158
0.722722589409259
0.329951439021646
0.502490187815988
0.340782995475522
0.170439509811772
0.255530150691714
0.401514274822421
0.0682972488183821
0.159493068094612
0.349362179997791
0.325743062953865
0.608647521988766
0.103322834105376
1.17423442297323
0.0313391831518831
0.616128633446876
0.241417021312484
0.951328714110961
0.106832074735451
0.0229439144529603
0.621733983131502
0.964021268273504
0.606479322312304
0.580104346946085
0.179637962844406
1.14722499836993
0.227998589151305
0.426875132128911
0.707764064934111
0.0733527769050713
0.62311824038398
1.54600775581
1.62743539156632
1.0138720943153
0.67165728579419
1.15919621827558
0.763153330594297
0.203231570911613
0.712031276928065
0.395580946530234
0.236250948561877
0.50080902524765
0.523225387669013
0.143767700625563
0.123222615594811
0.451125684512313
0.0786200933146638
0.261395254137413
0.489977588611482
0.388645485152828
0.218096291554404
0.0470269165055406
0.276134408553947
1.37588321997781
1.11961422361937
1.29769864079219
0.285624972858465
0.379798247017621
1.13875811992669
0.254522035455995
0.998347861986155
0.576658560116705
0.551716046329392
0.20653390746497
0.407953848468032
0.165074824997272
1.26402365034231
1.44093751034125
0.365570068123522
1.58811268023355
0.409047113989262
1.19580894704595
1.68271559084284
0.280515526241955
0.35049719169424
0.127658932708448
0.509166830832046
1.24664244143792
0.525621451018007
0.203889187390108
0.36934899847884
0.272520686332561
0.40593406511447
0.656164735536791
0.152368238421818
0.530271321381485
1.11088874422284
0.932047630366467
0.889375427204012
0.115979496163037
0.570892332443558
0.494817992893237
0.235963907295293
0.353021926335621
0.443406686088575
1.00628344752263
0.434370704875121
0.483807522385211
0.890853526486345
0.042237913785356
0.024224359586021
1.20226740260913
1.11495761555333
0.36412680656462
0.0731241777197161
0.443991655894948
0.450759062074437
1.1948266929649
0.163225948971064
0.173832372361495
0.0814641831906454
0.238780084446114
0.0603341942885259
1.23569426064624
0.0454109151817224
1.03791310151967
0.790089821252242
0.493572098287278
1.44208181155133
0.451523273498649
0.532351081881177
0.21647776890931
0.493845730487931
0.357289324863175
1.25952026760215
0.145461197616647
0.646064313067293
0.626645366374337
0.865698247769166
0.471981089021101
0.991202115956627
0.371319558623271
0.883365226394978
0.164172681162247
0.0507251873829885
0.0740821388522861
0.14130410382409
0.233263761866729
0.738875605564634
0.152036187353577
1.58402602354665
1.57667480839611
0.104705736625552
0.182511607060828
0.311596809559132
2.62141638556213
0.666228616407993
0.165135126741919
0.608660182371197
0.0835654466984622
0.584936546664159
1.02904713561512
0.157533736074101
0.665897694529273
0.957949327110651
0.324754392604049
0.107934875772862
0.0726748425223297
0.703122415161479
0.755808204321325
0.162090459479555
0.830368954869997
1.42742083478199
1.14793633642354
1.28749906604307
0.449026739464477
0.879535689083839
0.048593960411348
1.09553826751298
0.423303943410017
0.0377800528142234
0.48356734588528
0.757723165503646
0.399981413175678
0.211916570010656
1.29997494607115
0.205580191391998
0.506147578440929
1.67823024407946
0.107524697814919
0.0420297426561514
0.328607053019514
1.29699659424583
0.867934347891238
0.355418847356935
0.0454322682953262
0.427538152875064
0.160352245468377
0.84904392344051
0.690052898644731
0.0798958826653535
0.307757040010836
0.901649999451238
0.2690476569191
1.22904085671762
0.439406239693068
0.885728699628856
0.622133731951343
0.398893127619463
1.43352308550432
0.0684020046216887
0.176185326056435
0.191917633044383
0.4344248516211
0.284740911226246
0.338305301471262
0.695559628120298
0.444370365772469
0.920249543747232
0.488926391379216
0.583394166528074
0.49621591684051
0.151124908639992
0.423033608035219
0.657821513076065
0.878632027273201
0.551340045531612
0.320936096033867
0.469518416405981
1.42643449496258
0.858018220759989
0.225008967239096
0.398722950816496
1.00504557261319
0.66240033637641
0.468601921847898
1.27067145298178
0.620204018178964
0.105166751321305
0.431247383654216
0.657945038653746
0.759056208858212
0.231563974621644
0.912587259376175
0.966226293314898
0.0718609923128463
0.370473347356935
0.543332865467106
1.05869056332535
0.96794985853512
0.327307586191851
0.187261380576793
0.0111262918380499
1.0298405450601
2.88455739234925
0.841819125705137
0.318011987956924
0.438491395022764
0.260005872090443
0.481330001405865
0.594260100122605
0.30079447321944
0.088734863121915
0.0997001569564898
0.337132669790006
0.855118202242359
0.257808749136228
0.709932858880252
0.258674859301179
0.870556868103669
0.658622610970564
0.153513099145388
0.152706631269304
0.0189045416203444
0.0332469299628567
0.281802199625696
0.325787570274151
1.20326854092815
0.716779852395359
0.30577317991524
0.46159629308168
0.709267154965851
0.453626091023331
0.325445126853816
0.0497628057103755
0.220118839816707
0.366898128872778
0.114220780175523
0.4116106181698
0.257168398518924
0.840481822992941
0.949090162682069
0.61620408672246
0.737751985390189
0.236401019609634
0.312101427152009
1.01251830638244
1.21111713412852
0.272471454834955
1.58795407204018
0.17955655190983
0.356945088928884
0.203705130367962
0.610850054805935
0.72312288800071
0.461830831507595
0.398104940341071
0.389490531728973
0.273792423741254
0.133121004755369
0.442517391962026
0.281648703347239
1.01836977896096
1.0829486750577
0.176602639267201
0.766481187387085
0.193350929636397
0.181714094640599
0.379089889642772
0.277209026404688
0.51967719339526
0.145752066931277
0.136709195313948
0.257514663046841
0.451286757541163
0.235572720751388
0.0849867322107352
0.772913134037042
2.84033834258859
1.16002220607679
0.282521038740161
0.145521406763856
0.906753723551015
1.39031516595776
0.535898841016941
1.02011868422928
0.651880179783084
0.838890747825908
0.282264645898261
0.520138593932912
0.981746709423884
1.09269941647406
0.0800992327311533
0.0811829420182059
0.714756980325481
0.475843805265575
1.00147012179477
0.695717013297647
0.170993337995778
0.531085327341729
0.0189608323296859
1.05260325842861
0.384989236398578
0.685481709931222
0.748914354517776
0.393225352512879
0.228187622408293
1.14480406531595
0.221152339598962
1.03803348731045
0.435528843192129
1.30197000364847
0.199861419408645
0.449812038643017
1.23630125959531
0.121255708184171
0.593489223604378
0.242718146519236
1.69731853721377
0.807580185801205
0.27881841371739
1.01360218028563
1.73652395276543
1.46632356961635
0.401274680220819
0.502063537630676
1.66857820806293
0.891823926051241
1.16614774662828
0.100692975422196
0.077422949533123
1.67618398533976
0.317036883832162
0.403669022730884
0.263187443072129
0.102936802049355
0.915021927427012
0.434586940375519
0.157727058404169
0.291251597437135
1.14715920211436
1.23734815393987
0.360887778152663
0.90859134080088
0.800571766002492
0.325990888317086
0.226536830255567
0.491012789282807
0.295293707076705
0.371216161701754
0.0329862449576649
0.380376803844036
0.474633804931274
0.715578171756381
0.519748271851997
0.985289714465974
0.753511993160516
0.400130451819598
0.204096362883524
0.045778393593381
0.038111453434547
1.10637693395332
0.383879831101486
0.234885377786398
0.791993190611142
0.147993679049129
0.958122720801965
0.905461746360967
0.264367920477149
0.193594351726039
0.634924803944268
0.216855767913718
0.16852922072177
0.382190876505075
1.37728471570635
0.496401131723361
0.161077807937174
0.109595481587757
0.347990811163426
0.187132225177552
0.23645652544988
0.268660550626613
0.434060645089558
0.77832225127936
0.245229408519015
0.622833042692021
1.57058607698528
0.430292396193435
0.0475193850884508
0.00745506326180001
1.21377875101367
0.972139507536547
0.952796108577823
0.475569943102609
0.353748651925379
0.716777195219748
0.169883406115059
1.36578353529016
0.229440278721946
0.325542893915364
0.0747494522455434
0.542514265964372
0.100288459978406
0.525659814697688
0.101772138814145
0.417014351668624
0.455546726385662
0.333713177265651
0.301764642442628
0.229335305641084
0.311480031265644
0.286505030444688
0.267622427845494
0.892017232033784
0.68220022688459
0.361636760760606
0.0372350503805591
0.12325616612238
0.0205647474619617
0.523541667780597
0.025792668962582
0.520502844878978
0.317549182624345
0.305574069781912
0.37496421775075
0.344312908641109
0.0161738571501537
0.616979930075501
0.552936566197164
1.01333313135107
0.102777699664594
0.11774763661586
0.771368743296525
0.265717033845781
0.183571015562339
0.0440265569306438
0.26120965427625
0.197106717854564
0.721737937526843
0.23886267780998
0.322051223824685
0.905206902509063
0.952301670600408
0.139633913272876
0.134916294233472
0.662344416856923
1.05958855312623
0.833513393891468
0.141611990239564
0.287922823324707
0.73632496451615
0.249130484851176
0.687081051082705
0.326122262979901
1.12858115212736
1.64528980799992
0.369562870195311
0.790229639587859
1.0009315089374
0.539824058202597
1.5262299208621
0.0733652153099452
0.854485075866409
0.241640070867352
0.379399281673875
0.333245331252499
0.91906827047315
0.0393562160558239
0.37690758743756
1.69003539802177
0.234348058467925
0.480239464544286
0.341031424231887
0.125205567065176
0.357477119343163
0.13837709292726
1.23943149130887
0.530536646125284
0.324280084914051
0.456010212531681
0.563680413861782
0.985141134229944
0.294250215029967
0.822485894503998
0.319353170031077
0.267300991072508
0.434789434505385
0.97663468541391
0.171618282244409
0.341495899786985
0.439584150189245
0.269240806490989
0.285318861872566
0.480686993915943
1.09738072620216
0.512416597857741
0.444648818383408
1.05542598534139
0.148345251272248
0.955412191602877
0.836933122923461
0.252076525804347
0.447894792963143
0.319029684642772
0.319892696954446
0.0742804792506417
0.396171786419066
1.17075181679187
0.167492323613467
0.0524022380102169
0.126255605175612
0.40206503214362
0.819523561357085
0.374080786657405
0.353442914342742
0.105532430243858
0.245266930405067
0.240399826467367
0.612205122292377
0.909742683531273
0.679429818319671
0.199384799492568
0.233281944949998
0.0413079678639817
0.446696170806404
0.607831594880318
1.31350894714968
0.693835496087431
1.06373730799329
2.62871167417048
0.263777392219717
0.0455171102287111
0.181920638177772
0.244796567582471
0.591953922623568
0.818418240203737
0.354031373934524
1.22882889889703
0.606185627090158
0.252926052939973
0.679332584136297
0.924662769090237
0.659706302530923
0.826364485917012
0.824103898813418
0.111240238240693
0.307228083049298
0.324456785256159
0.143366095058065
0.205505994748314
1.46744775285262
0.246185458438313
0.508672427138078
0.765722260967746
0.0419917007638023
0.239762392020103
0.615484186969694
0.344519489971797
1.02882763717946
1.09746686463029
1.26965896546285
0.424310522971429
0.547206510918436
0.875065564317906
0.85717588054827
1.06653216856078
0.591838754646559
0.724972767895907
0.145656949974063
0.886713670881783
0.317068449689009
0.816561841481941
0.0820657878085682
0.307587650435516
1.01944874985006
0.214768899715404
0.356993379312444
0.218680752991587
0.374464129785694
0.320706954871875
0.093348154397034
0.0594398234588015
0.0854699335726442
1.2300337629452
0.52336005521164
1.79713205487734
0.547640946786574
0.896891001607219
1.52483243934472
1.65763448602147
0.0416242652213929
0.546712153382882
0.786507085253479
0.328415637439089
0.535030678597656
0.179839788054891
1.29432830327385
1.58787474360222
0.362021471381664
0.225153495006612
0.77184717726529
1.15138564217865
0.0460607277544273
0.0795619009091478
0.0409481156548809
0.277125341214709
1.66532104700201
0.851225590416324
1.10960815139759
0.345162979947665
1.0249831051683
0.381875372625734
0.425002067713073
0.391777833052922
0.113304850752208
0.0480091832632151
0.74012363080526
0.288780786977649
0.0957958153598091
0.472677059369106
1.2166411987797
0.0906714807143962
0.338457548078336
0.894581608709583
0.345204564367033
0.188445143090373
0.784260731965944
0.464881564240242
0.784924791399757
1.36883819547204
0.97773154740324
0.936383344782792
0.483256112022951
0.771392090094091
1.79888523016855
0.184934446069649
0.666934259667153
0.922248210904483
0.108665149878398
0.432024248951761
0.0503008118935948
0.154240936202491
0.962097244219806
0.327625999757952
1.62020454909753
0.301281520982294
0.205562611346928
0.289924201755936
0.205398929209844
1.31463841401832
0.425954042935809
0.895974597277662
0.305689307600469
0.292413257431581
0.545341677439192
0.23494884172193
1.07252964700269
0.0134068784846805
0.370789103823651
0.10772018636642
0.134115708030727
0.682281280997637
1.1658607014925
0.409165272804141
0.360792470448792
0.248902594144664
2.16728579608841
0.262365837122899
0.523549082974676
1.46449115476688
0.523213454199338
0.661804743265529
0.276022737689646
0.636522733436525
0.886262019097732
0.292213947365803
0.999230141775822
0.380657474020785
0.650893043958767
1.0085102382576
0.427169280324194
0.12215623092692
0.290807691423863
0.0548831166030327
0.669417778617416
1.57387876457259
0.627124129074649
0.36509617448446
0.328082788544176
0.237442446659172
0.477540006745328
0.837904683718936
1.507707672165
0.990587121077759
0.384145650066732
0.190793072858477
1.1951060077335
0.286196425915471
0.687186043456265
0.864456793685914
0.193056259013295
0.246319290480432
0.227388669027107
0.209665452475917
0.85753735498605
0.0805881930890605
0.313985402716607
0.284035029544462
0.234628300007807
0.510624477501255
0.604740563132815
0.270538940480441
0.351101866888043
0.572767927791042
0.579895681839402
1.04618927010926
0.377927590646786
1.06443563592012
0.574870025350762
0.104220574577051
1.07778798218316
0.643960337197321
0.636505529581143
0.569212500569243
0.599295707104974
0.724997538426055
0.444708274802317
0.62259619066537
0.727422984280186
0.0949928831248404
0.529790957394204
0.163807650152283
0.395059693017386
0.467920706239701
0.30967868277232
0.903380356783206
0.230079681165341
0.92849310101543
0.406715563184435
1.08069923425685
0.572074159879102
0.468561681059135
0.348228449374387
0.032926436019707
0.639234462222164
1.34544521360223
0.335860816834066
0.111923895098461
0.0428115455232526
0.646338350530827
0.18433355167703
0.187859063907397
0.0638620127113168
0.729373765771563
0.0614143025900875
0.454133970464046
0.128541950737971
0.170389090260945
0.0484784721264601
0.384403583215698
0.0350610292558437
0.901480091376756
0.111552667771662
1.2865178058338
1.45836966948815
0.952417374484392
1.1526082882377
0.767389885886459
0.289415657063594
0.526113540360356
0.248371848526736
1.31350712869064
0.150411849704487
0.436615549871965
0.486163573392367
0.747847911371942
0.852824344167806
0.111020452411861
1.06072678471684
1.10037941413051
0.82679314942045
0.809669514148984
0.559436488529626
0.176649481701109
0.682842022403065
0.806776477550908
0.188007206052101
0.208235776992053
0.691308423091003
0.572757175724897
0.622899993088651
0.713545433351747
1.57360111097939
0.573721242427332
0.0645500469868982
0.158799222335701
0.216905583783816
0.194833432623708
0.288499415226194
1.2785686744918
0.500318763559764
0.0896719124711204
0.441953014302244
0.36800733788588
0.212994309136883
0.737035476109144
0.0788415047152003
0.638459365048164
0.603282470862229
0.0822518970206335
0.301713996853607
0.859035521173792
0.0939336528933941
0.115531720589531
0.585062876663268
0.0582373470223732
1.05312621093868
0.277738115693361
0.391585539944251
0.139316798550215
0.424770586858989
0.410797133322566
0.612546390510367
1.72803235544167
0.269606994619458
0.94389369105003
0.12403780103315
0.143925574766199
0.664900348203593
0.417526902027361
0.666820029320152
1.14917826338626
0.106563709816849
0.89895837613356
0.983991437496331
0.279337334741751
0.10390603253386
0.554288951930547
0.318166466840289
0.361353624141371
0.46143968534167
0.975249116576699
0.0176400290709526
0.586144314729935
1.02796848143179
0.539629511044779
0.294098810514467
0.757940801062795
0.202120436750972
0.269879862151917
0.0896354137276965
0.1439379826317
0.790259175996232
0.713976294070504
0.791007078540804
0.982480150668137
0.470328346966616
0.754452577937848
0.0519298742064528
0.178093064461579
0.545066553105032
1.32054733629481
1.12421881965722
0.17264266557207
0.17218797804807
0.343567302241261
0.455725069060722
0.0378850122957947
1.63720736194782
0.356295075083381
0.54575666655962
0.726109862546097
0.392876932065004
0.209819044066818
0.240973960642392
0.556066879445338
0.341614770936067
0.111543669352069
0.257503996345076
0.129176220106512
1.81339773587603
0.305292529097164
0.420381978817264
0.20620902241712
0.183813873969743
0.429165112389089
1.16084882639707
0.365127237205822
0.0239898758307004
0.272906022996833
0.341555195129471
0.284217051041065
1.73463000855066
0.67964620418493
0.0964752043942548
0.485620513246265
0.282386027608162
0.318518082868401
0.462070930602526
0.0701029890904353
0.225717558721376
0.781421793294001
1.01658045243148
1.28761197702912
0.400490828899441
0.833961448066548
0.340633182346658
0.284812537932189
1.56665721757773
1.17051246732144
0.337200599257225
0.706216092352044
1.70587424794003
0.85180109494108
0.389197571032176
0.257536143541878
0.456541160544273
0.410456293332133
0.318423465715562
0.281887415237214
1.29580316866136
0.00133271530599267
0.785596882204756
0.980948523497454
0.330278646278668
0.170588209288298
1.17217410184274
0.487371758029367
0.986472783201655
0.0449381862708144
0.44117485792329
0.665229053290861
0.106291836954875
0.146194309438968
0.212554367028559
0.26229145422711
0.617763449872644
0.553901449445942
0.816056425278449
0.65194734721264
0.25175114770904
0.613348787685133
0.883694066086961
0.128903505692608
1.05802998259262
0.316157480763366
0.271056438210125
0.156779077957555
0.113573798423597
0.639363434963966
1.85400125666101
0.565271852181753
0.515203951977699
1.13363436278951
0.42029654652485
0.83571972016511
3.09521588795468
0.312184841540752
0.351123307712579
2.03668195295858
0.187030266686312
0.42153090656158
0.366946745882138
0.493574727694242
0.322315904042936
0.829683410568609
1.12405560061555
0.343096563905109
0.806668932333626
0.820517302970629
0.352589771529757
0.389874391930892
1.50031274935966
0.181674156368773
0.836434203047857
0.19650214639587
1.38063907975256
0.0761258714494371
0.174131528814357
0.39460232049002
0.253070289150815
0.261137052446156
0.20725394787498
0.749259164773511
0.498894991949731
0.832061264795538
0.266530106658984
0.236082554486336
0.830772966036942
0.85388867860039
0.104260243422549
0.45651817623003
0.541027670289617
0.10405472301699
0.0944515495575673
0.155511216366507
0.598923937918676
0.169880367383635
0.411005670724292
0.0432351246899452
0.0776479680819328
0.759151267923294
0.488094439673724
1.50311939321953
0.0846323479452769
0.497830229920555
0.648319852444184
0.665032577319109
1.5198121059932
0.504270388149545
0.312483877757314
0.533926334089038
0.958464394539676
0.279717491108033
0.239746295964585
0.58753490283684
0.978638253429096
0.365341270263115
0.239215905003452
0.411234596818661
0.39899654265716
0.60640259324532
1.28388723599924
0.83039885849249
0.478006531604983
0.273185816632725
0.472260789931124
0.596185324466568
0.393475370877328
0.270555823451171
0.273797997233316
0.484442876298329
0.572353422276525
0.0828501479996767
0.277999203049822
0.937101008659019
0.149867255147588
0.337430678522716
0.337753316295259
0.237058106833871
0.600123670757006
0.0397231606108744
0.132576135888463
0.474523591067465
0.600742131068656
1.88456925096117
0.756603186868901
0.236421689105946
0.409601727952007
0.544316627698381
0.352900027430906
0.873478261398154
0.0682407474874849
0.0161669830529677
0.607369727295867
0.446691152565488
0.292432260618935
0.697381017976031
0.556770902985214
0.697130773745097
0.550585945860751
0.266090067103798
0.456621671485077
0.36181451646443
0.440854148237785
1.30898108309204
1.02585027932036
0.830866709060775
0.322805469331024
0.847646655252695
0.0400610462601862
0.274094387468693
0.527591423906766
0.200933150171421
0.791983235958973
1.6436108458564
0.00958661558630741
0.0371114580443676
0.18403935074374
1.56654713673375
0.0271155475585759
0.322792123399558
0.362776702821783
0.394855054772754
0.320366799990055
0.135943578513371
0.543411021806619
1.2691913558206
0.305547494720924
1.44785942549698
0.638592211934461
0.0799929391735168
1.33221683591894
0.139540950512652
0.425281631948758
0.118358089975477
0.548452886990342
0.749004292424868
0.626195090466407
0.377288310078266
1.49264930374065
0.0987695745865214
0.935797268244416
0.812019835636893
0.432696392515401
0.286046254430769
0.386126694044368
0.0257843393296696
0.702323266093794
0.861810790036132
0.834187362549067
0.726302814024161
0.937477454793125
0.230602547563821
0.168945337897116
0.834320309489271
0.638539002713284
0.42176263754486
0.10038086225227
0.423306655100862
0.230388229853924
0.140402303487049
1.26922837808679
0.599130924252586
0.667540199499104
0.12114802452389
0.505247736808545
0.21653403288763
0.0912298126047633
0.35069210908215
0.223678715528036
0.0766966950277998
0.451284399645261
0.0554568458865269
0.405076763994024
0.521548997795013
0.395997292503223
0.699018927649848
0.213275309419171
0.0619519257501345
0.0201548348071882
0.124450883318618
0.0209827052127033
0.4800429243461
0.406747084646516
1.38427049143379
1.18493630646481
0.151004642752379
0.439932935297077
0.44988842141605
0.483207000457642
0.184861295621066
0.963450475533325
0.826329565583159
1.3253713629074
1.79287477151404
0.838601666924871
0.157601076945756
0.305360036283616
0.0422627580864667
0.159002209905923
0.178575550111943
0.460252610232471
0.521029509349477
0.236375741318906
0.874238516648763
0.236608302250499
1.25290880319615
0.476602985522271
0.330856500523588
0.817879258638145
0.591017467707388
0.0400178030234119
0.451189522917125
1.09606307351183
2.07799812073316
0.259296085793941
2.27760150154235
1.65196032612439
0.260393466441299
0.218603604058203
0.80423677507214
0.267546499059193
0.492391358000639
0.242663424324222
0.88914981707494
0.0531491775521623
0.541100042227912
0.603917195999607
0.548681394885865
0.371050484154023
0.266062882246398
0.726126460279378
0.929688229742176
0.842087002282112
0.44565346430737
0.136240190369628
0.175327215752235
0.694597492176714
0.341347728649305
0.214931152995412
0.233596833478235
1.06375081178558
0.119252219926464
0.310106886218299
0.51681429111287
0.571339387224587
0.779862245902203
0.709386587040866
1.11655514567138
0.702891928108818
0.485450541476886
1.52593187229005
1.68353416450115
0.252544437955079
0.143377392879177
0.992213060756592
0.168307515456278
0.63849776052194
0.560781281996796
1.91438991189119
0.330134718775492
0.3397563355482
0.417310261911768
0.199301590875631
0.203352989380675
0.209993270287618
0.243700271199049
1.00833726064144
0.355404799745556
0.175837067424023
0.456642148830762
0.133482166616286
0.181942159819224
0.262801767954411
1.35066619254882
1.05521546451064
0.569574597508331
0.556311249900135
0.546164185060785
0.478059799807863
0.0609655705175762
0.236808850136102
0.557378963206593
0.131954452567611
1.01299237599962
0.842255571876298
0.362282539642641
0.172069732243296
0.460671403752019
0.134019595744671
0.368232481870489
1.29967958790904
0.470843564332396
1.28693581212777
0.472165693912121
0.936273392135173
0.175026111952935
1.60585530676206
0.0172956421018171
0.0879551268867024
0.685335656775977
0.341998150713512
0.798609647611939
0.132359037820224
0.0244543134558532
1.10916023086778
0.754963575536414
0.317114148905
0.339224741850394
0.237091476461976
0.289517702565094
0.189477061356661
0.767471934851997
0.36108817353353
0.540571885549767
0.164905179875475
0.22588012337806
0.0722203291272598
0.163294606013204
0.712897489415482
0.324466677027983
0.208565368161593
0.575419353073125
0.269710338580274
0.332391949273107
0.0606405406308995
0.946968885545721
0.0473523376386905
0.11339570193903
0.121346108105905
0.193173333696443
0.190987754493461
0.51397188095439
0.40897634347196
0.394585174072175
0.386014016130424
0.195591642799328
0.812836494456209
0.565567692804462
0.306482913752404
0.990858056932779
0.840834301062845
0.126494576959378
0.181255189068046
0.570010079472711
0.358313833492054
0.998016477088892
0.46027084812046
0.621384885679236
0.474166917455709
0.486105712428087
1.43680375638563
0.169737922472877
0.775147252534628
0.191720068515783
0.147817585406614
0.0751212645022956
0.179319174923589
0.198215952992289
0.0712440587576435
0.382625339723252
0.411380076176789
0.334287001320095
1.22211879697931
0.214089218652059
0.288483249983926
0.332227362871556
0.598442284134569
0.836837398919365
0.985506814070266
0.590894015330501
0.395176024421522
0.163271488879824
0.347778565526834
0.49219560798898
0.409974044797138
0.134065274540803
0.308125673847584
0.0476620026972687
0.0947771251298353
0.316068820060278
0.900853836616338
0.917289417928068
0.853798448847109
0.388247750250021
0.395862143023835
1.13265457732967
0.63896646341417
0.0295553618673542
0.0750676921324393
0.533357224135684
1.09010512488234
0.239402840601755
0.346765833166839
0.0354418510691841
0.263192072665115
0.880473198621474
0.253220165185759
1.37458755145667
0.939182134274971
1.36661584251248
1.45403493500002
0.565585393706
0.845138373717599
0.257497707948595
0.984247028694294
0.0422985083818164
1.24129441645232
0.896605496737194
0.078708125792554
0.640168676392126
0.351458846535942
0.604048453388831
0.177074324843308
1.59023301426798
0.355251697173762
0.404198973956624
0.309936859436164
0.0262330471365338
0.750256979973171
0.302568646483312
0.268182309301812
0.141201171551941
0.804795723443732
0.307738643652258
0.0154374182248028
0.0582524508009217
0.983603450914554
0.0352912978122945
0.0472012141344636
0.621612746229417
0.364987066366198
1.43118602634194
0.181153671194916
0.55163694528188
0.950660645988203
0.586222904606692
0.260701027895524
0.382075260291482
0.602035223529576
1.92564089402252
0.408574352050613
0.670157943567345
1.6897928056225
0.524263814261102
0.863032823313273
0.352793564699059
0.373019738129616
0.297428766833215
0.725718645162801
0.448259655083763
0.152244463717571
0.28419461434517
0.378690442816919
0.200869250274143
0.721029408107727
0.203161711359427
0.216329182015469
0.62528631721887
0.827434155146566
0.122240796748937
0.0570741927522536
0.214346449223011
0.723034661019773
0.115292479423974
0.523336629299149
1.04794682864756
0.552525168115196
0.328139909680397
1.30085111987572
0.977112673562604
0.569769474004481
0.0699237276462961
0.14969851968711
0.556801812343065
0.56678409140079
0.04713952780945
0.503626000204347
0.722932428202813
0.671550262939051
0.303190347463336
0.124985396283459
0.130143574327388
0.89007222961155
0.520147325289467
0.559816209671645
1.54263146015889
0.132487358440977
0.818268225956471
0.156661724165409
0.583730141456117
1.05863056292747
0.432870247054313
0.782159241246822
0.647035128425805
0.271705167539332
0.529081744948509
0.038157546486024
0.732569452651464
0.334310436071645
0.871680270163475
0.782528902934611
0.203843715846024
0.520047142505094
0.0875511333620124
0.853725586973198
0.147518460519033
0.0978486614432419
0.408726116648962
0.417781534940006
1.11861844631178
0.383757829192499
0.0399419224340551
1.33327755990285
0.136048562030301
1.07032764862496
1.77926273929008
1.21283382779341
0.973779031831877
1.67859761707406
0.975142920847928
0.415633973505337
1.56733000928923
1.02719058148808
0.442093176483373
0.348097751855824
0.546474531111421
0.53252884489693
0.491202954256904
0.12142717828054
1.35275108280292
0.501867097353329
0.0741734916192724
0.146238077781734
1.22147485103455
0.492038819878073
0.291133077536313
0.189360495307809
0.361261177473795
0.59858445117612
0.418852094120528
0.607768231632046
0.292686853271676
0.673941694011725
0.331532188739803
0.545535718378406
0.849516174316575
0.564663486463401
0.405400369445625
0.49034572391474
0.989751065447028
1.07814099056856
0.362786187613368
0.272215932171471
0.702578732442098
0.254324867250923
0.34056047732802
0.230060111433653
1.10577952394998
0.406537931319129
0.120959270373615
0.42082935666755
0.0263320886306404
0.248852730640754
0.29459657536532
0.587498860612164
0.696000960716063
0.84984503351653
0.23727959601632
0.390263742694394
0.157886112374355
0.90716765567545
0.0984643017585934
0.990939550546622
0.0946390142065404
0.342222134909575
0.292555325647635
0.0637794480519274
0.191837306527408
1.63459973785091
0.354008899451948
0.267421770217611
0.13619013839807
1.24072061358994
0.463868733529707
0.898718477223257
0.960057029163425
0.435737510780758
0.229754511662394
0.782556507191823
0.0797367694014375
0.270043610436659
1.6040960693591
0.415054873871811
0.811568374656542
0.173124477332186
0.313229287200866
0.499991070382125
1.07062167007293
0.217628390414996
1.00024518439636
0.578262469190065
0.764538769855098
0.209617879965809
0.750743581101733
0.551399611472151
0.25331872617985
0.224227214504502
0.444138149009778
0.161353650627217
0.185689880355602
0.861311458856631
0.373934454721925
0.598874431624671
0.563948056283553
1.09624438112495
0.137841649149429
0.30623030529675
0.415635609570631
0.00675605295124842
0.56004113574099
0.730170216177579
0.363097340165586
0.256294875724082
1.37424569238191
0.12004532699041
0.2963357479268
0.21339142577691
0.542772287416393
0.41299764931253
0.187570848799334
0.647675036479602
1.1818425435882
0.084239265021813
0.853992543004451
0.12750739202424
0.18433099175807
0.0287966997550299
0.0630079341521182
0.432616716622998
0.983871277392329
0.381692516727338
0.825252519046534
1.01005254023546
0.21723510147603
0.340817557371504
1.52422591742286
0.602231141653259
1.20287821115786
0.0613928794378516
0.0650913955536882
0.241222822484519
0.486056862125176
0.442601196645568
0.402278207057984
0.274587214564889
0.492226668896018
0.597109120306764
0.357956931865006
0.34346875808251
0.051476827431547
0.461174763789569
0.139580346809967
0.197816857493026
1.43036265384939
1.00033066887065
0.952616185896046
0.197261254522181
0.596963831932997
0.481158918202374
1.48702343514405
1.28675662282725
0.120401242019082
0.645499249400671
0.315808202511077
0.0649882845835211
0.235324902935232
1.05713318795338
0.0751000517801229
0.229478436010159
0.209660398700905
0.49555943146411
0.933303783887168
0.619121214950488
0.369426805840976
1.86152263354667
0.103302585700905
0.185744241207376
0.0858476777052319
0.0633321772472184
0.568870712468366
0.449307366333464
0.0641328102468047
0.271810300743773
0.367080470494192
0.0261378262855428
1.12304843161499
0.282844731252827
0.471827880888607
0.578268080827656
0.446503600029485
0.237400190787958
0.215350093714274
0.629551452496537
0.728578614841041
0.938521891426934
0.605348905747479
0.144647051486046
0.135224386470772
0.440771598968848
0.486440901230427
0.322486277328575
0.40766313697634
0.553551488349653
0.253421722522497
0.187260062815344
0.389366897374999
0.757896210608818
0.480048066223984
0.846544818482871
0.218682531120041
0.296373575609508
0.198413514082145
1.19309826489625
0.94198651100417
0.899014712546653
0.39876773336315
0.0947590749863245
0.787570136127751
0.110968492988777
0.613813824055025
0.973494933329015
0.561239129627373
1.35880487977127
0.369724088667867
1.39203076149521
1.44508194283404
0.695587761320609
1.33396292276043
0.943534945883641
0.927649938697805
0.688245486028788
0.576865332698038
0.57766313456822
0.546174585029375
0.592055537838805
1.07090946907917
0.941777575782599
0.134668287305367
0.264426191115235
0.123635170744584
1.05327163502404
0.817213432692558
0.0710054505105462
0.457516634809156
0.576740924559682
