0.66299063620385
1.49959985631275
0.858206622044898
3.54151556929751
2.47092535814379
2.20767315049553
3.85966887605839
0.583450752718139
2.23820312705767
0.397524776951362
1.7285254674623
0.384976836730312
2.945761366615
0.595651293280674
2.75712393055935
2.44912328442476
0.19840689344712
0.756586485344479
0.296554227634677
0.850158492090386
3.25601249441377
3.41823599612922
1.98589089441166
2.08882631340224
0.676820347691082
1.54674859818618
0.36825927593879
0.931065750726472
1.72799429521075
0.25743698450163
2.0307433453081
1.97829625747607
0.617755502385868
1.54349639038932
2.01461472579443
0.82896289435436
0.357112621060226
0.879459876233972
0.357743300107275
0.199457722749056
0.309383290922188
0.832907838552236
0.642731035012115
0.160034550838075
0.620214196694914
0.366275068720255
3.67943131365191
0.779455340570212
0.849673834606739
2.31951500185807
1.54712614843206
0.680878367828473
1.42396853453453
1.01656984668664
1.96790939394671
1.13844205950062
2.22150177066177
1.39781930914601
2.16263614306857
1.2758042010088
4.15967823210245
3.30078156139687
2.90423242700553
1.2656255824044
1.14906981954198
0.810946902631111
2.08945560890231
1.66794092878078
1.31302195455692
1.26006076959791
3.47967693370992
2.47589420324375
3.55472364491622
4.0300590402995
0.563130563059861
0.41966354904746
3.80140421568162
1.15652475433725
2.95139317499041
0.645804814235294
2.80497919659715
0.405644620924501
0.365176156772911
3.52141154425748
0.122644371897264
0.941396393286423
2.00286141768834
0.681519276806662
0.836919347775159
1.87895462692984
0.27375960779695
0.445860377279321
2.71148419379047
0.82232232977698
1.89878026362825
2.22033363763105
2.03760517225343
0.396296711278854
2.14826214310206
1.61726722499062
0.631462586299715
0.202331722536954
0.409278617774306
3.12219054057385
2.45894925579367
2.56372937580835
1.501787601201
0.571915386112471
0.965150816305038
3.14960339739644
1.88406243960483
2.93191601836405
0.107641503810538
0.124760209833395
0.255526543742311
0.711085588316095
2.05327444795749
0.217271856341692
0.440078875204416
2.19793442547063
0.256341392560824
0.487042118749019
0.250292329271677
0.804405059787162
1.66552501665547
0.934254987024544
0.763030306285024
1.23531371204165
0.568677269708593
0.678692148258044
1.25637675041779
0.458284004900246
1.32386676943488
0.366737068984707
1.24216409806564
1.39334937139231
2.19560323357575
1.07649756129105
2.01887506521346
0.16299907156652
0.952498876480825
1.61745679303901
2.02732355894551
1.79131401425744
0.569187033504022
2.39065850385599
2.68230600952413
1.37452316187413
0.639091768677634
1.08890494087655
1.00356385986812
0.160953579446088
0.306383572873331
1.39269944104888
0.410842281274484
0.0519992180811898
0.466998490727243
0.228861391592113
0.168343996261816
0.0948451806007449
1.44655188116477
0.821842204055732
3.08966528140187
2.02913315535577
0.806282372402673
0.84921613440527
1.04465566945098
0.266089466708888
0.0989921973722027
0.0376545139796582
2.60457076603468
2.17929444977047
1.04638661789717
0.440217861799031
0.805617138620298
1.40662169817266
1.02850857872082
0.330474063866611
2.35453126362803
0.490053038329173
2.13701019380539
1.03399497033533
1.38162247009946
1.51704444936394
0.91313137355438
0.155558645215958
1.48142752716994
2.55225931889328
0.497329806461651
0.483561527574084
1.59351307951617
1.60330313509133
0.139593627571312
1.56666826340909
0.382272846581218
0.311639167197824
0.314308101877002
0.493258740583679
2.87410151383093
0.895620162208965
0.17278417373676
1.3737208900228
3.66996132906638
3.85124422905003
0.762187656830261
0.411914465463514
1.45233313704816
1.07546978889865
1.3285593907808
0.31101145496596
0.967543431180164
3.44697889867639
2.10016311037812
0.862600891139015
1.5510157249778
0.486863423821599
2.78159117568333
1.45538336015196
1.56149881818764
0.894699593073958
1.21765750187593
1.03736023000124
0.998898172218541
3.93386098865199
2.53322846969911
0.189057727764844
0.569787814373187
3.26369826145541
0.689851395293849
0.22799562559844
0.0388947038345014
0.485754235451221
1.01262817048957
1.8713857426996
0.990636810953201
1.18480739647982
0.501265411466631
0.0599791441498905
0.476157174811045
1.39221021743999
0.612139568805482
0.255026132313479
2.26047025885445
0.37921396918129
3.07570644558426
1.17626993519821
1.30131576304748
2.24177545932976
0.833798732995917
0.253564455349059
0.356793555479143
0.220137157056762
0.230595884348111
0.283681298202093
2.33957002684423
0.128264566676775
0.591789263595365
0.209591340514008
1.04741583080291
0.291951625055597
0.203853549673192
0.0196675133965916
0.0683975223444696
0.985992705881918
1.59082229394072
0.48084966947515
4.53134754033076
1.88551181774468
0.968286308099851
4.57901317533308
0.598389212753139
1.48002235256073
0.59299812379943
0.0271730996005436
0.93125158598384
0.646198858118252
0.0767539085018412
0.142278074454224
1.58667702707238
3.52345754156998
2.46938307780779
0.595746307665179
0.408045639779186
1.04775686340505
0.0192338159964254
2.22129345825557
1.80498274931672
1.00480411793762
2.26264263949159
0.253175647729262
1.67995487461365
3.73206136127576
0.470485901293576
0.742414036392209
2.79296477836886
0.0964128640156337
0.233868848545987
0.517083679831718
0.365348576542608
1.53361680562531
0.0656663937200359
2.45015633589387
0.825235863500243
0.21142410194841
0.145289109909675
1.38714127413588
1.07255470269367
1.44147933006027
2.57301327862229
0.541547772881103
0.98646160489411
0.639665355962109
0.517804140624602
0.472676305162764
0.28272399125854
0.661177972919175
1.19392017785384
0.572962892814797
0.389401534810255
3.62001625754688
0.206424419698771
1.46365197262264
1.43663808274728
0.723827758801409
2.11127120655415
1.46037759978718
0.311447168275596
0.120420281497273
2.82884890769589
0.153621642301495
0.132073137164531
1.61802806267021
2.39470224936512
1.38736642273146
0.851459735307379
0.779711376475007
0.834217292348915
0.315983423257438
0.0606996110710279
0.158809423548745
1.91329900079969
0.681374959805958
1.34630832197335
0.186846883670009
0.0602293245235668
0.486950097292892
0.963375698801959
0.724404715652028
0.660242399463472
0.441252009864775
0.413139167211818
1.50494439585369
2.20646187045574
0.969246997407381
3.01290034698144
2.47660936835862
0.189341003226161
2.82292833106334
1.95583053405869
1.69429771291632
4.04203023311111
1.96921308887632
0.792951324895442
1.5684088462135
1.07540586717127
0.879992881310367
0.779049765338155
0.439657070111421
1.31927600572366
2.22018708855352
1.17552398095862
0.782507977810726
1.51332845669556
0.21224299014931
0.362236318093841
1.93161878199005
2.63958436728255
1.59316899396566
0.86786512902689
0.712572386967682
1.3976021663876
2.88403908266816
1.25938436414896
0.625524102239503
1.21909176216691
1.06679462328361
1.44948611940056
3.23181155045939
3.56412441017663
3.0651438052026
0.729719968923617
1.10320917620551
1.47389625730185
2.93021679315605
0.204045321908304
1.03632846958937
1.10975478482775
2.7900232917113
3.27176220516682
1.18878016247354
0.417141001647615
0.802395206537335
1.18434611885418
0.138826021015349
1.69705452329673
2.54413639146754
2.02823468059429
0.732678429267221
0.691504562116122
2.87298422708314
0.930081332495824
1.35148221080894
0.793773865380601
0.523785824675379
0.822249834084646
2.23972613290218
0.616419839562762
0.9513995298225
0.473277746419616
0.226027894808629
0.292715871848786
3.32118790267671
2.6683330560086
1.7991825082906
0.720825039351626
2.08011480987193
1.34475661457863
0.796100511132658
1.10588007161084
2.08309065782059
1.40254478576186
2.31682418041614
1.23041891813908
1.91549779788057
0.875294518414865
1.40124831445864
2.4998802844646
0.98008821574824
2.77111538214472
0.664493012162676
0.297818514118787
1.31506183666064
1.55837119483047
1.34154294321202
0.399059567630771
2.54874423346845
2.25304191133868
2.09414271983032
0.756626893155127
2.14247189128573
1.12175268861753
0.941144924455551
1.58249674271934
1.64494421779039
0.564114721443884
1.05020377531331
0.354791510029307
1.55617701510625
0.707771236451608
1.04074848884114
2.72261785217439
1.20571229092155
0.220359723294879
0.549157177556675
0.355025661888705
0.308657491286732
0.850116079023949
2.69562357212159
0.275258930519714
0.328854799977399
2.2944899252606
2.8022016034297
0.420542962757383
1.98198680243415
2.32407041663054
1.179533628581
0.451998068380489
0.977428557312276
2.61366243300129
2.46100551572033
0.607629147141103
0.590344249632704
1.78133224266007
0.386404000175264
2.13201707653113
0.922295861897178
0.463547314968788
0.368802807201157
2.13166259094981
0.581555605048918
0.456443073079665
0.75732867157742
0.838423402573095
0.501076963641354
1.68565643588301
1.08431070645257
1.08514962104647
2.76924114361221
0.6526351139312
0.210158534724075
0.340124357557855
4.27275563979186
3.64240156205658
0.399724992034634
0.393830314440667
2.24150542573244
0.610642937827259
1.29119925952644
0.197601705824782
0.859712196926687
0.522828993178815
0.176203963423681
0.801124026619822
1.36488534357517
0.212122532791125
3.3080896110024
0.251934557346258
1.22057709932548
3.89594505801652
2.6437325191213
0.714012079111206
0.509550655626968
1.96512614242301
1.04417234676782
1.35575941127465
1.1994777580629
1.07565086769301
1.15493468119244
1.67682300733477
1.17835531345301
2.54709767456463
1.52078832925308
0.65945030800376
0.456079303739577
0.855014505257521
1.53799882292776
1.10543194909243
0.108709739138501
0.55741049690978
4.19983815503279
1.61930195725221
0.384140756062248
0.705988264813678
2.19457444807215
1.62495655872873
1.35085627789242
4.39369434096382
1.83669330687271
1.45210138980737
1.87672345398446
3.36872100312076
1.11593870909184
0.228389855344202
2.10245662105089
0.784540577048531
1.27419045189489
2.51939486576659
2.72953229029135
4.05164376278417
1.56958252227702
3.01783582818108
1.73650868405187
0.402890442139024
2.46695170177795
2.04846120765002
0.10014018364523
0.960356301133749
1.42732232000995
1.58324480044592
0.650386529322803
0.687229246825697
1.46823861130187
4.14203000011568
3.13266413321491
1.75317106596374
0.722093910015139
2.23453759644484
1.5934612109744
3.57152539382997
2.90921687744127
0.77211986348601
3.28417002394191
0.524359903644533
0.0468840122047292
1.52429483997523
1.6777508754527
1.11911038477795
0.85881017814233
0.457437159616603
0.143597975944606
0.118186361571571
0.216653605683174
0.902587906160935
0.243604189569379
0.164851212544133
1.67467584312053
1.36664888447191
0.166090774264191
0.538020420422846
0.241092589181255
0.12727827342734
0.21829542774946
0.728153509810817
0.640706334461293
0.804186962939004
1.97796204610175
1.63610422846366
1.77626695600117
1.88385885456032
2.30619589549192
2.06918485764663
0.660799034459513
0.38211165129886
1.00281917804493
0.891043313805992
3.1497638917434
1.05083706379357
0.474440066509779
3.29971134291459
1.05817811511248
0.918120653339802
0.144782875493597
0.258980208921168
0.119558959173328
1.22666468421449
1.34587413132052
1.66024862202162
0.282435521392708
0.412351908783341
3.48650469124844
1.59007789419646
3.11742520431795
3.37960741166612
3.32408376537609
2.63642090699095
1.94376213258988
0.099841376190173
0.459166735155437
0.476859729273205
1.310804399068
1.47092648235674
0.737183392281573
1.75461468027906
1.01521528427935
0.587936681678918
0.598977083793637
0.417257996459112
2.5032280786905
0.611709655612947
1.51267349657983
1.38067933881026
1.52972526695823
0.759107033329013
1.41365741103242
1.56143349249933
0.0934127877277292
1.64095065019262
0.713711435925432
0.481416607179995
3.5059957923257
0.111084306983468
1.32284921366539
0.494794175022074
1.57541806209505
0.385738137600534
0.257296259884316
0.0947745884514431
1.80774847605217
2.56156918925664
3.99638245772991
1.06768623585902
0.359845883138599
1.35912920313914
0.128482432381695
0.625904032898843
0.436929543602307
0.451119545116322
1.84896926101128
1.78145692242239
1.37393405423357
0.727674899276551
3.73375957964766
3.06400080197751
2.48413922880479
3.37478192999381
0.640078933805012
2.92190934390969
1.55554669646023
2.71214446671762
1.19210465366569
0.887185665603386
0.460815208127104
0.942135934554785
0.157726791466109
0.0485456159686178
1.45942889325196
3.1071104027303
0.531726160965066
0.653886416243906
3.62968295603824
1.00439075310948
1.25815458033963
0.157253016250423
1.22608761002186
2.16922925053558
0.762137221061916
2.39772137536929
1.69525568618355
2.92231402804072
2.89233566968735
2.30586648953439
1.16893043144809
0.509441397842267
1.0186607890731
1.57316928677326
1.33853592898115
0.256882948117015
0.373390237241822
0.163009881504461
1.49967040410106
3.88574694944302
0.755538434556715
0.261144492517754
2.57555998494805
1.43265721478487
1.48123630401418
2.12878922065904
0.395870778327464
2.08841390043558
0.264979479760344
0.821028975616795
2.45383194752509
0.425348201237581
1.47387455578988
0.611966050570911
2.6858566185212
2.66335235968133
1.27193046655477
0.203627429009081
2.8166973601274
0.770637587271607
2.00792818254787
1.26207151307307
0.545059249496305
0.934720027411111
2.16764703524786
2.19164646805136
0.199523727735586
2.22228895608876
1.63797835805211
1.56407669687815
0.0983497467034934
2.08128160891915
3.15068846211848
0.823857216452293
0.608948546786901
0.798434724361081
1.36441358874136
0.682245946412684
2.16166490151422
1.5826755733671
2.51470416510475
1.44657760880394
0.645400130500852
2.95608001829677
0.933485113138371
2.10580190008062
1.31681567722823
0.493140732334022
2.18593712103561
2.98267545568889
0.461920238454579
0.172712032474227
0.573236930090685
2.64470514309808
2.22713591148394
2.60118544827753
0.0342589684901537
3.02349400065335
0.022733059660829
0.290411527514983
1.21303181514313
1.33210403042788
2.85934300793236
0.454732727658125
0.137152282047568
0.770668710040368
1.98252395451245
1.92963670881371
2.36938401207675
1.10718118244613
1.54702112863197
0.764290047809086
0.919112704529382
0.845063555740381
0.634057445365193
0.216466969107138
2.11641532871691
2.55143813183075
1.98698766711584
2.11317580400673
1.27810228789286
1.96075738114154
0.316012146762008
2.09669745652323
1.28906067662455
1.21842044030167
1.91999234088374
1.92996201197548
2.55369498021199
2.50652264145106
1.24892570316903
1.78876491089415
0.620740784244041
1.10283898348347
2.63617333650084
2.5079860133957
0.832546218513944
1.07822975703502
1.0067533787232
1.43468594465667
0.450255404776465
0.275029838461368
0.131529752936963
5.06450079130361
1.3349675091025
2.22077673199075
1.11827180121877
4.13467923712385
1.68780804782528
1.42798524037023
1.63049959738754
2.65631132268209
0.291286853010031
1.98137935206211
1.70288838087964
1.23584442312339
0.756491531879644
2.64910798603611
1.17124885497068
0.335267466896082
1.03734235331315
0.222052201491748
0.390263297844235
0.415991537390565
0.626669078236838
1.13509477807193
2.31316098817394
1.2479789857746
0.504077800679903
0.744866555072432
2.55957386292359
1.31062428302374
0.0287785653588749
0.979582177537699
0.791237017372995
0.0903135104172267
0.661394290386591
1.69534649410169
0.894898097303592
0.701367037326378
1.8920046880903
2.2320362538349
0.639906495165593
1.32576658490951
1.86749705676943
0.410860680124749
0.425983902254383
1.52582037967165
0.14656935900883
1.07083306864677
2.21140674146947
1.08316612731869
0.820943781184473
0.619663878985738
0.928455227866484
2.35439996266829
2.74239315207441
2.99294892937008
0.0349442627992767
0.211289853153506
2.69473706636182
0.707257064579179
0.538964822534282
2.75262496221032
0.111751229292768
0.271033471856349
0.0399412993432731
2.26387916978489
0.179185977082727
2.53531120207271
2.60109716072762
0.762973932045774
0.504255188597864
0.565539572871735
1.96899664768582
1.61837757260133
3.38952456001332
0.551834843553496
1.17780563913013
0.185266892338874
0.73257873932544
1.8695945732627
3.17048419165113
1.21564531100787
0.139892590397708
1.5074917152288
0.578997770444953
0.922413259461812
1.00762905660873
4.16681733792611
2.89084894843709
1.82351050852944
1.0042285971499
1.0244286340298
2.40532023837728
3.54375757246068
0.304757922251529
0.644968026376208
1.06981951835867
3.30404894872133
1.69774880093603
1.46516494879496
2.18527198263407
2.79647547573861
4.04304948315079
0.601725529134806
1.22933842265948
0.395502841166158
0.483046649861538
0.210876942915854
4.01404973885782
0.656693029725408
0.868179941008638
0.157830074472902
2.14748004979021
1.04175991820825
2.0145245173049
2.41619247473854
0.460324045714935
1.61620924413919
0.499822121088536
0.80533064331597
1.26646420528
0.478739773748193
2.70304970535647
2.1315084191081
1.46639369140833
1.0058086910023
0.723830573270036
0.685094562201099
0.506084455417734
2.16471402826936
3.12385717750894
1.50502875944541
0.584676600437607
0.250554122060267
0.418114891732391
1.46256580025241
1.35704630478804
1.52581328626735
0.890784946595231
3.426994109784
0.272709750898388
0.965780385871766
1.02310227758275
0.414774643676792
0.699786785286366
2.402755742251
1.44319856245518
2.2997032241445
0.18352784001566
0.927057151744449
0.392141695962667
0.417138498839479
2.82143841716951
0.504928062396129
1.17985320907447
0.155186207248758
1.19807332084938
0.191744759130515
0.16566683026258
0.397576294625401
0.177589874149578
0.937159124134092
3.10440201484797
2.96116517887617
0.276658855150606
1.47605027186847
0.144682838590894
2.25784909788212
3.19206113463902
3.39108545706018
1.59529843815041
0.254622057994969
0.593353107388479
0.556829993531576
0.39541691772131
0.113663654551787
3.01032398736772
0.350866134733637
0.377370441277475
1.41350042981375
0.34070492915886
0.94900952672514
1.15038059420845
3.03341124200356
0.201429885749046
1.36609317661993
1.21427868439265
1.21027861440942
0.151059002548026
0.621565840899468
0.476350602976529
1.05212407304338
0.783059306422804
0.901947831991062
0.640007934204219
1.77354180396113
1.94685018000649
1.7054485498477
0.568274827847525
1.02835447555276
1.8739201904133
1.66748623189945
1.35776444781422
1.22418218837619
0.784935431240024
1.59921693843264
0.537493800047725
0.935261170212621
1.85982044834908
1.10772404813185
1.61633678333355
0.991194695284383
0.84090006122389
1.32642860193502
0.158389460541533
0.672101913290487
0.38733910737892
0.202480246317754
2.60230120810551
1.21161793244055
1.00544850358245
0.98406281921664
1.661605580329
0.574626316355744
0.369102452804049
1.28380596566264
1.44839325356793
0.906799263046891
1.64002818287814
1.16253019054871
0.715183617696647
1.42664162926054
0.722018844335903
3.42489296430023
2.84977173354466
1.56438622416683
3.07562389002263
2.240326248342
2.205595815929
1.16989240102263
3.07741583276423
4.52416604686003
1.01990661183361
1.57242430044993
0.626067494352425
1.83472307603336
0.556660926831543
1.96087876827982
0.182088316284335
1.37523253627061
2.91893135588565
0.259131616421472
0.885711524190573
0.295323482852825
0.0808109841471497
0.439420529249637
0.901421967952108
0.78307971943971
1.47468216679053
0.502014135976517
3.17353036714371
0.770998717198756
0.644298704199884
0.850980866528834
0.950484645721241
0.0927195365110823
0.62422083562468
1.18378847428498
0.262759117634673
1.73632007440775
0.106829611659432
0.827701188178144
0.315053286211687
0.89420238006761
0.67405722280791
1.11616952062887
1.65092821496294
0.780256514322046
1.92108880723434
1.69565024974432
2.19071851666668
1.79428772831528
0.280227470257023
1.36226845479009
1.3614107781046
0.421178269637475
1.59637762298387
0.0787435112844881
0.307120207516894
1.31919112327575
0.38820608344426
0.215871283978652
0.0446304387774697
1.57930369536963
2.62015506181017
2.25099355462336
0.359527627915269
0.983916236383629
1.52488837584378
0.380191245014618
1.68212836545302
1.79005554712916
0.358796969350394
0.0368891097228338
3.48111262410427
0.548851472763219
0.886852941088507
0.294319722270222
2.77362589745319
0.102255588476054
0.139788493523879
0.116902376704059
0.173010264244553
1.06016431618584
2.77971247534512
0.055682682462519
0.0891774060512679
4.08115608035469
0.54574424978029
0.298702726123658
0.920985096021669
0.638009842293046
2.15373113175952
0.10291823661072
0.150349286751956
1.52502779106122
1.30489653408584
2.05617046746119
0.0400896079882992
0.526673162980514
0.274462543475368
0.579232304938144
0.344992043316142
2.58237763570844
3.48131609936342
1.13361429170937
2.62743369535412
2.04772994576896
0.371089552770947
1.59067520589896
1.40147352262796
1.21922025344506
4.0538216699608
0.124411320172504
0.0432439703133735
2.98645395311022
1.10034948685236
1.54901575988067
0.08975689171933
1.72052947393339
0.108928370536507
0.162014609415024
0.258972058687341
3.29169293078015
1.36321738937884
2.81814149254153
0.713787963534368
0.628892482966405
0.377689424707439
1.2451572203103
1.26591682632876
1.6719651123501
0.933165078507766
0.301878731782291
0.501716200819103
0.391247722391642
1.12912453766101
1.25411325400115
0.466571307288545
0.455575922080951
0.398843334567562
0.92793813366899
1.91974154934536
1.74451039504874
0.959150707325175
2.10226801979791
2.03257196329072
0.175440715572374
2.14919830159829
0.466542097235692
0.0245294472973319
1.13770666522675
1.28951868938489
1.93729333826519
1.41153058834051
1.6134504999079
4.38111240562896
0.728578573451951
1.58230400340197
0.246077370361144
5.2830930952278
2.29981951671422
2.61632610261511
0.756548994340962
0.138503914279911
0.452306741833095
1.40865947589548
0.440318307333994
3.18551418619349
4.04895215122282
1.09298838587986
1.43960101091423
3.12235064464501
1.99933980620733
0.849252448079234
0.99933040105184
1.71953100118809
2.50909153430416
0.641554523065754
1.31044686975399
3.42342032962728
0.464486646142688
3.73687317361589
1.72066597663309
0.691398579291065
0.64999056008563
2.55429268379912
0.370950465321776
3.42900299102675
0.36023719557496
0.87855155425291
1.56366109978861
3.71909405228229
2.61648976331089
1.30473450204886
0.741477238174476
0.70749227363971
0.529703727869475
0.146784580239381
0.0536147117269216
2.66115897801768
0.86127372034334
3.6205209751409
1.07879788489834
0.414558428399402
1.19458787976343
0.332092640017417
0.800081628394775
4.11135757159341
0.774687005319816
1.13785828586262
0.770630650184017
1.96967395343692
0.543023543059651
0.472658945271409
1.59988027934115
2.57514712345724
2.13737307932247
0.592402400502981
2.52593154706653
0.0863517432891097
1.44661838884334
2.02787269073992
1.02904017784018
0.513088245659583
1.87235018950113
1.79332676646587
2.60686657640495
0.988617341750656
1.29214336885521
1.43302497440439
2.18306353908504
3.09510939592725
1.873481918367
0.877417701186876
2.23383045329281
1.17164278448649
3.82899465538053
0.222490286558235
4.24084388975621
3.29018164861649
1.68892690331418
0.649592828605229
1.13752241857914
0.278914518525511
0.623583564609795
0.0333023335882013
0.358902387932566
0.823320459388767
1.86496957942586
0.676304092264984
0.0242873134462588
1.66869984369806
3.84535266832856
2.93259530492119
1.06443064866193
0.479146339468009
1.46480565962179
2.25565499316236
1.53378940248279
1.44527897945957
1.94232727054687
2.16954888039157
3.18483049226786
3.00533516306631
1.03654204415221
2.01360730590435
1.64002255055764
1.25162739487242
3.0860647683194
1.80630200683077
1.88921579866321
1.28860070924491
3.14315638946278
2.0804060290211
1.09916959411847
0.557106802661914
1.13079079315793
2.13405989546542
1.25293541312369
0.80149246555741
2.51963635298573
0.445853023058681
1.27455818829019
1.08188358231981
0.670028918924921
2.39623265631636
3.08362234787883
0.0314324526060267
0.283640323790528
2.8959106460111
0.227802011515899
0.946990747808449
1.12342303479772
1.32558783018056
0.0755057878541278
3.67106932456524
1.09580711994271
0.706165921658928
0.571613064488228
0.219661812593582
1.10168658682256
0.447000699290001
0.138322377841783
2.11956540395899
1.30175611570862
0.0855795833261949
1.29430933481793
0.707619387999829
0.469896383012091
1.86215236425261
0.888567844052191
2.81699147057135
0.381692933279762
2.64677322102245
3.09292223954386
0.507343779537485
0.642631981011907
2.50974606212953
1.69154100452579
0.184924503195243
2.79680460178828
1.67070764163833
4.50280529611145
1.75356317621753
1.77454807395393
0.956628801221572
2.10110432986303
1.35967003821075
3.81974211116141
3.43691714488
1.10410611031761
0.436243044328022
2.66269212850902
1.17444928032667
0.75218623750396
2.42836901999954
1.58494468466053
0.517502499750147
0.573954482649801
0.624487069004609
0.499966658623254
2.15968623155308
0.169156243269518
0.953497447464789
1.57553131520753
1.8601301533656
0.382786334217332
1.70603249945703
1.68330305752604
2.3880718277892
3.18490706610839
0.529209743428025
1.48424287662862
0.58348923252521
1.7899945432495
2.04779482420983
1.37437701437882
2.68940895048073
0.268692746265664
2.22662542066733
0.868955556967028
1.64961748910603
1.80513850324697
0.189474571401391
0.330994458882075
0.292388617273294
1.39157795679669
1.48360607800147
2.81014936902629
2.46418900094384
1.00694088672927
1.09096747794935
3.75417192080089
1.22489263100133
0.282429057259925
1.83475649036542
0.353138778940176
0.150046601753681
0.462833275749217
0.652027815309387
1.09256629599516
2.63956874259483
0.36989864195493
2.82982307691642
2.78587485804975
2.84162061672079
0.992556552833377
0.375719128858683
0.164829230217274
0.527817592001451
1.94995245180148
0.507782555019663
1.33865852797242
1.27364399246362
0.264731969674421
2.18972761577993
3.2244448228127
1.85294180064488
2.17568227572105
2.98808651175586
4.20401794655473
2.82448622848364
0.42719505233643
2.10271408929613
0.965346225743607
1.1286505626635
1.03194660194644
2.07507694818973
1.30669742087101
1.8434427801856
0.485328407502244
0.61295446507325
0.600809023054926
0.782803954535696
1.3104079128865
2.16954708198966
0.192857744263351
3.58955354145058
2.42138894905351
0.746077797451336
0.339871030766051
1.21234361583699
1.13256076978177
1.86523592905578
0.565123870837293
1.92612258245942
0.535220144270897
2.39568455671508
0.538957769773742
0.770205179591775
0.239715962897299
3.06665474488498
0.53487324028223
3.70915897532752
0.698319887276992
3.44759854173992
0.269251482590919
1.19921337922221
1.8864599873394
0.191407378946911
0.114931230084895
0.469461531089293
0.355448108103217
1.50582489664557
2.50797908862821
0.422212286328637
0.292909342737708
0.966603468355294
0.575601869140282
0.386403881919821
1.05493453086049
0.326771507004179
1.05052697441713
0.29320501183075
0.882779451062449
1.61936172411156
0.276992231639014
0.0400722456458517
2.58031760759318
1.7528173852795
1.32484146273916
1.09276032040203
2.25336070546703
0.441284025556226
1.54026087660256
0.822799308308503
3.27852890592926
0.879332795786014
0.656517148537235
0.365514406201318
0.694615280790446
0.426930338011616
0.926545659572065
3.85758683493509
1.05268809769358
0.131367194737737
1.31221855601806
0.663959796298931
1.71499777046448
2.69396848419028
0.614839308274818
2.79995841104709
0.893763082068871
0.809441752522004
0.532368198504042
0.688995077641081
0.831515839136855
0.0818912997125314
0.0430535446673981
4.98965359648822
0.238093136225797
1.95970638759635
0.493086375911904
1.05181002071783
1.56083595350966
1.76394061980398
2.19617042717692
0.600763039997965
0.687457962632942
2.34725564905575
1.39387053008525
0.58715371732793
1.50651974818317
4.85745440301779
0.917144357359695
0.31801192707531
0.4374053718635
2.8207991647707
2.31251562322685
1.26973018486422
3.5230442393381
0.807488800536999
0.173400028234029
0.0450696947483215
0.392824987502811
2.42488102897833
2.07236166371942
0.457195094331328
1.37076678334041
0.593003265497351
0.580154274091915
1.45604900079559
0.352689038637301
0.245769338347139
2.42040299889042
0.964366622962837
0.869330677902516
1.68645221529303
0.193018962939025
1.0821530897173
0.87591566302867
0.64739201875358
1.23575564955632
1.76096006598367
2.71527153358431
0.401434772587918
0.892816540605396
1.63247851962978
1.18869890920892
1.21011409194935
0.799579212704059
3.41960712767142
4.99581523272031
0.228319512227416
0.138968922723173
0.0416282665344462
1.39720169254327
0.195888256985414
0.603122283159224
1.48357168181276
0.453208752012153
0.460451113016079
0.454563334599765
0.273133320677786
0.19670924350746
0.660097611788722
0.213911156935
0.0187023328326793
2.81122709875178
0.930694217922701
0.356444407873247
2.04129207890354
0.78702976228728
0.97146028137821
0.0933637503689453
0.751497458497704
0.354705515355003
2.14027640334639
2.30351426058708
1.53519802673586
0.729852739470255
1.82415851288853
1.2401533580331
0.613942313000936
0.609453177812351
2.75764954923772
0.579844503166058
3.37666022059706
2.86091010921542
0.409627578324734
0.416872706498776
0.386984500106308
2.12237098447624
0.614670280141562
0.552610764305923
3.03735867272708
2.36530145140794
0.071642822874824
1.4977388323736
0.985888294279967
1.00524895732102
0.0262856347513871
0.192219193235497
3.77509957697202
0.367491682134768
0.938651167795532
0.0425536667942995
1.42208312401122
0.500805368584418
2.40260027838351
2.04717192627547
1.43618544100584
1.65540580418885
0.672990462312262
0.749993752234096
4.51142600380655
2.48758111968842
1.26111481829161
2.4555337669403
2.9404079585099
2.13196806875658
1.09726818732749
2.07740028505883
0.66439924042416
2.87516157371273
0.998544104483332
2.23080123946979
2.79445059991546
1.59665243019296
2.19768440448493
2.56217358907943
1.12636255051027
2.21547368997993
0.681538152076529
0.0759122421490827
1.55255320241303
1.0012108107225
2.51592041039798
0.178009635936555
0.343895640145161
3.81100105965508
0.114007291650049
1.02870154342226
1.03380984727657
2.94293079296009
1.75235791077294
0.434376891091443
2.70655733644088
2.78244751480246
0.422741812791411
1.18886188282445
0.99001234893082
4.71945556629963
0.40464858837779
4.42174260179509
2.89976965654775
1.4829720242702
1.19516255634243
2.62474897334256
0.617838789549024
1.33953124545553
0.484396292153992
0.427253697054838
0.696053598739888
1.09432480882388
1.26828596410356
0.362426244215837
0.872212685549341
0.513492478868764
1.31135748628806
0.620477084386163
2.00739016465922
3.64514378661726
0.721880437806523
0.828142289505923
1.49782253039134
0.550707474317576
4.10263756236573
0.331903356557891
0.597677461959641
0.89139841323408
1.65345330529808
0.655477922431074
1.31823976838687
3.23317809276353
0.97054820834472
2.07103316059763
1.94257415348095
3.21742053248202
0.953775681317166
1.48814037581862
1.3951330070812
3.68446978981941
0.128947824079783
1.58429790886751
0.832099693148157
1.4504244871351
1.76962756396076
1.23716627160983
1.92498977925407
4.09780570725707
1.74869899181413
3.89497276960434
1.78035801279806
0.826458631837018
1.6772948154621
1.48603753252732
2.35822815788264
0.852822603204321
1.51982940617191
1.9770279235949
0.567411098458738
1.30020524341702
3.23558592099532
0.569948530474884
0.906463991676612
1.21770412039592
2.79088355765637
1.47255931168923
2.50871458020563
2.23363319727944
0.0518997035867662
0.824289319979122
3.22635869428233
0.872735970893801
0.504021507875979
0.69585096542211
1.56226739830587
3.16609453873518
0.258370981576189
0.456761750351179
1.12892148026306
2.92844511001723
1.25869633733226
3.23346199523025
2.96825111294107
0.402613467239837
0.538337139751402
3.91957313036684
0.59870338501517
0.597439650864838
0.539234897617166
0.162211698719516
0.146815946151321
0.661640940867949
0.808600329295994
0.988243337218964
1.23200648351889
0.625953005068479
0.318815575906822
1.66790454517631
4.23998882163803
1.58498755049658
2.73773443646142
0.54219730716169
1.95327815171536
4.05508943830642
3.56965976940543
1.04457280133251
1.11659336765334
1.14742868910069
0.292123676199875
2.6996230132178
0.700191818007528
2.75917735200997
0.713694388344173
0.230941512928596
1.60943482841307
0.764641839677141
1.57217695338841
1.75573591044073
0.537296990419392
1.09782509642391
3.26343118848646
1.12916853402238
1.14337028588039
0.648271496560691
1.11188326913903
0.786016648211724
0.351686098494397
1.18784686074152
3.65961319878048
1.91656825415026
1.51775777586876
1.55067066042914
0.0184979445432252
0.0314675635727868
0.164962257947835
1.00156183663639
2.53988991567055
3.34006873405108
1.63981050791759
1.19593011547708
1.00664730169598
1.67669320593138
2.44194878252577
1.65609483212801
1.75021770100502
0.51901085643788
1.05526629246655
0.629781013250831
0.667696731982528
2.33950894906105
0.952114427701821
0.608975428507226
2.69222207631266
1.80019512767016
0.387168715384886
3.39326894476008
0.399893171765956
1.55382739103597
1.86322325852807
0.643051810700773
1.28461201937401
0.316586269031019
0.484921309829112
0.594970448782069
0.884397141712992
0.712620126580285
0.3490882935194
0.772257293177913
0.0981845573133002
4.07185334339185
2.57392735041268
1.20460435542608
0.660701773888153
1.24171778605725
0.876177640305137
0.35850117023623
0.259550911072427
0.658261707178633
1.40801792366461
1.36204877003345
1.73039899166615
0.555933955943053
2.14394421012428
0.68545000804684
0.567004722211617
0.906537574760755
1.57471941592213
1.0604813275393
1.68806422355255
0.320841325357892
1.2020985628336
0.375055580593701
1.9929769534539
1.85989891353476
0.198936877956541
1.44768109715336
2.19677375152333
1.45573799412981
3.12897414067679
0.19167723293588
1.95892714588842
0.153968430331346
1.61388221692853
0.0443729106510494
3.92303826237461
0.78355353779265
0.283504888179462
2.85336720309654
1.33207589698846
0.578737741101842
0.703706171861919
0.189663010124448
3.70376935049841
0.174628159701398
0.299828445667308
1.80821545157898
2.21131430778874
0.77246981128605
2.12947911286164
0.145962584831534
0.441870542867072
0.649979325984506
0.291102763234553
2.66037843391224
1.19651279733022
3.04915842637024
0.322615203746731
2.2269771998941
0.339923481438308
2.63045736428992
2.32879115414458
0.176158075910595
0.203255072725174
0.662128281567626
1.37994285835219
0.546999975216445
1.15709394311114
0.437019996873913
1.80240210316613
2.10156247633264
1.12029923410584
1.22233787911123
0.93090332131224
1.84707016916423
1.84286950714372
0.397912785352521
1.98853537866439
0.898709159277971
0.496420825507515
0.421326821858389
0.685046259296688
0.559387107075194
0.744236661863142
0.409535492291772
0.807394884371562
0.134691539652337
1.41766079321729
2.12484452126477
0.652718747166016
2.49103043374535
0.837819327619755
2.9339514704187
0.90467989258935
0.236573241535082
0.102726214286738
3.03693908852352
2.21338715617608
4.42453615994793
2.0522545141979
1.03930759074008
0.559259227289619
0.0745456994688324
0.614587116487682
2.13719494216536
0.298306442203054
0.155596536719874
1.33709724151795
0.298289578302557
0.194954348632543
2.50064078877916
0.615085861315045
3.04529682262583
0.248458199537742
2.63654294669803
1.72129479328057
0.473587152485639
1.63303462993786
1.17039087466399
2.40993109950787
0.391467927766715
1.46492245509287
0.485118935959208
1.80474808208673
1.04317086833765
3.05581172447355
0.61387905511748
0.220817283803163
0.369578789041053
0.215066232672419
2.89373431071352
0.599590424438338
1.05296753968393
1.98655090545477
0.0287409063303333
2.14017389614075
2.48240639083974
0.754261661864061
2.5588988826299
1.00456996727846
0.145135548845495
2.41307629771615
1.71244471688751
1.23118172677117
0.0294577583348197
1.11211605666651
0.406597580263179
0.803463186267248
0.523577673077646
2.01241151045836
2.84915365522241
0.591273867345369
0.0443957707327013
0.418574679466679
2.56050729740625
0.143172814102515
0.42473463886347
0.3600131289322
0.00964116165030737
0.529428560959803
0.377921666711269
0.320692533921499
0.487999628277186
1.02496194732976
0.603687577686037
0.2281210071102
0.318000632486678
0.350452982016887
0.559732713327086
1.34280117007344
1.23995961982153
3.70740064293585
1.89971394189757
0.339399745045311
0.829294124791573
0.829353324346487
0.176931755155772
1.20813572292308
0.200354948014449
2.44732227792145
2.6083770548502
0.403384220607318
1.89595206634233
3.36491256900514
1.53197601609462
3.38854810380434
0.95517237701099
1.03820973932964
3.68234320347096
0.636814211086212
1.62398941021687
1.49537823522622
0.915722457251512
1.9573981601149
0.0364366136656784
0.0805643107862748
0.54716217074912
0.625121475806434
1.56835375207962
0.161000969965755
2.34859418606825
0.794907715752896
0.54913098377041
0.981120052252623
0.356394864594446
0.514703216146114
3.08650713212859
0.338797397426756
3.33687324498065
1.211866138859
0.558983868875949
1.59766213128652
1.8681196746115
2.19289836838529
1.47199847205532
1.5963709031043
1.9226144450371
2.12577806677022
1.34256146317114
0.933362365934006
0.41318351710911
2.77320600124119
0.733305185257655
1.11342107932809
1.18170059568363
0.345989890741543
0.469969822797802
0.271176590340169
0.666727816595674
0.612872340394303
1.21924701549046
2.25929518936829
2.00574878912567
2.26040382906259
1.54751474689567
1.48547368258917
0.585249527034343
0.385837657598337
0.470675989771443
0.637110831433113
0.0805485714090144
1.23868916511925
0.247017534979958
2.40477429060299
2.08205580160503
0.444860633994874
0.664967886464008
0.57443989893111
2.80134522140906
3.41740123814424
1.80306882303841
1.92858606873656
2.82883366142055
1.64834848628445
0.391370883746283
1.10214827517743
4.09186146709399
0.0187038717622591
0.520290441982923
1.67864691889061
0.711639002731694
0.380688357015244
1.8755127668148
1.65867262339486
1.13784502687746
1.72087621106505
0.719102812273998
1.43953048918265
1.43959586351717
2.23485906052132
1.21969291828741
3.1005599790991
0.560098707042759
1.24244121004255
1.41559792416011
2.6446724560017
2.21048003943065
0.644432496644688
0.836509854087885
0.111303322394379
1.79919428747106
0.591733760716065
0.931429131758522
3.32344348361772
0.409191518960969
0.366966034070315
0.375296349104237
1.02964495303714
1.14603548316093
2.75237840827656
0.269621728377893
0.0502070630460177
1.01071762929005
0.1894413379835
0.365767338501163
1.22785271390591
0.245594560680534
0.1112242284205
0.491699147558027
1.80323205510389
2.48693251853915
1.3050963748215
0.49865516624742
2.40679237659769
0.436179036546597
2.25369943384029
0.271791553091049
3.87473481057632
3.99579969258303
1.08292638972494
1.73554516332333
0.827788227915774
1.42086327709984
1.39297921144728
3.79943910095084
1.42685310485767
0.109950105507089
0.0867406824098236
2.50454510743274
1.0342479410214
4.82334170620404
2.29701417093574
1.21779842194977
2.04440706243199
0.266423534383438
0.117938984473171
0.0508437303998392
1.62087747044387
4.60262492665427
1.53355707381253
0.468606250739638
0.985704243391584
0.667657240542276
0.987122904857677
2.24781619280439
1.38466412099023
1.69141155969216
0.961282594215437
0.617998654581086
0.41598123932215
1.84349901649188
2.15406363825616
1.56693161288028
1.31319415966107
0.126027234985847
1.55379999070745
0.785577950990782
0.615462237664893
0.659923253392708
3.72814376229878
1.64605645835344
1.64440871518435
1.09994798676305
0.51168094973751
1.30359849414197
2.45589571574269
2.78466126015654
1.9591229175733
0.323224222816537
1.73298919333541
2.1389992086766
1.16647694072668
1.09659622219936
0.197179911543992
1.25278750872088
0.229089610273998
2.63224504258702
0.779005758868547
1.34992052609654
0.638724872828709
2.11303978941348
0.1860009759472
0.744359598642517
2.25688228945472
2.57716719168744
2.99423640316331
0.129876365883735
0.526741935134708
0.543679586869474
2.95751466253164
3.67446330105752
1.47329975612536
1.44418773765002
0.878210360716405
