4.15798220534434
3.76476098916296
4.26137183314019
4.74570149510935
3.94206176007911
4.74210416914041
3.39516998426242
2.57799056669694
4.74953307022105
3.48463177445165
4.84266488521799
3.62594323585765
4.13076018608045
4.53663649576974
2.34626576505698
4.01821078079756
3.836764771984
1.84378193306019
2.42564880939483
3.65772184967707
4.30269615844395
3.17684566133154
3.41585611808709
3.55385380542054
2.788059759985
1.34755066517681
3.48135943120773
3.5153941476827
2.93626098276988
4.31821677853556
5.43912937451591
2.73811855065192
4.35779654322287
4.4171642226762
3.6794713776853
4.15114802145254
3.14891341047604
2.64431418052672
2.8320415606405
3.74621566992681
3.65012267366594
3.72880119449537
3.09000049260476
1.49514982724898
3.48709760977514
4.1752238274013
3.48822297372998
4.03171155993976
4.96096302205287
2.13226225107967
2.51104760250328
2.7009765794518
2.78744935580354
4.14971048065506
2.85372700598888
2.12816817238913
3.06965364268075
2.00595538277015
1.97766745410807
3.08674226084693
3.44230309105026
3.61388013574997
2.42264759059876
1.26106591166115
3.73037914032254
4.21856684522972
4.0645727151659
1.48795723059508
3.77744298351564
3.28771128384795
3.2342734405691
3.81366486489344
1.7573076901606
2.28476535726046
3.55333308799394
4.46640842808879
2.25521760689899
4.00872001924399
4.63493064745461
3.49687305166975
4.07581012177825
3.92766320279715
3.22742313408188
3.09744062220537
3.66763913426049
4.05862687668528
2.77983248194147
3.11325789820156
3.6698248424594
4.02995248855507
3.66273415717866
3.79934035954409
4.76694541180559
4.22910491858856
3.97033449073389
3.74184677417302
3.68268635752134
3.48937241895951
3.93141840589975
3.79613307912279
3.0157555673067
3.76938894248944
2.9308934878195
2.59502491762615
4.14999024945234
1.95568853051968
3.7956232757838
3.05281632144708
3.94558505157304
3.11778234516823
3.46820514921225
3.80520727237875
1.48164060136608
3.59104880158228
2.96243190684135
2.03634960915439
3.75705230140666
3.15165948695763
4.77696850211044
3.13325872266956
5.11421068659341
2.80622542381431
2.87262558895704
4.33095683041876
4.48033130966996
3.17093088607295
3.35401632100241
3.96267331357192
3.83128157512093
3.52426109612405
4.23005740275037
4.72045702649465
3.69959352780011
3.66350243150263
3.27314076739901
2.45389164468423
4.50561491487155
2.94805361349102
3.22784455412863
3.05725206189146
2.2903315065969
2.82813304726647
4.27594846444538
4.22718164266887
2.88426740708558
2.70802565154499
3.19394860900086
2.1765959613772
3.28486894101507
4.43904405550844
3.74195806811361
4.85062527091999
2.40930817744359
2.76872262355011
2.83897457857182
3.40206094210386
3.94040915944435
4.33884410386319
3.94413270886312
4.05802503881423
4.28539865780596
3.79699341060581
2.96905101285644
3.44489918822205
3.88857258262871
4.07953640745485
2.17857299842229
3.20350628986935
2.8501254396806
3.18456667373544
2.82703248311891
3.90269542739733
4.15428943653248
3.6767429989825
4.50270294515549
4.98485457239609
3.24402887548463
3.38161240179452
2.97067935251216
4.18791882649848
4.98919602101336
0.712436796194695
4.29104138256982
2.48835815910337
3.79470120084088
3.76073334957552
4.08747115801054
3.2472867520655
3.94508136620024
1.70174272778215
4.72892273343554
4.38342981246317
3.76160660943641
3.42568809671723
4.14776158069476
4.46165792123364
2.74207868092958
3.97182957561894
4.16401735794913
3.24352006211947
4.21228241582458
2.62087543115796
4.56877343308126
4.24745180639035
3.39862366777267
4.08244251355149
3.09243307121085
3.59318329974699
3.46567570544583
3.30610717203941
3.9971652861712
4.02947368439454
3.41405407847853
2.29112644752767
3.98519965920932
3.45760322862105
2.31710804555414
3.81310321581374
3.03147388784372
4.09739398029594
2.33787240357224
3.89072720275116
4.23298073797951
5.25732481054428
3.81796635357694
4.11779277476612
2.26674777149784
1.4423460854715
3.2995130748979
4.1159792828106
3.81830837094563
4.33485209617299
2.72147136756068
3.8215936466622
3.13230297494088
4.0012140747707
3.99512619570023
3.79629267722296
3.79923473377387
3.47151823648485
4.4822838350517
3.08552766794219
2.63937133102049
2.54925673190927
3.53275087770515
4.03989226789788
3.09049783718273
3.36661242366771
1.52618418204331
3.3753155336658
4.04595255272174
1.03819239304869
2.99618754537988
3.76030978493731
3.93361641292687
4.96204985421839
3.49333915224569
4.14485900362072
3.60826062530053
3.59545172867001
2.98249923961684
3.4015680501602
1.7562068926613
2.88763002648575
2.99175376511941
2.79759664413247
1.81089811739363
1.99161290760512
4.62139896673758
3.94516236391531
2.62155097906924
1.89978220699483
3.80745712925697
4.65087762552176
3.74815747457981
3.18974085093523
2.99034404589418
2.72127548630652
3.85334519007066
4.33272175684299
4.82797276216232
5.03663084950122
3.40013105961717
3.94165830492224
3.81487181823027
3.62458948593663
4.97351283328698
3.29148407358037
3.39001414768276
1.31228728104711
2.66061230285624
2.65447507367333
2.58673014911327
3.49496784968303
0.472436807563339
4.38938774295847
4.47412710839279
3.32786745160433
4.17985337229916
3.90882889037683
4.08041652885591
3.94941844732286
4.24003927050552
4.06338470992678
2.40025772502506
4.02260653176486
2.99600050642761
5.21154584059078
3.00847387512714
2.31366310121032
4.0313485267727
2.80996886530934
4.88364603708814
4.5399452094295
4.32473422102245
4.47782347456329
3.84595103277214
4.17074813357544
2.88684779702214
2.92655639933048
3.47717633564933
3.53826343038428
2.42243306893391
2.25463821392665
3.99311026319976
3.59800202138063
3.82184772642673
3.54641384797475
3.02868114308108
3.17520472128757
2.27200878820555
3.96450717343056
3.5817394739692
3.23348983489222
3.83388757101111
3.13179461843605
4.12941211415851
4.04866997033251
3.35109697059116
3.62806365648359
2.32734182970218
4.32412557747467
2.65242697291996
3.68752209207963
4.39631076429424
2.85792955633087
2.92667932614688
4.13693958815986
2.48960586505662
2.52832239725783
2.54406717265575
3.5850005047581
3.81204843247025
3.66644714456065
4.2820765051305
3.57531957242934
5.31066276978781
4.31058133386826
1.14854325157268
1.78916344475342
2.28773444408262
3.71527983091812
3.24598429096475
3.78991190476277
2.49085814484857
3.83451174598016
3.11022550515712
3.27768369739916
2.57520558905658
3.78907310110584
2.92225625952386
4.09002931428372
3.58138644798739
3.3217099709663
2.04644041551623
4.12266890305074
2.19608069886471
2.91753934108649
3.15906251556011
4.34146305730696
3.58091400643523
2.56809727623264
4.13823466229024
4.02658393562752
3.31201379673596
4.22484806932098
3.41645792140574
3.22714145970281
4.92782927363317
1.19403146684715
4.2903115036933
3.14200255977027
3.88781147086614
3.20204865738801
4.46572403094838
3.74468302073182
3.64079561296496
3.2276607812811
2.77085518199395
2.5330126988273
2.68432767150506
3.2684603536603
3.57338685923741
3.38566256173354
3.06497035876474
3.14290589341362
4.20436455435355
3.37469884744812
4.55670527426886
2.6734327407611
2.21827084069681
3.36646819870685
4.611367163768
3.57524527028664
3.30780021744031
3.70557356812971
3.73882085687257
4.56993433522038
5.06523086162777
2.40458986712687
3.94456396639221
2.36035109425783
2.89286335606589
3.70090757574427
3.70875213682073
4.8352038562861
3.02016164481672
3.09210401376744
3.52382615095624
3.435472656764
3.30861453320045
1.90308088303364
2.45574344609044
4.29171237976725
3.39513547839174
3.64404149477873
3.70729823627632
3.45046712563556
3.1228987316637
2.10104461275329
3.65650690513677
3.67277705317488
4.16002586605498
3.827981578446
5.18183305590931
3.10642072482902
4.15272077672504
0.390152855490832
2.54656603535635
2.90438616273266
2.86193366074501
3.07378210152393
2.72728304066156
4.60427023712454
4.244740983511
4.53899181077889
2.17915189794475
4.42624895016353
3.0166392448082
3.71966961974466
1.63215193891585
2.81225127549354
3.71649010186946
4.4657923666719
4.37741830126772
1.88260226440488
4.41867536843906
4.16534266464057
3.14270685957644
3.2223694204954
4.07614071753719
2.95681962326468
4.5297726355285
4.2405281153148
3.71133758298592
2.65881861660166
2.69674761389283
3.9666118973577
1.89261431147807
3.90493825175461
2.76183601683119
3.39557742210248
3.39050184816105
3.89931165224048
2.92069297611452
1.94500746895864
2.82590962154434
2.93842651319147
1.79831198356386
2.60224442463141
2.28693577305968
3.31524830860526
3.43602941271365
3.82961136883155
1.07746561206766
4.61084752553062
3.63803965366372
3.23631459138655
3.74289577926924
2.21548985850497
1.92139838849106
3.26976168737704
1.82254825020739
4.00190682608309
3.64807235618659
3.28007190952253
4.6289723741081
3.89930444409165
3.8588479670905
3.78924778011204
3.56689454300045
3.21481047486604
3.00929738257928
3.82896236958611
4.18878182390659
1.93571499833684
3.1329832815317
3.42005419924647
2.66102190232822
4.57446782457965
4.61639584351904
2.61145479171036
2.10767048208308
4.85523601189615
1.65118877516827
2.77214010829693
3.61579092647052
3.34308390775689
2.88536899135425
3.9468086226386
3.86277066661384
2.99043081434917
3.87837415655057
3.00260001401294
4.00179343575601
3.91942876598331
3.49763961766905
2.27738365257358
2.11095319970654
2.95546393274361
4.505840862353
3.12300053768668
3.2652499727536
4.15609628887194
3.31953102080886
4.43400917194161
1.02127820337914
4.51399238963346
3.57292291630431
3.14440806776749
4.2429345730759
3.81531216850543
3.43118348023045
2.80400692362298
2.51129700245183
2.94249148154127
4.39862588290665
2.68180667438623
4.7246465498821
1.49597953567474
3.11153734515195
3.27328838573171
2.63367470776499
4.88937655007178
3.06455247518847
3.4389281948906
4.88354872558947
2.85194593015753
4.54041547087538
3.19871985250076
2.80775146703886
4.08791647119341
2.16651046202995
0.944866263904436
3.83875866085673
2.63303178435774
2.58446393260581
2.90312913670819
2.71782201954027
1.95304190649587
3.34612863923495
3.8027884639571
2.42661794924414
4.22404322165488
3.31651050433508
4.32514734294923
4.50405683827031
4.49081310405615
2.8652235890781
4.22134768245161
4.58709640120016
4.52858281351892
4.42472798660215
2.79172892887326
2.75389069588488
4.65452662024927
3.44334228463401
4.78227885999587
3.05773020710896
4.35554444996146
3.52280090852157
4.30766496253324
2.74337713684471
4.2433664979225
3.24845781618135
2.93769332796682
2.59249689814116
3.72763236117689
4.55564058053013
4.11888923555865
4.58512553934832
4.33643332116335
2.98658582338523
1.96786105454325
3.39418635853156
4.42991262296702
2.57920755259485
4.30735183337516
4.92466850655796
3.86050020131561
5.11620211793221
4.7699664303715
3.98216513141416
4.48334636679011
4.60930237385562
3.62922442781361
2.09268151492481
3.64935525636897
3.92846992476444
4.48618270050336
2.93230178086792
3.00367338416036
3.90712820621546
4.07252135896803
4.67929315143354
1.93209118184103
4.65223530097724
3.29287245747137
3.7118223165004
3.95712605692549
2.56912527275197
4.00822186643029
3.63280923173075
4.14686734457935
2.6810439859198
3.45283844797539
3.80256081222928
3.09939025063088
3.30870860198835
3.08121141599684
3.99984136121714
4.24768627872122
2.2722915207424
3.59693486900939
3.77568045890415
4.04090355604503
3.90449567094558
4.1103179237508
2.72107424318235
3.55281903801194
4.34733559542357
4.61140046094744
3.8095314919103
3.51987029869708
4.23251680016723
2.99438535965714
4.28172799071388
3.56774220546166
3.87540497153218
3.90970208505344
2.89770196439505
3.20322966341432
3.893357537202
3.36533154533058
3.80972110231095
2.9284832218192
3.38198858090698
4.68373116050297
2.69271558041658
3.68871929193381
3.27477912874335
1.85715177908232
2.94122243751565
3.4082131986657
1.84655153762167
2.44931434928848
1.98671571793116
3.13104107624895
4.75922101386852
3.57065128455818
1.80529973095255
4.83832081796187
3.40404911775833
3.54189664919638
3.31530498843496
3.78627047116758
4.10902999804582
4.29322594437434
4.53545135841263
4.24901536615942
3.78720896981414
1.98601151740171
3.51815911925157
2.70532228027454
3.85682747280772
3.34257002629444
2.61625687740908
4.02640803036177
3.66548229372556
2.7686855228726
3.75407128528915
2.41001525687925
3.82958656753352
3.39342410836108
1.14513853016462
1.62204206784298
2.90303882628216
3.61355181269378
3.1596257783603
2.15690066042541
2.68016707355166
3.92630557079454
3.42098753531976
2.16937628556765
1.73724523040421
3.31956824254475
2.99335121610203
3.66383280357706
2.42452896588069
4.1151322468909
3.21450393483424
3.24458091431569
3.67200323575154
2.70280148900251
3.61884573844053
4.78877164618218
3.73321049069532
2.27227341690481
4.02425443906331
2.89001386630852
4.4840464359592
1.69928397115585
3.74791481709687
4.46944393657397
5.24337446502514
4.50127696773232
3.97748701525787
4.11678454632325
4.2965172405103
4.28314693275096
1.93238016195762
3.69914898701152
4.5718947940128
3.57139285129463
3.37538030786998
3.30317407824198
3.87671340929326
2.75539651192692
2.74590229174333
4.1287446093787
1.66858213358495
2.5688506158275
2.16909839709883
3.63783972372312
2.35130796736785
3.28631807122953
2.67440891008655
3.01178660702384
4.32600090578236
1.81848973529486
2.96832835455039
4.91433509055375
3.18536174924164
3.6557034714827
2.52961975452171
3.64642253032521
3.44615098780187
3.39851309113451
2.88134534107229
4.10864256738772
3.92616564900038
2.83630438043942
4.53487530631407
3.23293154411855
1.85623980459451
2.73801269547203
3.2052857682955
3.23779283746282
4.09645836639649
1.21909864499128
2.14954531954072
3.55752009544184
2.48196827262308
2.60032049567405
2.25222943527499
2.59711442955593
2.21230602825346
3.4295409148883
2.94303839615949
4.06462697463473
2.04854779204712
3.69138231007774
2.57495322155814
2.11307814308709
2.67327880223282
2.77770170510127
3.56310735237525
2.26845583858657
4.04165680590994
2.92497850385609
2.83011291516488
2.77702475331183
3.34267754542665
2.94648994082401
3.59021446465459
2.44192403172857
3.81735456017307
3.20553430248695
4.33025116688718
2.39210144480667
2.98991153221054
4.54939555626617
3.55915952789687
3.28411515625475
4.05576009113806
3.99942742973794
3.45523210168448
2.94898886272177
2.17491760257707
2.84100853073986
3.07706353883236
3.17843034877292
4.45547302365207
3.84376010303794
3.61606169728743
3.4767379802183
3.16292607717553
3.4507768106962
3.50042162135429
2.35484190149809
4.51618842460848
2.93534250668988
3.67299580493613
1.69718972779676
3.34386802108307
4.68694453479322
2.43493267148073
2.8958742724167
3.25827003881477
4.08239983914005
3.95226694376684
3.81366389047445
3.60049930547633
2.8286873732565
3.71086452618077
3.07441601122688
4.57052627221222
4.52517567555555
1.82137833147595
4.01880468543746
3.55805902608299
3.86741181993666
3.95024218192345
3.67974352932269
3.66175150263866
3.8433810039365
3.31988050292193
3.28891430599571
4.53486324372999
3.84502591619061
4.39558729547705
3.98203255584877
3.2081177812485
4.98330709494145
3.60953863897968
4.09722160992937
4.54247500306734
3.32119641192676
3.51021872235732
4.19637085372846
3.73641027706874
4.02105517503218
4.12326011656751
2.83150319315941
3.3822609362035
2.55061490912735
3.42064560854511
4.11228944600492
3.55307179027739
3.23190650676148
2.78064017474039
2.99149002232784
3.55047944231961
2.43269483663759
2.73515376889441
2.08423809073839
4.65656892346681
3.07137361010352
4.05280780028853
3.04180018807828
4.10054837215979
4.65005673313562
2.4640161877369
3.5351205896053
4.55798756418041
3.64647125297057
2.46827366111229
2.79939497697103
2.71016804064472
4.01881927301609
3.85827465534961
2.33939890240965
2.98795574336047
4.3769467455914
4.20071661687209
4.53197887039077
1.73269468619176
3.9739642673865
3.85631648541059
3.88299250345855
3.79896170675766
2.46296481982737
4.06566984245775
2.62298512383722
2.34010863442908
2.46271692336066
3.80373215490838
4.48792718989572
2.71409172753777
3.62965340333892
3.71706428687946
4.05031547788459
3.1558134590665
4.45314238433446
4.84919946467684
4.41428991491258
5.11333103636522
2.79581177402167
1.09608637588592
4.17516309137536
3.82460276560979
3.43189661764885
3.27395177396614
3.91979740042117
4.20520891318037
3.15355153827961
4.72765552534197
3.9627050517331
3.48432153131565
4.36414852141887
3.86277433663529
3.82159351020597
2.64349556778203
3.2624294447909
4.31852259539562
4.36669983365185
4.06616812285197
4.867356795688
4.99433175042797
4.31019628942438
2.87165165940034
4.30077898732377
4.25246073473361
3.86684757040345
3.72155548136755
2.89912222854885
3.19295578066526
3.38025938078353
3.38660660435517
2.71535714685232
3.82227768659145
3.96343566183818
3.67484117356617
4.45862419617126
3.9885284852638
2.82668665794727
4.14091776627867
2.91537043067818
4.11401200856872
4.21147078461791
3.05220225305167
4.49929753828221
2.07317444155064
4.14843418554116
4.09900319594492
2.8556112022274
3.75613128660625
3.94718706707026
4.03112926142503
2.9138529641922
2.14231295768759
1.05152769872528
3.65149291715437
4.05281641417843
4.30188485711295
4.44484210768169
3.61733092966339
4.19014645271538
3.76098896751647
2.92928198459899
3.8719288843957
3.64655950502368
3.63758350238155
2.71496770649199
3.44280641945022
3.96927623751679
3.28179165570799
1.96851120804408
4.98399421361712
3.43276690982478
2.94938702957797
2.82583104809581
3.53196714195744
2.02534707581914
4.88237246152072
4.36374569151103
4.52778889500997
2.73722184236086
3.75669097804641
4.08056785774049
2.45475056466581
2.88036722311467
3.41625360748135
3.49692498876967
4.59821611012422
2.37411601820701
3.30808482980672
3.92559425261018
4.41414362273779
1.97023842453435
3.15938933748483
2.3386511790812
3.56210216420524
4.31397032437058
3.38926145271122
4.99802843194918
2.10200209507952
4.79511300937613
2.79007384950519
3.51958970301606
3.10398969366404
3.85534717206036
2.87665398598975
4.70555891446336
3.15580164144559
3.26638115120603
3.77438015355244
3.26855322609826
2.396966042656
2.88555246855575
3.30268508901944
2.09152012594909
3.79476451037035
3.07931428210189
3.70571019263986
3.69888470786916
3.27409226744989
4.1234878505344
2.55706020932061
3.20760748069831
3.16184961922382
2.60022486289031
2.85374597847511
1.2733265098709
2.22953207297614
3.5086566444143
3.06880313396062
3.31496124476578
3.87090485519061
2.17751519458021
3.51375483222092
2.78193349673133
4.14812735008095
4.59953203271271
4.38596067623778
3.77093953178193
2.8993540917979
3.59014500409434
5.33466485206884
3.80278469476264
4.3239464658005
3.95533699573976
3.35790893692641
4.02537643369875
2.82238975673095
2.12009963609546
3.73110283728044
3.5643410256539
3.80886104616342
3.44010823191583
3.92526658777663
3.79035954647081
3.80255176358621
5.0544451956541
4.45256935267153
1.26235909209955
2.8038710908745
3.8514086066913
2.64726733784692
4.23155062262354
4.26882678741702
3.64676781042583
3.6096916315234
2.99371226569277
2.32490857511468
4.94331818884866
4.31492229344774
2.99417387301571
4.86919530981683
3.45670727644915
3.8547035186837
2.61929291605736
3.32935296404082
4.38850277042407
3.29285766488539
4.33282957639118
3.32323635618167
3.73350663628482
3.66445940152962
2.69081186133925
3.75788787770978
2.23067840600157
3.61832779704359
4.2209206491527
3.47459043160609
4.428581294394
4.14848011010005
4.23651022987318
4.01942464153154
3.96051713259727
3.44567137497687
2.67365536059998
3.19873683819662
2.37137963443331
4.65317159788647
3.03331767935853
4.75367108956423
3.64624119873898
3.92196373705131
5.00330870172677
3.49599324710372
4.44444704658571
3.13636467274956
4.63581128667614
3.63843360809391
3.72495344560816
3.85211062935881
4.28508748162311
3.8846892541403
3.54295350545972
3.13439471501617
4.10194385394408
4.15637239786138
2.90955291406397
4.32343894287875
2.81390405620987
3.22991239137608
1.586428947143
2.95880815276605
4.04822012770532
3.44349205710772
2.46618449770287
3.97700946120403
3.04878781026164
3.67020757176963
4.64782546419218
3.52755792647102
3.35409443282949
3.93971489374157
4.25681550931453
4.6059736945129
3.71472394503962
2.48339403751321
4.90852636282439
3.35287326769082
2.03847859462249
4.0845112173129
4.33295974713815
3.31902354571165
2.73509843292704
4.74203487895034
3.25025625283745
4.32041830288526
4.11205364196661
2.90799870858522
2.28633534412396
3.95529307646871
3.37405425110448
3.96610983228373
3.3166537404239
4.00029208136951
3.49660006855592
4.30240011059156
4.12145309855775
3.21267404842237
3.42886120684115
5.10626451389184
3.45687767816613
2.09584566708474
4.16373556987059
2.83863253181232
3.12972321345275
3.29563375938193
3.70016664729148
4.24790870495797
2.6418514117398
4.45723338929609
2.44828157254841
3.52498721440116
2.74158052193825
2.46804143493696
3.27261225606424
4.19656256788817
3.05923562596112
3.91053838957145
3.19785161941766
3.65361218231448
4.03991520075884
4.62553278362698
3.74087982469538
3.89652102219886
4.38691200834614
2.42325169695913
3.63293179397168
3.96793991664972
4.00389581549123
5.06771370075116
3.43321561296522
3.02325990298405
2.12123648223556
4.65207960346454
3.4875375101723
3.73544042662199
3.34032576423603
2.84461019734031
3.72554403751238
3.39820401995004
3.36723332802992
3.40638351319108
2.65590418018875
3.38319175190097
3.07933611106019
3.97456069677258
4.14229917589187
4.16631519204836
4.66503604360386
2.11470584782158
3.20473700784398
3.71234298536112
2.66198263259348
3.85320433080298
3.75165673708649
3.09249399126222
3.48230536244795
4.13817163261979
3.45630298086999
2.88762314374875
3.99651233994084
3.88820561064519
4.3619115758321
2.20316768685339
3.6216247681693
3.45485722513808
3.93883769964004
3.71345473167381
3.55043694536027
3.29390729678972
3.44796608137967
3.72431296348824
2.98137399438228
4.94360372258245
5.16259074519632
4.21027867520352
3.43802099295468
3.56874436089665
4.26776799008665
4.45260669744573
3.1427825636485
3.17338744517526
3.01233859399828
3.49045726917372
3.02820925809825
3.09441743459667
2.63499303116172
2.91534155387335
1.24659109710157
3.48109777166247
3.07251611078323
2.63047551703128
5.09280909614802
3.67996575977756
3.05574212419121
2.7042818332057
2.12687204647159
4.61018958119848
4.43554095403107
4.09670488785004
4.23181875908213
4.20345916361167
4.04707794321765
3.92342122768626
1.57214261142991
3.928602529651
3.15180961924111
4.6362095931788
3.17709125925335
2.92488245054205
3.04573134562084
3.93000226480404
2.38348368855039
4.03669436125443
3.00504020376502
3.16169289907813
2.62978220764368
3.20602576051476
3.77851804182829
3.6914624486532
3.82358365238766
4.39368897704776
2.37566134237685
3.70717313283535
3.62340487239324
2.01562397801079
3.75109799241232
4.16018586951522
2.26484054176793
4.7143716196128
4.20030214063731
4.32092709253654
3.50690964696845
5.4102993814945
4.65819662315357
3.3550641164879
3.93415124865443
3.80134336382825
3.45960302092759
4.58434750786798
4.24272627038173
2.94178178533128
2.94527712646985
2.04606124989475
1.39439130738917
4.49522092691385
4.58609680287727
3.56445493990815
2.74967035102001
2.75095066535861
4.99738949154833
3.85323063608222
3.96655885508054
4.31747853987839
2.23826957196447
3.29041476436074
3.14343724062077
3.43004174691381
3.88802916980126
4.50186038648737
2.48844978706798
3.38398773158286
3.37877116608202
3.02299606257537
4.01747146832521
3.57551794123409
1.78449993365614
3.4315915618731
4.18349395801605
2.32985352804211
1.41604714702457
2.83822812686911
3.50282886647428
3.8062401182636
3.70587423336805
4.3346546953283
3.14815806865477
1.38751508222159
3.81737577088756
3.56648114181237
3.86166928618069
3.18387733668947
3.37613749814915
2.06447007664615
3.67975151369791
2.84489322095482
2.44488214317369
2.80209898509879
2.48300112576839
3.86136479104137
2.95332413935788
3.65814553307181
3.70481485980715
3.15171519491989
3.43553532430765
3.89646565168889
2.40743769262608
2.47554597389666
2.89049568978638
2.33045442533992
4.5981192769163
3.31303357497317
3.18713256848353
3.30739439566821
3.26936408629336
2.42188029614783
2.67811322324446
3.79822806644437
4.22382931554103
4.22596312308595
3.64378404516482
3.92822564689841
3.34081872091403
3.67409097211942
1.58050934439059
2.91997961903814
1.60751122028098
3.12971276053036
4.98380553756784
4.33685155310009
3.26513977663805
4.27416243418666
3.77244933536435
4.64982539277698
3.24482979473842
3.51625703357705
1.66240506496021
2.81774850343351
4.82268706994038
4.63054539945508
2.81252319755332
4.09219294671445
4.21927053054217
2.13558024165878
3.61433323207242
4.80752425396193
3.46068537551075
3.33618433083598
3.62060759021278
4.47324847146077
5.25368679195958
1.54118281855625
1.43172039008201
4.18998575487744
3.64093339334445
3.67464051011547
1.57917503701016
3.75844728267854
1.32218817040166
3.50632187994549
4.33095027738509
4.00831947334505
4.63491742278897
2.94631716650527
3.87274735734173
3.44748970497353
3.86997439173544
4.33255372727638
4.17104666626944
3.26694946406683
3.09896778068824
3.4798058137116
3.28261093941765
4.09921843727448
2.76890801750548
2.91253258517162
2.40389270624341
3.35965004397594
3.01473274330653
2.55471312692907
2.90157484487289
1.44390428313746
2.46498826630397
4.14878828356347
3.01061417901279
4.23667118330434
1.69209765561906
4.0350645922445
4.18034446733012
4.13237045598593
3.79687385229777
4.18067856755296
3.20057568411243
3.84267601724536
2.38054254313077
4.44185032606028
3.36398412964543
3.56277527043241
5.03111699991492
3.75999238783936
3.27160227441175
3.76570825726388
3.78868271838257
2.94975174690398
3.91672989858966
2.04909324349413
5.05071229889275
2.85857473971637
2.38679652042553
2.53654542251252
0.450259536400285
4.5693554532206
3.32165967486025
2.59255038048645
3.21919637975195
1.63056192760298
2.87783949759721
2.17799138317877
3.56701522493693
3.94275540970024
2.29875867912307
3.23158818481173
4.55823946158879
1.62539149134574
4.37324177299808
3.16168175190957
2.70500146323494
4.31691555843284
2.22755723941104
2.67781454903323
1.60689063546219
3.68118655502031
4.22226843150474
3.71225932064461
2.90753490047452
3.97100568742757
3.89109671704647
4.32365528185734
2.67737825742438
3.53951441879606
3.122125434821
4.11948429280361
4.47275292138041
2.72291594461828
2.59648523202874
3.89964190689637
3.2594589697998
3.08988349465231
3.21569496424095
4.04934151418785
4.0222492770364
3.3583305298875
3.12107717958537
3.9884651264363
4.8053897146682
4.15728889159179
2.26578767839375
2.91957174677717
2.68708834515117
0.661668378600382
3.28162218386638
4.67750767263361
4.33394706372777
2.70481714024399
3.51386663881285
3.80203928499319
3.73379937147648
4.18624202875374
4.13276764507933
3.76769240417475
4.34604771435773
3.95480203622522
1.12896097884104
4.25978059194794
1.57732262223788
3.85489670980644
3.28802491769039
1.84337889250461
4.07262992259043
3.89903583358746
4.50608310718006
4.20454167113535
2.54332536672257
2.62599056964573
3.88950895155616
4.19313204943982
2.76271617129347
4.74714116192157
2.55980537839069
3.93128168820941
4.04340268637135
2.0550276102157
4.26187605060506
3.34099117538468
2.19599731278689
3.56022643738068
4.06631129224211
3.16661992805453
3.33527575352468
2.50658015871424
4.37514616761547
3.20576311540664
1.63137113069938
2.24916371389814
3.6434685657137
4.88093945151952
3.32690917976251
3.22867462779106
3.28854832454777
3.48471381283197
1.88620407812343
2.66195851238396
1.67657000553873
4.28070681680572
4.02930499063829
3.63872136290632
4.125965830125
3.64986967801987
1.98506829863077
1.92056918881564
4.5408185218567
2.94574526502579
2.64005724629489
2.75040670767315
3.67136130572799
3.18695811006587
2.32786684771349
3.71508236251812
3.26011492458116
4.45288235716642
3.86755189253941
3.90856604513521
3.00751334362116
3.8247814700209
3.03035854229097
4.68257750838684
3.013930305177
3.72320835510807
3.44389392709706
3.83505848128103
3.99095391592481
3.40264152775536
3.39729137187951
4.08344163175946
3.41826506858776
3.62669319603987
3.55582828108624
4.36536876784695
3.2942481991073
2.9263921862008
3.58460340971861
4.62481228830862
3.45285516504846
4.29433307360515
3.42240038823573
3.09081501193009
3.54269649368866
4.28928005440455
4.52083960845613
3.00517574732155
4.73803128335349
2.02798630869212
3.89539523506827
2.86345709769526
3.4849064399152
4.02607882086878
3.58864796800652
4.54232418089959
2.53372997212241
3.78525940735858
4.27545467997883
3.65851536799776
3.66105767420387
3.60636361737354
4.37050190070484
3.32821053643565
4.00535819376576
3.45728489281276
2.06049767197243
2.85974825659254
4.45276860360906
4.33390444284356
3.8395214381009
3.67924272251183
3.04553781681214
3.5532135501392
3.46992783997441
4.30134737594686
4.12146416900424
4.05965539848088
4.03259221443769
3.14699592527561
4.37928935638108
4.68648610414482
0.989923625107773
3.48841677750691
4.69289810066281
3.79535853971739
4.05034555596857
2.14961953096615
4.71461915134
4.64172497988802
1.98163244379446
4.63000245991393
4.28488037986459
4.03610330721569
3.71610216629144
3.69924629438981
3.36234648441148
1.39103382639034
1.84602790521494
2.89862234257154
4.90913428295139
2.11744564134297
3.79120160702483
2.28816087072374
3.6734370860219
3.28202208128584
4.32135748649783
3.20224559057955
4.69645426846301
4.80550690677661
2.72525025178942
3.55771267760181
2.81669256659139
2.72520973817915
2.61199215081749
3.37142706082874
2.97971851500716
4.036423869234
3.99891255988939
3.76120174779635
3.94472471075552
4.17471560006746
4.26087718922315
3.92460620774757
3.81193489830559
2.46274130643284
3.36798941572084
3.76012250227124
3.44494785012042
3.95604837820786
2.41114470556157
3.28585154948464
3.39207889057577
3.05580628667927
4.60043892128856
2.06945058560521
3.76704615013167
2.28728172021503
4.00571355690399
4.39094440719403
3.18661514309762
2.86446140948611
3.74589338879743
4.33148123016239
4.32773682652812
2.77083194013218
2.56384951277312
3.07342968933718
2.85793000215832
3.66528741730454
3.69755170303438
4.13773647071705
3.50475342829864
3.01422094503203
3.12476885760758
2.50527639907395
0.784625359485999
2.12328993862666
2.85722448819014
2.12683524569562
4.03152294728025
4.66460494111593
3.941350076713
4.40206830661022
4.62765522998892
2.79156089435601
4.5476196773673
4.85474708131198
4.09849599464479
3.65414560792028
4.10106886912569
2.73740986948566
3.62107077139463
3.04099737510043
2.97538462971461
2.49198414203003
3.71123922927239
2.81349878700599
3.15670768184831
1.44432735544997
2.8793200930467
2.65377333314512
3.30990161874887
1.91689138741646
3.01928725766166
3.10759290296756
3.61678181646645
2.919113328967
2.34170503344654
2.49773632362647
2.9711020341294
3.85590623334618
3.29548245137007
4.99747541979086
3.61892126718718
3.6301772738948
2.96141013461885
1.99756477632264
3.90563045161131
5.19405860723519
2.30807163838136
2.81567466015225
3.79411862828804
3.29193317530491
3.53630325486818
3.30261363417703
2.18976672533619
3.44555555498801
2.5159491178598
3.56709080692976
2.57157236621058
3.53733433395223
4.617270097567
4.12243300735547
1.06803030044191
3.50171406196636
2.73231137787474
4.08579698916342
4.09099570905026
4.21043128814634
3.81603939861798
4.10068337660056
4.17111769209218
4.29343495661824
3.59077285149104
3.41730170547981
4.35537523244881
3.52038828864278
2.82612628664546
2.56126568452151
2.68752899157666
4.26367872347543
2.45235836185788
3.57626979268152
2.28103815607121
2.71280250967329
2.01079866997181
2.84736614629086
3.60257137898228
2.0109223786011
3.84428890478713
2.5206676534377
2.62557814687967
2.42653580765661
2.71186507683579
2.42022003454598
2.91896341640626
4.44315753876579
3.75365402589457
3.4113046358538
2.69188137686989
0.965782346594382
1.9188437889462
3.40871960736068
2.99238703640124
2.69227034833419
3.68584134835244
4.29478377938861
3.34477577946636
3.70384215763674
4.8507973720037
4.03745756947857
2.49987267227802
4.17488655926165
2.41827677304147
2.94575406640482
3.15363623242953
4.25783740776817
2.61586336280223
3.6568288075444
3.39431365063554
2.32470491423771
4.27911229060657
3.21710090600025
3.4805557663848
4.09471734281619
2.62125635930675
3.63343688328988
3.49452517860914
3.97244534018198
5.18824063442315
2.30767378507646
4.52310665944118
3.33511336995631
4.19143759717086
2.76105631841624
2.99387905014065
3.16898993579421
3.61741691203148
2.88599559545992
4.0219668056537
4.56170726093129
3.4343508642261
5.23714587478188
1.89361296557372
2.99009177857895
4.13848300323511
3.53912015113689
2.42320153818698
2.42136960192581
4.9438849725419
4.20282138563668
1.81529793282572
5.24197076732433
3.72586273453442
3.27569307938646
5.0068781290191
3.8503998167212
4.32028016958222
4.57513306361351
3.19421960081456
3.44812803452832
4.15627477301605
3.71638843056024
3.07859757870943
3.88733277672643
1.72195005858849
4.48716554547418
3.45274788389638
4.31642538301696
3.60539253875277
3.97310727941738
4.14770238141856
3.92943564142551
2.43653689767371
3.34207754450813
3.62641641877174
2.56327861399205
2.90988099565551
3.77387432564238
2.73342784784552
3.45115264398924
4.80434799613333
1.88819902975572
3.03610585867772
4.69978911377888
4.18888440261637
2.39541802008187
3.01801281279044
3.0051386488423
0.855343298311645
3.52268376932515
4.11114504638145
4.4118196600025
2.24626683976362
3.83436485900565
3.54765713659429
3.34308650817963
2.50933959931433
3.04929143581545
2.01503853015464
2.64724691524803
3.42546121991643
3.11595551394594
3.78708992107448
4.28043674858908
3.30139169686163
2.55099209016503
4.37267426538681
3.40180111887648
2.7325564815291
3.66601695565223
3.23740669250407
3.62943852002085
4.21406699204687
4.14328598278185
4.51439054838417
2.27782130048601
2.67840886278526
4.29298878664195
3.64521460877769
3.68562515808886
4.40260758723697
4.11440823416505
4.82599866010015
1.95757105855627
4.40626714027655
1.9297596670242
3.22377026946012
3.34826437829319
3.52193463520976
3.12568804839283
3.07730324021746
4.77669852737233
4.05259228437549
3.58717988613721
2.99699056188474
2.95540345351307
3.41739545534511
2.24199002484907
2.59908832975712
3.61580003851678
3.27452805258765
4.14475379628503
3.79477010166073
2.12002653386559
4.16366666639609
2.80607468974819
3.98218019058076
3.22322677377195
4.36892715149146
4.35590360654405
3.2541893447374
4.43741005145602
4.51005074603188
2.95207246888445
3.87855864861034
4.40722733513157
3.70644629954977
3.18816427939499
2.48479047879777
4.08101042617257
3.46550112871047
4.09659969362401
3.62295640048237
3.94390617702618
4.41103520722138
4.27110686246741
4.15902297812803
4.02977256133577
3.8274401412506
3.58873536717518
2.22052723985892
2.58005770617261
3.8802886244351
4.23329795821731
2.23442439724278
3.88502919919274
4.18801879944149
4.46735062746786
3.35434672453637
3.81644765610803
2.9665998609948
3.7852609439886
4.11086631286268
4.65960981306082
3.76492041517926
3.76353757445646
3.79618694788292
2.5044621141351
3.41951628378063
4.29649259053428
2.4653726160537
3.6192396975275
4.40325447501092
2.68476742297986
3.67396458661941
3.4057706082113
2.50053598391273
4.00580234353394
3.8219228530391
2.2667736607736
1.95765433928509
3.38352901185368
2.96486078416793
4.41769329532163
4.04328047264999
3.31292083413408
3.10692040593435
3.88256395531863
3.78910621282762
4.06496490892966
3.82563572686201
4.30606530282969
3.83281047019986
2.43435107549194
4.27031419084138
5.22459989888247
3.71600092824024
4.18313691266563
1.94535783565633
3.76565932384111
3.04736754653415
2.33549831336207
3.01089040556977
3.13941855018352
3.20912596644574
3.91823686623395
2.7490395055663
1.97130963479216
2.65362946316085
4.34855375201733
3.53748242480848
3.47747088383566
3.64759529537753
4.26211350526722
4.1953034262513
3.68314923444046
4.21908641075831
4.20226034604463
3.72282645287713
2.82058573716104
3.77374703901163
3.65016546452857
3.70976140717826
4.08741461069386
4.18823192378788
3.5591933313507
4.33749349270431
2.00579219275713
2.93720126281249
3.53291250515773
3.4353812607672
2.7515455359829
1.8728513852595
3.31521761626096
2.00443284485591
4.50722163661232
2.35035301496486
3.7960418031825
4.85023855492857
3.63316607206078
2.88496961815472
1.20462700269155
3.5277635980081
2.01600589817561
4.59564750979709
3.07557025453288
3.91743150957452
4.00213389123437
3.47987409282375
4.69674245246725
3.72369063315936
3.22905842648761
3.63408018991286
5.00391264050195
4.4477507116531
4.84370845690623
1.61042078450978
3.82429004446778
4.37205301454968
3.65212644260921
2.18687548013383
3.43537913241803
4.37633105672448
3.84096202073264
4.06027711257763
4.80450594962547
2.8468429914143
3.06979658084057
2.52439216725793
3.63468932962954
3.76546820820327
3.98783654494278
0.891145300675304
3.8336094227736
3.73694632574992
3.33478329957102
3.93569148555705
2.57463493218747
3.20916165998455
3.98453226846688
4.26679464346444
4.12019343564056
3.75396115842926
4.69366293366171
4.12995897231206
2.30505757495342
4.54433659630539
4.28506727869061
3.1282260716989
4.43747766716367
3.96886659666484
2.01633849317273
3.69318337528122
3.85229841195793
3.94959000972721
2.85940389922153
3.76961971817488
3.19252179762865
1.93284354990153
4.57129187041413
3.53638635563226
4.07183330852333
4.907362835252
4.59510075871512
4.32828068901445
4.2019295900608
3.03548239835595
3.85154480576144
2.15925605198668
2.23377501900911
4.09584641704117
3.46673368199438
4.34180700425667
4.34168728121897
4.59117294694296
4.38595663480198
3.49965266365316
3.81578415670696
3.13050151323742
2.39467513699536
2.97805610269057
3.25150303880253
2.50859324859827
3.53560622058599
4.36568593473235
2.39845532742815
3.37383080702175
4.53162685470126
3.27164955775444
2.30957415455376
4.42510026076052
1.91569562625971
3.43129928871826
2.46576096548556
4.07505942687379
2.38860610550102
2.2114907116872
2.30644662821846
4.58658779911428
2.54150898529341
1.27879122001953
3.40023931772985
3.17110240663037
3.94464519571277
3.56455566786339
3.28933394173538
2.99674908561279
2.67315334366433
4.12609202528355
3.11035011064832
3.35307764668469
3.07988863694836
4.21522292410159
3.52273952851346
2.56879037021338
3.07367574216723
3.63869062765872
2.87390733468204
2.64914458221797
5.30254685273709
4.80594989548038
4.12661728126688
2.62357714697798
4.52593654300891
3.72647561310853
2.81958246297001
2.88886274851309
1.39977282994264
4.24948608491789
1.97539273886234
2.91552617710459
2.7098561022503
4.21915707575854
3.15489763115203
5.32261154134807
4.23038415200695
2.58441450867762
2.14772730198081
4.04455164351109
