0.203295581846778
0.286861336574461
0.256747897337857
0.0136638512716722
0.147300993741403
0.559779156647263
0.0668764436054533
0.321400498529026
0.0617953681637952
0.506498661735518
0.0318562205113041
0.0717715220147912
0.10883991186337
0.142931918742983
0.0192274996188704
0.0283977351893629
0.245292998696339
0.180291510935675
0.258316786505097
0.218712034682428
0.0913806055379688
0.0408338275971773
0.0488114284320523
0.164804661585294
0.0688984157118319
2.95501264614412
0.727762920612687
0.19896598726495
0.308224243034697
0.0696891994148752
0.0634885071277738
0.343236838192894
0.0435181153380743
0.293606696975538
0.12220696556913
0.142671584219113
0.186818080868465
0.0805853113739872
0.211404699322003
0.0161398348293806
0.0820797557747347
0.0106802881008304
0.435370985458359
0.0537609515920839
0.263661599845531
0.364348505574269
0.250564310006641
0.159472326672091
0.494692239589571
0.214497446257868
0.436603796219333
0.230992303687063
0.249903650709898
0.247085782101779
0.239315966001876
0.0477505300571849
0.0392592478766225
0.107936660997915
0.255040979163646
0.25378982501623
0.0373696525639552
0.126095311619083
0.106983616159216
0.407503890945527
0.0478540998252926
0.0253727415791765
0.74095922935153
0.0547909947594904
0.031994154851506
0.179475789963308
0.039880058323885
0.126736972785084
0.110119640598969
0.0929659730667783
0.170268078723438
0.071485318495398
0.513722942176156
0.25386859088703
0.104970474783043
0.135927329441023
0.244101396861692
0.0752554239408622
0.239327694505142
0.174600406861922
0.112462533318108
0.0714233276667591
0.0120462056779037
0.149324603174549
0.0264178627294963
0.246621826307239
0.361468982358213
0.193622984258527
0.151662411025756
0.274320024324174
0.049973022477649
0.0427260117026078
0.0121709317455067
0.155771872597821
0.101673681692696
0.0202974084260629
0.066030546412101
0.333044314581279
0.14810636080027
0.239473663723465
0.177000483480202
0.264431105136511
0.10769609331396
0.190292812318807
0.400100594334476
0.29085459016972
0.0491720195756545
0.0409329853917763
0.169102534097077
0.00870353254867525
0.120800416187457
0.0545851434570151
0.151670657813669
0.0531035844788859
0.0937628511668443
0.141136086665796
0.18110936078246
0.184409463502735
0.0298177653136518
0.0216370682427506
0.331927703659527
0.0458696978760832
0.034610563764133
0.218836145501628
0.0219814984542335
0.639837767231658
0.136344514993472
0.097369472546594
0.18930703924993
0.147316150626422
1.89350938943926
0.2767856418846
0.0351856792321136
0.0518021788266247
0.560330572213315
0.0624130597795653
0.289394936137775
0.47845508007485
0.110918648623353
0.046292740446717
0.201857733537771
0.339160530287437
0.0863612362795381
0.0775103499479037
0.072386883921693
0.179132416167806
0.336679089590075
0.0790814572031624
2.11426984318104
0.0868454578269549
0.367666338575232
0.0889828597460716
0.0120642657756353
0.103945305838637
0.073422499796455
0.267643338466574
0.10250636120291
0.0983739494596723
0.394168152855566
0.00388966223799286
0.34199018408626
0.316954385458284
0.139000248886283
0.0822034315041036
0.058848616833914
0.0484764985822477
0.135716741593683
0.181875907922012
0.436997583018348
0.618969066206949
0.27024595849037
0.130244763923718
0.236375830739088
0.134343741311386
0.0342221022991762
0.366657443938696
0.20407785851361
0.208475945573148
0.0159085495749546
0.0968927003061215
0.363713184030303
0.434622189774411
0.283069192855223
0.00759320392344296
0.0773961559267189
0.0572518132454316
0.10610801582955
0.135630977922851
0.155560467122422
0.178263309001752
0.595891894909737
0.25967791385806
2.67259509420267
0.0956884370776858
0.0972341768181738
0.390920213340539
0.0693574455659978
0.00517005160762407
0.0849120344273582
0.0446200287162248
0.169940631971195
0.146959185715614
0.292839998017104
0.723911781219131
0.0866717504787099
0.369853544950006
0.0744240220209579
0.185135869573822
0.0465214180671636
0.160521440182969
0.373201275672726
0.0326711855449038
0.0150376032516207
0.456783018376275
0.432551420915136
0.096262091321887
0.187867972004321
0.072844317097558
0.427935069788796
0.0389757593261793
0.0292987806584646
0.430416471894043
0.115018180710319
0.074386066841087
0.129728747690671
0.216517425661647
0.0150991910873942
0.303371489846281
0.0133340859989716
0.00828054794599908
0.0826999104247358
0.0334990322836556
0.0925497800535616
0.371751677541473
0.0470042629618428
0.583200572205692
0.0975716939350344
0.253488279522603
0.0464169998349206
0.60284682963687
0.00147797594163092
0.157315902309292
0.193317401426195
0.116253199516282
0.0841541965845456
0.0142940224560099
0.047006112607165
0.146740251451723
0.273102882022997
0.273531350538369
1.47128435262219
1.06252468705497
0.117890175880981
0.00739863878849902
0.581318075538361
0.145153873362998
0.0993801931205915
0.258250940206659
0.236049595683447
0.109665968707581
0.497814480889389
2.28898035461008
0.121405505646295
0.196526370893621
0.47413262226134
0.310969232160612
0.0983224158322755
0.187062250168395
0.249527381564266
0.24224168235493
0.161325893320678
0.214433410765204
0.0545602045670205
0.476791377627535
0.0358066395120011
0.309622098086072
0.118726921376695
0.0957339071356327
0.14750080699601
0.390015957036852
0.215327806167184
0.204916830667427
0.117564321764107
0.0529685649865446
0.067031314892502
0.00714342030537683
0.0332732699931054
0.0622921813681629
0.298453628845928
0.088060861948478
0.20509867893408
0.215018303250481
0.298598526777884
0.0472153034130895
0.109224451016398
0.178839691751124
0.1945134243632
0.0815082501225526
0.115996675476425
0.0345943252804506
0.169996409171399
0.0687379718446567
0.119326443047399
0.227215761645227
0.157571010810446
0.223164704617163
0.125867594330433
0.194919231966788
0.0213119401929217
0.208942737053794
0.0548215966335086
0.219718754695169
0.0355080025716865
0.0428420668066458
0.0458805293996326
0.221599175191786
0.542325791580048
0.0160401555008019
0.199813741587111
0.0600704417988699
0.043954584450216
0.0855017301926996
0.187222450278348
0.0208923236639312
0.184013453860477
0.165733366667595
0.00135813898156358
0.022998679975264
0.196391801040573
0.209502049837293
0.605414074420476
0.208801423371611
0.0597344807077788
0.0814506244127455
0.222844783553297
0.0843477202709344
0.126231638353335
0.0423860419056223
0.441119876220786
0.140736005651701
0.200132501521471
0.707997028405998
0.147630829034464
0.342978676977603
0.0575795228758977
0.0540603426779948
0.249995170745966
0.212626603969963
0.0646192472548869
0.0910892274557049
0.0708163744410591
0.00176598156186637
0.00826171200703145
0.00667909324902562
1.72279747414318
0.151387025552462
0.417905439145803
0.195848074740515
0.244779067158057
0.0839810706763822
0.215201263127902
0.334060709198033
1.36439429664908
1.44413563637995
0.118078182268376
0.0508053466010403
0.173287771913937
0.33721667324652
0.249206746335211
0.613546115341098
0.0458258544586925
0.371458745515356
0.179505026457759
0.0858696823066342
0.40358704142443
0.0360778825548914
0.259393408336628
0.220889098512174
0.200793032312195
0.0354295660994677
0.0354554914680763
0.0139637788757294
0.0779288839317124
0.0553816058642859
0.252427033695984
0.0502610358850528
0.418988834646386
0.466622102490474
0.160344450847308
0.0495079337784816
0.0898902244473247
0.0847846075311609
0.112318892114127
0.0210623125179493
1.24647735371094
0.15822337561766
0.154901266566013
1.55752487871628
0.14789223913657
0.0730015193045077
0.0955417373631076
0.175103226878371
0.183672887073755
0.156532673628853
0.25729307570455
0.204553924457738
0.33620950023981
0.0518165946556657
0.0209576934936034
1.26114567266696
0.0433517184289144
0.219524723201643
0.0973349105943803
0.251942669787177
0.268637350363861
0.615154902006868
0.0401405685710342
0.0443061291591106
0.0244151270375529
0.118029084022278
0.188535747637819
0.100714958647258
0.553604122902983
0.0312978802232262
0.0610532807187811
0.0119701281180639
0.134265422626319
0.17883446091755
0.133080842092709
0.0917232995429982
0.119554783017121
0.0788887122778451
0.417223109891915
0.130915546614209
0.105387852196674
0.238629877321176
0.075722275601387
0.105436646646597
0.131969616131593
0.0357975250510141
0.0677061763872141
0.317206228827609
0.213185577857995
0.324654345792943
0.13758634706664
0.451023962327953
0.28345724108766
0.0230195395332676
0.042814774504701
0.204448563321004
0.0594847731812787
0.133025081469929
0.409705305542883
0.0816605448960739
0.123630424444009
0.141256061063718
0.205675431634479
0.152202043236565
0.2220455980977
0.0294580305413475
0.201424829506007
0.0641500264806811
0.0335382541344422
0.368926307192439
0.16399884028227
0.156487815466243
0.0477021605212478
0.344067366256523
0.50924132159673
0.075010074128888
0.134753656662881
0.148239944880185
0.220741643329357
0.255915791415537
0.0474927605645427
0.035324563224402
0.0616601541912747
0.0464224509649357
0.0813110385623536
0.356846732712937
0.185977853652602
1.18734485362965
0.172977190826281
0.248133415417288
0.337209975872482
0.219257983693714
0.168969561985606
0.785159151070244
0.0501845025245772
0.141388609866377
0.400472598316659
0.331275612976255
0.0531192895816222
0.11091378027548
0.455900515265632
0.201286061575361
0.194775660790287
0.382198814848142
0.049793147270552
0.163431704545313
0.0750076982176597
0.0550020414264803
0.22711146320813
0.260057659604411
2.5869210062755
0.499017629527556
0.231795680041312
0.0415155487161349
0.0429653356567343
0.0320346938057913
0.371275116163496
0.0453720013206868
0.0288592324770707
0.0439860010869157
0.00393492338658755
0.176121657601769
0.145885094443552
0.0830361032365196
0.232759656913155
0.752744042023038
0.104984873854807
1.37156830119761
0.145722949585933
0.414731079700205
0.25238982554095
0.182087836314519
0.0775622098662252
0.0202479096819447
0.0790121065629754
0.216433431687997
0.366785686877201
0.106222104555265
0.297687132979736
0.342671921213264
0.277195614892842
0.127204018126002
0.412458259760319
0.683694671960792
0.123656619669484
1.40101777729622
0.0114044198934229
0.102607323005395
0.0954212036262473
0.493121983899273
0.0468875059644106
0.161976709293371
0.0369463112117124
0.0838060866146744
0.210540668710914
0.27868373931663
0.193644845695428
0.227898595406653
0.214583913777439
0.114874973356833
0.133091108172437
0.0456720149097152
1.53903625989684
0.219638028997245
0.0595327591550017
0.0651777530567718
0.04972139750105
0.351175310631826
0.0446251239460169
0.261268062165619
0.0494201472112287
0.203296986423056
0.123436741671665
0.136741545444368
0.0863023298843669
0.0724449659324145
0.0877474120892881
0.0256136678058918
0.240404260860021
0.168441517214155
0.289206076996744
0.441927936041906
0.0407535229770594
0.179404478819788
0.183359736757679
0.0207941946166097
0.0902851197847462
0.180512481020097
0.10832150708519
0.16967133035596
0.0862029199118767
0.0516934391010988
0.0191250104497919
0.246824885140814
0.101577728969734
0.22720407900985
0.0326008214028353
0.155980223639393
0.0824829178756121
0.285698273294748
0.0245358546412829
0.17218517821958
0.0444283918962852
0.410396832493287
0.0310664149422029
1.34254586915955
0.514243200263413
0.0256574602213958
0.0847829444119423
0.442161767081423
0.0209707792935521
0.0191662437330902
0.0755600503248135
0.158242427438113
0.0325847409657615
0.278246484779712
0.0920129720675718
0.013371016396498
0.15372137583405
0.201165005744984
0.16080676140055
0.301296411550321
0.0467113900626204
0.0575454143093563
0.0532477173654096
0.125077820252917
0.0327071499932572
0.576506082724358
0.162833614728347
0.137036193996482
0.164205849672376
0.135921136551905
0.765222083227215
0.195103043694029
0.0333349166235025
0.0709481326153857
0.213666464763093
0.215426151473927
0.0899694328171924
0.100861004827019
0.285529762517943
0.0651178544608898
0.163148829305995
0.0814937188458817
0.0538854954599533
0.397534276599546
0.161593896981092
0.0358586870207667
0.0460166723336817
0.0455155924927469
0.216244302428935
0.369537811666328
0.113679397999136
0.395787675803703
0.485591663598848
3.30503575271773
0.174774407468544
0.126635782014955
0.1450654071086
0.282005613351061
0.308526779846989
0.0458685199713611
0.171982986671678
0.165190283552346
0.311663750186328
0.105395792143751
0.266855641710938
0.0441655692432765
0.151287489941859
0.0910276307258447
0.248767516615934
0.0387660938243898
0.0993239279707062
0.227096835187155
0.353652335504438
0.102189863584702
0.210723682737258
0.124930478518978
0.245079676089602
0.123387437999569
0.147546075187971
0.0559778984854798
0.115437839347407
0.113155605724148
0.187057062510726
0.220765392097248
0.231867315254238
0.222871505886327
0.024210297922096
0.0206398749660895
0.146557145269418
0.165380276119876
0.0208335565201301
0.0244879969000795
0.370819756895091
0.0480743686165854
0.0109661367485992
0.13670115459523
0.0793227767650467
0.0448603885582449
0.226860051364446
0.238595502151512
0.0536970882695492
0.138750285099278
0.29712773948167
0.0900072376703376
0.035257592905552
0.217983334846116
0.0566282556057098
0.200627068061888
0.0646478227373019
0.0752909488154749
0.614450082015894
0.106075575865064
0.10054687328971
0.210640865486716
0.0219662672153971
0.202054939441432
0.0579700092998971
0.121510907252123
0.242275183570796
0.131735088968878
0.372708938726228
0.174086357290512
0.177412742747407
0.232309932914217
0.0885413959523825
1.76740781149743
0.277281509077494
0.0751337345443399
0.164201278083552
0.251787078987034
0.0444005263390529
0.0697743739382485
0.145338314629954
0.0899575980806429
0.314154024119882
0.0704808495331397
0.105452583490321
0.107102465709736
0.171958776636471
0.126374713627428
0.123717505900519
0.0667735170643506
0.557901760899536
0.0437102498252392
0.205049042263435
0.040157142198804
0.0728277858206832
0.0466897732935794
0.129110495233339
0.0909801991211305
0.0749789895952491
0.0440572773654179
0.0226923795032251
0.0272319969415915
0.386097060451036
0.145985575572841
0.0616511352204478
0.399136991993082
0.160391288801224
0.148959029652796
0.0969283070599608
0.123023876650835
0.316709020100255
0.332296818902847
0.401761638576014
0.536429625922797
0.055831749451313
0.186762935959442
0.228684759628158
0.138304728943965
0.269828744931536
0.048533878225922
0.105112819134674
0.112235393111024
0.0207161152526964
0.186277642882984
0.0936261697753746
0.0897516546199993
0.266574910667106
0.418827525387119
0.0944106614842933
0.080090049659148
0.268402716616082
0.186210619445337
0.0585435459231421
0.0482452758245877
0.0404961284525945
0.203006816366744
0.167704553200582
0.154950104305743
0.184769526633245
0.0353206980173005
0.0462413553980896
0.0771912360207536
0.0276494029566807
0.162551203867835
0.0265948423787219
0.0168253057250565
0.38710453346911
0.326286483913546
0.00932463428919945
0.051331431778575
0.516502728905021
0.0216343956318923
0.0822562756789532
0.22085515394831
0.121188904579184
0.109654519385805
0.068524265074258
0.082145682284847
0.238019255043767
0.156853128506778
0.0700193012285182
0.705327157756538
0.0577671561165519
0.0500636877228924
0.509541216444218
0.175511965337192
0.313960531052991
0.0553752987108652
0.312413680934227
0.252562634319644
0.111657659979417
0.0525518261584595
0.0623121491014858
0.092533707342672
0.0702811340042035
0.124575311873617
0.458679578904736
0.162851530458674
0.0585981232728483
1.32367173306116
0.016008795502112
0.0988721481476477
0.0403232329953246
0.157404086338888
0.296021104092251
0.00683043353117623
0.0943278261057803
0.0732716874671317
0.0880604205628432
1.90238788293853
0.816221400560902
0.148650283965944
0.19065741210692
0.302089343888999
0.289384723192103
0.0618727437004688
0.103808266241726
0.420555431390541
0.0657400480746444
0.0388787184952701
0.234708270285615
0.0639491822967849
0.0550603115070234
0.292630981702783
0.147197479471121
0.0971111018493434
0.0573092377643463
0.200639881378341
0.0477598072989577
0.05681456424204
0.0808434479681218
0.179339852334436
0.061829957702275
0.343028825194392
0.050251887102175
0.332636308306259
0.182856176415797
0.271686708829463
0.0945603603266632
0.224386283336318
0.210191098055295
0.168172690188445
0.0984226837869332
0.0169536388723955
0.221688796956282
0.27447476888218
0.341413209229813
0.367560812873923
0.0834791064006185
0.00651667807102179
0.0510692906887959
0.103795724771545
0.0235508662613891
0.207674282687055
0.0356049596377896
0.076092067841811
0.0747944861688506
0.12027343877697
0.0477202962428498
0.2714098352713
0.0236672845006385
0.0725330225557731
0.11623468651396
0.238566148421198
0.0293941741485332
0.20996025999635
0.153070330380387
0.0227623002128721
0.0826552447316791
0.0837757851526905
0.110623519312257
0.257435089900523
0.379001710904102
0.127867808121694
0.043927368535231
0.289576354558157
0.183340100114109
0.149770488957107
0.0591092291194839
0.0273253610939093
0.181070586766024
0.34119215854649
0.139662557932445
0.167349044081903
0.207058642346896
0.264670825458607
0.100844259948096
0.14662540629955
0.196171634509141
0.315491932258292
0.277060579903978
0.353379242166496
0.345695651580602
1.71486413687747
0.0301870907456657
0.49457840166176
0.201726597925485
0.0968642955865674
0.0221925665706826
0.319937795696407
0.0285033551186377
0.203146984380073
0.0428537557381869
0.0532520266408095
0.423715793271198
0.373543881280611
0.105706392406656
0.235191105367332
0.091545320926501
0.170715081456235
0.235273093144551
0.124380632217625
0.0520308467062264
0.0487201147114535
0.0941050651073193
0.0905851734532327
0.191979797941091
0.159517964253595
0.117258782556471
0.0329721176947932
0.0629107148164986
0.0256121755215829
0.235253503227849
0.337925953700861
0.039956224489388
0.472186766859383
0.20115752179816
0.230964424778014
0.014658051131085
0.0772119916317755
0.217262448381154
0.0550147331719072
0.0277111319531969
0.196225181621531
1.79021439365794
0.252154434972475
0.182008576108134
0.147784958958497
0.582805798862202
0.0213868802735542
0.426582324683159
0.1588666972967
0.158420019271631
0.0169054260998011
0.297289675894193
0.154474951285211
0.0254416581880774
0.308868864703498
0.128327081134794
0.0233867411187861
0.030994653838692
0.0998778267956488
0.46384812873541
0.018306943716179
0.176154739874253
0.080819971278751
0.349148277338142
1.95537939807021
0.152744805490068
0.152593288590136
0.168354598650539
0.0792392429125492
0.0642375893615305
0.0965978714981395
0.220592086730989
0.121102398680783
0.251485196963805
0.063370400333687
0.239933554260431
0.0404078828717336
0.161609208469602
0.195270494806669
0.115821695276152
0.435069491293756
0.134191937997224
0.0882767591704142
0.0336382905201462
0.336282433711168
2.25604747451242
0.251245000603022
0.0368607226108671
0.0388324000718446
0.0157531931144047
0.19108978701859
0.194089462216668
0.233354390896184
0.272380432105299
0.181099625972324
0.165653689628637
0.103809710768584
0.662506465856519
0.215108332211898
0.200370358453827
0.115689833529941
1.9509553266139
0.121875194919895
1.48937206981283
0.34177494111471
0.232868195429516
0.281184024791143
0.0223208083161711
0.0406701499547444
0.285884552160093
0.0171749767066157
0.119181591485727
0.0460614426146676
0.453504480175107
0.105554873399521
0.253742219599695
0.0239012386987769
0.0717302424146639
0.244271550180296
0.0438800762147416
0.157348679394736
0.272155147528238
0.0327844394907511
0.129964050601348
0.390077509588956
0.491256951588231
0.0696726079285353
0.107119688205876
0.0743873841862072
0.211731278437933
0.107988475482812
0.102765355796497
0.198699087956842
0.290370965569797
0.396199729526301
0.363383137284188
0.127303754167094
0.0952625959006108
0.459281354295956
0.0894805487868634
0.0303639738877641
0.384584326077515
0.06567686237405
0.27506900042864
0.149909826803218
0.0198500991996532
0.230072040062246
0.150366282891277
0.0147646079990716
0.0984004687740374
0.020521316105302
0.0633173049302266
0.165885985821993
0.0289209281915581
0.066922055111627
0.318554907227445
0.00673355099808028
0.00448558512187546
0.0546798367303677
0.245579286828479
0.371354547491217
0.0894984303869299
0.170322049271347
0.0820463607188005
0.22548907026641
0.0614141775225527
0.436295830880586
0.177439735153793
0.0660991319476631
1.2007280024291
0.0321779882639852
0.0829558909151737
0.0358822352667383
0.133281587964672
0.0385761608744987
0.105174023635655
0.083469860885217
0.0120709958333582
0.445545445939148
0.0578958179138965
0.104113107842759
0.104142766228655
0.117340763776744
0.072873043283682
0.562637765256617
0.168675577783905
0.286208225107367
0.453571371002318
0.151751351625722
0.203506626101264
0.292677138158575
0.0944764430883289
1.93136758532991
0.667691058865904
0.0378179500606398
0.0131284961541409
0.121370720522136
0.48971572074027
1.20230519258234
0.132085516425973
0.227921756008287
0.233146234913868
2.83277960411448
1.9588472777025
0.191353708696055
0.0732894665071642
0.260584202646264
0.0618534570224594
0.0853744988374258
0.114219350315173
0.81612139490781
0.154559542971201
0.112282891149186
0.0489423503364119
0.0243021869423628
0.013534758970645
0.0360187956309695
0.319648455673575
0.114180121227195
0.0854359153958674
0.0772794018186866
0.234675675271246
0.0282093692299611
0.129494666472451
0.047900061024566
0.0827197873555193
0.263080710032269
0.108884270367912
0.313633702546958
0.232279840308486
0.10049430600539
0.0600292938071201
1.99573196685627
0.0823056768983813
0.324249586726471
0.222849086435491
0.316095377636987
0.082668507006372
0.142953404921059
0.267381096060476
0.044159930456316
0.479993374198669
0.329845424618152
0.162270261968651
0.48070569667416
0.0528446141336981
0.130330693638922
0.12740024710628
0.165926898916603
0.0330584656011188
0.241746040106689
0.0858142310421771
0.377236149217363
0.141069155921568
2.22534998008596
0.239822553067574
0.0191519124526742
0.101817958038059
0.0668260525994863
0.0933299445791396
0.560138867754461
0.0532800742250806
0.141701692227353
0.152809257858135
0.226218075850013
0.140727238032075
0.0513561008231348
0.0911795610562191
0.0679474880395385
0.248950239649294
0.761275481819149
0.49771248105165
0.374824897308286
0.0195013052328106
0.176038054697792
0.249166893679508
0.129252490549636
0.211964572536056
0.0112424460173496
0.360785854369341
0.0838572709636045
0.851893537058236
0.0600975725506579
0.194272703143545
0.134326045400022
0.108943051438526
0.0942442677392064
0.0546201232185156
0.262282027843855
0.145593066288144
0.107454727654471
0.378967388260402
0.233845087878417
0.231465931939631
0.146558686784547
0.0817229902572583
0.128671220227269
0.118027963072444
0.38251457533045
0.0380350768043235
0.0391060533772322
0.231037986418935
0.0713204464655232
0.182066372476924
0.228299529287144
0.136597463847094
0.245625997829552
0.0927852561513016
0.286835072653105
0.0532883127722767
0.572606343446561
0.209120191807704
0.368704931131859
0.128110077007938
0.199828090593345
0.543022261152444
0.283551161428904
0.0218805289398753
0.0316493906880416
0.170421287449101
0.0185415030318108
0.135870724555269
0.572266311990917
0.119855142619422
0.0570476252237979
0.319161179188335
0.0113959637705894
0.237793113734498
0.377330993010339
0.169300640388889
0.0239899199340188
0.351454868165753
0.0403892749858748
0.0731135599506624
0.0199764144853624
0.00743375020425728
0.108604138034284
0.374920594496739
0.0962321854445792
0.254102429266075
0.109062527082253
0.0167716589763963
0.0248666606223315
0.0928130824484805
0.0785954225678749
0.0843191986743553
0.350541935013915
0.0633938827472201
0.116146007519009
0.139190513801727
1.43621949890751
0.100866009961531
0.0863831444927106
0.280813673579452
0.312180815923903
0.130291302875538
0.08500644539704
0.230734045408312
0.0201428190628601
0.315178913056587
0.449254034476756
0.113572700096281
0.582461859785061
1.27028614772086
0.0234588877549227
0.12827277093824
0.0449361200912166
0.347713093577224
0.0400852488916229
0.205186015855345
0.230983797446576
0.301005191680329
0.0460347293246824
0.201667412477926
0.0369172005668216
0.0614169691036588
2.00361501571421
0.931657197946098
0.0867907174507331
0.278460651941429
0.0439751093421795
0.0513626189913616
0.036981371601594
0.43903134653649
0.0724709859620316
0.0933882299845106
0.227385885875763
1.03198635473921
0.053699058498353
0.140628257582012
0.0215203361235373
0.285142970575143
0.193283408674521
0.134051101625886
0.0517082005898549
0.0449755517720641
0.0910846367770131
0.112466199411035
0.0115954252084899
0.0830677427641966
0.128852326701879
0.367691921146188
0.0608830155784301
0.393192598970565
0.348128451111772
0.0674841324385909
0.952624744587959
0.0214150236670663
0.374838577102978
0.0727850292662642
0.204866219535797
0.0308446671996492
0.0224678053952668
0.0622213411654279
0.104330772136702
0.153001856544899
0.890496777456623
0.0698003357140023
0.407355313595817
0.178430211601038
0.0986773589846568
0.110738905758346
0.12784092422684
0.0418931363159745
0.1399027166681
0.0372044845318184
0.0150753853762576
0.0822698582590095
0.174734353938775
0.127809408757774
0.267543043443727
0.167936056595463
0.0406654651004467
0.142955619047662
0.258509980682748
0.00691816709504044
0.0724734033913611
0.0652709197848489
0.0969134307882448
0.136331893922356
0.0248103140211565
0.0954420955229121
0.0157831911216907
2.07337276959897
0.208954154371205
0.0741443716601292
0.0586022261710155
0.0715653150087723
0.0306283965946146
0.160750489738113
0.234753215911001
0.0551542214083427
0.218137228966276
0.140584543338525
0.153610320264065
0.289220380972624
0.0817543602217779
0.161351487243542
0.197084222914774
0.14979879715382
0.203616664986911
0.256318112529627
0.0839602770720227
0.141237781015207
0.20950801764194
0.322213714398991
0.0589184801706409
0.116176830024771
0.097137369742595
0.251110585645993
0.503476125138009
0.199843311237922
0.0304997162625817
0.265767461086362
0.037001670463628
0.12065436030979
0.198111949898422
0.0416034012817835
0.28263939850853
0.0866618738532527
0.175974271963985
0.198629367371517
0.0829727120532573
0.272436500811994
0.273880621391661
0.0170464345186997
0.110689260706424
0.209114321541354
0.0958967037771047
0.19924493049353
0.0873675808126413
0.0308764768948725
0.336830782605291
0.356875384548774
0.282139277901843
0.243830946328084
0.16332224237852
0.211555525232597
0.0945899821242989
0.0890663831836068
0.0581268793400654
0.0454275777045492
0.00948495367774759
0.102717427868023
0.014769126096749
0.161666330772265
0.246591154332498
0.0122295867322364
0.251167715679167
0.0381380143193427
0.00562195613747586
0.10129458223703
0.356862303176232
0.221590093655294
0.286820212922543
0.393373845364351
0.0121554831283081
0.00345886099441665
0.519982073732796
1.71025106104282
0.295503477174627
0.11749554282648
0.143599443145239
0.00908965191489317
0.261131774017827
0.0818470623069124
0.25321619946956
0.0797777659123856
0.238841068702978
0.0392689151298575
0.112803253606152
0.0423413426042098
0.166878140427921
0.0958763765904181
0.889660399001956
0.447464218594892
0.13496420896823
0.0687331163506135
0.181116363420225
0.620267168623654
0.502863107637747
0.255127305272442
0.0917535530380147
0.0570732003106593
0.261898029777852
0.10368799970434
0.158998497116378
0.0659593032647296
0.0393178738867672
0.0339795606612652
0.0755952815063297
0.12746152510444
0.0495679896667763
0.00892311576506738
0.0927453054129218
0.102925261897255
0.156217869436331
0.226708939778985
0.544299061913666
0.0336436456563069
0.313557689437244
0.14978865829393
0.28140507434191
1.21569940525742
0.209129822737848
0.0376109219494779
0.0322334561011056
0.0803785650018096
0.255909147484671
0.21004674357826
0.155892997127495
0.0879376856248103
0.047322120638654
0.19774922798343
0.212395352234345
0.230155434390767
0.093966353139045
0.195923958198305
0.0356685535447752
0.296327814102863
0.349901847633745
0.170284844848639
0.366845216158681
0.484618453396806
0.234478573647889
0.175704214100597
0.279955185756621
0.389550589750709
0.380575916834503
0.240699450598042
0.120941751253152
0.55030049864288
0.0173306403136005
0.0213540787559866
0.104433300564842
0.0075993180608246
0.377699679978181
0.484402162785626
0.0302522602941606
0.258350546539663
0.207148141312651
0.290347930090814
2.12376560857458
0.57286093732312
0.756619640675694
0.0683136700043333
1.19151236023555
0.313476617610067
0.207726368155763
0.204108498051208
0.208727057059939
0.469072861414911
0.191865850001378
0.967197222331926
0.195434970379951
0.191797329170189
0.247599556970529
0.206155742160448
0.0317560329522607
0.0601100459127208
0.12612673563056
0.0372589568354037
0.072555955721032
0.387991892065748
0.1371804745731
0.277258820542194
0.225198650881569
0.200523142973409
0.228548093495264
0.259936053480071
0.256132698313906
0.0252140153255057
0.142049080548482
0.1560575485199
0.00546967889076215
0.286196549675741
0.152281396841152
0.120530170797447
0.311144084148569
0.161073186009305
0.195704673355791
0.0817461710755073
0.0662643423804724
0.206731440860891
0.441323278158634
1.26565974748047
0.182990760624635
0.0295756433408404
0.175112887531441
0.0753508030978241
0.156100735303438
0.091212499712528
0.0568971536849695
0.212920892207532
0.0413759244111453
0.170704431224722
0.0686097329095251
0.307311332133203
0.0255637234451584
0.538988321814955
0.0685426395611596
0.28556470915996
0.0658337795715096
0.152647617640449
0.157425658988947
0.216281315396605
0.139104978699115
0.0883277521444333
0.268774339190429
0.0785985233286986
0.199570824332645
0.385063283481238
0.0774994474033354
0.233246933668589
0.0463286184543635
0.0217473443819582
0.61719896002116
0.174608664006247
0.092472828407864
0.0774534173824766
2.55713858646292
0.287255905090111
0.0654907023188636
0.116759683336247
0.174054876410462
0.0587891168928951
0.0445057973319078
0.517921542295062
0.245860112008736
0.311863890249892
0.077854822417969
0.113085007687593
0.0846597467281176
0.134972328900491
0.145731845581942
0.110752556802132
0.179628356111522
0.032392887213551
0.315304600656407
0.0753932361774082
0.159758626123116
0.150940394898386
0.0802314082842364
0.104058743032585
1.37075409846112
0.0687118554357907
0.00948854714280783
0.12073048712546
0.0451536558225808
0.0572675259146129
0.0769511098542671
0.060952339609063
0.19370851967783
0.074933184779891
0.0917055807987297
0.0898928038811382
0.506217717112006
0.0671949047583766
0.411684626326855
0.236310944782319
0.140555529329935
0.295418249094872
0.215899685423552
0.0501350618210006
0.654141763527342
0.0268636342159028
0.0450833385979597
0.135393114888908
0.0152021033746712
0.218862367186651
0.171012764290477
0.0336773265302188
0.571723961124631
0.17303098434598
0.298354118458552
0.27972626915115
0.115010386007775
0.0938889649720303
0.323715812395613
0.0268284150438024
0.0342897895488349
0.0160009015766762
0.62337381331668
0.0620954591740799
0.16251257952345
0.152478382524816
0.0186774823642927
0.00597849561447929
0.0599113371210764
0.0581540681751539
0.0761889383690727
0.13629419417474
0.0805295994442058
0.189356493078074
0.108509206815693
0.370834365440741
2.52617030364923
0.343129284929254
0.0054389986936298
0.0241578819715066
0.08144186167947
0.444342170183173
0.036916188025407
0.564555712930504
0.141424353384339
1.0058902715135
0.123821612397488
0.0525662345469783
0.0211427786573553
0.0453068457307403
0.500013080646091
0.0857381551399559
0.304155275152418
0.72747815672096
0.0645163427879264
0.116841425774139
0.0727124785092135
1.68689311322262
0.34222672896427
0.207834859119436
0.127650778077189
0.0862583148012873
0.0915037059770631
0.179483020453661
0.262212233268541
0.0497605084077226
0.276293607290658
0.0465855054767421
0.0236920847478537
0.137599793264397
0.259310199151623
0.274522445844237
0.0157351669000426
0.104565470877649
0.385490427398432
0.0984391582521473
0.0299848096475986
0.0348769238122588
0.335800536458108
0.205690664681675
0.0285557755635631
0.0270426844795783
0.108015692670834
0.145579874455078
0.0372686097486786
0.375441555325968
0.261613911042266
0.0844208735023839
0.383583650776117
0.461427735291786
0.0672951997555505
0.0286267522929095
0.11356778249207
0.106835556766805
0.0537877296914906
0.412275031247457
0.504552708337352
0.122665590441414
0.292034328838999
0.021127168252389
0.287514938599964
0.00859663536721536
0.151669113919737
0.222451204541431
0.0769234550387773
0.00640753732209263
0.0700860480147292
0.163796384532818
0.170363755604469
0.114426839454746
1.5302117249928
0.191729560501522
0.0213740274536442
0.00543448519840082
0.148614623024125
0.0502876488321327
0.0529055737022578
0.10596460958779
0.184891334471697
0.202740841521364
0.279273250087833
0.0440061299615861
0.13111353460826
0.0789605567161301
0.0122649060611367
1.04233855170785
0.0506407341138963
0.525529275827498
0.0176186421008395
0.143783843348042
0.32994433112405
0.106722993603664
0.0428772257141092
0.0409783725503271
0.0997186177702762
0.0871887311527485
0.0902404714355914
0.0474708695565596
0.0251455019894955
0.0437754138956536
0.958807279155289
0.0607679312349678
0.0180560715014347
0.0565982513479984
0.0307643446623519
0.129538029723934
0.0678880135821753
0.0499479005923035
0.255658060008669
0.157070582038676
0.440970422650185
0.224311590824311
0.0918541624789214
0.0158073606551264
0.0611181682733561
0.3114767732932
0.0683827364291578
0.0327783214969097
0.0269212098792504
0.542972562572829
0.039590922611425
0.0918808387433535
0.387180504066146
0.348700248575287
0.188370322743225
0.221294411441966
0.620119462639064
0.00923501626432595
0.0302756763831781
0.131467538507292
0.287034086253985
0.0878169371224476
0.386387325850073
0.182324350033162
0.133799595472598
0.0849860751061313
0.00612950063287365
0.903072138248287
0.0835364255936781
0.097600601187563
0.0878600025578828
0.0632282579939651
0.452370146609983
0.0918001170055243
0.181265075007594
0.256177692232476
0.287550460270056
0.0406456625577789
0.147103155177495
0.227346704194367
0.0201268887026757
0.017499520882389
0.11379215883113
0.153729885009032
0.0915671085534831
0.234293234115684
0.0461266308635927
0.0601484308410029
0.336387143902558
0.0315527079074412
0.10706196504215
0.110401384583792
0.11022261251782
0.627550808018879
0.060147726054376
0.202422490786145
0.274302661138705
1.01178874281882
0.340615549849646
0.148345881329712
0.364951921961742
0.285677188570467
0.281023528014095
0.539027014144408
0.0302245861596183
0.368500209496456
0.790009909829715
0.0591239736353734
0.208129154629579
0.833728933046428
0.445600985194482
0.0892739090953486
0.161475931395974
0.0441263745571033
0.053827712059695
0.0393564316057521
0.0882970011032171
0.168945098578138
0.0312466164909241
0.528695304197029
0.0930653318275103
0.16579833551985
0.095846106322571
0.0416699988730271
0.0906882648554506
0.429437279341311
0.155734184220556
0.0353577951498015
0.160733998574812
0.36655218479136
0.111600078694753
0.076063533438098
0.0882135464563282
0.0382251342856431
0.13020676715513
0.0485731080992045
0.0362993854745175
0.271760673827812
0.161321718795942
0.222399407160848
0.0805923938864522
0.0263447301625803
0.449221173721675
0.459874865982317
0.166019959671845
0.009890005293069
0.43614662284553
0.0788452554816314
0.0706146837657144
0.0899810670369053
0.0235781584525961
0.111550233200305
0.688797731007935
0.460989652659475
0.0966919582550127
0.331058184353113
0.0855849356981794
0.298662829405503
0.0519983189227731
0.0295134781919322
0.174417210327627
0.161149210746113
0.266649080907476
0.621863708753282
0.204460598532682
0.204069772844819
0.0059940898589187
0.0690721671025538
0.161820535591259
0.342778799385277
0.17928371687805
0.20270024162116
0.0065630120232769
0.0273437602144085
0.0379002928630351
0.223345704498196
0.0595410656124062
0.171737058451231
0.0635868999031888
0.0402470022136193
0.117769926640493
0.0551752967951328
0.0660225157883823
0.134173608825792
0.139298547106829
0.0808275952860451
0.131267212785488
0.245982728952827
0.292671276024748
0.234693307851085
0.729731458772009
0.088923216572103
0.341128377198884
0.424422340781725
0.273089125250516
0.115539041769244
0.297656453675319
0.883761279062445
0.1430495520243
0.170210696242577
0.135543360630685
0.0755550351197478
0.801827988332899
0.146411200335676
0.677480346474105
0.448528159908608
0.357387139650614
0.446086752725501
0.0182923243038342
0.0530309755803248
0.27570885319358
0.037669111046023
0.954089902193673
0.338354949628808
0.154588895678621
0.718994027489524
0.198934842256538
0.138717073809231
0.0598521043743246
0.283559761563344
0.0851504957592546
0.114410230050124
0.355050453117059
0.0240017935070318
0.106403557742599
0.0143192302088109
0.202407359094841
0.11717528914349
0.770982447474282
0.0270663624071363
0.0662459834607094
0.321800576527642
0.0516115409458453
0.101964966765109
0.080982578400661
0.0698999437466704
0.174188698457369
0.050326469391385
0.161348150641158
0.0325554790971394
0.498360201852887
0.0183018140741665
0.50235535922296
0.0820549727343236
0.0637374601544157
0.0929873026021695
0.18904628582285
0.109369796341071
0.110473461789294
0.0498197138993344
0.21483002495234
0.0729350716940423
0.0822721803052147
0.0645522028430745
0.188318077847032
0.0165621798089663
0.0518692468393245
0.150504916731714
0.0319257481332448
0.0239520701125036
0.0743399659286282
0.379259672450059
1.0152387720275
0.23081951143537
0.314506678715706
0.0837251304468766
0.448083585358201
0.0653666390067626
0.143894769872797
0.683419599154584
0.268699868725819
0.219544676186724
0.0947877395128879
0.746928015509919
0.0440892734733179
0.199523900225188
0.0706342374564233
0.14274657121809
0.232871255160211
0.00402072166132619
0.0124519129955328
0.507886400498906
0.149740303327339
0.123837499693895
0.266959744389768
0.137112047542296
0.23054057484096
0.786013115998566
0.0603765704422879
0.692882047562146
0.622175932251076
0.296951113402893
0.145205698840299
0.554135289583316
0.295303036121191
0.138407209403326
0.0714876438288896
0.440292772448506
0.0141664807843892
0.303555493911166
0.339625722115614
0.591714242732625
0.46263027549736
0.0851929252351191
0.205373360863807
0.0943586206853939
0.0388403656822182
0.121355123347585
0.0688236862105216
0.636539216705386
0.0996261546450466
0.193904417050951
0.239113364259776
0.0423326163985509
0.142686483515545
0.406040524083079
0.0597538657397415
0.548380192907687
0.0692308257376936
0.0936888259664912
0.247291377006842
0.0434128569501905
0.349182120175587
0.115258585770091
0.248958628243128
0.140771954175148
0.0512965108011061
0.0132510579694312
0.136573596985863
0.0632531957915844
0.120946184066105
0.148983410653883
0.197176872874945
0.038588874761698
0.170571116630443
0.426965221646723
0.110745850934515
0.231080590737223
0.281866955299577
0.070839305043009
0.388559563112144
0.283950302693544
0.256454375949338
0.137303628777046
0.220072272012252
0.227647559888158
0.0575209862773713
0.0781777645663623
0.0587454395290134
0.163433111677952
0.12416290737839
0.233008789594336
0.0149325774999886
0.155304878067617
0.0176703280034521
0.134466632792297
0.0102258469391894
0.0870297388998992
0.0755870577588782
0.200616683457972
0.188461252050045
0.0638167093588966
0.157915216676754
0.110877459408367
0.0334833606895751
0.163576379736867
0.172434331697311
0.0947000573809377
0.0706644007715488
0.031025545656695
0.239085011485347
0.0242056964532972
0.242660004544985
0.0452256059870561
0.0757889587029589
0.475515406656294
0.382481755980102
0.170820232930381
0.0628800556538299
0.19741663093805
0.0787415463142347
0.0491193713968606
0.558714206067913
0.116400390660108
0.175066436561701
0.039670620820685
0.294113536939093
0.0487521301263839
0.118667600297823
0.452126834758368
0.175218090292416
0.172469323980006
0.0589929033877996
0.210434576179493
0.108905433664791
1.55638396959932
0.0654784771137757
0.384372896955869
0.213425709904933
0.107928223604375
0.28690897644776
0.286628438599385
0.260918130874433
0.119901542840042
0.0492122057484367
0.100540531283305
0.0865777074125877
0.0681438282440122
0.0375777858115081
0.812001506826328
0.431616009223266
0.192948974580284
0.12099494078832
0.0786133661423323
0.00507814141335164
0.0116275020786219
0.280364831310381
1.90044953735719
0.0489811863257774
0.345445857402008
0.346922670381763
0.0549733267299687
0.0914908922746587
0.360577494666511
0.191854243198166
3.11382722282205
0.0609450294757724
0.0306055616659478
0.0192479394690492
0.0597566478478209
0.40461040429563
0.199040832485861
0.00758536923115161
0.107695475172652
0.349928961029003
0.0368121052236495
0.0758871936771561
0.232809387595156
0.0263270809850803
0.00887532970503419
0.199655663933172
0.250277174427136
0.0787130414095547
0.170654982879394
0.029207721224233
0.114134853864903
0.165073795640809
0.0971783516789723
0.537611594789234
0.117786782026038
0.161817290193716
0.222277664577827
0.11032849319457
0.183083899847552
0.34568295015206
0.126251646529904
0.0739822435868721
0.215701416451628
0.119953159608024
0.0581748595874828
0.259667524910969
0.07974789295739
0.21063189400428
0.258694591623868
0.238028289471141
0.0210500724892762
0.237523654005482
0.0604587494871628
0.167641254045108
0.0619032083230824
0.312554586508877
0.157762216220729
0.0691522263055386
0.0904567579095514
0.297592331033029
0.286269376394159
0.100959193857753
0.0214426065188118
0.220657120860991
0.113239476917482
0.112014591398248
0.516471699719489
0.0193339056499098
0.0877076824196459
0.0199919132605045
0.0916660369102439
0.215993066293164
0.0623084710946733
0.16526444227912
0.152756494845701
0.126782235347035
0.0869249105377234
0.271705245694881
0.256562534392933
0.0699542848890806
