2.10407838157431
1.93802688616518
1.98469759400613
2.26609113269148
2.38866316021209
2.27940906605729
1.8167645399944
2.14439456045062
1.75521688378089
2.47641596972418
2.14184240799836
1.9220211245833
2.18142127964998
1.880644388351
2.14909172292036
1.46721224161884
2.09256265730465
1.93489026770827
1.92998810324147
1.79978935781454
1.89802621526094
2.08662851859076
1.95838813701977
1.49932463799947
2.0607859825994
1.88138465483075
1.83789824653852
2.15565396999362
2.41342866909613
1.8611857563314
1.56026930451104
1.9138254846556
1.90211934602253
1.64832898438166
2.14362219180986
1.99117404289939
2.29692838290462
2.14243620044024
1.89185308820322
2.02155548942196
1.54906773732282
1.6270556822853
1.60035085401877
1.87683393518461
1.69068855838042
1.67160195607883
2.03986413557925
1.98905914194558
2.24143541206756
1.8428578842443
1.72782217042559
2.16764449375382
1.83235534287884
1.6916325494643
1.9062629014327
2.28637280832747
2.2688921001886
1.52118226615271
1.30506592584497
1.61580470038538
1.86390511202563
1.90465835957045
1.87450636644381
2.27141674195171
2.44085452649016
2.37092809282827
2.09445602860017
1.61047739816265
2.40477659725916
1.88124890918741
1.98599704060251
2.03907078075585
2.03121419579736
1.4556393574272
2.1200751423075
1.84429461789781
1.3619658138102
1.67195817406359
2.08567399784757
2.11793121531785
1.78312053977041
1.83854975102331
1.84147734840133
1.2957728213215
1.77729444339806
2.26784336662462
2.38860289893916
1.97670466612777
1.89762177241164
2.25711076904378
1.8631396426424
1.62672514385024
2.35968163360493
1.44838818459083
1.85830936440819
1.99869315965747
2.04786214735939
2.12628684014248
1.85182318423153
1.88324392242864
2.29755267215047
1.90240595058469
2.18626115395125
2.09388128486353
2.30269677515681
1.93315581018377
2.2169285422448
1.39431024959195
1.95485531578791
2.39069069363038
2.40414075010166
1.85459449756846
2.34789401261929
2.3827422825366
2.41097025318453
2.20328684074498
1.88690273951093
1.88179360695687
1.88479423330913
2.21156580679417
1.95446782482763
2.12063616944621
1.94499285153427
2.33955925449321
2.28066756977369
2.25565552424739
2.34656844999347
2.31546701322545
2.2199978194432
2.47806244473533
2.2130711392599
2.43394689275473
1.63095174419193
2.01697461935575
1.70357635496496
1.65816067456757
2.18892990600826
2.29102521978977
1.80816818808401
2.27331680870656
1.09709822668864
1.75503282531049
2.05065493885868
2.05015634682605
1.87107375151709
1.83676520854197
2.17161385375274
2.18311542569941
1.88567812694134
1.87648529088205
1.90430652687292
2.15516666642766
2.13419873221425
1.87083650500408
2.39521472290798
1.53820819281855
1.11836375838303
1.84231850580573
2.01966694627688
2.07100073651945
1.71138177309948
1.7040164136334
2.01888215558018
2.40269431658332
1.7250779942831
1.97953809947171
1.83014438964214
1.9140849953762
1.59239150782193
1.63311451694777
1.37920288716396
1.98080050922079
1.86459730262724
1.9111321677749
2.34720289597971
2.26158107792948
2.00338771199033
2.39003909822565
1.79972005270267
1.98008776390274
2.16542863930961
2.09311674107374
2.33868962066992
1.95464388767429
1.48059604940402
1.47150540986038
2.3815026303243
1.72448363740957
1.84110912883994
1.75523567790997
1.64786926934796
2.31384069249798
2.31307045835298
1.93022764954808
1.66059714525094
1.64594543409816
2.06090426503183
1.99273344512758
2.18125265366739
2.31310534362292
2.41840956494688
2.15202333769862
2.42113949841803
1.89292805634836
2.07727090734177
2.27791817918839
2.18124107535801
1.4892860198697
1.48749403941871
2.00576267265854
2.27498986109456
1.88524229218164
2.38317661050777
2.24193826623278
1.5760524800433
1.87162987231666
1.31555188500611
2.04931723579988
2.20195944804862
2.04971937497311
2.09179750930795
2.14167037583254
2.26100875179826
2.07690861452573
1.86906108911053
2.04821073005426
1.63653870948616
1.90563506729494
1.79354633672892
1.45801432259792
2.21812465438096
2.03425846478315
2.0905849495666
1.93299046037454
2.02813338437128
2.13791740071129
1.43986821252829
2.06461416969892
2.40547151867306
1.55866260995284
2.19207690640895
2.11763662828124
2.21918887614673
1.99999795849549
1.63360100487081
1.6475252201985
1.85394654966367
2.25602483146713
1.35543929687183
2.05640594417508
1.81689500543542
1.78469670107192
1.59848135407485
2.07276944292921
1.46317434458585
1.90252240695908
2.37870674405163
1.95545552930319
2.05927241925335
2.21682177914963
2.05770824342027
2.35562801027898
2.08281328119551
2.33577822399596
2.19370094591334
1.58748202766748
2.36443173920888
1.86920742058013
1.64978603582081
1.68864355111301
1.49625696444053
2.05789221119368
1.9742890957049
1.60497855045647
1.61159950788966
2.25838382315791
2.3761242544246
1.61439262265152
1.88609201448552
2.43375600871285
1.03385784635252
1.86869347633726
1.97764619175585
1.68241967771398
2.30351185826484
1.79796044782325
2.01327701288749
2.25449495390942
2.1593834850545
2.34758131467341
1.5061844559184
2.07564443631995
2.28316413671787
2.31683816653053
1.87050423924088
2.04663371511657
2.21402144123446
2.03540957345323
1.74756141481693
1.89924696886515
2.29704946994182
2.05219332889464
1.88917846122571
1.94484608925965
2.34537963707403
2.44402805199287
2.4444393069183
1.52565546923391
1.87845982587511
1.85772636789057
2.29806957794026
2.14534545383012
1.82011398423833
1.79897521181062
1.79628728021657
2.11234732620454
1.72618253558442
1.70461551436846
1.93322251115655
2.18173801330575
1.89127415092042
2.37348468111063
2.3566852117325
2.14677385651319
1.58083026621052
1.9771564597931
2.47823256533637
2.27664833073786
1.22748017623381
2.20409792808664
2.30574935665259
1.72485950613767
1.34274005334761
1.79718159787636
1.72719557054816
2.05625192637027
2.09642831894797
1.83847154161337
2.1588330681721
1.83333677636589
2.02020035566711
1.24560987892359
2.25511968685657
1.70493916706222
2.21641354807548
1.73089137255503
2.38887998245841
2.13781926052618
1.44400190205468
2.03318058385671
1.95683235473742
1.78276961849241
2.21595182341816
2.1380722648182
2.21149867857346
1.93482418156139
2.21757292592256
1.84547155175661
2.41396231979028
1.46024805700854
1.76249620907955
2.13506068545809
2.07387803657034
1.71066720689651
1.87533787463224
1.49855632624555
1.97634971854101
2.06388709640073
1.74282248359992
2.03707415156686
2.23958580485243
1.93780151594422
2.22231961527678
1.85083441914555
1.84425223436345
1.42940029296689
1.99296471146367
2.09274156833175
2.37776740967151
2.37269993086205
2.27322432324293
2.3112791459908
1.54629252422118
2.25643931127758
1.89091670933863
2.17590026231071
2.34019047194582
1.98697322177034
1.8768524053685
2.41511793419637
1.92756884407359
2.06143838203359
2.18583485832116
1.77674898887654
2.09283492256661
2.39526146716923
2.35198004431244
1.33989385084297
1.80159178733369
2.15756020848374
1.67150703253177
1.97685934448485
1.50730869066288
1.94225875309955
1.76329341621322
1.07915180792825
1.36570234105768
1.25620933410563
2.34091256310849
1.82124941094009
2.07662667861968
2.09268641199405
1.65457343693055
2.18102353627773
2.42706014486768
2.09688607655996
1.93026317496116
1.46402667458682
1.58954407723015
2.26315486060611
2.13996134263291
1.83948162661875
1.90174146157478
1.77801310354075
2.01308650186301
2.13282348607301
2.00054510024045
1.70290158596605
1.8587183517732
1.77567249257628
2.09601959381379
1.76180333298924
2.17849672082038
1.98532594043654
1.97968222981616
1.38306513380658
2.2979210794496
2.43078450355528
2.36485263879225
1.43268702093618
1.66976290952035
1.35948208069831
2.10109758892325
2.04963542907167
2.3173691314573
1.93348155067597
2.02419727659091
1.89339973239916
2.17700971795749
2.39897097044231
1.56522893716959
1.73218226469744
1.33257849044572
2.10744540192788
1.76633447479565
1.78622791175035
1.89772786350946
1.78945384850961
2.24342389328386
2.16831762600189
1.97143058268715
2.27104759204088
1.62039394286284
1.64757001283969
2.1986762483354
2.27537893580419
1.95556974254187
2.0774732507168
1.52350862838921
1.97520231246069
1.75792312045432
1.58368408030849
1.98717726471085
1.97679934061731
1.97766322665766
2.0741225845405
1.57415122836232
2.08171005506305
1.63113023790665
1.51315232964979
1.827257912666
1.80713914238997
1.51536885185442
2.20570761109134
2.14515833029803
1.69650003696891
1.44506616421219
1.56746117493248
1.84461970642747
1.82926738505046
2.01410040027796
2.02623420230069
1.84677182622713
1.87368282259949
1.47686251019168
2.3866533662341
2.08952048106643
1.37554945979702
1.57980246381253
1.42791248837226
2.39018645821706
2.29492396494601
2.27994071651604
1.6789613334139
2.25476632520368
1.90606612011581
2.33053650799705
2.14176877408615
2.05032935283721
2.30472369210254
2.16606093522
1.67497500881708
2.30457043839674
2.3348590521776
1.6173339650663
1.92616653651934
1.05913113363823
2.3562955994407
1.08268238022813
1.8508427989012
1.83527531543102
1.50997438733167
2.22618729594945
2.07929902188752
2.22492390281344
1.8982368208285
1.96743259644834
1.97229158314292
1.86277690483202
2.01823529103948
2.20839260155818
1.34278744400022
2.20606908178285
1.88210235263824
2.24914970870101
2.04802683575027
1.50638371769699
2.37121689498221
1.94681481995331
1.73341917262464
2.07833599033534
2.04499947354373
1.85304616044371
1.52129681634913
2.14700719877402
1.47274903077887
1.82836913591461
1.22390150619131
1.83073609466919
2.31535803029663
1.80385360639034
2.03219319395962
1.98522630811988
2.3596284906378
1.74694313192298
1.21992985773195
2.0958699670647
1.92736120961249
1.78019847956728
1.36917278668378
1.88249651367526
2.14177368020396
1.91727538723246
2.29680209350443
2.03819300782795
1.17305288579734
1.08961031310218
2.34362900140845
2.45122159294119
2.34805505446838
1.48512586147132
2.29953297566785
1.91592787564147
1.95182564779808
1.99087389447406
1.86370022502619
2.0394934376586
1.82921067423133
1.39123730251027
1.51193530854834
2.20079073532641
1.39852702136841
1.99163022225064
1.87453510012113
1.89114150667245
2.20099336847091
2.19013633360263
1.85587606267357
1.88169697717685
2.33687353090919
2.40511283795838
2.15293565753158
1.84496103161082
1.56798564307274
1.92635096741353
2.19881125440092
2.01648899568081
2.43885240033428
2.28203669520573
1.81943307384859
1.76225201326177
2.04321341322802
1.9207443449469
1.90253204460171
2.36246284732736
1.7694440269886
1.91246497901478
2.00180827010487
1.50394030203177
1.90970482623436
2.29396775067895
1.49182554817766
2.27134668352025
1.38325813996748
2.40793588721652
1.5625019688461
1.21674533794278
2.38102337257309
1.81069584704525
2.08760310811169
1.80924137504509
1.94635446761677
1.2988979491065
1.74157536524791
1.79186202086512
2.07531500812857
1.94613638304631
2.24477702841251
2.37400669913898
1.93690803725558
2.03694019403068
2.12974039659846
2.39188310972377
2.34358290087797
1.46900760712462
1.64956847270002
1.9181091676363
2.31027596514565
2.43171728534663
1.28672544406288
1.5573020963685
1.92053699377134
1.29024657538361
2.25204634220677
2.16572270177913
2.07373788941958
2.24612542372528
2.16274587793003
2.24010637806819
2.12093538423744
1.97457271098062
2.2647035582792
1.95303246640407
2.34195829389036
2.24192297114031
2.25519430062959
1.84024335651002
1.69793220271612
2.07784961628618
2.22481757903348
1.82774188597779
1.9217193106412
2.08457366849152
2.04452069819193
1.74373610007313
1.83103111289325
2.19265059447222
2.00026137738946
2.20141630909043
2.14909359060126
1.89654214926518
1.79595480980243
2.14202960760794
2.01464841382516
1.78647502923603
1.79250479259797
2.1640781099976
1.64906524907315
1.94656825695663
1.99467405120662
2.34293794117098
1.98590909216786
1.76907131569021
1.95873647798147
2.10566069574743
2.19159691434696
2.2996129429449
2.11367822410569
1.64773880520863
2.00457480901994
1.80130633257755
2.40701058733595
2.14799682692612
2.08357557415191
1.88178022206031
2.01365635831765
2.33606259192943
2.37058578307238
2.36381777023298
1.90506554964178
1.81931811629764
2.15526206645915
1.93907954462907
1.3630537239468
2.25299340549146
1.5442905317125
1.79782325749184
2.05503067965115
2.45212774930388
1.8936244509762
2.26006150541112
2.21288073979673
1.49455182600913
1.65627178654438
1.86462525451084
2.05284578068547
1.93545919098519
2.26943602662076
2.05699005016507
1.66912624833066
1.21930212506794
1.60157562732688
1.74829647097635
1.76054782723639
1.73309269597064
2.1406927921119
2.46230512654826
2.18952231544488
1.92330635282273
1.96256288904568
1.26963447642368
2.11249653339445
1.81480806142935
1.83169528609569
2.02750081255235
2.02786262102167
1.90942937624649
2.24260725111851
2.31121399400565
2.3077368339749
2.21574636922822
1.9169252677447
2.48645643527705
1.468055263094
2.30141272106282
1.58522981785336
1.51887373477393
1.52275305114328
2.01929875537916
2.45545955996014
2.11222107436368
1.92998057136017
2.41034228958361
2.39633773196032
2.21470499005848
2.33209458058257
2.11456703216087
1.34373359982577
2.19841845595883
2.30453749148177
2.27543469381857
2.07118096017853
1.65978599054776
2.09055933265471
2.32702433148928
1.62856476056654
1.62547816405914
1.71788733275217
2.19519669833765
1.34140248110557
2.08832867593682
2.07872638193043
2.38522242664093
2.04827653745022
2.30294711783175
1.30449415203491
1.58649874765367
1.9148122808242
2.30343146029098
2.14180472902536
1.84230104768394
1.80901196594217
1.08532101253925
2.15736542874375
2.31747290162648
1.73597678295305
2.48200826577694
1.59102813936796
2.04185227713057
2.24224347869409
2.43469954008785
2.01427739824829
2.00361787942102
2.29029437864501
2.25229340983588
1.65771454858872
2.3473677733616
1.58736537499856
2.4716943085988
1.63070370666056
1.89748540438985
1.50902971882351
2.19298992109211
1.62009205261886
2.21908501392422
1.74052440273364
1.95443578318
2.07336580594086
1.68408823647629
1.91274301578827
2.15006085854032
2.17762303766245
1.69422815908126
2.25637306873011
2.08024914461306
2.1657497886179
1.77163474521185
1.88701777962341
1.93615658492636
1.40687241325104
1.70319542648515
1.83987734619233
2.18270215205099
1.70516178126443
2.15817691051153
2.16169922600194
1.19521184277488
2.22746395307427
2.16047762097239
1.85373669916671
1.87723766555029
1.50016646147507
2.19202095141933
1.83708520609317
2.14396953646936
2.28077676812734
1.76951022659794
1.31422747921802
2.11870494033038
1.76911774508477
1.66205021439937
2.12572401937831
1.58449848713947
1.61019022600824
1.90951517741311
1.99742047950586
1.91880955925325
1.9045938149848
2.26460525770059
1.51685103306749
1.1683572850893
2.29784311034112
2.08132635874128
1.98275856217215
1.74956311838841
1.97169005262354
2.35430741311842
1.99443030008008
1.90152854788712
2.20739712183513
1.66229923114371
2.17670055825522
2.2454085950401
2.32584874522148
1.85791453829865
2.07989563923954
1.76788182785281
1.84589528325082
1.80119350185459
2.34667033663256
2.25151265397713
1.39810798371539
1.6987908496876
2.17936372112999
2.22652460684762
2.00539955220175
2.14841554697075
1.95229446659368
2.22583203930114
1.79754587253679
1.95211919736628
2.11486824113033
2.07177194599237
1.53178273704148
1.77175100312905
1.6543312011943
2.0365823462603
1.44948040341682
2.14144991696288
2.43836826947033
2.05890004279947
1.72676365589004
1.96117211749563
1.8874081411127
2.29194852142569
1.67602436717608
1.82549168012667
2.01162731456541
1.90184854363211
1.95446015418455
1.75947975640815
1.9641890326622
2.14113978922197
2.19372829040414
2.28130673114191
2.28773411441768
2.15270332212316
1.22910030506669
2.17888784973221
2.2926904732928
1.36626565881309
2.39887884497071
1.44711213449183
1.96094191018136
2.03330208481494
1.86854242763681
1.6962052830997
2.00807118243608
1.84941961548455
1.46257706598767
2.10447884753831
2.00196592261841
1.43631495130067
2.05661574409595
1.1726194716729
1.67152250027
1.60588483721802
2.09325164669391
1.89868363173472
1.1469215658296
2.06886334778473
1.8148866294241
1.98671145415936
1.93361333681412
2.16145112051198
2.31646225456335
2.07045708141341
1.71984708283531
1.84832124763549
1.93609988321089
1.3616253503162
2.38370737036343
1.29451212433948
1.76207406125353
1.42528538374843
1.7229841280807
1.41766466174249
2.07133597530949
1.7876551650323
1.43447852283211
1.82561843764262
2.45436074220103
2.43145495364572
2.02265263659007
2.33289137925903
1.75269812482714
1.68421838706499
1.5731222340385
1.55293907322813
2.23619030624427
1.98216208361561
2.28232928042664
2.09849240722666
1.37291818660777
1.86584243486389
2.01102522346851
2.12483723450794
2.25898533156416
1.87567556436974
2.07112969756329
2.12685942285768
1.61573008569225
1.64960889872419
2.36965816448663
2.14085259349317
2.03520724787163
2.07876503726099
2.35849898790359
2.25957377253633
2.19957136730206
1.70101171631975
1.72601146172747
2.24995275620349
1.56495199326035
1.63923723727777
1.81950144449682
2.01567785344188
1.49465330568843
2.20775612848923
1.96085277632307
1.1831898378045
1.3025406917281
1.9482133741088
2.15561587480373
1.96288125325872
1.416155864357
1.68942042555627
1.82778323405821
1.95362844261029
1.72038807108557
2.12510386837051
1.89838294293953
1.91614934179344
2.07251287719002
1.4573693321403
2.07977820021271
1.99086033102742
1.93126407013622
1.89797870737065
2.10817023048603
1.6366911865789
2.21551716088532
1.70902847878239
2.32109245721724
2.15543921953391
2.2092033110137
2.4341974447432
1.92624324328722
1.95277794182463
1.57412088528541
1.608560615548
1.59229120970542
1.776348421828
2.22637293530414
1.70791514804729
1.90646490027007
2.36291495467661
1.23790851773489
1.98833140052302
2.12429587915391
2.18679407999717
2.01323381300894
2.39337423436509
1.58486352347247
1.29443857377805
1.41334894850761
1.82007271406347
2.09197127444217
2.2543643618086
2.09987729859001
1.9012354347978
1.9448132481812
1.67375942759894
1.32080595023254
2.2840656802411
1.35834567951505
1.29726970907782
2.22737432461971
1.71655221434835
2.06442434959831
2.43637029983337
1.42841913131242
1.77773432105575
2.12706760666813
2.15194882076642
2.20506849780571
1.68588105058562
1.66708233781007
2.15491520601947
2.08038995397965
2.29835183681864
2.4137534337416
1.51088862111118
1.95932856954577
2.26435338105915
1.72566415883266
2.12883545123455
1.56109884936804
1.93974881942988
1.85241607275429
2.12681644058686
1.72429538150697
2.409324511892
1.878641505517
1.74200161321168
1.62491932267374
1.74699924528762
1.9421250316314
2.11198531262276
2.22173726475179
1.57888791927416
2.2867973759434
2.06654100026935
2.23120854442774
2.1102599779826
2.12278969342156
2.43728199830132
2.28083668737456
1.93346472494161
1.83085330319276
2.00575563944711
2.06815009274544
2.09613429054816
1.58181749038957
2.07283407557227
2.06288468631741
1.71393827292986
1.97451931519311
2.26679137835074
1.97091714797072
1.48713172775864
2.38642046375267
2.00747700513005
1.66231497582334
1.73335407217409
2.30557323373143
1.8805769042987
2.26342109365236
2.07168370244165
1.88298686610655
2.31667062228321
1.64125042889468
1.95706344955132
2.01857918572081
1.95244501675784
2.00550815243731
2.16094023416653
2.28692899267956
1.96319173408363
2.0627657663734
2.04943978603474
2.25031358694942
2.377272298861
2.11917971990885
2.06865891281479
1.3544081873643
1.89087529070958
1.75320743426737
1.63517647265517
2.30650517253437
2.31704762708096
2.16460659012936
2.20630938596968
1.81480755620886
1.86151273020985
2.05939056602704
2.12280686415314
1.50661820689151
2.38301367066708
2.02017037417041
1.73857260507298
1.88351102702997
2.20340947967434
1.55396194899576
1.732438528139
1.72729284248397
2.31336924337461
2.28353899994733
1.95565870797958
1.49448524125022
1.74015150601895
1.45119294633274
1.91471522507783
2.07889018146095
1.89973855273488
2.21518308123524
2.15223958883777
1.94109294896811
1.80178667515435
1.94443326812852
2.03636072139658
1.74158057735404
2.29571876240686
2.37518377167049
1.25526944491858
2.01929712439166
2.47517947126657
2.05534317659303
1.27254409503574
1.87589773779467
2.10190121145207
1.53840864235242
2.06326373313033
1.96088430992993
2.40622138546541
1.90918608351413
1.66640006320438
1.75432151564989
2.27510841995219
1.70955488992386
2.36498760291743
1.70410743077315
2.03051788622358
2.17384835659156
1.97036733356177
1.72181792122114
2.15712206308167
1.78581021672738
1.92690358392836
1.65678621868875
2.02860739830694
2.20268823703794
2.01362574736134
1.65767836083019
2.18022176764634
2.30979201609952
1.79905709678356
1.96877612231248
1.7029237681398
1.80804822480237
1.94352832555654
1.96225898860611
2.20924564169263
2.15866050142797
1.18366798552521
1.64555121749198
1.8499138385792
1.68448424248457
2.2278817981086
2.10387404253561
1.25914757470598
1.24761115190137
1.61653232201086
2.40777047867762
1.40770265239967
1.95326785406245
2.1664312446046
2.01238695207446
1.98707622239208
2.33395319527725
2.07437447439377
1.74121650969751
1.98913374083527
2.08582486818868
1.82705994874326
2.18265534627531
2.45746085979057
2.08661992590016
1.62844450300386
1.31933784298853
2.00080681312201
1.70171960162696
2.02144081983508
2.39997358506642
2.2654344110977
1.61930573797848
1.92691915991518
1.59042662300198
2.22431135520221
1.90647972972167
2.27894156823233
1.89530652904669
1.46340260713817
1.4846594662564
2.35128159551341
1.52527891685573
2.44707279958193
1.9107607038202
2.04687421022222
2.14575968002222
2.11062139608177
2.11651180252172
1.85049347228984
2.07092183122355
1.81069038500847
2.02123010875281
1.49604987860973
1.84562962901402
2.40674363157886
1.6642291389319
1.96323483942692
2.43654021297354
1.87412774804116
2.28538418328543
1.82503972480391
1.92416183223992
2.31541407552402
2.3671658716331
1.63280302695708
2.43863397728334
2.21242021025085
1.6529017194512
2.13699880232049
1.97853921413479
2.04460780669418
2.01520409236612
1.75819449319273
1.73677091624888
1.37233138496666
2.21158167229075
2.09260603921395
2.26555150605809
1.48306262371095
2.28125731606765
2.17849469854238
2.03849404845442
1.72586173083598
2.00186162514283
1.92759101090335
2.1081642446785
1.84616200393828
1.86802771079294
2.27479709860822
1.69401762806938
1.52400227556632
2.19548441649235
1.39336674890359
2.15491453940312
1.94366975446525
1.88716730452122
1.98785626769491
1.83535086576396
2.07765541327613
1.965806810586
1.93446475575077
2.28516007568138
1.85348258572354
2.0723586602474
1.78338714772893
1.33141727065203
2.11144846294481
2.03162245067723
1.75364885128561
2.08002979515823
2.31954067240551
1.88124086663307
2.43747210490474
2.33312988701496
2.3558609854283
2.35441529033759
1.96325063853747
1.79605729252343
2.07371247129863
1.95792158158533
1.52850760527025
1.89321687856104
2.28602498003898
1.69684216440777
1.1406522229505
1.95523265577217
1.86828791509387
2.37477667367849
1.94170434807586
2.26662202053161
2.39084869617302
2.43128190461497
2.46622247447466
2.30245174384029
1.32109588375908
1.69258722155216
2.33306587364082
2.19742999465765
2.26093531640445
1.76125636640557
2.29028938353083
1.69279840357561
1.69334111995442
1.69986946696261
1.64002700276257
2.08021059352375
1.89635251110455
1.63181569467193
2.14144566856789
2.27465687831815
1.95733355085612
2.17986111776165
2.16886009189029
1.85830008484126
2.32626788137352
1.90806754584585
1.74208795029251
1.20108703816152
2.43639716183823
2.17245821653515
2.34110142672664
1.90612763745193
1.49788638129379
1.75592705297267
2.05763774737285
2.17875463595768
1.76980924431417
2.28119885842048
2.07756993640042
2.0363379223649
2.03225309166913
2.12827774233259
2.06531681433873
1.97076358618971
2.11431968117051
1.2846525342533
1.61067692486418
1.96180736863284
1.92400751417205
2.05915544993212
2.11313669892497
2.3997973378894
2.24241759731002
1.50920030002533
2.37463628019502
2.03710197586477
2.26590400761644
1.49880739579804
2.08620863112665
1.97243312925069
1.67894080164715
2.15772372277461
1.90093910370959
2.11684859056779
2.04381875721873
1.68683073400283
2.02516836719054
2.39960573270706
1.43562794370947
1.63863138707909
2.11668071427301
1.90616991894335
2.06658680971727
2.29744667644547
1.58090483763605
1.69041762961901
2.29602156478239
1.47350706880726
2.11104934682789
2.40532785463156
2.45435119420471
1.85736609567485
1.50360724057018
1.85801412447743
1.70007212360482
2.03336263984054
2.42188328278311
2.08065826892919
2.30064003508095
2.03961473800593
1.50540341892709
2.12564137087005
2.31073033367638
2.0119752625564
2.25217130350514
2.38289592653578
1.28182531527378
2.19375422743573
1.92147318214331
1.57606883513755
2.17962903298051
1.76076344775585
2.17104813380454
1.65702155196595
1.78778861154961
1.50516851861082
1.90693470003318
1.12741347088332
2.30290991668074
2.45573549358921
1.12458849345677
2.37996173136451
1.9797952100127
1.88764832049399
1.7045194973084
1.53636322285203
1.66184923339418
2.01459250354708
2.26301175295537
1.62269057400808
1.78164770770933
2.3400026176748
2.03074876756742
2.33004106313198
1.86120230878947
2.04967855163295
2.28636588735315
1.61737829431114
1.47247156092369
2.29370580743163
1.59618858439424
2.13286115299219
1.8752198758161
1.83647969824438
1.24872259242847
2.03096514549864
2.20203311023369
2.27548965551818
1.91040561230366
2.22212445118404
1.68717442929264
2.23554889451276
2.00770446372888
2.00464397085354
1.55958766567045
1.84246799415055
2.20518071534365
1.62280120649036
2.39512728155477
2.34329854205216
2.21367517540064
2.00070345278673
1.36984344826964
1.74291205241375
1.89486329299462
1.8271911596456
1.75755129500543
1.71593844093328
2.4826799372521
2.33823952767401
1.65401604570376
1.95530037088029
2.19374362928982
2.00140874023924
2.17671828388988
1.95224431906147
2.06523399138566
2.40355559710915
1.56752764286244
1.68809247216683
1.70765435173853
2.14676146214853
2.31302501423101
1.96634225962209
1.80842931544407
1.38573696955164
2.2258502877355
1.81644991645939
1.95440066473051
2.12407706300118
2.35181339400401
1.69702197189771
1.51302715919426
2.32084148734755
1.78484992227106
1.96903205465341
1.44275626718732
2.16930796104577
1.23716552940646
1.33330489535953
1.80293007596612
2.40452095888195
2.35954382006916
2.18935204432067
2.2114452138284
2.31227488127613
2.38361689374809
2.28931144306813
2.19470241178933
1.50281651302875
2.14490131860341
2.05310957669988
1.85616038217679
2.29390068011367
1.66308093056121
1.71542244865804
2.21255314330715
1.88918294593473
1.9120147773998
2.3164329192545
1.87793767061704
1.96927898201984
2.03309734565725
1.19203714229252
2.47270019589602
2.18117284687673
1.71071705687355
2.04803277529222
2.18737411219644
2.30859225914121
1.83741755942267
2.37948462181547
2.25523916384612
2.06963649798633
2.16220103312181
2.32597313378999
1.97905687182997
1.97495464846997
1.7273516102361
2.16706001580199
2.15936180262577
1.44427795241055
2.21840397133956
1.95400714587408
1.54803491779145
2.06745894849506
2.25679981464125
1.86240330495487
2.12848716649307
1.66775355908828
1.2105360581868
2.25617952771278
2.04871465876932
2.3461586321845
1.87531062064996
1.92132540435637
2.28567685766206
1.9180343519281
2.37777211548143
2.25014782977075
1.33783318922675
2.01494283213433
2.39416217340363
2.18325439026987
2.24201045132931
2.13827623760721
1.88860632099571
1.62427631027646
2.29579018710161
2.11839446540056
1.70159097616125
1.68083515185213
1.57268703711675
2.10589055089862
2.25378238407372
1.50333996577534
1.72922694342775
2.05185339590301
1.62173958703811
1.87423516930661
1.96730726238527
2.22881995442497
1.96148339925189
1.78729888492988
1.9018458633762
1.80296201341823
1.59557723679797
2.14209049336275
1.80337643119743
1.84065759844715
1.85743901652832
1.81407645463365
2.14663000121846
2.12611357147069
2.2082531436659
1.36525199184645
1.56371716456972
1.33040937552949
2.2528605192425
1.37785102742101
1.7448469480355
2.19005280538172
2.30072376294807
1.48837256493458
1.64799999711504
1.69165666524255
1.80716316899392
1.78085210103241
1.59288343283879
1.89517000502788
2.01136421999607
1.58867557216853
2.1248016111525
2.43849045662451
2.15940909620323
2.12852027497692
1.96122977152494
2.28266757159698
2.04905213067977
1.8070992997076
2.00306879896009
1.97216565552157
1.89978999638212
2.18199183351277
1.84301806009508
1.46300082089043
1.62735006857099
1.7524174548803
2.17970607532846
1.97454809023858
1.49038270799809
2.24051018614865
2.03593283748927
1.64453179167474
1.71297074205393
1.24815613951317
1.91615806741917
2.11863626345087
2.17250513934153
1.85047993053509
2.45884532930871
2.0413269230487
1.9309138613325
1.48512855492897
1.2309751355223
1.49233524343096
2.27447613185868
2.27691062207268
2.06415462528178
1.78541022405929
1.34963311339998
1.77745471933263
2.13847661111028
2.42611101176506
2.14516537054544
1.83039097519762
1.73363040719835
1.94575078258219
1.70427670772113
1.63529180220458
2.27044726775589
1.78130352747925
1.56952659888809
2.18787573171369
1.514825952531
2.17388888662851
2.41910978086398
2.0898567344749
2.01399107786846
1.6614223726285
1.7197087983579
2.06927867527838
1.53711799174679
1.56703152514806
2.07916223118686
2.14654909971414
1.76612437213337
2.17146596021507
1.83140593880399
1.59587227541675
1.9554076853527
2.33726804356634
2.26019806617896
1.92460745631695
1.57466579206818
2.30425397418764
1.63929748167213
2.05892562702349
2.20628709676828
2.231002315232
1.77036000399156
1.66068984971591
1.79822426370891
1.18695258787041
2.28315150167336
1.52305954236282
1.8991268918204
2.15609101060723
1.90255113263388
1.93134771492015
1.89748766585368
2.25478883212603
2.04586402983398
2.09805708250351
1.90827012432991
1.9376275130962
2.07293370399543
1.98857121893994
2.24870353985017
1.72894390801798
1.65177501464428
2.31721113019529
1.40400457726781
1.14926047227586
2.01031165662058
2.15019495900933
1.51337676773265
1.59520590822351
2.26346986721637
1.77634273273342
1.64245709824103
2.05497149951915
2.34491987035489
2.41352655114494
2.45008639357633
2.31291590906029
2.21603752774107
2.03306282797185
2.05718651511854
1.46849399814352
2.02406566401042
2.19180800254764
1.44655712956102
1.85800834695232
2.10534882683441
2.0353639485727
2.01483809152473
2.11354114451026
1.99830953482368
2.11249434913214
2.02179739484556
1.92639974380475
2.42007057602477
1.64533917742813
1.68826701839901
1.42523070137855
2.02114298730573
1.94891828047436
2.34987133692443
2.25248269594276
1.77475696651436
2.25327705408661
2.28826184219532
2.07124839593424
2.21723083536023
1.67593429396789
1.93470994434224
2.36041757930638
1.84207077937111
1.90033933737936
1.98565251564835
2.33089695560693
1.59315586961226
1.99207139196845
2.37872989031677
1.95810754290658
2.03870842357725
1.77054586486774
2.42896954813507
1.34607588818061
2.30619069223514
1.16371661708478
1.78217419469004
2.01183855473172
1.5814236861541
2.20896038321123
2.14496997062705
1.82931727287009
1.43811174109621
1.30442481034049
2.04694617204708
1.98013410612399
2.13786367222969
1.48868873039011
1.91449755619299
1.84351303025645
1.45707047432382
2.3871013527741
1.79057521189516
1.92879432707161
2.1893995123345
1.90395063367508
2.22270423684398
1.88379758766768
2.31295489529087
1.79597173699435
2.04035730242961
2.19715733280512
1.42664005279961
2.08446820960266
1.61802017287518
2.30623984965543
1.94196878033461
1.77898024319579
1.91330101830139
1.81597673079011
1.60777188144795
1.72133436789149
1.52870094051266
1.97406845028414
1.5636270728116
1.65830597060381
1.20572927095505
1.59269547627128
1.49828046309605
2.13170177544061
1.8987367710948
2.08258499650444
2.27954485879569
2.14793738569773
1.82783975738949
2.21830206905665
2.04881391045192
1.64136590958917
1.89057420173071
1.93130216529557
2.12866811396673
1.95097631523026
1.90973502283325
2.1787763688622
2.22918950505374
2.21246988270557
1.94399979201886
2.08378413110171
1.91968808183413
2.11131585313327
2.11466941750146
2.12534038374284
2.11982383900501
2.08528814548461
1.73603012404726
2.38568852889422
2.31267920463163
1.996837892862
1.67329374566683
2.08344944202438
1.25859773735848
2.14040363031108
1.66036509721355
1.72296052690428
1.44205315230691
2.29051227220552
2.38787651783684
2.02708887549963
2.00646946495901
1.87950097897892
1.90346812007507
1.88236064690344
1.94851132856536
2.27568562302151
2.07630341975911
2.33089304892914
1.82387874811217
2.12596486473942
1.70650077883481
1.4008900235563
2.22151782941672
1.9116794847555
2.26175382909091
2.34199849597387
2.45582735562563
1.93974762445191
2.2748135484829
2.27887695491482
2.18321048103248
2.26923683156617
2.42173279721789
2.19554574744284
2.36726569351418
1.69205011822786
2.07815526810075
2.07727790540625
2.36741067490268
1.68769899687826
1.72683103799408
1.68405711832372
2.18290872484545
1.61573716720209
2.00199946727493
1.94525841609132
1.69013570538709
1.64882786009717
2.21360229349394
1.70609651663093
2.19254830663745
2.39704166149993
2.15501181703143
1.67063534898044
2.09171213523521
1.58931097162047
1.65084229312346
2.19273652039924
1.84801391121165
1.97549351700226
1.74901576786104
2.21929242100745
2.1076209043592
2.00637817458035
1.96486303029305
1.64463803871269
2.02184775769414
2.27169881140984
1.5409208459197
1.98179087745201
2.31673709683389
2.46347355805627
2.39817802727877
2.23608769781446
2.03123950877051
2.00877637596342
1.4377616837403
2.46224746367971
2.23869405777726
2.30571342614478
1.85280431186343
1.70290292429359
1.76249431261087
2.48008444227543
1.27273805846489
1.312175229021
1.35935397358457
2.17018571378336
1.91859029316067
1.51671932535572
1.39784342562754
2.04631299693963
2.10079348229182
2.29244328953442
1.93027556208743
2.07258657281752
2.05508177325898
1.88563860356842
2.22307929143564
1.89799269969674
1.36375816116485
1.87341717797227
2.26299960487657
1.76400290463871
2.4179669269774
2.01706453300615
2.1213813145937
2.3777920944986
2.41384739662502
1.85020713374602
1.91156351188999
2.44969859869095
1.63269264470158
1.37464022313879
2.35198751839169
1.80351303044758
1.97526568895481
2.27081454820931
1.79307857891061
2.20952580856852
2.1737881538163
1.68889878062639
2.18045863959439
1.84216260332867
1.9645627484721
1.8140782693841
1.50390583250764
2.22785613068211
1.97581980529908
1.79286812593518
2.23189226874028
1.68028118008794
2.12930962398429
1.63694720602486
1.97663801609408
1.52916158049826
1.9197375115112
1.55422558600932
2.01867066331829
1.91276338717102
1.6169799466589
1.72747414717993
1.76571419624375
1.7486012902439
1.67640084425309
1.78222237782708
2.34212399365671
2.04660797621128
1.74096812969903
1.76208019152866
2.0502143174583
2.22041360809995
1.83825710140609
2.18733015843854
2.0864664928038
2.11214055943035
2.12362687657386
1.8608746430794
2.21806001496593
2.39823085638294
1.90404546463119
2.04291593138175
1.93804455815777
2.38319719453568
1.55155615446639
2.21774502408848
1.57140446723717
1.6834644134474
2.00475054325369
1.88376433046869
1.93278239294896
2.00408388861173
1.97932102730061
2.4065127982479
2.3565011927459
1.45677302241294
2.41699618061967
2.002167006218
2.03178571816625
2.29987539469988
2.17320665475436
2.27392959243444
2.06193444621851
1.99852721283377
1.46150202085715
2.24682507681693
1.40325696482377
1.85717838762558
2.25162791012912
2.25833886394982
1.53053182304392
1.80959161771949
1.93879306791507
1.91384583172764
2.45809666445748
1.29350174434432
1.5967659101279
2.49382736069968
1.30323687835663
1.94218471027327
2.13402313662605
2.37442175140268
2.43948222189873
2.41838731878873
1.84950501257416
1.76893446471784
1.96625863917785
2.13354744745296
2.1914664115827
1.73077931991878
1.59288001206821
2.07620477082563
1.76068540856532
1.98815916699748
1.90078539205587
1.87816610290312
1.86117014670092
1.42783392844091
1.91963290586264
1.81154191923904
2.03196816286044
1.9611222347792
1.68644107929271
1.85606894216523
1.94965323119938
1.61832534307489
2.31244947357417
1.86334123448652
2.18075316996059
2.04382768185893
2.10913017328777
2.02510107877787
2.18001244358904
2.31704847462064
2.05178801845385
2.12403219108566
1.80060877915868
1.86418877981016
2.00269630049467
2.35484915352971
1.2617813316671
1.68209731804906
2.36736083696627
2.12595203449094
2.19776151703713
2.06166983311098
2.42761068056041
2.0431606598377
2.11345911076658
1.68872513873316
2.27121484975501
1.87988266104497
1.83801444295154
2.22976939426397
1.28174709398495
1.88490263014863
2.17980120135262
1.46840414351811
2.14207064532428
1.63584820616706
2.12813145659884
2.09532222360596
1.69414168744854
2.0710992740192
2.19006360776738
2.33315590668462
2.00553800985271
2.21001990028631
2.25175289281214
1.51338731469894
2.21540106502861
1.65358288146716
1.87065896907774
1.35168070428727
2.22570426692657
2.22191809924474
2.00578917419635
1.71438705370237
1.89492697126435
1.75457072843976
2.29664200761807
2.0877908148735
2.45340951224944
2.4054645764111
2.21956717423019
1.81944433059736
2.24819507022001
1.19080685052939
2.02881163861617
1.69440927081778
1.79431643389547
2.25242817994674
2.43617955683761
2.48634600840776
2.28178803640594
2.41853403713406
2.2697059938882
2.13984919125938
1.6133409780419
2.06956518935114
1.65242889684496
1.74365914395147
2.49563137746042
1.9733805629419
1.76634435627683
1.7107546058677
1.99985417644498
2.24829320006591
2.0418368933158
1.31281118338686
1.86039504707539
1.91705850346476
2.39702362537729
2.4416921089685
1.66138463841627
2.00793075886185
1.85991379455835
2.0791562799518
2.22938467544208
1.6158035802996
1.86345937785385
2.19681126402976
1.7739566653971
1.51524969153292
2.3583791627718
2.03517830939622
2.23442551877786
2.00887914243883
1.8650765905431
2.24670460220239
2.37308181160236
2.24308298584357
2.30441749651328
1.75817037537564
1.86515874510936
2.1165243712405
1.34960068350951
1.64510233206753
1.72692465917378
2.36822124709775
1.55807871669693
2.04046953389308
1.94700714045661
1.85345869194785
1.3086676977366
2.44452036005622
2.41421421442495
2.19848402545702
1.74848230049703
1.64764227566228
1.79153583867991
1.34954222804586
1.32876007988586
1.96977689810086
1.67071651907779
2.11422695477704
2.00345552578062
1.74690719040846
1.39295289236582
2.0558395869587
2.17063939762176
1.82776101360612
1.66835256993618
1.9625692902351
1.89304722679087
1.8937557557133
1.63927387476877
1.67453330483298
1.86686763441515
2.21953986676527
2.3658793492667
2.11228754238029
2.28931626769064
1.82671090931325
2.11162662141753
2.07441544620254
2.06946878428149
1.41953210562699
1.83292767414904
2.14240200009951
1.44483144166452
1.48214378968526
