2.32670574937555
2.30519545359408
2.34740690315597
2.07548908800187
2.04385845190135
2.27940845996122
2.20523881879461
2.44495718251828
1.36235531824202
1.6131212924235
2.36318832285781
1.86466290560719
2.42410968508349
2.19084958482727
1.92623635806658
1.73753725541017
1.8741338810475
2.1718086235972
2.05129414571322
2.32473567344265
2.38687332370089
2.2164843378168
2.14021598169726
2.00920051181987
2.09419081589851
1.57299057414775
2.32327740578817
2.07044914954009
2.12763383679196
1.6331345141016
2.2845871435603
1.91507451792792
1.68874746331401
1.96669748513008
1.75278848865039
1.9409739901992
1.78702738340688
2.08255884607169
1.96569370603823
1.85486253158271
1.39619062902979
1.81267896097186
2.00669888198403
2.05353921559933
1.84962941626056
1.82947255575801
2.27816067704681
1.50703376996135
2.34274927866303
1.73802195187299
2.19077554700471
1.68729725859871
1.8209575085349
1.83524847959727
2.14645197586695
2.06563713552839
2.16470647162158
2.06077954771501
2.11546547237616
2.00512556711566
1.75286418329009
2.01618207372054
1.68192263133355
2.0874449495124
2.49134693066615
2.10603451556354
1.69986519283061
2.35934488529976
2.40391720287685
2.33088997605867
2.01825452451638
2.30522894580754
2.0830343998037
2.06704895911754
2.12174541478052
1.9273001446296
2.15692164008878
2.31665147224087
1.81699880632023
1.89753515567426
2.23529876687758
2.06696671674025
1.89921704772536
2.26786037952714
2.16646571366515
2.29700128545533
1.67442247606747
2.3504331164302
2.14769119726962
2.23903335986846
2.04474608093862
1.28421708633572
2.21996713373475
2.13340863595384
1.88633097958395
1.68873073732177
1.89652379649022
2.15991202191285
1.55393002366944
2.13976359166783
2.34466022367398
2.15279155120441
1.94208651216757
1.6518790836445
1.17663717933968
2.08264539501846
2.12167584064961
1.64233018243707
1.65623364502825
2.33697048266621
1.94909998294174
2.26349082674633
2.2843443620757
2.39908927928142
2.19299016510836
2.26220590711029
2.3968505981837
2.05127800932408
1.87854433476836
2.24737093269933
2.11425200443525
2.02715206958488
2.00596306199006
1.68142987692358
2.32038465174712
2.12118541636245
1.33430982974571
2.25600055273831
1.73760421694784
2.36421442701125
2.35664070575135
2.26393075299526
2.42996877540787
2.25569580518201
1.9889620531676
1.7284211160286
1.58152755072881
2.14812627659606
1.96978738133425
2.19194824778893
1.86999858274504
2.13128806810695
1.67221112702022
1.8337645111424
1.80447371597953
1.9979307868027
2.39503714592335
2.04490251413863
2.10837609701716
2.02885624382007
1.67629183302086
2.1767654464111
2.0249513289414
2.36412650252805
2.20530007765098
2.33404080290379
2.32345292865953
2.26195380032048
2.40276765114588
2.38584352494532
1.95832686149219
2.41547451320538
2.34473753800285
2.40347059896198
1.71237374445145
2.20737823339369
2.43912419738591
1.60951663444729
2.04860440125756
2.32015717447387
1.81155151112284
1.80320260302231
1.48681989427557
1.9275798985706
2.18752481148507
2.38414365751024
2.33924889133565
2.350261226527
2.05642784849256
1.95649310729594
2.11304060500291
1.92577205094443
2.38063911034619
1.83688526458917
2.46704126033179
2.40668010025663
2.42656446139517
2.01473522185214
2.15045306862951
2.24020080918974
2.02018747648002
1.38341879438172
1.65214361120082
2.13073108578323
1.52077627013633
1.94024543792605
2.03802726171972
2.11050624464767
2.36357749134882
2.25912062870457
1.91285074661939
2.47510928292737
2.19614787269637
1.91681457201384
2.14157808112861
2.29257778414654
2.38135204473105
2.12472783283068
2.02019370369497
2.11533246797631
2.32756945528719
2.13694877335795
1.62233776616325
2.39569513269516
2.16485557345158
1.63439902737121
2.11386141731419
1.98501803426271
2.01441883564855
2.28438528176367
2.25851339531263
2.37028836335565
2.30396218054564
2.20635754572034
2.27514332266232
2.13780055602149
2.08722051330401
1.99603211040771
2.34604770315878
2.30558160279141
1.70244013303424
2.11283611454197
1.95313147834165
2.13429130569616
1.52925199077967
2.18782099095297
2.08221456370257
2.28657037960815
2.32758784894037
2.22432379719489
2.03743623019246
1.66468566018733
1.94542796962308
2.03255416171838
1.55222721638135
1.85925961031508
2.34775554837414
2.12631113815924
2.18017845436054
2.03122691681619
2.08547535918456
2.00283612623642
1.97914484412293
1.7214663718335
2.13002609140812
1.89526995072364
2.38800955129525
2.04753185530429
2.31838889912468
1.75540168258951
2.10396687640899
2.12990948610669
1.51030483462192
2.13827544106077
2.15221886772116
2.12890249404439
2.10216476883986
2.14482209397857
2.06508130868846
2.22754726191173
2.17375275971854
2.32403265215343
2.03531338579009
2.08363764642576
2.19034573613349
1.89067874142031
2.33625274895619
2.17643356142385
2.35722356312056
2.00336229911722
1.96997335826499
2.17562511371318
2.11283450040941
2.07013524311536
2.33563995576433
1.82643000312487
2.27817931440232
2.17894867388931
2.38104420343957
1.8876523554589
1.68885084563583
2.32410749292428
1.90011910556201
1.87208404275407
1.94871274578767
2.2447208930548
2.43235224306606
2.06520098503961
2.06042730902662
1.93872802943708
2.07837279959894
1.87151517945117
2.18089277300396
2.04114861312173
2.24884416383289
1.63722816655514
2.26444781942054
2.32865943205441
2.39816449873544
2.01693909643258
2.24413795537093
2.19126636650857
1.7425432860198
1.91823470383504
1.99691290187718
2.11919976589069
2.01535741992179
1.86728653908723
2.16783396686359
2.00287908120732
2.25536557925028
2.22229215721948
2.24323308136846
1.91650009820179
1.14339202719164
2.40646055041532
2.16304547706646
2.31230666336497
2.33557439223349
1.79670410232509
1.80376881274457
1.78877894933244
1.45127515392829
1.91108411384108
2.0518580036486
1.93976154302534
2.15210046873334
1.84683994227388
2.34111301050181
2.37374118441523
1.79074123560945
2.01701863185293
1.79846308771221
2.10605484161383
2.14599463145868
2.21663446656796
2.25382794018719
1.58747795943499
1.97108787772984
2.07862924827974
2.04870783524741
2.18793210355459
2.29341303508907
1.87053685302326
1.40773853639132
1.99828468824629
1.76773521852541
2.2812685406601
2.14307648149576
2.04042195772094
2.23894569262331
1.68786383428048
1.66387171399486
2.03265193616967
2.06143170369622
2.19371372466541
2.07503845097005
2.33073861716954
2.12460070362103
1.87406836730226
2.31691631861581
2.14522779332872
2.19927334147154
1.90026359557391
2.38804187748107
2.40520092932594
1.89783840560699
2.17252335971442
2.35813117170095
2.2926331191922
2.38873260517062
2.29708988957645
2.04027425749396
2.33616978908219
2.38122483723375
2.00470664442855
2.17986529169294
1.53408751780796
2.10620413590362
1.65268617572752
2.25480124308123
2.22032698133265
2.27765228500484
2.23635313826749
2.01333407536173
2.28461506289783
2.46921590561399
2.43886763972204
1.9947744418984
2.33721233524658
2.40542850603423
1.53461583245689
1.93279087375693
2.05619212742531
1.80608735730754
2.28668788273445
2.20577053467518
2.18476666446056
2.27487708297929
1.90036299525622
2.35469759237862
1.85986987025521
2.21529053015452
2.17163406667743
2.28342365580162
1.67049663047484
2.13158759934302
2.03388408364288
1.91420516423033
2.43606211845141
2.34990335007848
2.03190089787843
2.08187401207492
2.24734463359787
2.27427245238401
1.94751888905283
2.3526772456228
1.81548588384299
2.11784932255625
2.21753915345961
1.96695547526627
1.91075278119489
1.95301951686484
2.00153815257706
2.29280906051958
1.81871818652455
2.36692346986378
2.17493114164702
2.37714694148427
2.00041380299777
2.32149232557183
1.77817188059406
2.08046541164572
2.16101773466164
2.06351908930658
2.24876278679307
2.0120311751022
1.87866185058053
1.83666746980356
2.45017099519665
2.19735504064189
1.62325290647829
2.26551926230427
2.46980228610988
2.22735981963358
1.97279611957859
1.85180958483835
1.92504168542485
2.09530263840709
2.18928783933167
1.9969117365798
1.74381243814147
1.62854572041485
2.02870080271376
2.33403023557289
2.19816473150762
2.38718048914253
1.95415397825617
2.21026856187299
2.28495140027795
1.95554098780662
2.25702720979327
2.25902298266479
2.02548917333512
2.13335937711586
2.09502081948467
1.55761876422245
2.04599792965806
2.07588016554767
2.3980450317832
2.17401222453408
1.69366625004625
1.8639728290412
1.5033652276343
2.269214269159
2.18524332494894
2.12952448268142
1.76932599996018
2.01489697384698
1.83726403245553
2.06376889980045
2.32315555279104
1.84216826532566
1.79548491076605
2.44538905273132
1.63730923544849
2.32547854204059
1.84888233460286
1.94831553611868
1.9886750838846
2.4918788332698
2.36530862478425
2.31085471789679
2.47751842694147
2.02437826435928
1.82613653009396
2.32739423769838
2.00600956823115
2.4098874777048
1.99238732376523
2.34622139572025
2.30469940006316
2.03033621506267
2.17368531983927
2.21780121625118
2.26448765455964
1.60523210953437
2.24557312215932
2.11955473468454
1.2871415070478
2.11452045735754
2.31862000255368
2.03318019928713
1.69146682255348
2.39702828854677
2.255848238498
1.89968014881557
2.15270253899598
1.8412622818295
1.64867863387396
2.14772190992144
1.82549997003158
2.28341066907584
2.01705872631689
2.05982237421154
1.88020525864644
2.22088102706147
2.31995106430527
1.75217201240991
2.16934896527756
2.1635539187868
2.02929135722677
2.27413737839958
1.86472877911542
2.01943745746488
2.13287907889453
2.47961374564948
2.36790345743983
2.37748694107111
2.12204704813123
2.32527170506637
2.41675974421251
1.96643965405933
2.26319057827788
2.11635431240226
2.24428864383233
1.50612290887381
2.09205030008992
1.80403859752372
2.31139963452302
2.31941205282154
2.29670678359976
1.7615998235882
2.26635224663079
2.44088567755584
2.14244701931521
2.28343359032547
2.19970080564513
2.20661974296711
2.08358113970111
2.38423447301261
2.14408494056417
2.31573780599878
1.62457063467856
2.21082156766779
2.11920631750574
2.36106829676452
1.50096539923614
2.06906840742378
2.15788807299257
1.99748293144628
1.94474797238906
2.0337629469269
2.4001648080011
2.02023354561806
2.38219478816043
2.24255066798714
2.20783109191517
2.1260074687872
1.69782157116145
2.38033093268909
1.95892381330712
2.44807204826033
1.84930372644782
2.22115485887115
2.24220106251396
2.04489825517509
1.86078084940481
2.24757474217874
2.28384026115113
1.83818884866597
2.17404364059823
2.19951749989598
1.96369762263941
2.29666107103946
1.98310753182077
2.06978773275658
1.86100333406328
1.57394431873597
1.29090688181967
2.07204799638326
2.39056037658425
2.0300524473046
2.06459684625929
2.07146014095965
2.17820947293341
2.00746523271296
2.11513792378977
2.26734968070973
2.05960166720084
1.80696547897907
2.35013571434755
2.27951975958117
2.22550448101065
1.50516784970337
1.77342916484973
1.74607045147085
1.94659615003575
2.36457009245903
2.12754556582471
1.93608403740771
2.28202150497787
2.35112967550386
2.25721317453618
2.02702468508053
2.21183493110178
2.1093992010458
1.91981166441465
1.55881895397667
2.22526303465782
1.78035734436443
2.01242940013578
2.09692282831397
1.81580662263768
2.03096482276117
2.17038544300462
2.08021283834435
2.33074337321552
2.17385552146196
2.42767885328383
1.71322587002717
2.42104866147017
2.42972073894369
2.05046614728032
2.49601908996925
2.30512199749644
2.01040788987006
2.20995671383583
1.87166784422516
2.1699422334395
2.1230379245914
1.4250519452326
2.2216635195707
2.13200954005079
1.94462986691017
1.94882657263125
2.21267362855887
1.84820881755733
1.66804918190022
2.22210089885715
2.19842106781518
1.99355920356488
2.13529343969677
2.24898114357789
2.04201741166659
2.08587528745127
1.35488339010548
1.93275188060384
1.85770428320459
1.66790351126543
2.21579858800873
2.30277694499421
2.21416695111827
2.02618855376846
2.19573759447337
1.95643446502443
2.31542900906487
1.73508676558544
1.77985228020472
2.0355069428751
2.2172886401245
2.15657721197872
2.38040415290153
1.8374138375818
2.30039985884147
2.25632349101977
2.26208485078122
2.25822744236077
2.3723994503281
2.48122884076845
2.28787559222229
2.28186822514483
2.14510073155911
2.17009539222035
1.9025871400474
1.95459009286132
1.74753449836422
1.79460773575056
2.44791361191265
2.23078508929224
1.9234217166582
2.05039155551419
1.78635210583641
1.95723433508464
2.06182259135761
2.20884524773264
2.20016786081586
2.23990848381862
2.03464183373027
2.28563748984833
2.37959850637246
1.87496070800438
1.05136923114452
2.35906845623714
2.13824963331172
2.16654764612863
2.3088579593233
2.01694607125243
2.26514907907308
2.47233106612738
2.39070698869777
2.01191314489919
1.98662884587898
1.47319768263814
2.16598939652711
2.15922975346086
2.43734878849103
2.24322366116788
1.61883390311156
2.18296425064232
2.15648871100497
2.15068613742117
1.61839792831663
2.29747007160241
2.12496949483759
2.19752362268526
2.36935483808402
2.10685234563821
2.0112527178322
1.66281411659437
1.89843892900165
2.13967052577534
1.99540802439454
1.6374575304957
2.16030933219879
2.44603244276844
2.19977561332318
2.45058957130708
1.65514213675866
2.37664935794275
2.08400399987352
2.36678264903271
2.24352248241932
1.75905068285755
2.19279763277082
2.13462751269553
2.23594214982488
2.07107205551173
2.12779110085676
1.81880148698598
1.8984156553782
2.3842282805635
1.54348976443431
2.23698888622036
2.45076576552486
2.33432570191853
2.2702776917086
2.26793297073862
2.28389041105513
2.37525078533737
1.85824726711664
1.90332384502686
2.25894040068386
2.36416818931636
2.07349748751639
1.99621665424886
1.88206731022637
2.22424223830517
2.24621737546112
2.29401793071571
2.20957096731849
1.49575048171014
1.98061639559008
2.31818386894161
2.03935960596732
2.27426351300243
2.3476386748567
2.24827915942957
1.77351428439838
2.32464768069979
2.19646766703767
2.01233876647584
2.31129964306065
2.36870119068589
2.21950366770211
2.25415230871986
2.22104078654402
2.24867752324494
2.00899563817121
2.07768523414478
2.26763880398608
1.82643325128851
2.33060978713083
1.92937510831814
1.93879248177635
1.63492923884011
2.08001822880424
1.9296702636197
1.78462142570846
2.06953418555013
2.12297628732081
2.27871976904547
1.72783685474593
2.0296754979637
1.47013619946821
1.71889289026297
2.27432436447836
2.09230405950474
2.47825650268453
2.25036846918755
2.37214095555021
1.95349876883412
2.01675300725968
2.05560103143287
2.02548422842636
2.30327261257912
2.29348603234806
2.33679907832267
2.01322048473859
1.92324507769381
1.94374639052682
1.96055354640127
2.05858908341381
2.23598254056882
1.93026211779504
1.53331106806935
2.30258600341193
2.23747728345651
2.36837826978764
2.16560154065424
1.56363627725009
2.11719098208721
2.35076203256723
2.08356648993364
1.94104651957942
2.12148094108861
2.29638857053235
1.32692878068166
2.42071220188694
2.37206241318816
1.97622198297265
1.91557743781131
1.69836871489874
2.35897483473121
1.70262785616592
2.08126879142804
2.03710538556496
1.54190756839697
1.8506230740197
2.19078809544175
1.95235413971018
2.40685579876288
2.40406620534067
2.22792324839095
1.49024826844479
2.24580443370405
2.12171633796451
1.51698040006149
1.72934339451083
2.39327131076131
2.24482008105735
2.09775222084985
1.98341375266978
2.21355900311867
1.83436610466615
2.12867375050474
2.07870665487873
2.13679623542459
2.05010391876574
2.15723858301803
2.43994220369169
2.04473882806998
1.95904067855126
2.09829218977628
2.15200155519855
2.26989354645775
2.08264579254902
2.30832056325392
2.17838126093709
2.03148334216109
1.66144060280927
2.31210875496605
2.24286038624119
2.38505324112286
1.90599475642701
2.03904032465422
2.21493797010421
2.18639795048461
1.7586395714315
1.68802448316782
2.13637280117013
2.19309931333353
1.99553333504933
2.15386719429164
2.08574288176125
2.15112622455726
2.1456900394783
1.99974873018413
1.61788680093636
1.76266130636437
1.81186527834193
1.57520356007658
2.11832505586608
1.82954846473011
1.54069447465261
2.22206088035644
2.19470855956655
2.32747783754699
2.46479059193141
2.08194492146927
2.44766702903976
1.61156511637339
2.05284443116278
1.7604295461719
1.9811668732708
1.9305687006365
2.12381032105784
1.24191675190402
2.15661305961433
1.67113865640309
1.72606004586709
2.39669924854902
1.74320845813023
1.67508691475979
1.88573151531933
2.25683037874364
1.76351061628101
2.28355940655283
2.28494262737953
1.64241462139339
1.77149511975347
2.40382862305305
2.34075392678854
2.12789647567517
2.42643118682344
1.8056486014609
2.06981202972541
2.42820150547773
1.97737945204988
2.43869009639697
2.22619419738195
2.21722157784548
2.07079290157661
1.68116105120608
2.04379227663005
2.28393185441722
2.00773389080002
2.08070227225406
1.86694492974379
2.05289081450028
2.04969516763237
2.37071751568189
2.0945845483596
2.34852771681828
1.48427224368806
2.20729096634871
2.35778933347452
2.35374234081863
2.04330446577197
1.69112669344625
1.81786619121812
2.04850447050017
1.77382353169377
2.31842034092088
2.12792995856147
2.19875682266937
2.40111783465381
1.70096271367908
2.30509064199846
2.24731316894987
2.20009646184885
2.1769932152542
1.55858324042015
2.13674768391467
2.10404891092444
1.68579215940243
1.91401262754527
1.6436152772389
2.18087594293922
1.96344451125772
2.23026464712071
1.62439304327982
1.54675446340731
1.77107258164957
1.67564342674822
1.7180910873525
1.95903026023553
1.9928845719439
2.02798973103715
2.10299482122221
2.27413710117626
2.01001214950008
1.95032870456847
2.46054493353156
1.70074966697605
2.34234700993575
2.20000476999815
2.0435225895131
1.8256714764417
2.15425513950303
1.85952075885542
2.36960207301495
2.07136788428236
2.41457056593756
1.91908834432353
2.36706517897167
2.37042358476372
2.04971126734603
1.8701937781512
2.42942110634132
2.32187631462665
2.39662541482301
2.43916844536159
2.07982076230077
1.91935893608389
2.37424164459221
2.31657880696666
1.70594533604793
2.2000835662905
2.38597465220269
2.17980287677054
1.88340621782904
2.03940527462766
2.23684786015176
2.11792180819809
1.96691196873012
2.28684028431584
2.08657250791124
1.76499149535356
2.20759259231491
1.72101935917266
2.25832407659755
1.9622553309269
1.86754321685385
1.6763426184262
2.25868799054401
1.81155556396465
1.90419047991211
2.1142919581059
2.11402205047077
1.94248198191049
2.05544289878236
1.97068140794488
2.02550531388729
2.39564611612743
2.16008691927782
2.03117547905239
2.08660336056773
1.98776544916009
2.17526529390312
2.07380331197643
2.05383272727186
2.14954119663549
2.06134077066628
2.24567013726799
2.26351490695613
2.08903261758226
2.45066422896065
2.16937281454815
2.35232795721725
2.41998281713855
1.91189534345526
2.32277478014015
2.27089345036853
2.34507724265031
2.47912221288554
2.32959088334783
1.91736169732491
1.90615491959145
1.77226528932985
2.42009043048361
2.01238666268812
2.13749432044411
1.74201040739497
1.713591472136
2.21129393070217
2.32350383942623
2.0462179453723
2.07246523710643
2.14533281520577
2.20158560182128
2.23922805104489
2.29360595809665
2.15713186377141
2.30511826817172
2.10736003731217
1.90286175934358
2.07547793049214
2.39729769306158
1.76666896883294
2.08186507533797
2.18744380593016
2.16971735596189
1.97710192049217
2.21872121011132
1.81196597172901
2.42563469985072
2.01291747990074
1.40969138626668
2.28595352749888
1.40548737859916
2.22195348178623
2.36041779784662
1.83188510731679
2.25848562055269
2.13875822801021
2.26199404371725
2.33529138354769
1.93921487987258
1.94400442998724
2.35446817921812
2.17947006183286
2.39772176007401
2.17796379585643
2.00205192583774
2.37586198638341
1.43320437088802
2.2394098207501
2.33857330056233
1.87301284479158
1.94674841091658
2.01938671272201
2.19773096753744
2.2892979457438
1.77749081197911
2.40045554357119
1.54440437000002
2.39267059631873
2.08456132575838
2.32189874661898
1.97623521954008
1.72823573681699
2.00653938680091
2.06495679406031
2.20807461052695
2.16067901170847
2.01526227583284
2.02172861282127
1.56180749602944
1.52007757344821
1.90732114920169
1.61557560997367
2.12653461772455
2.13912693420932
1.91041585248211
1.42432379894601
1.89932144539434
2.2018489615369
2.31817915765902
2.03727389117508
1.85783847622583
2.19808135399989
2.22118132545126
2.30496143078868
1.98676729414387
2.04030686896729
2.40406868484369
2.13418959711132
2.02801292893805
2.14057408777331
2.03496934998711
2.12045280103234
2.22571295437938
2.17247969125643
1.92057706192053
1.60447327098033
1.97965240800938
1.81471630294259
1.88264260516426
2.04918000162696
1.72961433701573
1.51324644333484
2.05754123412068
1.94441362089508
2.18374809768968
2.19463961351018
1.73622536944717
2.03373789805428
2.17862051790524
2.2565518129037
1.79923324745985
2.32127831807463
2.42871435077702
2.13518320919334
2.19881496440019
2.17968906222974
2.0642906060601
2.19562327489794
2.34801374216732
2.28600297202238
1.62915521505613
2.34912320151415
2.27588495989539
2.41009575447684
1.85702427810107
2.17421186057072
2.10365099769913
1.68708379067517
2.35932607628211
2.23234917207952
2.38456441121832
1.89072756418037
2.12574255648366
2.10734815925793
1.99172219813126
2.15153416388294
1.84287926028807
2.071923056152
2.30266236331582
1.83611161905284
1.95236251188964
1.95650217026947
1.89569220424044
2.11605197582862
2.3969879262729
1.96159748827495
2.01244484637353
2.019659986247
2.16575668405692
2.45530343082748
1.94893756322005
2.18571620153131
2.42317050271395
1.71748339160706
2.31115837774694
2.42039426198338
2.11175501433082
2.26189093626234
2.1377908101361
2.27127951725603
2.04107160254446
2.25517666043363
2.31961487422624
1.71614396279945
2.33938101318427
2.4142531205184
1.38741158783584
2.25327771515696
2.02615625490803
2.36099135429947
2.19960147867633
1.75010305522671
1.86157639316554
2.44528182734108
2.05221763082559
1.47243177645756
1.71064423904538
1.94106791030515
1.8128813543748
2.16934265095943
2.13841724309802
1.71507534753125
2.17962838219651
2.36878894905147
2.0159872248207
2.16699146775155
1.83169523597609
2.04459163780704
2.18404220669149
2.35504178731154
2.25814479901825
2.17988108404342
2.06792882955387
2.43156912601096
2.34175025011954
2.12186626292178
1.38383122390483
1.78252843744918
2.22700991808188
2.08663511458869
2.44768595512378
2.11612463341464
2.29272924696472
2.14302080590351
1.52544697819339
1.99451408400725
2.35265799281756
1.99452415505354
1.97526064256357
1.9487323193343
1.82727775645979
1.76460288272421
2.18368159979541
2.32582904437242
2.20825881779379
1.9704513290996
2.33340987286735
2.36160176049036
2.16440128118944
1.75164302781612
2.22921892853776
2.48039698788322
2.24675373424967
2.06963071976155
2.04706650997904
1.82440292206116
2.29153350826688
2.44772886170893
2.30388512344458
2.21550142930692
2.16684568975422
1.9747801416621
2.36283872148256
1.956246842749
2.051805387893
2.03895268409763
2.28572577724404
1.61382626574204
1.55486842013502
1.90334514160549
2.09073200043015
2.14104620186507
2.4141084672038
2.46811408644263
2.38478396275955
2.01583697964729
2.41584693591474
2.3495397502382
2.4850879771684
2.43524764088443
1.90580529144349
1.64594330974348
2.23390709500613
2.08340353068553
2.26031874885881
1.30282005514566
2.07256332353501
2.35125347356278
1.92514827854823
2.27195172386844
1.57413477377567
2.30112913820548
1.88256747570361
2.3228735198589
2.10575759758108
2.11707122992193
2.12670253757197
2.20859473843571
2.39488527094412
1.95563957606768
2.03092436145827
2.29319081163184
2.35540652206417
2.3911527065318
2.1935093854011
2.27127677599821
2.13162531123471
1.89146234743389
1.95905335642592
2.16378867626005
2.02694764379791
2.28704049657566
2.33612544821667
1.89355713532684
2.35277538215562
1.82508750649865
2.28342623836529
2.37673147913661
1.99281263559463
2.22946225789373
2.34738173130289
2.06063338965084
1.99818318309839
1.86262973096596
2.03797663955037
2.22053813757929
1.87999012871534
2.10615662544835
2.09010139305384
2.22801113003549
1.94196944843347
2.1842956256732
2.03147674852373
1.93712792773478
2.24010837223232
2.23186588193536
1.71633670868134
2.07214555418048
1.78077825487382
2.00633925110947
2.44275980568036
2.22421492224136
2.20836225353335
2.14670831014045
1.83666291349201
2.08668288259919
2.25132778446353
2.40742317056821
2.44576864650545
2.03390798909623
2.34038670387863
2.35219060902176
1.97011085196801
2.2229515116261
2.31662929430887
2.03678242240855
2.32405459033574
2.06853116887835
1.8631680763044
2.24262092087235
2.24545960468692
2.0078792222552
2.38726815728134
2.24284885159279
2.1265604484929
2.35963711723842
2.2435767133044
2.04056019252315
2.08015941819699
2.10123445619123
1.82369160533859
2.38430240126911
1.49779542271374
1.6772188890866
2.04946250163462
1.91139372473909
2.19715877943315
2.32135776071071
2.38709043860521
1.96723682351111
1.6490807648362
1.89729800589041
2.01205858788815
1.86831850092081
2.42923627516481
2.35091596005586
1.99636682585261
2.40175231892585
1.72288936199231
2.37718094963568
1.47021999784473
2.10428531366356
1.97027007086081
2.03922061204258
2.24352063959726
2.20804780458892
2.25813368297027
2.33058646866971
2.23637689202377
1.92312227548885
1.88898498216173
1.97909832455409
2.26382785926242
2.15064331611227
2.13286696761726
2.18542429666783
2.03707146501638
2.14237273383323
2.01895507955874
2.14252665744839
2.11924894143095
1.66082268530213
1.95644793602226
1.71269441580257
1.75061720240332
2.09260664403281
2.07600243264012
1.93627835181901
2.19508691146259
2.31636230204472
2.26123961252033
2.13506818136375
2.45813458598111
2.06240223027038
2.25031240386827
2.06453987536669
2.28121564627136
2.35608973194171
1.93476206303818
1.93451259530044
1.93814614570478
1.63640649321687
2.45287911900238
2.05266012623993
2.07704553997511
1.82490116796993
2.24798854937723
2.21670480632548
1.93763059651325
2.24486747094276
2.11159431724823
2.25098377178659
2.19248301020235
2.378046179249
1.98283148200599
2.26527711263484
2.22314232328967
1.75623418788176
1.91853916652369
1.99738462625345
2.05017590180991
1.6843860845535
2.09165082334395
1.22306438491736
2.37592322707833
2.36264670013663
1.13689951025473
2.38110126347439
2.04895511089574
2.45626648583732
1.95590188604096
2.37686202401965
2.21726088902208
2.29345581360017
1.1804329063111
2.49481173034619
2.00131655524421
2.29765175638365
2.30964087876584
2.08509487443528
2.17421465695165
2.25244216036645
2.07690114003631
1.66175211828791
1.87649116818719
2.21859543703213
1.89555326720095
2.12077604066341
2.17272002649225
1.78503851773038
2.15069282089763
2.14531416842075
2.07684579117995
2.11046641857095
2.34537271912265
2.15826296345183
2.28987362175439
2.05114822842003
2.36333162759473
2.3273112779796
2.16564496403994
2.05613174136362
2.21362886840266
2.08681065065255
2.21517489122935
2.28499864533201
2.1056177108517
2.45887190837596
2.27193194235028
2.2283302382744
1.91480699072894
1.89173922865471
2.09129896822327
1.71567885895291
1.90392170325455
2.12058536688905
2.15512811984011
2.35164845056872
2.32053964006943
2.28320176497995
2.26127277066202
2.09930863595767
1.95419734400967
1.68742970062401
1.51872406763276
1.8381069826637
2.14557421455454
2.26052617616271
2.43834682660382
2.21989178673171
2.08344145287951
2.16222147143686
2.29680107094222
2.28046169648893
1.93152846511408
2.05112504918127
1.42081554139905
2.20441800192458
2.3621619114659
2.20514411402998
2.17654488339968
2.34778649852064
2.04969300129232
1.48601783786841
2.09467043559693
2.39466506777543
2.45193462159654
1.59525828143211
2.16542273628909
2.14363950207427
1.99635779876368
1.64444726045525
2.08218303812737
2.2212138407852
2.1523956423693
1.93701827605424
2.03679997174899
2.2261740974515
1.93945253349957
1.68400599840527
2.45496917120308
2.44175592230999
1.85316435212142
1.50556207222892
1.75446401509794
2.27847167560309
2.31819683860459
2.08171937065296
2.37401227826101
1.70796733502702
1.76543011961494
1.84305782532064
2.04642522350912
2.28210585166759
2.29311453131503
2.23380376637376
1.98221399192493
2.24217910568695
2.29321576926864
1.13373134306992
1.92800669243629
1.89641693036408
2.08425624397844
1.70000353731719
2.48180196546
2.21476641822417
1.74982308339367
1.95844972529028
2.33462868421529
2.27912359657172
1.95806847605688
1.99372596771921
2.40447255993372
2.07182559825293
2.30711096645556
1.81783662280708
2.1167645796315
2.32699145762074
1.81033571864877
1.92643852538416
1.23319660409508
1.95538925991529
1.63166613813445
1.96023633930078
1.88355267720618
2.11414421577164
1.97006400953392
2.18103611311456
2.22109238869403
1.54874039432123
2.30170290708089
2.43760056572977
2.3373457324027
2.24063927502033
2.02937812996268
2.45717343330297
2.3439034330624
2.2021088637342
2.19441207250161
2.25185605923677
2.02839292779138
2.28350774377055
2.20890736154811
1.80301235322941
2.31403097667311
1.66142448505556
1.94091861863863
1.88873250792194
2.45273084999153
1.79154503032474
2.26151492281123
2.12251873255471
1.71467194861504
2.09323469942781
1.70050654690058
2.17206562554874
1.88943492567275
2.15263473014263
1.81901154708644
2.43143189171103
1.52298349614601
2.31947467315994
1.8112947042906
2.35878022244131
2.19414414394965
1.90846728747225
2.13242312230438
2.1984969035374
1.96403478068012
2.15666424791748
2.06636244788714
2.37719644821834
2.1340522832745
2.18507999400055
2.08251828118951
2.16248288461497
2.25820097696827
2.09076331545017
1.82402716270646
2.20213705071439
2.0004295288983
1.84903610236261
2.07155119598921
2.29802573811252
2.02194762786955
1.88936409728817
1.89474022924683
2.39432506273441
2.28329220011676
1.94492071535471
1.52553950728325
2.25047831913141
1.99744419517409
2.16376697386516
2.14590756904875
2.16638444056226
1.65374523086063
1.78634961661563
1.73878365778229
2.19345564661708
1.91655475733287
2.250578921769
2.08719935996049
1.35876412746215
2.132399763557
2.20068154604685
1.96789659705344
2.4708440691866
2.31160820926504
2.3293454200313
2.23371613960126
2.0116395820624
2.4373897801304
2.38488992079048
1.94996109804901
2.0913844958361
1.73119782920709
2.22014120646277
2.23120643249139
2.36794727343865
2.18199758372074
2.06616969613633
1.81564721446596
1.84636050497751
1.9936345216588
2.18433628151189
2.19494615749537
2.09381960490659
2.20429548511944
2.01273394292748
1.85419833507348
1.97994729296941
1.92631110495253
1.87596422361046
2.13669969718985
2.13349615333618
1.56745900193797
2.17195458102037
1.81406004619923
2.22117226079007
2.15761159173928
1.48818174518505
2.42663633113868
2.18683906476362
2.2307738730355
2.21027929471129
1.86308934097576
2.0142004985404
1.88274743778241
2.06935661957916
2.29736972852718
2.07548596026749
1.78652712958803
2.13120276108112
2.10475742077161
1.81632648889372
1.78247948260774
2.47902170891554
2.06651775242943
2.03856004369128
1.98120512137109
2.20048442341016
2.31658061744987
1.90275886432469
2.30262809489107
2.02429205068301
1.83669678085148
1.68185300071707
2.20504540249756
1.93310361663238
1.82752638381866
2.30740034873005
2.08803432975464
2.43332514603921
2.35066577735987
2.10404347706245
1.97158545169497
2.16406952999145
1.75279709461435
1.84156200709859
2.20904615822564
1.57714391382217
1.61819831669315
2.09790971936202
1.51771922622135
2.25427272716906
1.94970238752484
2.10580715513925
2.34029666669597
1.98237149908073
1.5854529966704
2.22501321087876
2.28800160320246
2.13284964425682
2.15952906956187
1.59451579994492
2.112948088831
2.24116508231226
1.77172229321932
1.79517517369911
2.11257150167921
1.99858683013437
1.69660159047938
2.13531751003516
2.32025137852728
1.56233524993754
2.06226125746445
2.34013792328883
1.8881555564464
2.21058071130097
2.26276703786587
2.0654465887442
2.23614472849086
2.11837198536924
1.61361578292633
1.9454028649095
2.22098275160401
2.23899035511826
1.86045383224344
2.36768482273084
2.10899457459127
2.35393048693066
1.92211071567097
1.89457400684784
1.95650339222361
2.15673319280655
1.87354564419907
2.29273781901054
2.20528420930933
2.10504641737592
1.61168786119386
2.24347261985765
2.38504412488646
2.20560387210879
1.77956237264919
1.96862442345631
2.19003657238616
2.18628860109676
1.99559763653484
2.2830412289892
2.0545520714855
1.76377782296581
2.31888039170405
2.34965145187912
2.14297809637922
2.3656449181712
2.36591215488675
2.2957374926852
1.93081630852892
2.27932710230933
2.1443818213415
2.10912396608254
2.16101974906116
2.04069861105771
2.21731337253062
2.292928612643
2.47497031504535
2.46649575308269
1.95258309732064
2.45277121198805
1.45692458967638
1.90830072187506
2.46447119402115
2.01705387686458
2.47092428478255
2.21089332485449
2.2201448379534
2.11664842408985
1.87458439523051
2.38900762569304
1.93821143855607
2.29217001723852
2.29044643946002
2.36991224256296
2.46014803261137
2.20549031783319
2.0599372258275
1.3730099433611
2.06993316019121
2.16396876154856
2.01878574189224
1.85195490784837
2.41377377482765
2.0281093093185
2.28779833279883
2.33733610160883
1.91848487231535
2.20033245361485
1.77628750167197
2.09874169409627
1.96899226293541
1.86151609485588
2.36574510081099
2.24907922171368
1.59666343582585
1.91994094702141
2.32059055584542
2.19838459462203
2.3127341666368
1.94042650952081
1.82332435102214
1.25816705126827
2.06082949571618
2.13420544403823
2.01874846404488
2.05374164756335
2.04078366700366
2.26156284783124
2.16515226883125
1.69570684288959
2.30418739406064
2.2074607103277
1.67240529567787
2.37211462856371
2.3624824301412
2.3096356576225
2.43329756680146
1.8904506978875
1.68622196210094
2.11369572377751
2.18083917255534
2.13856904038846
2.44994149413603
2.22259131780077
2.09112259606996
2.14003779547272
2.24688814487268
2.21533323863411
1.94974939545247
2.17618860348774
1.92745007664571
1.9325965898338
1.94242544744775
1.81167903727257
1.97842865087431
1.91839817652325
2.1717984469301
2.39034499867186
2.03461939257152
2.23911215772379
2.24024080057639
2.37274560413739
2.25874467036042
1.92951081594991
2.11457132701319
2.38105603277659
2.36227181384518
1.71681103333666
2.46941539999616
2.40697626009556
2.18668564441179
1.96815131212537
2.32119556891446
2.44906741508431
2.13872736243198
2.32764458500761
2.20311968651977
2.11509779358296
2.37058530916793
2.1757128709923
1.88408960487934
1.8715088246528
2.18061293761929
2.17818363604848
2.03257697212138
1.75620587270143
2.11193051173001
1.99189998023179
1.76295251961608
1.9880703050637
1.75665534757639
1.91506525227236
1.83250067675709
2.02144607626613
2.24933339260587
1.74922398783356
1.86093412903275
1.86341004934622
1.699993237032
1.6668825234119
1.79161367757775
2.12970774931343
2.16071616223784
1.90039500878734
2.11742433752601
1.8069491508127
1.87656512936165
2.11884183408525
1.73332462044317
2.26352504271316
2.15396314281702
2.17744816738212
2.1937796902569
2.2355879227261
2.02616221260822
2.27401578809359
2.30934738634804
2.08627329944881
2.18303046222477
1.86669187192439
1.99935051729174
2.3244662831822
2.09470547912463
1.87879997711648
2.09618125144135
1.51641195964025
2.29706178855192
2.12786758036059
1.95416973545688
2.0584756819253
2.04300899855593
1.53828654533695
2.28501862535155
1.91784756416711
2.33294805777267
2.27288428851481
2.41028540077814
2.27253219075582
2.31130184592025
2.06713848673197
2.08436526676894
2.44881581079226
1.76833914477125
2.06105387349707
2.30072639034892
2.38072816682487
1.83493487358659
2.16467757436206
2.45837500789644
1.38727223402826
1.76773772724739
2.17863859351817
1.92012663981395
2.339583120601
2.08856934163435
1.51810946625821
2.34046811187031
2.36868827472202
2.37919623734428
2.31091879397164
2.33595917771118
2.10170301304632
2.20250702488894
2.35989399653823
1.8210824558971
2.3223367186939
2.02418392877683
2.0261752569701
2.00812797827807
2.15636709008104
2.0754585298106
2.27083728152547
2.0957369638809
2.22757573596615
2.20231705266304
1.75682711058424
1.6347531149988
2.3153298615429
2.22083799066901
2.19717489079335
1.53233255318429
1.9975748381371
1.90406072550487
2.11979690676517
1.92816681023867
2.34454350896683
1.57460061031159
1.93279913553941
2.0891935558552
2.0528926837154
2.25674740440467
2.21879153867987
1.73614494379872
1.82731659301478
2.02343925573592
2.01048756386023
2.07072422325337
2.31275954403401
2.10206610766397
2.26709394335614
2.06491502437403
2.22074474776396
1.88662282622077
2.11840561109789
2.26576396167753
2.18233012489763
2.0111665569379
2.27610026695091
1.94966615108164
1.56222934181846
2.30191961174787
2.0003874306784
1.82458227919304
1.71897676105707
1.8247223697709
2.20434994271334
2.17893246903227
1.84490322956236
1.97542405797034
1.96256125711704
2.03040182573906
2.26531580797972
2.05692909656501
1.72337862348583
2.27070834192861
2.02774328977593
1.98598324564398
2.0785388072897
1.76204552676377
2.1835565446942
2.22325798712748
1.98131640770186
2.36351184455986
2.08364562227417
2.22555949160187
1.9545939295035
2.16653759409584
2.11948796796124
2.3500618182704
2.00240260146248
2.24490791195933
2.06744737453423
1.9081921086785
1.56572123934811
2.13076707731423
1.88337882964064
2.04174509958582
1.95456591162346
2.13916046649902
2.21780642486153
2.07431948403547
2.34978939036727
2.37923287424033
1.89575684629887
1.64575072169848
2.0824648347994
2.30770545589082
2.31783296806227
2.33431563087938
2.4251585301511
1.94921485690355
2.42183279656578
2.39435920647711
2.27680153621371
2.39494245987374
2.2435205268449
2.33655052154524
2.22533136381015
2.20433376808016
2.24666961560751
1.97227586885403
2.28213104818309
1.85816530156412
2.02946887929734
2.35171090572723
2.30526532304572
2.38089624777237
2.04682551183133
2.00984409796973
2.1218812802905
2.09335231668408
2.16351697869599
2.05948685904833
2.10983625082487
2.26606156488445
1.39219348200219
2.24532563290498
2.27406118550843
1.42743267398532
2.22888148843087
2.3628301536799
2.1209320738852
2.26740894448549
2.07648831794346
1.32132740659761
1.74756212732075
1.9186880681385
2.29228874896915
2.06957122506636
2.05659666016
2.32996597552154
2.27625065223159
1.94330960062739
2.3603913997493
2.43458944794802
2.27072510191337
1.25267883662266
2.22814745363121
2.14196918598722
2.10979144849849
2.24859227710238
2.26341812226375
2.40520390749515
2.21128014305126
1.92083440438556
2.20815948333739
2.03246796378412
2.02744152476938
1.98144436349066
2.00488897614854
1.95554543388282
2.20685156660583
2.28284516768114
2.16409276081739
1.94273180941042
1.86077633620743
1.95928979363668
2.19334357521793
1.89393618463643
2.13188289474938
2.16968908874687
2.1819937074848
1.96895209689805
2.15799429635332
1.93612761471524
1.7373789535624
2.27043688876911
1.9475095363322
2.08015765088374
2.39442682080714
