0.814557340217492
2.21967632360013
0.414600353490826
0.543114561782164
0.88569278736944
0.13195718832699
0.123078194632648
0.529921631918577
1.31010362498711
0.373842241025705
2.00845097194001
0.799527044860737
1.64637063804974
2.4124934302702
1.59636603112695
0.988883988342098
0.26111155630106
1.63792930094667
0.681592184033927
0.478357559241119
1.43926998867759
1.64668522665058
1.5869319254149
0.256704453147702
2.31551257989474
0.895149199033489
1.04122859697991
2.42544276203591
0.369911175950036
3.87770632586735
1.68969209169942
4.09213014249146
2.93490198621323
1.07013084364804
0.452072768893656
0.909920656483916
0.531118787300957
1.92358748404664
3.47472103781807
0.0559219117851706
0.0429808427888247
0.157006129738609
0.206190437388983
2.69628947029579
0.108089085813883
0.272176078561101
1.33356164360508
1.14753452128976
0.113207457613572
0.862559929960625
1.17620644243086
4.68555771044102
3.39350290634727
2.12375692177074
2.64905162815809
0.61678241360294
1.12835408201066
1.2245786912164
2.3918615658272
1.2126817533756
1.69482944701549
1.48615176575789
1.09659204031769
2.86457743565404
3.02907959052308
2.05138993847327
0.921337968851002
1.82810461994757
0.696418482471769
2.37940923503219
1.33940572103238
0.219119474039629
1.6046541285024
1.2573267945546
2.30428940378844
1.00571264825401
1.05606491281118
2.09479062958969
0.356796657027929
1.29809792224152
1.09283697405735
0.176597679248003
3.2845595948625
0.583429948036417
1.5636152369629
0.209845809975297
0.119465134458029
2.0806490416658
1.51523380704899
4.71148285489826
0.669040564177268
0.750346875827739
0.836345808344816
3.46224918672266
3.12795967597269
2.44672859674694
3.18041043948776
0.2190776798263
1.15225820958169
0.783689172109277
1.16628524139204
0.308789000369053
0.901661105742301
0.962985241943654
1.73601361448798
2.50177648432772
2.42307087042502
1.14840517011989
0.536538432086237
0.891384579971087
0.315935681876477
4.16488784618143
0.886432562873249
1.36481120808715
3.83062851637946
0.120768898652805
0.422511288740338
0.880766080895387
0.714926226977601
0.423401200778743
0.314104087102694
2.26471945845585
0.40942222197671
0.870260273539894
0.325530151984965
0.937970247469368
0.245131366022055
0.41503348044287
1.33783461579263
0.149425032356381
1.35572869667596
0.713223343878367
0.563759320391319
0.11422467353622
2.75917863961562
1.31543828828935
1.32755129460825
1.84094996186538
1.0169532418999
2.59900978729225
2.27714923874748
3.50018022615388
0.627397716255812
0.627783269139397
0.360529230283789
0.931287554555412
1.79444640263047
1.2909757423172
0.549035431346751
0.832836810941143
2.1092746224086
1.73535851689472
1.35974030289513
0.644482238949279
0.552752736220697
0.0640054789098395
0.60865182347956
1.43160871459529
0.429301624629025
0.876325273863383
1.29170366552976
0.67635449372975
0.331667116409134
0.738416071740162
0.0188653207217598
0.343883810073234
0.69361327099712
0.0905603097179383
0.487049734869777
0.0690573510537347
0.173918211896506
0.258285088077637
1.13858874408128
1.81226218926485
0.365434084009951
0.527582853423588
0.169717500088247
0.849582666328872
2.36195472668361
1.88367063274461
0.390244520629772
0.353109215747271
0.402046390204969
0.411143806639482
0.935502738277557
1.61631850561079
1.03091068497902
0.56801306154398
0.0501337482145703
0.15619553951927
2.01296459336667
0.939416105818795
0.381372330642424
2.56538910268038
0.869252942317693
1.14297354584757
1.61564254881412
0.137483850205513
1.64294282762048
0.695295493087517
1.0836293821518
3.001595453409
2.01501544877982
0.364443898905058
0.288388114876707
1.27665504740066
2.19311364766424
0.279870301931486
0.461015266847578
1.52964230463405
1.0014703573453
0.628606327209258
0.160619633523682
0.671381989480582
0.608633588577046
0.447712131616799
0.333429489148918
2.51058997460863
1.5942431595767
2.86530793490203
2.40710577918712
0.920211253958563
0.315542200144784
4.94415528330854
1.37014463492744
0.814617011097206
2.19609460857229
1.74908985404011
0.922818085992112
0.033870130892947
0.742274202368582
3.29144543155447
0.956587252790273
1.70756976310503
0.0875362089578931
0.528796825318408
1.36307299960476
1.23739701115271
0.231438738961647
0.445068000235726
1.21590536169071
0.123461213118227
0.765948833604075
1.2710008321966
0.190786910612195
0.491904737679071
1.8033383726049
0.52068585840404
0.169924847299002
0.725073894525382
0.214663401513223
0.699613606401146
0.122827695626595
0.475925181942443
0.0826494845471217
0.183491038259671
0.113792931089504
0.262578744344438
0.252324110271989
0.579181972898395
0.335160313863305
0.11714828504055
0.276629476779648
0.234179294659193
0.432653135746323
0.0580635969081555
0.0399235220825832
1.22315145104659
0.615779165420743
0.4120786410387
0.0490349310357821
0.0956592023689886
1.83853602434332
0.51650725890228
0.597137242868642
0.0733742868058616
3.03254192586481
1.72392209353669
0.234126104382494
1.87730889448851
0.389812672324744
0.583870946153105
0.904211616387362
0.570458409962903
1.17467447125296
0.0594861039046062
0.153804971422686
3.26070294591648
0.0640361198058861
0.131963653712573
0.406758209306537
2.57411944996798
0.789691243922648
0.251031960363759
0.00732113840120966
4.98131846882147
0.727435827228793
0.868830032610988
2.12026636841992
0.417949468810084
0.261044151451095
2.84742336092419
0.90325262383492
1.21126661756766
1.3362752972415
2.14949018470071
0.220521394246877
1.79896125978557
0.798433661672092
0.117156457119695
1.14585411711011
0.349136783501806
0.129978677979389
1.36103190176198
2.16569681607425
1.74866499484983
1.22181003070986
0.441474393388926
0.897647298486708
1.26840451661751
0.935625359102512
1.61416106289228
1.60354223849788
1.87785595988705
1.31195796816739
2.26840016477696
0.362768525307898
1.25655639669442
0.602780655178235
0.316369948380438
1.8601578574635
2.62656787795474
1.43043013161339
0.106629982610707
1.84167462398287
0.937978213937848
0.0629999479854066
0.869391881612921
0.420327043433109
0.588449998833734
0.237662666985526
1.80987035063028
0.218351284357196
0.559565646315515
0.690581206913518
0.180871429459636
2.57350991579712
0.356130461856042
0.564225968843861
1.82887222435251
0.269645452917416
0.504416851172072
1.0866579123782
0.153337192010483
0.322476280456616
0.0737085539626473
0.130553861719361
0.0546445309915619
1.09225108624635
0.73531441336524
1.19281329987685
2.36759899770825
0.535435492734566
2.05731220999017
1.09364535764111
1.7961889129123
2.38758610800035
2.17601620234306
0.84846708292245
1.78045266029024
1.22450287313411
1.82388409888765
2.16703495142721
0.539550520468382
0.342310710427178
1.08194947546741
0.556497267079877
1.14994042694704
0.311517011532545
0.501187681587858
3.41627937407702
0.394214865820886
0.1657916590604
2.86147962811609
3.06852899543548
2.09289106006693
0.509181347330567
0.590861278783882
0.560178723495019
0.873115604575636
1.55688842044554
1.49079562583166
2.05734103748307
1.71708809993611
0.705572503634252
0.0773762113557866
0.848247447669498
1.83718563104062
0.416828223498249
0.214943846654857
1.26109365907733
0.374691062101233
1.59916674827254
0.444639331645605
1.62760864494313
1.17488781171521
1.35713676304696
0.557280515239696
1.71966703686349
2.05925725286791
2.16348170311741
1.21309060985027
0.566198409841734
0.72553806241831
1.5597301623878
0.700460597269207
1.01691018175337
0.375586438539094
1.77843866923154
1.68505371729179
1.87118418269084
0.819822640585863
1.21521977308894
0.840034958148735
0.663647389953719
0.279550654456563
2.74293925759856
2.29844340894013
0.231515198592049
0.706058286958798
0.240023133371104
0.823723575035311
1.099410467004
0.780919085126419
0.936219086853144
0.452392628112382
1.26015260083975
0.408779244376524
3.957982077924
1.1980364360079
0.656052387717416
1.06551433099734
0.829589415613017
0.435714696832629
0.443611842714836
1.5277984323454
0.724200168824674
0.819504938898026
0.336709563501038
1.46954832115145
0.6420827984296
0.511195274163329
0.632937327827998
0.46947270142515
0.735185637986963
0.741729115161608
0.386406921532587
1.60142128358233
3.48063229098212
1.79658542471033
3.6705551140578
0.155734557906893
0.0270684968167561
0.204629382565034
1.63068237694919
1.5397373434482
0.541239834822999
2.52697683656655
0.594640514083234
0.223091192738266
0.646951132349506
0.826444900974865
0.942624538502071
2.7383704101195
3.3207492806084
2.7032086224375
0.755106648718563
1.40519211596966
0.52949483802756
2.07453890730739
1.00373001766093
0.220771501533801
0.453354727531732
0.978635238182813
0.700641541989871
0.682724443255794
1.88304869568039
0.384149993401215
0.54837860110144
0.838438572646071
2.18651015828336
0.522159136087291
1.56790569597287
0.924962510279089
1.34522811869209
0.725042419972968
0.764167836210738
1.31775433576281
1.37120380219806
0.468300525229525
1.42300636106696
1.15092742622609
1.35860258918629
1.29528601777335
0.60682404126612
1.15280799634391
2.06366735580781
0.829872676696551
1.42703704947574
1.91304557602906
1.9160377757577
3.25315039789759
0.289421581472827
0.565714777998293
0.346463811857685
1.46695819923143
1.79979964696593
1.14519238719944
0.674034167481152
2.98918921813523
2.80579617229489
1.87524486508017
0.363036800916866
0.322694939502215
0.455267859127964
1.56350925219564
1.94484304444484
0.339621165939335
2.55059749769381
0.0464405064019497
1.30375117870052
0.0834467491293958
0.374683543712977
2.29515048821413
0.405632620541895
0.367906636001681
1.16401005786783
2.25381342844417
0.781348612282159
0.494097891850487
1.69724711125007
0.453904831078244
2.6350008656626
1.66572245149991
1.44013238121745
1.0228431125273
2.96564965382667
1.3487763736346
0.695298393631012
1.86948071481655
1.79705401280917
3.72474438815967
0.895563092193224
1.61227030922232
0.252193820081973
0.697996441076045
2.94029422076121
3.25553035033832
4.1072094458394
1.96364530006613
1.74906341986581
0.96099851232932
1.04602009093388
2.34924226615812
0.3506019687952
0.407786884441926
0.106023323297902
1.07673864820637
2.87887036639651
0.653339525361145
1.76753548107273
1.83134818884832
2.8499793748542
2.67593083589196
0.150194495560137
0.685065691968689
0.700419809874092
2.62761574432383
0.898295415873299
2.12188922368767
0.296307467766383
0.165715215584864
4.09120545661155
2.23020686716221
0.78501454501704
0.358061977008295
2.45352886683807
1.39078080585014
0.350935322502845
0.650294651963469
1.1528391291789
1.41927890059861
0.647936298241255
0.118699550021289
0.114363548851051
0.663157163631382
1.23185303692838
0.103179668928787
0.102478068327155
0.150401193228698
0.311392658004427
0.976980230105572
0.61292928650068
2.69590207452906
0.715468595862561
0.592784603299491
1.55954670185544
4.03752967788317
0.301290118817272
0.366344991494664
1.48079351998001
0.819011704140964
1.44264456192145
1.6085947854755
1.34498378295713
0.0778153881495439
0.572440546702305
0.148777417897834
0.245399409808745
0.614718292846823
0.563796668812292
1.99940776680105
1.15503556899488
0.649088617400142
0.931178951086348
1.5562623440095
0.575652680173295
1.66989861157301
1.7872187096799
1.30475328374981
1.73334444628986
1.2521731270499
0.566701386323655
1.53071887480329
0.959122173150077
0.469645670220938
0.505407878215991
0.786834758113115
0.40611245102511
0.0989868475776343
1.37748255942353
0.228008394488285
0.859372062340788
1.24561095554626
1.03604329841075
0.289356432050304
0.466730668453725
1.02352631650096
0.601714202552088
3.15895252423612
1.38494063583146
0.313648029190986
1.22626259925842
1.10894136070236
1.78383702250874
2.39904287902608
0.559860205501202
0.357146428174176
1.65947004756769
3.38961915041667
2.17668746125075
0.606472881001623
0.962059618752988
1.62597312283888
1.88668486716158
0.441471422925032
1.66478748580277
1.04539201058204
0.558286082972422
1.921478291676
1.43802201690965
1.72763973694658
0.748215708858458
1.22830401996451
0.530453163541788
0.285708221403333
0.911697647666992
2.4768054314391
1.37163640071035
0.550206889889626
1.36899659331643
1.82610965886453
3.50647955580583
0.270294894877699
0.238826462910574
2.93345622649156
2.04546145136732
1.35188853791113
2.17255432548725
0.361286627906121
1.01499212803902
2.19399533689249
2.29476585813949
0.0371036118269296
3.05404866305194
0.017356389031957
2.19290575788387
0.281887327524259
0.869620909833347
1.03988605342265
1.87328068531611
1.45924521573117
0.917782705301678
0.514041396488516
1.37616666028129
0.288885419970186
2.22067135078848
1.51852476144011
1.01463159216558
1.87778153956592
0.725324732712173
1.35327329383225
0.691089797653594
0.539568367096973
0.364835322721876
0.689495715644882
0.99290144210736
0.568246420521745
0.271106465640312
1.58862987040401
1.43964662926065
0.447090128361572
1.96245255598852
0.468543557221758
1.38646349480575
0.347832673875432
0.422385790455822
0.24692444491366
1.13252715251875
2.5505863064924
1.88798314044211
2.04123133566213
0.923653567962349
2.30633516886035
0.226904450557128
0.951540597035153
0.982380498171224
0.8609543372138
0.255992196290321
1.85508452127569
0.403819579779632
0.479074950225669
1.81387227680035
1.27476594629516
1.29940314535335
0.757248640923847
1.77828328032206
0.0841859731506207
0.608303851747685
1.80309783739164
1.97130531588481
1.08034490581293
2.86678867513812
0.873796080594519
1.82054477093163
1.0051063365773
2.40462596686001
0.63776136882072
2.20508637724195
0.577013810558719
0.430147795403275
0.43304640981405
0.524543892833608
0.535407764261931
3.34050186732914
1.83838270342781
1.21545939243351
0.914720266536557
0.546028374418803
0.680230835632942
0.466645160997601
4.45172517176962
0.3752104543399
2.2726469901155
0.814736731188266
2.31969954139923
1.39404160866516
0.682353666760331
0.0231823735402782
0.0603373856645138
0.047131346252498
0.535360516788401
0.221005095992672
0.232359148583821
0.746820374617363
1.03735957849194
2.12566709852988
1.05030063725843
4.14734197344727
0.175451562074471
2.37105928139976
1.7917379454939
1.98198930941819
0.145898152917299
1.79362409002431
1.33700974857164
0.4312405887453
1.93076126416039
0.846930732299276
2.66117659333205
0.703160626843341
2.91554016618082
1.78826554511588
1.55512721272215
1.70591356600615
2.40353848919911
1.01533337875959
1.14239733104517
2.15677001305996
0.550697981298607
1.58472198458813
0.212204039512663
2.10992885307017
1.07907971773329
1.26043735513582
0.518033044471095
0.308429975573741
0.944452126911055
0.880693843757631
0.402575921970648
0.699217750002758
1.67330091887997
0.818005538440508
1.23551420541968
1.90579539026041
2.45895200280397
0.774472987578307
1.35111249446839
1.90934171532604
2.34273145414053
0.607590913604314
1.25094295505467
2.23163531270042
2.4441509024794
0.328885716019774
2.58414802239584
0.220176593909215
0.0325838820158692
0.485286670479554
2.14934535261592
1.37827996787076
0.343055855869137
0.518164320159029
0.0947906103059968
0.1964721783643
1.37972898621348
0.138619302936247
2.34630707799028
2.56837414294856
0.847288792439846
0.44062881776153
1.74485224356596
0.397434164169754
2.12576081001577
3.54809922095181
0.133526392290358
1.23273696177725
1.31767816454896
1.07280445280795
0.905782452575433
0.979666844069262
0.798400393520768
0.706662634682851
0.3553720484564
1.09493263543242
1.12996764704103
0.757848049717208
0.158713138475317
0.868377596606908
2.33357654380952
0.306420836121523
0.779221500352537
0.5014597348927
0.59365515969243
0.63564654777
3.50897576912421
0.621807712986863
0.672311925775564
3.73869126157273
1.90896914797052
0.228501029922058
0.790196376786734
0.4096053797513
0.309833451814571
0.305347197768084
1.73031612888291
3.07248425925173
1.48195591782315
1.72782015901859
2.46229263803467
1.8027673006729
3.3182395640821
1.70670544665741
0.969329712047403
0.468036702138602
2.08080122632977
1.17066769166243
2.03320072443701
0.295080576464007
2.26902729686418
0.110515752301713
0.775028219193512
0.49326349722243
0.299851540263124
0.605175789984714
0.431317856761965
0.700852949521605
0.682316557089782
0.573049242464878
0.404153706981507
0.718252225770913
1.98284283366891
0.423052840066304
3.149299658204
2.35793803245552
0.135576816606209
0.463548834718965
1.42843604029205
0.199218542452964
0.505352619784739
0.561459088690396
0.794796700826042
2.30475851327348
1.60452466927333
1.22490720070119
1.34314473465794
0.371943072270338
1.52064994054275
0.902210077869732
1.61505734840707
0.817974153564964
0.604313792380863
0.685275043508018
2.73914084698734
4.63240075637745
0.978997673688991
0.0896566822615199
1.26286427314997
3.47084263931525
1.63546372676455
0.799708006711358
0.779513435450552
2.42856621780546
0.371977706643152
0.933176021602422
0.0356058770345898
2.69650663567232
0.160383953898548
2.05274212334691
0.276516792065571
0.620764444163529
0.543964484852331
1.96399280090174
0.595370954523366
0.257337149872424
0.529928994636036
0.659911174713025
0.460100252663331
1.27807490846708
3.59773257303255
0.15320784426192
0.882179018833041
1.09498377775634
0.771528665292896
0.716306464712752
3.12250559416493
1.15148875719886
0.320044042184031
1.63111985764345
1.20457525343671
1.75303778347931
1.36726313698548
1.21586715810011
1.55853948640966
0.784659286447464
0.888268995830189
0.399356837997524
0.0651442948170986
0.0710194851877333
0.913565271224641
0.625336338328639
1.20372850487979
0.720558526767333
0.739499340647437
1.60778088373839
0.502710825642296
0.778438926463071
0.318544216018596
2.69589122477548
0.496019036538679
0.252568410419497
0.489493724435083
0.92349931320275
0.928218882110232
0.886036108072685
1.18554327083981
1.25144237058988
0.605389714850903
0.111808102717285
1.20481929422388
1.01757299292906
1.65515906386802
1.4383977349627
1.64433971201927
0.611610145749685
0.948532968483892
0.384466632977383
2.22091949937124
1.94697417099155
1.21595805527872
0.738834061655351
0.156309743115137
1.19042009992617
0.27890586742845
1.49229352681474
1.32195878027706
1.34895771189625
2.25736504922571
0.738166069946878
0.264913793652681
2.94064585074693
1.90763220207682
2.90265204294616
2.52336083804954
1.39229829514264
0.167083878131725
1.82629159924597
3.53856498052119
1.83969320521397
0.216156462171879
1.3364541067442
0.487626439373446
3.00315192502103
1.0478093574925
0.238498453894532
0.486343917191724
0.169809876431765
0.252536561915674
1.02926443040701
0.66525627887315
1.75831510625354
0.122052218752924
0.438220013217951
0.706245241320481
1.64273251663887
1.33965006217447
0.132017102517635
0.820580531900634
2.50955822562369
1.84109599304795
1.57046925306039
0.339870070637959
0.84171265427069
1.51070049628373
1.1634501285701
1.20869557095527
1.84162629065425
2.00399728532904
2.86537102919702
0.468101571550914
0.636267105222855
0.313291754682019
2.51979292917402
0.504818957895492
1.07489590022344
0.25638676049609
0.627129669262634
0.78503507161376
4.27101603421074
1.00410295231277
1.9603271300605
1.29507831181566
0.68961833802519
0.732530730308478
1.32527057657569
2.26267192134196
1.04583678116277
1.86468117789832
1.37876283403689
1.28397963351271
0.794938541525627
0.333369821303869
2.38031328548753
0.18742434872547
0.498671252668681
0.457466863511833
2.39275456992238
1.69328223480012
0.913938010879457
0.356856693343048
0.552665698676101
0.296647884762825
0.212000364177574
0.666591008124284
0.462355037900149
0.239317672615788
1.57382897382581
1.2817613105997
0.358470596611349
4.10430207505184
1.51442859683113
1.73808432095301
0.36691712504038
0.472573429974762
2.02581141150425
3.38319367303413
0.786146675076171
0.762511909648083
3.55787763320805
1.18495431126618
0.672574503697724
2.79445748430005
1.16286192996622
2.16221673093053
0.198807846688158
1.46022535568305
1.17807391830168
0.11702424696668
1.56231298053728
0.585932564807617
2.20434615806923
1.78703899048672
2.09482131831179
1.19686697659178
1.90450321613444
3.24369185965063
0.0959741040311819
2.78194944054918
0.108324679227106
0.119307603711279
2.22873518118881
3.62882204688479
0.0125024369321373
0.35219509104336
0.0955722042761183
0.0193273847662284
3.16264318457969
0.647797294116682
0.121872235444222
0.588323553204777
1.31844334419696
0.141494402714389
0.347331442760467
4.48780018022081
1.21103314860077
0.468910139757333
0.181238727628352
2.83948516922046
0.56050502716232
0.841490020339165
0.0544311761790919
0.428384165611034
0.468606070602238
0.208618234620362
1.35735152032614
0.297949938728755
1.14886613561939
0.354933296443304
0.598061786367608
0.462644631243414
0.448157441254477
2.12108674724462
0.385861486775568
1.4512560900967
1.08196399715542
0.85661203694665
0.948606112302858
0.730504690068282
0.131973419375599
0.723610298177715
1.3534514134068
0.82624959620767
0.863992124487292
0.172324362260462
0.791893178983559
0.212125266047716
2.3883635262952
1.52016530649188
0.399896409520929
1.63198590013916
0.710900445421475
2.2172537725215
2.5753367785228
3.08401463578056
0.603567628147004
2.82410019615621
1.38840267135335
1.29189392064262
0.485213937584867
0.612357074556629
0.494027666965831
1.70090688784293
0.332484958559603
0.471230742965643
0.628807924174755
3.02968836466309
0.224206488987359
2.1365581742684
3.63794886742396
0.208058269689517
1.9781477853787
1.49843238982462
0.364075103282853
1.97218928620733
0.335612554753425
1.51396639340664
1.52014338150591
0.861181482158331
3.27912988496591
2.50736620399166
3.24988973549113
1.36262911919691
0.593218744968503
1.52135995117834
1.40416273232911
0.59316832841553
0.214165370607992
0.0566462120359109
0.243881708321052
2.6259918342567
1.26660081024524
0.67503903080679
0.57612542298649
0.365150613575917
0.862106258960188
1.27616573112105
2.48199118832544
0.685024060315652
1.67388684781839
2.59238413984219
1.65576282044404
1.27073257885995
0.681917859624069
2.61492393632534
1.36048968357541
1.39800571549105
0.608605894100515
0.880517199467981
0.74117679225804
0.824782729182826
2.18061422027524
0.901131487953191
1.7564803936834
0.627172596875569
0.49835053021865
0.710181468115762
0.993605752430072
2.8576162312362
0.695334823022362
0.804588270953366
0.982008329465385
0.778504366064281
2.85419739241091
0.976195470311159
1.25632936775765
1.34546032018195
0.394568283499555
1.80354360019498
2.77665363134302
0.0843000336262648
0.237058319332619
0.401844565303627
0.0573049201635717
0.796870124359951
2.56721644123522
2.46700426086306
0.986718275743132
1.39590380124123
0.478974652246325
2.41106934207764
2.74418281825993
1.82057775538573
0.491215406964857
3.10271736110083
0.254229089281488
0.462214080819899
0.17307212826452
2.50824046189174
1.87310484692596
1.47578880351128
0.994732671741704
1.83729103733295
4.7271320352857
2.17949375289435
2.93135772368951
3.39012236080895
1.05110105249421
0.600425519221303
2.98960855602782
1.30168269907589
1.4832781144686
1.51607349505131
1.83584516725678
0.417855396774622
1.31115551897671
0.829977811700721
1.53539309154283
0.661319410140167
0.401378209775426
0.0683533553761185
1.1597897793507
0.820345747470229
2.52960950013884
0.203711269083419
1.96323194319211
0.25893582158715
1.29846365524245
0.485949834233169
0.79806150897928
1.0445278330465
2.81988197905705
1.4486105430825
0.601887481524075
0.609866271050591
1.26610467129042
0.32558152221233
1.56579830535669
0.124699460726335
1.25986553151333
0.232844697237657
1.06989428669964
0.465914039329096
1.16534774975001
1.58084484000992
1.58901196960403
1.02908174062159
0.480598387546948
0.196281150467742
1.07013251583369
3.03966400170894
0.242652808294975
1.65144485061038
0.873551282342365
2.36951778248915
1.92121609367613
0.643659650869392
1.26815610349914
0.326662134165859
0.123307794472604
1.67391997559163
2.68014647743461
0.719633943616517
0.0962274285383724
0.254845686100401
0.660725292542285
1.9918784662034
1.63401765217104
1.16949030905356
0.588226085563497
0.68848957151206
1.03647639745306
0.191157669721821
0.317327230836467
0.79898063497676
1.05172120272032
0.413632541099689
2.08460121142093
0.517065075638758
2.36952977431341
0.800374119189927
1.41611316642982
1.05624736908267
1.67195603028025
0.255909146439254
1.88618872813053
0.809226522129498
0.785035073063813
0.225076946877497
1.43603311465001
0.484029543659305
1.9153213923125
3.19930267573887
1.94193741896691
0.0449930190589191
1.02253750220042
0.63963295047666
2.02956720936721
1.32960969372672
0.178868452488701
0.782527988506215
0.608165421333322
1.17188698919001
3.06352691774892
1.99519572478399
1.10869570309249
0.677128523340366
2.56379974151215
0.210164204338416
1.3862975485146
1.11290808675521
0.405165366124533
2.70495883686163
2.05830439977399
2.22842047850524
0.440500463473573
1.66985268362835
2.16343610338856
0.808540100321907
0.798385760987553
0.986197100126054
2.62998329159295
0.286315912582423
0.707055529226991
1.17502181482986
1.28060996170544
2.11998008721408
0.460323757515881
1.0613744666177
0.67172999586636
2.0069434891918
3.79333625183236
1.6598301159208
3.28638754185244
1.05065307808857
1.55123936389657
2.43037310938009
1.09561403555363
2.0405892866568
1.06313372219861
0.789782261853897
0.441277988306633
3.98096469062334
0.960907003752258
0.881996417787927
0.398943642167343
0.967162133978055
0.539798037217365
2.30771864635191
0.602849972044156
0.359604860758656
0.987503164179993
0.870597569496914
0.287637669516655
0.171592495124854
0.610670767715907
5.17908380372913
0.255282013355149
0.449932743515796
1.47829439257967
0.718027415858163
2.52891860100255
2.24716552712838
0.138566597981722
0.415519220495841
0.180832552413235
0.15761233933135
0.588047889617915
0.8216135355879
0.212638500791355
0.363027007546238
1.13971260146782
1.10377356833714
0.726012178866008
0.339200391099131
2.67536593281012
0.622059601156458
4.00292857684959
0.687990562864881
1.00842497053636
0.513354890193995
1.16541386917217
1.39086693335454
1.25414756884997
2.05083666750774
0.843876934238272
1.10540446030402
1.64917724387107
1.8617265783417
0.273138134359781
0.149466663955849
2.29034869023267
1.45865820704033
0.211568476283781
0.295460635894913
2.18107766493782
0.369758380010114
0.323055988975015
0.742793130275259
0.295812779189931
0.935088537994675
1.20999412480751
0.657551952483483
0.288185006718268
0.0972910015636751
3.46371957986985
0.241641252049113
0.273899331906641
0.141446515768401
0.216688402873586
2.83743968858627
0.89627395708019
0.378132242930009
0.380694020450708
0.185821686657538
0.730140237452652
1.25749438627291
0.0669272145564106
1.36822037238825
0.210994619998257
1.92703788563777
1.53414231789687
1.00646575726218
3.12669644120716
0.210316251318244
0.193548358057896
1.09135739437734
0.169317016820742
0.779174906995016
0.635289358936238
0.285849440647402
2.04554699361978
0.164547858221318
0.248498599011721
1.16833377807478
1.77352056370182
1.87166006023706
3.01529706162544
6.06920637127756
0.370249554090447
0.189511883011353
3.66032347269179
2.74741037483397
1.25144137785434
3.28410841916255
1.9283800065768
0.329631821778069
0.368748245522543
0.765971014865441
1.00461533591892
1.06331159005022
1.76047856176103
1.38063957829645
0.739121580290932
0.483031077701526
3.14936572201472
0.505697356094641
2.78117891689217
1.11623639424655
1.11346306511432
1.09927989161109
0.066080697166136
0.469643084836255
0.176393494300437
0.161165193127791
1.25205345430984
0.0340884060612728
0.0679942776095036
3.69611088634225
0.174957952771989
0.740642451225967
0.447817275786491
0.236937268288404
1.73887624891795
0.788355896314186
1.90925408963936
0.313732229989891
0.110574031148262
0.345389005155191
1.25710176038846
0.234070891373947
2.4694365597477
0.13584083706092
1.11404823829139
1.04960073401794
0.292997283825154
0.380134929768957
0.372946767195477
0.510897886534787
3.24643639303138
0.412095943370279
0.176670797784493
2.41927604265736
0.470903206910981
0.91323765799147
1.61356138977259
0.391482834143845
2.95933402674654
0.322389127832155
0.89678798200544
0.771173693295425
0.168430048244127
0.807505389000989
1.04619868347388
2.11911758079188
0.951679910372574
0.265521398595294
0.785174019976636
0.604913834758784
1.58752314661027
1.07858298125188
0.944106218154367
1.20686804935044
0.813729133356679
0.179386117151166
0.448827244852321
0.125614853525043
1.37633257550553
0.0360027695283774
0.0423231217710114
1.15403479711063
0.422463166997899
1.64591356268067
0.731729282540174
1.61333635597176
0.419158956046807
0.466729718289999
0.706309896433355
0.248193695448379
0.767075147413308
1.72190789315846
0.206813516333385
1.85323811617793
0.0249130313195228
0.215800373644901
0.410954746831834
1.01950711132862
0.436484655392786
1.10314892539971
1.06116515582057
0.240976003041433
0.273518683280104
0.0873635182469023
2.65002645679375
1.60624034229077
0.144183081476649
1.34929727407007
0.199660969812207
0.362986091862249
1.21962228603179
0.561182233422139
0.96569856374027
2.34877790201447
2.12499404226345
0.789643231357378
1.51826130679759
1.08218413082635
2.79274926416901
2.65445119723573
0.729457475249004
0.587683016393182
0.282505580669521
0.109313520474647
0.817837270304085
0.257685284443769
0.898718404222303
0.861161322406127
2.29206966050779
1.64034765911752
2.63549107134599
0.467584647928313
1.29547025426335
2.17067716664241
1.71933685469418
0.540675685802035
0.696829767956465
0.219390715191467
0.526006367597283
0.161633540694796
0.869838923130823
0.440156620515058
2.36985672230148
0.504775978905784
1.18687048887538
1.35746206796657
1.0666504902093
1.2718110013342
2.27332933828608
1.26479982474246
3.93551287214128
0.790618005502154
0.713353497055428
1.2100368221523
2.77100805690507
0.933842163088247
0.736703653769979
0.359605368198053
0.588412141483874
0.131284983481325
1.30439262927909
2.48485578667074
0.933939451398817
0.20516143159992
1.04643645681317
1.72387315963529
0.140562528178041
1.29950319604337
0.26903482027578
0.710695736222819
1.18401833017317
0.320299946194569
1.7054357041723
1.11627414834938
2.2875557879604
1.40765362006302
1.53874188451775
1.28063998802566
3.12493451340831
1.65745209891751
1.36075673721418
0.593600702408552
1.20851411783263
0.629300582331309
2.31233024781394
0.344931713897856
4.45019924487178
1.33332583972635
2.68679303400151
0.408581309910128
0.714048153486232
0.589082077854852
0.573229753197798
0.294038879337407
1.22413820417009
1.92706270789183
3.10961865038315
2.60000068716173
1.56426590326682
1.33776705967527
0.302410604613917
1.8674228862712
0.244955181054536
0.458403153278664
0.539470160667564
0.955154308284177
0.805039880332778
0.190147755007615
2.01266315772679
1.66787970842166
0.547029775428525
0.441747164479464
0.583917219097566
0.388938140054983
1.40753736903296
1.08465245614256
0.252818136241346
0.508636931373265
0.764971209948507
2.74406711101405
3.0672222132808
0.316531978541966
1.460965066139
0.394063066971836
1.31239423465264
1.06194490711741
2.25278494564412
1.30788908708352
0.337545633760609
1.46025478746631
0.368095686651741
0.925912967110261
1.12761238477478
1.54047053716805
1.60945646431276
0.742174987657369
0.676278729848051
0.285063348202556
1.54047518026955
1.46074393280266
1.06574355302657
0.536093203801705
0.789329385083376
3.46788951607149
1.94785419340105
0.022815584940701
0.319107965027494
0.202916912074851
0.0992132434484714
0.55354877430858
2.83990585184825
1.86558963977062
0.491061790526154
0.876677476396787
2.73448022143383
0.215681195130634
0.976508398793318
3.53772583443154
0.165545313283861
5.10488284943086
1.08338079941141
3.26261153551401
1.45545140175213
2.01804354176826
0.626658248177297
2.91923167694741
0.0742763910044346
0.139481419039907
0.709765716878552
0.0237379297406892
0.196607095071235
0.113022556967382
0.363823296682689
0.968935621423587
3.02486912017639
2.20953696172212
1.15742836030377
0.855249495902481
1.03521852832783
2.42407513213476
0.823201473902724
0.583882686919658
1.42469825819254
0.57849395701518
1.19893631559103
1.31450459529537
1.28306492519876
2.50687889475681
0.455022733774323
0.730489163444848
1.16469863186636
0.890410334295708
0.600532518032225
1.62035013973091
1.51443980818904
0.143150499659979
0.635147711319681
2.69089156794784
0.943719641549564
0.502816968714851
0.915924505551787
0.465803804685671
0.410687366460114
0.200472439327594
0.542580008083083
0.713270660385006
0.460048205168024
0.393241639609966
0.629928780397169
1.16134669331279
2.56485052515187
3.02295027852053
1.78128053943913
0.924547227090484
2.29711617964407
1.06291473201619
0.115510487794598
1.92425750390837
2.58851843132103
2.93891203567079
0.59712588964342
3.74807796783529
2.04787280470284
1.68282553435551
0.857959508104917
1.2377622518507
0.202682256583304
0.347105388987174
0.206420668111638
0.606094783900938
0.557477945186671
1.48486020191916
1.74539658051081
2.79932237992657
0.493939112266339
2.37203611405079
0.452273251703805
0.486421999294953
0.70644427079009
0.341091100531018
1.25411857786492
0.818589800036957
1.00022740375738
0.2811323059291
0.795067423994731
0.775491872782953
1.55131202091795
0.371691217462549
2.3028674547456
1.39517406283412
2.34471017457473
1.57929430023433
1.92452820882116
0.753275629696131
0.707202745061881
1.34997925770367
0.51531862157478
0.524359579167053
0.190046107427564
3.58541191856423
0.518301145420326
2.23577409652453
0.254815500050383
1.66468156176414
1.7108693934145
0.5555146921514
1.01041378840317
1.40947630624168
0.610622126062727
0.835963603093411
2.61491473915187
0.639059486904997
0.0440610268989848
0.651356264115629
0.37929342338902
0.651108295409533
2.61558362514461
1.71823883534156
1.17835548007326
0.256494213541684
2.0093703813589
1.03549329293798
1.00534283167154
0.665960746463211
0.99237444957407
0.210540864228197
0.621181207815619
0.124988449446351
0.822112290670417
1.4244760295743
0.756428169126279
0.500684421303645
0.103996163385187
0.135061386105837
0.213617876904125
1.45563761855615
0.986573166067824
5.00515924258211
2.36402074527767
0.537695238134035
0.338249862773925
2.84910495380363
1.26328210055059
1.07203780689095
4.03127867678838
3.58693011704143
2.10340866896644
1.55007117793076
2.34006434972983
0.170818474018169
0.686104153187341
0.467495920469204
1.27182433218802
2.6663885211768
1.48598995404225
1.92500268812408
0.265574008549062
0.458891214498351
1.49878239437469
0.0744356635958607
1.67395102874763
0.385655444272201
3.56248863533348
0.107945903437381
0.00573391467924989
1.52808206546872
0.572342381012213
0.812609055744354
2.96652058487969
0.431866611714906
0.493000247360494
1.50620847861369
0.764953668353434
0.202456350899256
1.61088425182097
1.23526633486375
1.29173921935897
0.984876990070264
0.276106889758591
0.79978397230443
2.82162106042694
1.98368678938054
1.13287598401401
0.751767930098529
0.402283168819306
0.0846158483392513
0.208755228852399
0.0250879232766305
0.125168882263408
1.16606242495688
0.521106662992895
0.0254003577282001
0.459911079737631
0.314518004887427
0.0618324799396629
0.867911021840776
2.02559059342395
0.248239805449964
1.2614667785764
2.16469650680855
0.787100075219532
1.04574842106992
2.64048786634176
1.50083090541579
0.924936265085297
0.675386531420411
0.0881406452664657
2.34393767361525
1.60741538424765
0.275329561176475
1.00176482426627
2.17535419254392
3.78612372688829
1.13248146572649
0.177224669457472
0.407082978689334
0.252560871648477
0.270031755689657
0.367339012169019
2.69619944339113
1.17749583051678
0.445952914305006
0.622746488111792
0.275342421955068
0.986893246960301
1.22513353704255
1.82192571946561
0.220554235491042
1.41854900534184
0.0845115332484905
0.591016811229791
1.79189931545205
0.321930096052189
0.116237832596135
0.851968889573751
0.412412028323945
1.96801391163353
0.203137277144204
2.49368822390601
0.069071411097562
0.821786016836892
1.49747608482253
1.22496899267103
1.4560261869547
1.64333355088129
0.00854164438853855
0.0262836030611176
0.787466325735133
1.98800112177921
1.6153607861641
0.347600327310714
1.20695164513116
0.488279748360199
1.07460385307306
1.54695026120064
0.25210681489361
0.625744318462257
1.53101033368972
0.235453499016172
1.71165882196983
1.14231227495
1.61884914706449
1.49807001790112
0.743669592132642
1.53183359235491
0.786971510181297
0.113086556016091
0.843624854930109
1.76651425205447
0.611539094244825
2.16745912608036
1.33996138397851
4.27877621943073
0.741750350370524
0.409175005118037
0.173112889326978
0.426554080972925
0.620248534364643
0.210565395404884
1.57787739496529
0.978403606729064
0.10774197558317
0.448687144286255
0.539987683601693
0.238834502743256
1.10277107783023
2.23690225376385
3.55867348970103
2.6729570878287
0.694555960952213
0.225049155193972
0.720715384346974
0.272119750663109
0.949656242149524
0.682569202564885
2.98951374996595
0.563062415783363
1.12363138394261
1.80073188819224
0.336559911910353
3.99319885672377
1.51754099117587
2.82728379948654
0.798537248186467
0.666134349590607
0.576820270887522
1.17112072543561
0.911470509720254
1.8095523443289
0.810826842493618
1.77122692337524
1.53172803854073
0.584809161916796
0.637908951421107
1.04055267257318
2.59395601347259
0.550158784575295
0.571457378782836
2.37394001215588
1.96425259807652
2.67368006760506
1.62363402573286
1.89152094832567
0.99458074446283
3.14522137256664
0.536671684901954
0.882990260062969
2.34304758606578
0.533780733915095
1.27438407106131
0.200718802156341
0.0257258220368455
0.242124104289494
1.34886510284039
0.835913520588094
0.371064995445938
2.39469147988719
0.254453922358576
0.652783589937382
1.23870208920008
2.63254245551286
1.25486483124507
1.14426279676985
0.902567482026376
2.31837823684304
2.02584546416582
0.241232744684311
0.816067883031619
1.72650202337697
2.09437208073968
0.35462612241397
1.72477401194427
1.7913206030106
1.28938106748148
0.9374090131742
3.47433323675913
1.79446238378127
1.46568013599553
0.134401206347008
0.78580847377822
0.23432303810027
1.21739248901454
0.0945238245394791
2.52459968063392
2.65779603637854
0.32488652860038
2.6138809661522
0.10018405842525
1.29290934904109
2.5900911658384
0.31177074456855
0.420122858733132
3.37323704120546
0.117275052567064
0.469553128194408
0.313996169698975
0.737687100454212
0.594924813081046
0.217562436114769
0.201136858289664
0.136653648927619
0.575668906650143
0.651164315288361
0.0930934276038594
0.419326933140117
0.635060107833949
0.35475921438382
0.214910693739385
0.468223824911666
0.730369042403102
1.54752837883613
3.95897992815656
0.612981465791259
1.28559177656902
0.535141245922955
0.41638704669752
0.151006409198716
1.01656334334102
1.17733375779549
0.127528047677822
1.54940485205082
1.78887376355735
0.0939710917922025
3.03536531331883
0.31640922773909
1.27081547442518
1.69556002187847
3.94679628811627
2.23221793778595
0.633829561780071
0.181001934407783
0.510397444804968
0.396667114868878
0.339691444906341
1.27162910181735
0.908042952862094
0.21296355058049
2.63128862294221
1.37587934725122
0.671616230186238
3.59513148351392
1.4089115680758
0.961341245197372
0.909229795639642
1.8430277089838
0.433947301366405
0.916809257276583
2.44432198190656
0.364532479404249
2.82602127728538
1.04064072910065
1.60180548811806
1.93117299268557
0.33207183082684
1.11379469092677
1.86546589140788
0.810576840964703
1.28135813209485
0.630111709365806
0.641739919022972
2.07872410027406
0.623243477658687
2.19530445039973
1.6248711847557
0.480749515099318
1.94385645244689
1.02378143656625
0.91510904405388
2.35443893857584
0.180842473677911
0.187337364562907
1.92332172595132
0.128222939670433
0.688581218553166
1.72254365802907
0.761895169148169
0.394629285304348
2.09963332747657
1.25988800848311
1.62621813512702
0.535208126136779
2.69966669111388
0.849233586592862
2.07929777118138
2.77348870370982
1.34639246590999
1.54753060423042
0.944717037637164
1.2657140565525
1.05482409636898
0.796637312026067
1.58367665163494
