2.08031742786189
1.28461538710187
0.987849196661703
4.16750788401986
1.30355037263769
0.123713916224106
2.44417185469086
1.74074778879085
0.572973969030065
0.54751336116382
0.673105574363662
1.05139839664026
1.46520032006517
1.91632130386035
0.798550199267622
1.19931844994978
0.547160560653517
3.67319950494217
1.63910535253316
0.65798813810811
1.01442860356341
2.71331214853531
1.64697681961523
3.77753506370078
1.87427321302125
0.364965590429359
0.373315564092731
3.2050362668894
2.28039405470211
0.257126188902742
0.154348079520062
0.480873416533309
2.30899049739394
1.82444381748671
0.469565074340174
0.943949656136712
1.59075987335316
4.60663379899486
3.08303578401493
0.12651799115784
0.38687165133807
1.24783445901392
0.0931333510929623
2.23318245623944
1.53696436606151
0.767608955902909
2.81397747357433
2.30801039755358
0.353110273523549
2.91064015569694
3.0797935380978
0.842005085559224
1.81456158396743
3.36122504593894
0.649808707985543
0.732097806276566
3.09612833352897
1.36314165789853
0.794695976093369
0.517305619875463
2.07429955190696
3.24698169015309
0.911650605155418
0.94174369596115
1.67201511834699
3.46857792790106
0.938434280141912
0.484404297170545
0.553441663186864
0.402442471941927
2.91779339907042
0.403479653990021
2.52051909314749
0.389195627098396
0.606739318610401
0.42438262816621
0.391296141563528
0.105108359732803
0.92677040056801
0.104002570645643
2.17327909801684
1.05877378867147
1.52620452869722
1.34553191074884
2.14916263729139
0.393183639397617
1.21399016685201
0.318108633723682
2.3734552917509
1.9555212699816
1.54054020806905
1.46274821034731
1.96020473196678
0.343167258424537
0.995526079196269
0.686092509242653
0.880690895402189
1.15868750506756
0.873031525280137
0.188976722497191
1.97126293072697
0.478965753061792
2.16849744953762
2.42999985818817
0.649620504255182
0.653999122789974
0.627984606439494
1.67670766914062
1.49727857777934
0.995288999592334
2.02493288716073
0.610137207873188
0.98473630533204
1.05665927068191
1.48400432158687
0.0821267703977166
0.947202133632422
1.24775009040095
1.84932211639527
0.375004877977326
0.354340507941503
2.33410356474704
0.0620263510835509
1.06841013171146
1.54923162356688
2.47223908287888
2.15737633309211
1.57734272963716
1.83541037131698
0.136064667606212
0.660156915117389
0.602668699566577
0.135595130176544
0.305312622429619
1.06123727324915
4.06009695047826
0.714840211531787
1.11987936705997
1.15976175325502
0.718588376655571
1.22805122573651
0.608695613007676
1.01858634838878
1.47537745817091
2.2965024729376
0.811230622718662
0.964254699340998
0.884579473951533
1.66958646472232
0.0701027470246103
1.99765355918411
0.29996746384106
2.16768079202891
4.19219754309889
0.141797395886913
0.477291143889063
0.669762197768282
0.121289004023649
0.0101520466857439
0.031859814734675
1.71258542798959
4.2527478134167
1.55759331486303
0.457830504619874
2.19631461985194
3.41450336372961
0.378951196706785
1.67077709319132
0.442978797261532
0.5441731676433
1.13393133508862
0.407218248728528
0.453697785827651
0.601484807489397
2.53378097608344
4.54273710238042
1.25080388022834
2.15062998676578
0.534809211938408
2.18482597221092
0.568537264557653
2.53504222870008
1.915348366484
0.945423135927227
2.08346257217762
1.05197353679037
0.273021167828246
0.756541458150608
0.105246734208892
2.39792242192936
0.81970470221619
0.224280356124057
0.198676305771534
1.77532884836182
0.371277525688151
2.59096309012303
1.10316264343089
0.375488431959215
0.310378060587844
0.244624606830583
0.372332255554519
0.501546812621384
0.12987482342477
0.260135038027253
1.32764408313628
0.661440114876171
1.6656284188062
0.504512094431131
3.31086207959575
0.363604111665418
4.21178010005688
2.49221452843204
1.62455385958919
2.20802514473694
2.26895569710857
0.883723818638743
0.307303755587331
0.818602745289886
1.45311808248135
0.671186076957418
0.471237326322877
2.09037888706149
1.60685315429268
2.16335702224114
1.54356088161963
1.03991178742735
0.260770908180286
0.679769769374508
1.45466348240517
1.07493164735352
1.62739263936701
0.460331259904607
1.22969203138677
0.528136658713687
0.841371799871205
0.406206971596061
0.346812923345798
0.946774798167684
0.0679993304224287
2.43956891155719
1.12941062203959
2.52757555184734
0.0774200143642437
1.81286576286473
0.0894096706642404
0.30865332033658
1.02889597222253
1.87506624005472
0.151957502783193
0.238841300900262
1.60142803391398
0.871807908881248
0.641368118863988
1.50271639681115
0.318543739556068
0.0276385368768165
0.0712088814946985
0.10072301015043
1.3577537914629
0.689947925658271
0.586956619036701
0.0938304927820364
0.107432274317655
3.36522469087271
0.413944693151621
1.07629236752219
1.62703290810036
0.899312969545949
0.175222980872023
0.0747576461396361
2.37899810771245
0.630299290261948
1.42084664781593
0.104625047006701
2.27900048791424
3.15569049577
1.36902914337246
1.77748245998502
1.71587676644716
1.62513210288508
4.5715412522993
3.56368143440478
1.12999131114599
1.87181067250276
1.65890728719203
1.67011712193686
0.729098233502415
3.44399117825123
0.265345365732788
3.95967064618777
4.37940659452003
2.47383289426619
1.72486155743679
1.55538844372173
3.49818792335601
0.236138434528467
0.144390109746145
1.580652752147
2.43151319830744
1.63618806804098
0.594300288149571
0.314287505044631
2.87441818026091
0.473838896587395
1.12682658236326
0.219268030323795
0.130225899955024
0.169399698584214
0.511377764596277
0.123196046711983
0.961496339349642
4.13021383385152
0.245203778822076
0.336393027228668
0.497946339994899
0.667260049319983
1.60054746145442
0.220790740229555
0.575471939715647
0.539515803843729
1.26400509105275
1.73579546335093
4.07497094322918
0.654874071501422
0.043163788467474
1.55290811843532
2.86868790497463
0.410314118642545
0.563362513557017
2.36268705630565
0.189564712934485
0.567799685726706
3.28125182062856
1.50263093605269
1.57095836854315
1.08272402274765
0.153546611622366
1.8099287286832
0.629467309922723
1.0070916076432
0.594874957259224
1.30965501317652
1.85906043047778
2.73903141033874
0.32725947202381
3.1545930272868
0.654082122687251
3.69480804966539
1.54248066391736
2.78316807539977
0.73963617528143
3.39449812036693
0.343210322277702
1.46206564197763
4.66901462094574
1.27365886591619
2.05452855500956
0.104528231621335
0.966910455520248
1.83035315700658
3.95435970386453
3.70671187748826
1.47221659187274
0.520901730691385
0.704952635663023
0.839261390468973
2.31506995617014
2.00307565098562
0.825888583428242
0.906384484320586
1.2939524582218
1.1895506847219
0.498703313083103
0.894863689528188
0.179257165251885
0.126444203825699
1.64380396439231
1.34770244798263
1.1972251791989
1.36619177506563
0.54428510472987
1.53190365675183
0.867021322589113
2.3828660539855
1.07027219483765
0.143482625589194
0.41242063441877
4.57724544149474
0.483916734773512
1.24160563498591
0.941730626268838
0.571439546307339
1.26696051468248
1.36983111330682
0.339844992830868
0.880112848615709
1.49688428511025
2.11204858719318
3.42173871845705
0.708059926707449
1.96171697421415
2.25426249067702
0.309176962237924
0.161904273618132
0.0707800045202476
0.923994518436806
1.34677530091235
3.58295783724971
2.38424113938038
0.60331123832459
0.897202496606359
1.41519770291854
2.59359041482259
0.197612806141142
1.04302137995689
2.8356960328878
3.51619585912197
3.82005212654478
1.38481001866413
1.11800172547342
1.96986167968884
0.638134363556217
0.139972305938626
0.773588442324945
0.825809673245183
0.70588982121758
1.93073286024258
0.605257804486694
1.78775876942184
0.860204680145842
1.64031731051478
0.473455766636921
1.61103920276524
0.148213642565375
2.34284331794289
2.65463270869625
2.46073505675984
1.0443278008369
3.21929670865392
0.315241068702443
1.65405307595531
1.67495984012326
4.81526261747755
0.844738376381349
0.0364816037640809
2.38436610376408
1.40616387065419
0.215552534819482
0.140951690278958
0.23113907792678
1.30433759490666
2.51678706050702
2.35810710142976
0.805977836143317
0.268341673113545
0.520515235451423
4.26776709175767
1.22683474712557
0.598582060922738
0.242204406397129
0.0504701938959897
0.292961987605644
0.448058059903863
1.13811403766256
0.29228013967281
1.52477112303864
0.213980154438834
0.0802939056326978
3.92349576558168
1.46133936933393
0.654918161395654
0.572193498768061
1.01926266044299
3.79322904947561
0.764099873597809
0.27547550948738
0.414869707800586
2.98843112429604
0.599594769870469
1.57703465850306
1.99254748521841
1.00684253657879
2.42149065987503
0.56623808279503
0.960756248445108
1.2938331036465
0.611956009222293
0.192401770129337
1.07596461930913
2.02710531264314
2.2807328594127
1.33820310382296
0.148096760502496
0.933737029831785
1.33523087146459
2.81342958461531
0.134861574745714
0.672757332749713
0.60064123497495
1.05228245259669
2.75575518806509
1.15518331900998
2.96355644359988
0.847544859870657
0.514215570132653
0.113483578461964
0.629334739320562
1.59892595737681
1.44582853200206
0.998122172500443
0.703608677055944
0.657281470924222
0.991723676628011
0.979824983765698
0.531338016212217
2.97604288956215
0.205694715952549
2.79300449857728
2.31499784908644
0.850723698629135
0.591413119729282
0.0653952804645402
0.994058658503394
3.4715841573201
2.98376970631614
1.39828940231565
1.64526714119505
2.9246738743308
2.77820773657911
0.56334391021318
0.159041451005328
0.417962271777378
3.04328212043467
0.43196360165068
0.403804179531841
0.53326582910101
0.87423695402495
1.08080699419194
1.27299240061593
0.62244770652809
0.906478519426911
0.413820048634359
0.771281709445428
1.32249957476576
0.808451896263811
0.234009432270901
1.24718879697479
0.831708182238285
0.438061573647794
1.88824725991049
0.341690810920055
2.59877024278303
2.88453821848405
0.898208173033091
0.177404193878397
0.688840728706328
0.748934202877428
0.876833418669416
2.83377384033223
3.03081719531003
0.147324839211772
2.57999336480914
0.693670878461767
0.669584133332107
0.807309048435961
0.938535153068104
0.586863043795304
1.20565339529868
0.392136232970277
2.77395233591963
0.222199351290077
1.93427888906371
3.38226208967553
0.054681784853895
1.3408196666814
3.19877526211748
1.75038669540155
2.10932910545814
0.704118326788357
0.596529873600131
0.586805104258306
0.330991205602807
4.18516742346155
0.0404527970111921
0.135343900057413
0.536241223991311
0.171023889539166
0.0655289254207406
0.265894978820214
0.298790170699816
0.0720250249097953
0.0465011677665474
0.407669796926373
0.133223258924911
0.464667760478147
0.407546268692453
0.385554113586814
1.40906581592454
1.33726235286903
0.800607439762331
0.558196505556526
0.89220232757152
2.17350901591069
1.21313237703954
0.680937958312657
1.93761140032117
0.594616112412166
0.421329402181369
2.08914542107979
0.563731882334777
0.938820671838403
3.45752145025286
0.780997059757532
1.38876209071936
0.117493407591105
0.368397155992114
0.201273572759746
0.709658380494199
1.87782036556215
0.0958553393045536
3.06052779993406
0.240315116536598
3.02711169152073
1.18308051134351
1.66510860377995
0.720004766129116
0.600489636035384
1.19516030374913
2.01741901925011
1.58006910078897
1.87075738120491
0.881308091724698
0.471074284851493
4.09622812365744
1.51443543222163
0.234388497417747
0.0758206403528319
1.22557197804643
2.15913383768285
1.34303786584994
1.95329933286177
1.851603175587
1.40122414231754
2.2601359339032
1.71632340195223
2.35046782339525
2.36059327845195
0.798498287155413
2.55427724851378
2.66687663913698
0.905615464026054
0.51653112486799
0.62251762264417
4.17591668339506
4.42309756191759
0.821226726992536
2.02405497022833
0.643889155710792
0.757314392196597
2.16241182670095
2.72161263174866
0.153091395403786
4.18900898197703
0.265078538919102
3.65480298846258
0.691910158070636
0.131203674896429
0.702269761422344
1.05138168821268
3.29368956682696
1.51804797911345
4.35114065879929
0.42142350912742
0.0763765791012483
2.74192150312846
1.21806330651812
1.5757926157647
0.979485398087535
2.57248345867712
1.07600393981326
3.66556084497476
1.32521758200165
0.53645657332317
3.07471308650134
3.42839203754753
0.55696809469415
1.73443309079914
0.63380270744798
0.81666389604887
3.25879903943214
1.14107386677646
1.1063392438123
3.7625039390071
1.53825957478482
3.14689202409197
0.336589054331868
0.393148205817446
2.0155516348866
1.62853580852697
3.27069205112315
1.93534543593609
1.85531689292822
0.285790880048735
1.52726410987786
0.0489600680942269
1.85614919946556
1.78451502560708
3.99073688154958
0.214454339865228
1.76557228432277
0.937443688549108
0.633011218749639
2.75728078451141
1.21971908800985
0.349468558750944
2.17109355499729
0.159389970613374
1.75234630643234
0.965355653764759
0.254530707795576
0.529104489458663
2.24025296078015
3.93801284439276
2.58041356177759
0.515760735561851
1.15158416374983
0.811145616917086
4.32318565977538
0.787118870968407
2.78095005648583
0.662851981001224
0.544858620011783
0.523299912525631
1.44359026532524
0.817915456305038
3.62483634675349
3.22424723984503
1.83273234073618
0.340722607866659
0.904159808102241
0.304529866951166
1.42798523542854
1.6296935508519
0.157465374293241
0.591445707050173
1.41780984926119
1.10927990206615
1.0420326266526
0.205382357183592
0.343432174484165
1.93069002304378
0.360743399806328
0.979502365480704
0.592419178836935
1.35660773855138
1.09883523652745
1.97718549532451
0.834912627859731
0.550612169720286
2.38711924231916
0.419274023705526
2.19432546025408
2.49238862250077
1.03907655118051
4.75629022409619
2.46167797020956
1.04814819030578
2.63034908251461
0.177945264854891
1.90776200764671
4.3879605207935
0.155281569965642
2.67094262062209
1.27570567382829
0.52262326419748
1.5952932387616
3.46219374250447
1.03979696229465
0.540283180886198
0.108717121473228
0.642935165031618
1.48964129969853
1.5202124547236
0.77989578794096
1.35181347751985
0.528034487941134
2.08132469702817
1.7855811764611
2.12292281776908
1.05091855035973
0.689460496448586
3.79598155472902
0.446726229714264
0.474012752382399
2.5174047729508
2.7547146107942
1.01813133942128
0.213506775588862
3.88316088482287
1.70828610933278
0.566851267121671
0.0540081316728909
0.47082335454455
2.21231214455876
2.12674172382644
2.06881475645808
1.3145578813412
0.437922715545101
1.68454875827788
2.59514593449889
3.50323937732199
0.884809434986632
3.99506781759347
3.40246927643919
2.06136880549353
0.533969671309405
1.01945647139146
0.829988599534945
1.52214761568138
0.34506335150185
1.03854475985634
0.0843151295969502
0.941057241268229
1.33349944593933
2.37383427024867
1.49320513933012
2.47320412896957
2.16579155286609
0.868232831756129
1.31975823330634
0.213403379340453
3.30247457203464
3.05786506784301
2.58603215678698
2.51966947949954
2.82287081083865
0.419724057655093
0.809693804966276
1.69561627630246
1.04299873515748
1.90391612975971
0.857636843158182
0.634839410696104
1.509003916133
0.370916479690127
1.89415929308297
0.473841072250965
0.515963350300156
2.68267330017203
3.60067797488014
0.385254777009435
0.91231403907327
1.48265071633408
2.53720085703381
0.30642652585034
1.27722532254886
0.606453255167791
0.940659637064937
0.879346698110219
0.949294447757341
3.88160349969099
0.970852594937506
1.7644111900842
1.96039081227855
1.45644052227133
1.22046336106155
1.17903969011844
0.884027063336121
0.0963675852690105
0.949349237413888
1.56161260048339
2.00562284536499
0.35687644535122
0.672439375446423
0.8819430164267
1.10211144750356
3.13388368718034
1.43414513860977
1.06999179328176
2.24419712004802
0.155722982845108
0.733190032888645
3.68605936720313
0.147367343156176
1.018144708642
0.66318770784488
4.20333470790808
3.09872534334812
1.52870283068772
1.93686104667306
1.11540283330847
0.510307668031704
0.194509347587676
1.02569073546144
1.18028956479538
0.597111195037226
0.769945706608083
0.168421363558709
0.487186338276555
2.23587093995915
2.77739207833712
1.41501137342674
0.714312842636406
1.3752429874365
0.717267935731461
2.23811493513865
3.3863367177965
0.274540343270062
0.268303530622382
4.95501310081634
3.00143730566727
0.07055412399505
2.12264109629269
1.17710635668762
0.934834058272316
0.750353775553512
0.621787361001686
1.25444008600689
0.450649870611936
0.279214083445275
2.25141873343919
2.82403870971364
0.415916684765047
2.97720931148934
1.70690571396652
2.18510728540956
1.13562067852363
2.11253701491358
1.15112303089688
1.08333135514397
1.22439665269634
2.15631353212383
2.46148021304958
1.58267441976796
3.47927687586625
1.35139495138403
1.20478712077238
1.95256827160403
3.22846233600858
0.54736257281744
0.361501644490828
1.97286996123984
0.306026419750273
0.586928411137033
1.11096548503924
0.89385015219404
1.54419615627157
2.44742189875971
0.584991496007003
1.29432236678272
1.7719208145343
0.888429354999382
2.29787473695684
0.909106027357713
2.98342002333309
0.929218200050826
1.93011700689049
3.5524663054549
2.16411180833621
1.69511923144847
3.57064950884014
0.574970354440798
0.24376104621336
0.784876122612959
1.60861071984756
0.905589117897366
0.930341237532807
0.25561543312952
2.41921301997576
3.06043345501934
0.935157460029301
0.995792714191285
0.0859084369075398
0.261222064749289
0.168372619791191
2.08010902758696
0.118225564381555
2.94617862244426
0.238500249029948
0.538145526069057
0.2081916144808
0.258620922137097
1.98239014203989
2.99236023534104
0.257632313196382
0.663937763006711
0.9232272178561
0.383601076709412
0.244891269081113
1.10897385881689
3.03050705617523
0.672921004543504
0.511560743364293
0.990967738344726
2.64515578742524
2.33119169455109
1.92782486052083
2.28420849652371
0.91672897623907
1.93923307156661
0.981164964009623
0.321936475615091
0.991651539994571
0.987718971974481
1.44793245407335
0.112207020354383
1.88499366245824
0.213835855462497
1.56052813299197
0.661527474474435
1.11514646950591
1.09536183069235
0.407748899716043
1.48989679127736
1.89211363506413
1.83448310881409
2.05158512809202
0.430303260330128
1.71089948330112
0.202080605155027
2.28919985779738
0.669152702406264
1.24216892298819
1.54563402874922
1.15959484411046
2.60348802813896
2.25049853072359
0.185364387926767
2.76782389601033
0.194499145228191
0.599341978625
1.20773374281691
0.766631101231663
1.93086844001425
3.98423502052675
4.17871993326258
0.902119997258612
0.320091737475701
1.04341066868009
2.08686677964218
0.705161611420962
2.53026330845997
0.299248420857827
0.164878141452498
0.340049558021274
0.449373168671269
2.25376558984144
1.03059591989262
0.200507873499972
2.28951409866173
2.93182810562374
0.671483032311286
1.19379017829739
4.37019521842979
2.2117779948951
2.64495932452722
2.17657512493296
1.61350708405184
1.53663784359915
1.57004033398339
2.20292228488122
1.87816216827615
0.505583019604334
0.454962642951849
3.19311427413926
1.2393791038235
0.356258563252268
0.646278243832957
1.28835150577789
2.20971069641283
1.18112859863637
0.749747287131982
3.20856549620461
1.25589506289278
0.763849315814345
2.12893374668264
1.06678457736316
0.830267440675604
0.712603336550247
1.70761442960102
0.396431702740531
0.395575507521221
1.79270284974536
1.08295778240854
2.09270147059188
2.08007240706316
0.409275651985625
0.423767879139441
1.32436128279292
0.553939734814739
4.11424200053638
0.381280876959285
0.808659181480599
0.527401191043811
2.21105109700725
0.541431736869293
0.193310641508909
0.568690587127605
0.133821796028913
3.64106582977636
0.249416071181298
0.886024897805841
2.19893198613621
0.831451128461075
2.6486717222229
1.07127629649599
2.12132209318203
1.78640175368407
2.34344857187154
2.60780361905884
0.928360725873189
1.47861911020751
0.235139904463303
0.494447839903646
0.142359166792317
1.75666968449695
0.527648886607553
1.26573208277385
0.116415081110278
0.739657320907577
2.13439728051713
4.02344713099874
2.47150259779119
1.1451291678246
0.784478459400632
0.934598359128603
0.647136227938605
2.65437844180932
0.579426691601674
1.01252355729004
1.1980206007519
0.836587419073182
1.20564868896357
0.46569253247629
0.113483164602267
3.88942755191492
0.56879164522839
0.0551044987440496
0.321460855371712
0.0854592222223321
0.00569060464454347
0.378930070729908
1.10983223531828
0.176838175577372
0.787186637748552
2.38385217976458
0.193969611691956
0.396682544541461
1.1067092522333
0.50980231817171
0.0908963810442933
0.894328906500796
1.13078995577732
0.592998371715765
0.321086737414227
0.892356163543967
2.40363517825859
0.992747027564546
0.734049746434548
0.704755761355577
4.353279079619
1.32029741485922
1.22143017159701
1.1358970730083
2.57600260743042
0.0710032767101525
1.10291620833958
1.78281436588227
0.572379855291296
0.605749979676304
0.448782571901796
0.682481014647517
2.49691867074609
0.0079385303445575
2.46402478955517
2.54368632054821
2.12868545494057
0.89378539753606
0.785353275868875
0.337504522958215
0.576456296383399
1.73662729210143
1.04529093591261
0.680150813011997
2.16025748316933
1.70848952897727
3.70328561588869
1.12564535267867
0.731428639462441
1.67904324900395
1.61964304668332
0.895925074301971
1.12178313519953
1.30175289838243
0.23670458262319
1.01235363061315
0.364123151620166
1.36761462216292
0.0647224549964858
2.01911549889721
0.8645128147867
1.32164647583789
3.58346290534699
1.39801869273875
0.712870183147084
0.263844517968738
1.64366198820664
0.446392896822289
2.17683672548118
1.66164867847043
0.789706753019749
0.642413461855652
0.177715727605284
1.4644292758289
2.77711157078102
2.2642846489062
0.0384703435118076
0.811021266173879
1.08918135112685
0.391432891713817
0.402908415310019
2.3426995354017
1.14073178253993
3.04980965845481
3.19044124614115
2.04898690726144
0.784598677857003
2.33240407208276
0.677227258678245
2.20328835218423
0.860728390790894
1.3163019319011
1.9318229667649
1.8020434891357
0.956263228945745
1.95737390279495
1.90363558770514
2.03590426915269
1.28817355624234
1.39040791312337
1.28456532217809
0.315689530877349
3.53088605310061
3.34744199999325
0.317731312720789
0.545011899959697
2.97695163245964
1.30686943488668
1.31380158618257
3.33677459711896
0.983296072983015
0.214725095478903
0.136375616264857
1.18057398617873
0.290242546100295
1.40897368424334
0.415866794505613
3.43958009531627
1.24275813519686
3.10262457887047
0.466059370453788
0.691076037806397
0.760085296067526
0.885384233899869
1.6431361307972
0.4811757556507
0.718673522346724
0.0350861430232313
0.243404593392011
0.286509591039562
3.94385092504346
1.16573618076748
0.86676847335011
1.34281639591493
0.821336254569423
0.186494107516174
0.69641796421032
0.142949542471889
4.54729679871408
0.710467252299888
1.58058495644964
1.00198537081582
2.55152965041926
0.494743504402643
0.187217405044562
1.21761357751558
0.730515987580266
0.777825614456422
0.477595160229819
3.41359552347512
4.13504450489608
1.16695061892411
3.1187924979304
0.834657984658172
0.462835620948677
0.853921170344951
0.883332155243779
0.994373882114911
0.289984336282968
2.90481773235558
0.557868513846352
0.533683926353398
0.778529902840127
0.643598530202424
0.943361169323582
3.03238918655365
1.98646767105331
3.24300929875794
2.82572252206782
1.60856612324526
0.784302431269633
1.64193146689835
3.97758695336259
0.78723635284117
0.761717644527941
0.801944298772129
2.67528753621144
1.01322735131546
0.790083896500028
0.770450836526316
1.37639780613872
1.35068583251456
1.3379078048762
1.73668106127822
0.0653798712239578
1.77884039085876
2.10467037812384
1.39787929549903
1.18125215308998
0.922832612201914
1.65225628477504
1.3581736910083
0.746385928616565
1.90024924391743
3.34669378596114
0.189159032477036
2.16566081196091
3.35628731721083
2.28486878622784
1.4374280740222
0.583263561485506
0.172727068068303
0.787006395978972
2.52346362537833
0.408588709423961
1.24708471395471
1.71221568117279
0.922749101214967
0.196540619911308
0.173123421185229
3.76071743721339
0.476170952342226
3.19976898853844
3.27425969459273
0.550389978422569
1.17898215694045
2.71528422282401
0.503201439040197
2.2453883115267
0.117144081418512
2.37159563896837
1.27534249540735
1.70669430339336
1.44593431654484
0.891217269074347
3.12747529661569
2.28581456819738
1.2736830992396
2.24308929446414
0.356859021412198
1.90073411015465
3.49029088725079
1.82661060412947
0.0676302714996924
2.15467554131621
0.751183676505403
1.88875101058367
1.21550169789317
0.939339252662333
2.47249329050693
2.21794623462857
1.68979096340989
3.16355620469905
1.27491059915109
1.42952010633505
1.21080090065385
2.22014674978006
2.3991141498097
0.942248816666096
1.59956572024254
0.573206178598488
1.82724356321752
0.808767507701668
2.03200296773325
1.82196346490851
2.63401089707294
1.65445544568481
1.37542153338542
1.46158951364462
1.65856282492677
1.15307891411665
0.132425241033147
3.8093192417588
1.93509616423279
1.28347367365763
2.86126531895304
0.632858399514233
0.162082861095491
0.656964843125209
0.8701811646032
1.51103429694754
1.04296927065682
1.16909211973581
3.77188650499015
1.27828406573444
1.38175741975305
0.763800262706844
0.721772829520437
0.714274581827684
0.113738616612437
3.16517638570916
1.8233787744935
2.22925381461544
1.44423635484682
2.22453874314985
2.46701329872222
1.22055958298533
0.41972241184853
2.83469124617929
2.06888892630777
0.0624154388024347
3.0440849784651
0.239772249880532
0.594584506249829
3.04549753568054
0.0913938314291152
0.854331818635117
1.09637444346272
0.382549906412954
1.52190609216749
2.23739494424318
0.820183176048679
1.35843664329827
0.476640795263653
1.32881676152859
0.916452529585203
1.94985881845579
0.212169564580191
0.858213685368203
0.615041894735809
1.34844741203123
1.80669047379387
2.38132270997957
0.499823345072646
3.02609490252768
1.17243906460377
4.43870761128596
1.30400019237765
2.97760892909162
1.2659980509813
0.596587005994601
1.32452450211458
1.8111265183587
2.27277050407975
0.739672400317398
1.85674615920006
0.420642042884981
0.326980951484516
0.262668090389549
0.510797172211145
2.8832899313094
3.34281200203199
0.36620534403196
0.544115586640867
1.29715581247342
0.220754975963107
0.303860937763696
3.02580768696313
4.8878736324649
0.417560991328945
2.8077417692739
0.680660702698331
1.55636087935405
3.18917043795198
0.3644115868686
1.38904585349704
1.01274386178984
2.21695129220551
1.07300855504464
0.244204201375484
0.031258112531803
1.53122764974918
0.0379153743900306
3.59865411164113
4.33487576021213
1.93169998040882
1.31768940375293
0.0813923699484525
1.03285475560799
1.39805611674529
1.09328224798692
0.309272415198254
2.37151453966841
0.359510124695153
0.627953587026095
0.36793334544373
1.05366854534201
1.99095628956726
0.910692098001789
0.286655389176331
0.262130465538227
1.07471335088678
0.890227716032377
1.89114542028742
4.22566942424694
2.45834991709638
1.10053471008732
1.86774992712703
1.49804955531469
2.29712215588842
0.96343192328146
1.66784572988563
0.304763239197807
0.151831601476306
0.29834381604404
2.56658951495955
1.48665667926435
0.595603467266603
0.609350800585678
1.08008767886593
0.071708314178668
0.704508249089233
2.44746523004051
3.89440446784476
1.75879800297704
0.805646008716143
0.916271424458454
0.849567394712116
1.2629274757696
2.75060555951159
0.861966110656176
1.13727897834745
1.77520590087778
0.386505089333536
0.721590421387495
2.35317899800879
1.82241859364675
1.13145212644557
1.59192695749563
2.43447466310082
0.123738404081899
3.07542364870882
0.25441533533945
0.231791148461072
0.318414785409177
1.34335169047704
2.2071315527356
2.20984735051108
0.66682447835169
3.22189249210128
0.588916942727557
2.80938903844391
0.405705388924047
1.22438469395171
2.49056706427443
0.696994553504143
0.618233776899185
0.772752426548362
2.11773667527951
0.0472007683467966
0.460609698636088
1.10800513232223
2.94165157521169
1.63534064038675
2.41885035451536
0.847594286380177
0.384232301332975
1.64473449853672
0.319507190238815
2.30527633564684
2.28332855150797
0.800455778631239
0.807073003981255
2.2146485473669
1.71885423243829
2.5287407461141
1.79634449773691
2.44058644286056
1.97331580451657
1.3545610254418
1.71794167602218
2.80594853072377
0.80498532209932
1.94342772261878
2.74073728315793
1.99229182372231
3.32032012578457
0.327409331582333
0.153200929964112
2.18621032871222
0.784918163594927
0.502165518484312
2.04353361165526
1.86077758321118
0.848979190538385
0.41164049240355
0.691190522537573
0.118092517644833
1.15734846045955
3.0600075552752
1.34129676823654
0.451212416542375
0.207606064303757
0.596855078478794
0.22931886700091
3.24551956844842
4.08034604983204
3.81858220639342
1.61543682462624
1.44968811588033
2.49574664570627
1.11527375434645
0.159498983197096
4.1259207201973
0.500513813443813
0.396376155271963
0.967173558361213
2.33952935522493
1.46048596877028
0.63227206795899
0.989549696209138
1.99038516361335
3.21885164751616
1.04421331834339
0.248079528854077
0.992785860330002
3.32717014302911
1.43078854715845
2.15102658746328
2.01568575126054
2.4646328418908
1.01705906645906
0.28395164737368
2.01632405101521
0.557679274203205
3.13021091407535
0.0466225390097889
0.125090148045858
0.61142999530075
4.20971806816612
1.10639203290116
1.73325932771815
1.57111184829252
1.0228658561448
2.02241588603641
0.195073914432991
0.0352945703897773
0.715059997743472
0.772246078069013
0.14693511957864
0.830948923105635
1.80665882704376
3.10936603943854
2.13885378400783
3.36192594273727
1.01243271147135
1.34156740280754
0.74569221502408
0.74371972252282
1.45246629259629
0.393260098130066
2.33693667651204
1.03911885374441
0.583104801302718
0.152696999009269
1.48197551768153
1.05759253282144
1.51651187320043
0.52610973772912
0.484307535303688
0.289179526631741
0.762949635498855
0.815833447484745
1.47241129067995
0.0221158771327642
0.500015668846986
0.397836519556807
0.568507401161297
0.995437347092941
1.03303544938102
0.387369120067503
2.51168288425344
2.29535143066736
1.76014793326025
1.40351942459963
1.86240351784424
0.28043326762374
0.613727794728774
1.18212029971815
0.64778056227743
4.67038966408891
2.85306738962954
2.03347371338132
1.65638215387813
0.927672910624172
0.58041076754647
1.9629926805956
0.552846091277214
2.91711294661391
0.572341890601399
2.10630807219434
1.37808818384868
2.62501374638494
1.80215123379876
2.20770593984224
0.928236382171746
0.971688238911281
2.06678157517318
0.416502662178774
0.654213951345091
0.0903430027366851
1.77556241556947
0.478787631277318
1.46027464102952
2.04498707560673
0.293683542443763
1.18971443701652
2.51360378396569
0.374312977550618
0.50247265709294
2.01523647165925
4.0317108939379
2.4155787357794
0.558375467071353
1.08538267263163
2.45978259208853
1.13484726914942
0.554548001792492
0.680541881675333
1.65169145176927
1.61461998630875
1.00234602014801
2.08186498565715
1.40736234295098
0.572474375606843
1.36757201988844
1.41244606075189
0.581926964609337
0.642835186564391
1.02841510728254
1.09659119925688
3.01451720282427
0.287077845300912
2.69353887675141
2.03790805583551
0.449865932893234
2.64079088154599
1.57142762245144
4.85433116346162
1.27729215574319
2.131708875634
0.456358345182233
0.418479348187931
1.11374801758619
1.83366688617625
4.11458978186331
0.915434558804236
0.993875874064507
0.050625968477164
1.65481826845061
0.651046828611124
1.13191899652702
1.90049073784181
1.78499577346752
2.59702441234721
0.620355415522143
0.455592989467392
0.660875333558048
2.84633153229814
2.88184929210056
0.43784008784357
1.02848868216916
2.02239204342663
1.65689474505346
2.68391614082199
0.939040289912513
2.09089632486399
2.60064426486787
0.0697574675197033
0.66476497338025
4.0136094965128
0.511492765712275
0.570356925287126
2.67793008954022
1.24374183832883
1.07529273287527
1.09612844801008
2.74166563180179
0.643769720243987
2.66542184393362
1.52466257643708
0.526093947333447
0.306020728142834
0.792722097942593
1.58207910442936
1.09536572418607
2.35472819976837
1.44219162408366
3.61433248226417
2.19997598742707
1.35760867926604
1.1084827597058
0.36007276914308
1.50870414380371
0.564488781098409
1.41945519600561
2.29013678328059
2.42916315262579
1.37475906275121
0.88377695652782
3.13201194828095
0.809332241890784
0.989010274159819
0.319176424349904
0.387667034350283
0.180703267850097
2.52018918138876
0.26435740243943
0.260405746253128
2.07811723173311
1.87260018501514
3.37637184238507
4.18088476449554
1.63249948516394
5.07693307064305
3.05485412298412
2.67125319731501
1.61237628000047
1.20186730817585
1.18512542573256
2.90327395209866
1.34815974206047
3.58726707935968
3.49817070019015
2.01284898558542
1.33826486200168
0.600519197288949
0.436218233302303
0.789733919689085
1.64369844052325
3.84975639168685
1.36304900584709
1.79083292929406
1.29338099571766
2.96335129307003
2.01266817782945
0.856542017681013
1.32925878248877
0.856890444440411
0.602872087456292
0.572604127925555
1.63568562080978
0.190743178817636
0.530925219502304
1.79833025382692
1.10115041603047
0.868157252168809
1.00181612485796
2.21164965349182
0.0738597259819318
0.41735316739397
2.25447104560386
2.02721624103117
2.18997319617418
3.35191440949431
0.814946295965471
0.762063883032327
2.07362053325957
1.18941757790417
2.23961455596787
3.29499546625739
3.82182346402151
0.202852039402473
1.22043681449969
1.15550771818586
0.70547248608081
0.530326033661809
0.88827221248685
1.91220231332509
0.406484335113178
1.75013858602835
0.54333508533569
1.29299231346868
0.444726409264791
0.205655652085542
0.0771830992114668
0.0133799249457171
1.36309224940962
0.0703494568171062
0.435675355204969
2.07356568226928
0.0414921399740425
0.00715404412168633
1.12385435052559
2.81675999683421
0.759984771895789
1.93272283167613
1.65371507901943
0.460220534116545
2.48759555215985
0.832540265504066
0.811399381814268
1.61967217945756
1.21462375568711
1.63227280703006
2.9491935383615
1.87632004644636
0.552903990648278
0.636876827798899
0.505535521285627
2.59157721406196
2.72012763211354
0.180769845829423
2.32748411508402
0.297165125110892
3.69426043702414
3.65474339305233
2.70320411495995
0.412249789415809
0.134408398286665
2.61256644382271
1.66831727685605
0.726831164620242
1.6899205031291
1.49342658634618
0.653226247869952
0.106216694372946
1.19209167331255
2.37541190740239
1.73438296004079
1.75897103942788
2.58556104836608
0.304889000305433
0.269085883550824
0.252781717991939
2.16916677452029
0.618237513951796
0.614281491939375
0.602490216553945
0.47460181872554
0.562558180166788
1.92383376409075
0.575761176282528
2.04895006312866
0.40200387390836
1.45349886727609
0.902917388104492
2.85608817649797
0.533533627301171
0.723818015910542
0.0751852995500162
1.33400299853676
0.196432486207493
0.0154992562465752
0.554366406206621
0.165133602366349
0.543314860297735
0.703007778024555
1.46122538939189
0.550208861853359
0.329188429187644
0.0299108359201381
0.0610218285876141
0.119695417446372
0.497898721613188
1.24300575865514
0.403112918713058
3.31888924939482
1.94213342805887
3.29769369844983
0.630210216103134
2.28572670321248
0.0463748706283394
0.481367960919467
2.63878982308903
1.99263109875858
0.338426242215067
4.0996785770248
1.21035807821333
0.795926648179495
0.508838888200797
0.284746536452708
0.331660140613566
3.84863503794982
0.850067505044301
1.0619548154893
0.460139169825475
0.654204819870254
0.829205944864901
0.205558499407549
0.651308014790103
1.10269155554961
3.3308774127327
0.0322436249039301
1.09016717229562
2.15130134333942
2.36534117332043
0.948664619577278
0.955204352494851
2.07376469966734
2.1377964484428
0.129525984441838
1.69677169420449
0.9379524212778
1.97398158725802
2.14968811592905
0.797107138527919
0.706183255828532
0.224237145362273
1.24528268493015
0.491097289641065
1.24357421525373
0.198745058239811
3.41582166341752
2.44944020357122
0.110041400472121
2.34449016489657
0.0599926275069805
0.797509983255769
2.29978457225303
0.135747717086828
0.952695531122883
1.94365575265737
1.82188179522413
0.950047936958685
0.855684711325219
1.59652427841102
2.18165645249955
2.53950103876932
1.69486361810511
2.61796505915762
1.36075923288975
0.944522058604435
3.45273824062136
0.437555386031772
1.03245283895989
1.01480361420882
1.62910670111405
1.43792294398154
2.93129104095621
4.71374006764278
0.603648821220064
0.10373024157369
1.90625340809574
0.942019503865968
0.298570268469938
0.318316364431043
0.86266138228278
0.376273946093525
0.0722656295729926
0.0300837921796927
1.18148609979941
2.75583937744798
1.47475721448114
0.724459589433607
3.33701334779288
0.874530808312373
0.23875044196387
0.081296145839155
3.04482670547448
4.96745849129243
0.573941782900795
1.70879985764814
1.42372099606123
0.852446293863992
1.67597835622434
2.21661595710518
1.32604204954626
2.08324088058582
1.33110054905415
0.759429395063649
1.32937857349537
1.1776903494031
0.878325200133625
0.481882557226759
2.82754268716387
0.245988086580225
0.346291722837199
0.466743249158512
0.872274883266524
1.51354736352072
0.591511689535116
1.79467515422835
1.19885568024269
1.80118948075675
1.66390856205752
1.53976537316761
0.865719804015926
1.16259933777084
4.1382232149079
1.43571957025531
0.31814411044434
2.64839312847966
1.79211766004818
2.9907648012812
2.48908793790523
0.624641009699003
0.517840753645834
0.0328216477535587
0.97593515480756
1.41215440148227
3.43485603208124
1.05774602907352
0.479753801882557
2.10360040721489
1.364688659366
1.28561691227406
0.570539081617253
0.815126661001535
0.369060731323635
1.32375615150397
0.808273332498538
0.641030686856767
0.646878604729124
2.05090828950046
0.171887284340415
1.2453755254141
0.153958494637407
1.49425446984835
0.198942586991853
0.412922278379488
0.375648274445153
1.53861739744899
4.22364967266789
3.70184298342715
1.03304366190945
1.88779482926509
1.94025016640327
0.321489511733878
0.0868772333516707
0.72296640426508
3.933049542922
1.99954342864471
0.899386161316244
0.102744361572859
2.90305353275314
4.52286579871884
1.54262812535937
0.729752745224558
0.699629459096616
0.921625878887593
3.71057251004545
3.59793230811926
0.968280529231775
0.524361033330268
1.64660300679229
1.83417624086256
0.229700888398372
0.241840005469261
0.159036892779906
0.0635233979950927
1.09324191216499
0.278356222273941
1.19717004015936
0.76863742194741
0.120334636376544
0.68523340990016
3.83121552590058
2.56100954536524
2.1335136166374
0.502047833673914
2.74137806305375
1.93011740340128
0.376226740085354
0.512660069446877
0.741913241993776
1.95478342156004
2.6353845013403
0.219821754659914
1.47445330279663
1.78546589427382
2.67441203096585
1.7841735812592
0.524008826003073
0.0800498672903595
1.32620526931333
0.228540128238164
1.04139591651272
0.621922569179199
1.28939655936707
1.56815092025345
1.77779904998829
1.0652322698559
1.72802100629961
0.758186856312429
1.57741705714343
1.03909862103427
0.181740754211984
2.44483043215701
1.83070311276193
1.10731685767992
1.5346323025951
1.59554464486238
4.55320080320246
0.176889239011206
0.435422165140267
0.283535744028927
0.974705879625545
1.64600066366357
4.26397361250887
0.446442904951098
1.09603260931899
0.68774812130786
2.41742847619944
1.71338473681159
1.29228215076967
2.80867056012483
1.90381359680959
2.62436829788353
0.778456871044158
1.41895846761656
2.40664807873154
1.97736600382871
0.395262567937889
0.557744925373881
0.80281927311164
0.755299122903602
0.0439361667592429
0.547232922217459
1.00032104022334
1.07567612486356
2.10179258500632
1.27147592473412
0.934543887938724
0.116884089500159
1.72568867974723
0.684178450647659
1.40653584978837
0.719342246880397
0.915023994315091
0.948922339783685
0.913445312489234
0.192115005762552
1.89815713384138
2.34873574257151
1.7513794546868
0.57885182918926
1.17966994261174
1.61460542886294
1.21225665480365
