3.59110481068054
2.68050122064948
4.60633949987502
2.74668424915141
3.3109711111582
2.68815430327516
4.60570704099328
4.57682204637699
0.801888968467299
5.01131213411148
3.08815498590895
3.61720807419846
2.74823287941238
3.16728423267036
3.00998828313017
3.58621270823331
2.53383430878946
2.87196929967011
3.38044804142622
4.87391986698121
2.82990442393603
3.3588619215019
1.55527568363916
4.48231483028296
2.33161963760915
3.98826092523346
5.0252949786494
4.48890583556233
2.97104081346143
3.36083297122348
4.58189051742658
3.36110669534014
3.07016869789208
4.04237940551956
3.24634185194616
4.3236870609372
5.30708742936676
4.58230026587476
3.12827141690797
6.45818704562722
2.86864202278465
5.38487952233399
1.62969983726245
2.54999765414553
3.89593304195614
2.62622367238671
4.66803781620669
3.45388361682483
2.70911326019475
4.87612012616019
4.29736359772559
1.88548658036999
6.50929365434629
3.35455433061513
4.84709128481904
1.91823597474572
2.93393098106585
3.00916225632503
2.85509950627154
2.90242497733342
3.45474914239459
2.48210253338422
3.1924775516894
3.81206868231915
3.21884165410181
5.41760342885795
4.65062382492395
4.41515411601791
3.44872073733406
5.19734335338817
5.84496056507749
3.16022393425947
3.59711872430838
3.32718804585518
2.53535485412602
4.69783256473242
3.84076061552013
4.94286402121008
1.83593210687342
2.31809303451681
3.37349416441812
1.8773870496438
3.51642749037211
2.42609917650068
3.53725784956979
1.58334192278517
2.89530377603409
4.67655134297271
2.04701428523032
3.01170041114012
2.91944329116141
2.94153192794587
5.37914006984155
1.95145659993642
3.39147969640784
4.14315869492754
1.99541657894422
4.74902066494728
1.95832721241528
3.47694568140339
2.52336246819528
3.56892540720653
2.20948595847495
3.63484009697209
4.04145972251108
3.13953331572033
5.24763224279299
3.99187666737103
3.58533125823194
4.03195092028412
3.79268839459208
4.13959133482736
3.57768900490138
1.74400717079
3.48327690979066
3.36787873035358
3.43600127849328
3.60947778066783
4.6122479065355
2.81467289905459
4.77878923276524
1.85117806662739
4.98539129309221
3.57265539380645
4.08306937296536
3.4484639427845
2.32688419251722
3.04732231856305
6.01541905374404
3.00591597887904
3.91176213549458
5.7444749585419
4.27580029689846
4.9185549242576
4.88174852058481
5.10815937266161
3.44555350329685
4.72170631503092
3.6588288719704
4.21298708944115
2.95623111415127
4.64866020211621
2.72349804569428
3.95284977735382
3.08606872409118
5.02325058512185
1.39634459521907
2.06074426590219
4.07572920787731
5.16199821892871
3.23253998761159
4.23007780712946
3.127725373583
0.998373740704358
4.44473946019697
4.97018878078994
4.00482731302574
5.49575098883802
4.70894922615428
2.31404400999563
3.49156366614909
4.74229001021534
3.50563934013491
5.1508493511924
5.48996685467209
4.13116461837445
5.96786858872948
1.66580760267696
4.75464497550702
2.7298330503042
3.77947578451967
3.64532324089929
3.50504679240147
4.68314921731013
2.91610283526049
6.48698095594532
3.09451770483527
4.24022253151356
6.66543980746906
3.99736936847539
3.2389058751041
1.33350630742448
2.95815925224966
2.74874180587242
4.1869384160059
2.91970510315837
5.24106874619149
4.16277337251274
5.22666412165358
4.17549924637094
4.05511606946825
5.8931611350654
0.69270805091673
5.83342213255839
2.77426805349306
5.30463600634998
3.35817544354368
2.39726544680981
5.56989647879313
5.13438977191953
3.04784460697429
4.6379189730679
2.48790457784778
3.70477172794463
1.01487097078277
3.17610480243833
4.72473286001618
5.80876892232559
2.29921722756502
3.83688429228915
1.94404627402258
4.18266079669657
5.58036598188473
4.36360498550185
3.93780654379301
5.28788379861375
2.09064822045102
0.700529676190821
2.20603309584255
2.71865962072501
2.0413368495958
2.36955906743673
4.04640720569326
3.30595073663661
3.13804543005222
4.08854580209963
3.35494628295934
3.41328670699013
2.13881718411925
2.19851451155062
2.09918208667662
3.90250133157044
2.44943604271952
4.78387108587833
2.86540403699869
5.2023416129618
6.39493303416294
1.2413094367168
4.50655548419724
6.47138122035799
2.88930037104723
5.18751012615979
1.79201341332593
2.67868459351224
5.17202131485966
3.04123948147595
4.89017853705637
2.96853270508188
4.62578848713345
2.43403570895037
5.21419766680667
1.90664841631032
2.92598470047097
4.4409603530868
4.194039598538
5.58364620562587
5.95029826308794
5.98501456990784
1.57065574004676
5.84403646234473
5.39745942243613
6.10713191698471
4.71635703402834
5.72916915581307
5.53132858606922
1.7261092313005
3.48218168656089
4.19086889003015
3.53483051093301
4.96817793746649
3.66607474818924
6.11823784757477
3.58422947486545
4.88924541049106
6.0802136957701
4.76017513042628
3.26214220287659
4.47974367865445
2.04632771385003
5.83858119734716
3.72239786380819
2.55101369959866
4.7279879787193
3.68454821539394
5.48302799179115
5.93345058109001
4.56622911076667
4.33125853824088
5.12571924536595
4.75326792365812
4.32769896276992
4.04671648600577
3.33263968745679
2.92068758953776
5.06830680909573
3.17109823816772
5.62216919109424
5.27731870739337
2.4042102356129
4.0521918245071
6.09845055751752
0.248813677442091
5.79787002686173
4.81898023576098
3.56141195491057
5.24903484298714
2.97560354647366
3.27624889174601
3.99275755240751
4.78210189647475
3.22250501784716
2.74348111549166
6.40307899716645
4.14620437067642
4.28144096860846
4.1622743601485
2.69375281699707
4.6526306408906
3.01500453806208
3.35009293422606
4.11035543209257
1.40747394944369
5.4862837204984
3.66631114270958
2.1414582695825
1.81578950088515
3.26966990947396
4.62518287647234
2.88810920347326
1.77335690740627
3.5184352640896
3.91606652500268
4.21327762426546
3.03653563245763
3.19274544561037
2.89041520704678
4.76466436405182
5.03369887780232
2.92836059878
2.83438538167226
3.40950493935714
4.62401771284254
5.99151718948544
4.10371333265641
4.70214722495568
1.81807326958007
4.13022926481968
5.29075839598843
3.32196314268382
3.20590635066115
6.09334102556692
2.72350248123344
5.42906202893858
1.49609099485818
3.80509451195198
2.75382630164256
3.42564855713627
2.92047284145379
1.89728794425058
2.90836079352661
4.02275426904499
3.02271095996094
1.77843878214981
2.55375457820909
2.84524035413085
5.04866869158566
3.86174500846066
3.01334791999257
3.36204023831535
4.29539474259981
5.214236047793
2.6445474500418
3.53250392826903
3.74197808402775
5.87510380974142
2.52864253346403
3.42677892151416
3.1252580763303
4.2566881906326
5.60668571298547
3.26997988995772
4.52663239070698
2.51996353766504
4.15474321171758
3.10004809813184
6.41832575917284
3.19977739691747
4.2034760007649
3.81987441819658
2.74419314650117
4.87569821326077
3.45840311073767
5.25853951413657
3.08802823350774
0.296643298784021
4.30298367284083
2.72045486376683
3.00664589259957
2.79739791089386
2.83035910637508
2.01510743279318
4.58215399934108
3.35409518781431
2.55232282544938
3.6691258381271
5.30830947771316
1.79890556073891
2.71369935846429
4.49299230372416
0.447646877372005
3.8766428460055
2.6006660323359
3.78966273145719
0.429765059310895
1.95631208385079
4.65520826853315
4.73430034346892
2.8456977849719
4.26573265168114
4.58172623486585
3.44953302984525
5.72522695920928
4.54147380090021
4.10760180039973
5.39805985982542
5.15538079494867
4.59829950223163
4.51889107594721
4.82385413299309
3.83403595491143
2.86052319036694
2.72489741844097
4.75538553883845
5.57118648595736
4.83887987233442
2.65563206605728
3.63379664721227
4.24669945173686
4.34160629065143
4.50709230904001
4.36915067803097
1.56573179679144
5.37328107155336
6.16844223281351
4.77581121626003
4.92593736035071
3.75389869044056
5.2618956136186
5.64474775652208
2.05984598733084
5.82841089369012
4.26116589807962
4.27838509207197
2.73074903110399
3.71195202630902
2.5875803377481
5.36002471963704
1.33892648701312
4.08376841154547
3.77724386797489
2.85354262991492
5.34443605723042
4.00688973713134
2.55616417910883
2.01330794522718
5.04988943342733
1.80072755363159
5.73188067205135
1.7306857499221
3.60282737208299
2.98175879993619
2.72456189737085
3.28305920528438
3.75962462491186
2.2706920217097
2.13899777291905
6.3064546131376
3.12513925124511
4.45257207732706
3.31146018403109
3.60481529049208
3.4510000670277
5.26339396444959
3.06108402717734
4.74134571152386
3.95814467114374
3.06316186254615
5.11139600869104
3.91214565941819
3.68921522687867
3.99124666616209
4.27018943422581
4.12919417793645
4.06396420213315
4.19885123881438
4.25090849394905
3.38700459586908
3.56161562739758
4.37690333142587
3.70618232359264
3.28845279417256
5.21683211936886
3.37777998194435
2.63120944506275
5.50989687699745
3.31827811840675
4.46108412848081
5.08165325691529
2.66127349320415
5.03500735103633
4.24748728274692
4.68954501703352
2.54861271614565
3.87736614314454
4.28663617287736
4.113691926264
3.01958421549472
3.05067900320577
3.19145638779377
3.76724443853773
3.37841743264957
4.31221845876011
3.51746760815215
4.42429326488823
2.61549481195438
4.37723421349641
4.92148013248574
1.87206952303196
2.92084689517008
3.69379930848624
3.91794434156899
5.10004860803352
4.76708190182168
5.73812811392712
4.90245014369179
3.92726036628603
3.17334332053866
4.40037068380649
4.64481921339015
1.83586444771854
4.10714426539131
2.94658030524537
3.78282984742581
3.05502657940786
3.21787483302102
3.07029040015522
2.33356528489168
4.60329680767145
2.70739166188717
3.43816119475245
3.51684259901449
1.11020642117057
3.61056372575432
2.96839683821201
1.68947240224097
3.20473754834933
4.41179837899005
4.73674186476081
5.20362301097358
4.81868840178929
1.73788340594181
3.37322678397356
4.15814734284137
4.34931624937927
3.54870192482562
4.18341557919352
4.79171157535172
2.97638164673631
3.91764338019561
5.50003616771837
1.31789765168347
5.13121203557231
4.89615676867163
1.91127253308369
1.87193257375942
3.37708905408548
2.8390537823254
3.17931573970597
3.44316975930199
2.45180892327967
4.3391586282528
3.41467373665842
2.6852685297066
2.54793389750673
1.88514938733795
0.384352936919026
3.44434827637677
3.13706568684158
6.18295647206606
4.27866073034809
1.07150151834091
3.45779801602322
5.41071486017787
3.42671763113713
2.46837446875465
3.14364903139653
3.14616572197593
3.08373466765687
3.87631043081265
2.89687558134194
4.47882333700291
4.09971547094313
3.87947446406569
0.0967902569496142
3.3782275090169
3.01490483702213
3.14953702449236
4.39803137281693
5.93972546697869
4.30509954420493
3.16802306460332
2.54460313404227
2.34312338459158
2.50238658172162
3.94694359377471
2.88603669180916
4.55172273271615
4.34857376513879
6.45158105885924
2.84567098931002
3.97635089288751
2.95519778638024
3.82944735859985
3.3922206194442
2.2836762550791
5.07832006448612
6.31208639777357
4.61955147060098
4.33166101919579
3.68454676258028
3.32593545402823
4.5876045052621
1.82977796626828
2.69041346004965
3.9399351798534
3.37510631052659
3.58109986400357
4.37060120185652
5.69173772289198
2.84411109658175
5.21263010251087
3.27353627065655
5.87137123064337
3.17991661188866
2.7106486495083
3.6011260010741
4.19368688523688
4.02818010826848
6.55036398431336
2.37831160303163
1.09566994164273
1.44976168679557
3.3388103724785
3.92768935811447
3.17435826980447
4.22148220660453
4.23304052752919
3.75183194161059
3.51715046432702
5.12559012208835
1.74028038126369
2.47979695174763
3.45608807512101
1.94433129940769
4.2270256409116
5.13472476445463
3.88523548200808
0.913998026488006
3.85600081194474
5.18895824783883
4.95725230853726
3.95620308297672
3.75566689962246
3.76505169546457
5.59493646064082
3.79289492920994
2.21456918426373
2.70031105251336
3.47040163753676
3.94130001913275
2.7383038329361
2.08278633449303
4.33252761631957
1.48953010433799
3.65349692568912
3.72049486739305
3.16993858511811
4.56430728949441
2.12371865535975
3.96167961082714
0.554538187384088
5.47160944592887
5.57086979249411
2.89684027654229
1.71775399828097
2.92520708748016
4.6878602049036
3.11637428267548
5.24386923336766
4.56925303743571
5.03955438192187
3.69420829802711
3.10547490221543
3.44515416665741
3.04839882257655
2.79725156731036
3.42081511249699
2.99817740782461
2.36804092825309
3.77695222284978
3.2826173344073
1.1964511356049
4.5299501783209
4.38926253796512
3.87944637027722
3.38299848133873
3.81608205033219
3.98315551257908
1.93250776149809
1.54010069327073
4.02126144004066
4.43439506803571
1.03784861060249
3.72945114323431
2.6124614980605
4.14292151221847
6.31091159140109
3.18422411968614
0.903465112629553
2.22101515586256
3.18649915300641
2.77776518630005
3.59700513660651
4.33352451100866
4.40375621142542
4.98177025958122
2.83249987415555
3.63098983108301
5.47350693272423
3.53041565448502
2.29908396754272
3.42179628133961
3.8861596375004
3.9619362596538
2.71240746913286
3.80178826625918
4.31410642350118
3.45514154660269
3.18444760804457
2.85803647574302
3.4718835317953
3.77316320262271
4.0495099949178
3.17274651927826
3.18948552871051
3.82700949098485
4.32701592536768
2.97249288407582
3.08221967235423
1.84831361912985
2.84622290439149
2.88414973571963
2.58004683419211
2.69159048861332
3.11108977320356
3.54823893597708
3.47216004712452
4.86030717932031
4.30883126601754
2.48046673208168
3.72511133386193
3.61390140048249
3.75207058207818
6.05804680814107
3.88252197357104
3.45937595688237
1.8139445553525
4.59780250558805
4.78317792267726
5.14854231948017
3.01259372644702
1.82235419109415
4.57251825555689
3.7348698827271
5.60480317813686
5.12218430170945
3.75460486249893
5.75175086356162
3.60663738473317
1.20986469010419
3.04244322756968
4.95595695459942
1.13773498603821
2.07112961959527
2.2365935446057
2.95421341075726
4.08719805879876
4.21800369149995
3.32238465642475
4.24339352122309
3.85004464075875
2.88921213842386
6.39680802581085
4.697480839848
6.30710417143922
2.71496923349405
2.68059200431454
3.96847646263286
3.52543073917163
4.14731782342433
2.50552522323134
4.4918795254155
4.21258420500342
4.74293760960544
4.07978331029422
4.48404306399263
4.40118670102667
3.57461222164479
4.40243636067236
2.45121695112812
5.37951464507498
5.11313282885599
1.56992443801921
5.38785546138931
1.70185389323313
4.78638454569208
3.42629063319546
3.62932854072553
3.36287317898827
6.08646491204673
3.41579275096393
4.11631166974565
1.57088950468359
2.34012218913716
3.55288786268706
2.46504616434617
4.67398093464424
2.62796517730991
5.62334581494559
5.70033640572911
2.4737140531569
3.59810857519552
0.531645516167812
3.60400814337361
4.77621759915363
2.79955693741231
2.3061422455979
2.83159276120724
3.82562544792537
3.47047380335857
5.30234819082166
4.08493486666086
4.3782501930031
6.69010584814463
3.60007032797546
1.97235133786381
2.32327231479156
3.28417202979641
3.94524726932234
1.6221031098382
3.88435726174307
3.84221726371943
5.63057410205828
4.66049700856437
3.70552025265693
3.23889567681974
3.12299731244401
3.04480633735586
5.97329590527768
5.52840850891074
5.51754939771363
4.26444858141362
5.98401598261103
5.01206860459729
4.55808184680557
3.64117042193867
6.2817115769907
3.47456017812151
3.28021450605346
4.09404748039349
3.59519251395646
3.70927047705752
1.85433818940031
3.52265685505747
4.18897206913874
3.90831182953151
5.68440646086033
6.40690141785961
5.20759759723691
2.80823878577165
5.99803556543188
3.23956257935126
5.25160560276309
4.56212951642824
2.23230673481675
2.20227996887401
3.22980053540745
3.4027092940596
2.00443249513367
3.87559364128912
5.62210525795051
4.21125251688129
3.63871216095376
3.58358901801395
5.70221897044583
4.95928707633807
3.14008138805242
0.518529532118755
5.13989219989289
2.35219697401729
3.73441028531775
3.17481382873088
5.68081773437758
1.98181254025134
3.57341795510213
5.53211538091931
0.989512758506897
2.8129158310947
3.58952661263972
3.52045609763139
3.93754006359884
3.96666094753693
3.74143412237788
4.86140684945566
4.32769915929316
1.81313057477814
5.03188652458511
4.00925608435922
4.17547767228517
2.07093707132389
3.21248896775866
4.58397478575016
2.91607158452942
4.45434715777767
5.15188409966055
3.18874370410128
5.65670744379797
1.68165013567151
5.47920879818385
4.02680466915706
2.72038885062566
5.94576953214633
4.47582123065912
4.18048280659575
1.86216213801924
2.8082429296864
5.99190471595027
5.24962851702545
3.13292576369379
3.53669644765603
5.02814950800155
3.19294670050414
3.34034260307745
3.43067773580271
3.72539112903945
3.06848972273596
1.67641412017071
4.01106486944558
3.33491599112536
4.29617971649768
4.81488229268846
3.88045966993829
4.84357942592103
5.29942712196271
2.21223581641576
3.36916814811376
5.6943681506458
2.85162370479782
2.87821087191543
2.55857041667628
3.12691042180678
4.16060316055724
3.30444607273748
4.29770110415217
2.48401971636604
3.00672275176898
4.90369348657992
3.84287013982577
4.03114788908225
4.12893515349768
3.24088452762564
3.89732129786293
2.9483445564363
4.01411528102966
5.25488260075618
3.18253797936536
2.53395107307828
3.37922378171355
2.51378560233511
6.49409205466684
2.85259002155716
2.7563521338308
2.91929597613493
3.48142473890674
3.53517110407579
2.62454460789965
4.97274547097086
1.19740140706176
5.07709298866366
0.545148887905719
4.83724624929828
4.68108117798647
4.84099478163335
4.30141961554389
3.15566704070876
3.42967485002232
2.64821746951417
2.170629056946
3.72464714370532
4.58237764304321
3.9621970098945
3.8683012001177
4.6064109296097
3.23168619158442
2.86942554884622
2.63815329363009
1.83489922227515
3.61398053532953
3.00960974737958
2.96919604367224
3.95199438037473
0.870553160674101
3.32759762112493
3.64617005684079
2.62830972208044
3.06997036747181
4.55625998357687
3.49569748072751
4.28762737186403
4.91092343581489
2.76884572904867
4.98714401998239
2.31119018170729
3.34900758545288
4.09899455766401
2.39749864296568
4.70337941154132
3.25069528513956
2.55068231709578
3.8853968702819
3.28994398917524
4.83776825738076
2.50058546982791
1.96618558802477
5.24125398378749
5.12620481796779
2.33459133100531
5.04473804007534
1.47399268229499
5.13026072109283
1.59745180246599
2.58967342062083
4.03663482092378
2.88849782679514
2.18911586551109
2.58348770052355
3.05785477866584
2.2543606869775
3.37540869471675
3.9400672410654
3.37636956856139
3.82564784360321
3.77742925294906
3.5307012746071
2.37482836606368
3.41050179790823
4.76431871015268
1.03156515538108
3.29254788935761
3.71543998731618
5.21385267755282
5.77483897308655
3.53545603666467
2.98377577531851
2.83953146683356
3.60289534693871
2.81967744349046
4.19173505034703
2.66732953847438
4.15800486627626
3.31245850485451
3.61243337509457
4.77996571323766
3.2366859716061
1.67190780302348
4.9315801882529
4.29836869932884
3.2365132784798
4.84042332334549
3.04160813385515
2.94556452636879
3.90804454266763
4.8453763392885
3.4911121178869
3.6946105515778
3.44599095315853
1.76038353725298
3.55528747426733
3.00580174348829
3.19083223640106
3.72307356145041
4.61608926704131
3.58345388097175
4.37321528808214
2.74283503540386
3.65728937457262
3.25378621565533
1.95318338978333
3.72459993435273
3.07514817784385
5.14386017437744
3.71073567436113
5.87443060202127
4.16228725883028
3.89281921752994
4.44872540071472
2.28703717910624
5.91813311449717
4.54166217957762
4.3146977681693
3.81784534000217
2.95946115325851
5.87862206299522
6.57268540099748
3.76811677010419
4.13142167483195
4.75214046538215
4.85437152402659
2.71072412923924
4.27827171152713
4.27071993650695
3.91394288531481
5.62108049897417
4.06800216784966
2.59268609162068
3.53338565473814
2.73511724542422
2.20171451978415
2.15517386415504
2.68828991343031
3.70463639542268
3.36365478714406
4.70517543128734
4.10541139555633
4.10344592320946
3.95660556489584
5.52428617471342
3.82054983799726
3.86889688316624
4.56036088083925
4.08297158698445
5.90390848714655
4.86591834621317
4.18867653440401
2.62003758709854
3.95077429765794
3.48321797414013
5.02546891466045
2.25904256709598
3.11405547223076
3.23665019283779
4.60780147146494
4.6475935006184
4.41996464573346
2.54232252019632
4.32107478393034
5.32154444715836
3.98462400124581
0.556716459565025
3.53934655771578
4.67603277039852
3.78545045981919
2.69316009217133
2.69467201331375
3.96881745560015
5.4112865709788
5.1579501739199
2.54395397564676
2.056768312867
2.4728830591141
0.680601034437092
5.46953175016166
4.25771377588689
1.79742175374913
4.02010471781109
4.94093670246582
4.70820300733758
3.64513754272726
5.77837769960747
4.495136896535
1.67430536315151
4.36885159520207
5.35764262197768
3.64793544114056
3.68890701584125
3.28161647774971
2.45428191392967
3.14119820312045
3.83762148258528
4.81794577015082
4.42866544445557
3.72795730024329
1.91296547813802
4.75039952491048
5.13080495866797
1.98678910292511
3.25043235416012
1.5076304511881
5.07357823546561
3.32971894842115
3.6477806787407
6.36445298046096
2.79333257827371
3.00429976985868
3.58921091570604
4.26738865637229
3.33967425647587
4.70016546399406
4.00360912156111
2.64074470117973
4.91955165922744
1.98277796217827
4.88398201446754
3.83676860533552
4.6599365233242
4.18909433052169
5.42581052369947
4.41984443940988
4.60928509906052
1.97752495316754
3.52984283746246
5.85541657119212
3.1689435126658
2.48041529906787
3.84304169525057
2.50861973104413
1.55707769110618
2.236753632729
3.38726194490459
2.76332833591346
3.46900175772191
2.93737590181312
2.40791690142299
2.76637030536161
3.08004998114469
3.65057775724624
3.17323856181188
5.02876153240745
1.98065233667502
5.59703052687277
5.60166703854395
5.65570368219977
3.54272267772141
4.26706539431098
4.82846484216213
4.39884051218635
2.9682352773048
2.36678899357409
3.67319924441844
3.6115699455103
4.22714511130417
4.47219386557417
3.70962572004448
3.25436527862516
3.13951791954612
4.49636968716695
4.68435376376329
4.03429581643228
3.35058157367149
4.32926854142584
2.30344022673486
3.75391025290715
4.35597121542434
2.19977360866252
1.86792070268927
4.47730531144086
5.20565460783301
3.47827914839474
4.61266870116855
5.00551501886392
4.56916103687061
4.99379680359397
2.72123727621938
4.02953477448874
4.90570134298309
2.90807985325373
3.47686044460251
2.51015747212185
0.732120231066863
4.44148894137278
2.25091852201601
2.47999544167188
4.05531327684821
2.45772587180585
2.78746669171277
3.6944955505486
3.07757095692
4.96474738371109
3.41433452494282
3.98577462736971
3.61444027919988
3.76078257397034
4.1248061011075
5.61792877023585
2.33761523229921
4.57015133403159
5.179904817581
3.89711855187695
5.07876171513907
4.20188543061759
2.84005657323664
1.69238306850743
4.05870085514134
4.10752444591473
3.32836120429717
2.72032595722738
4.94751847827637
1.9493969409717
3.80281455124793
2.63856107471864
3.24055760232577
3.34906643670813
3.82513415114504
5.01873072603317
5.71566212581605
2.96972408876558
4.7117742610019
3.54180548017338
3.47726704203454
3.29353449626857
6.13733253306084
4.5890716171932
3.83990458922294
3.17563942029299
2.80740496415625
3.91651220471571
4.80764551508767
1.90864338456676
2.13360649719833
2.34060815501149
2.39167379341104
5.68120323533067
6.31733063828234
5.18264437677654
5.50671110019247
4.97076945343833
4.05221259012524
4.62068277606023
3.10123558090792
4.07329852036893
6.76827381882752
3.48657597058363
2.9235767421684
4.72751256183018
5.30394928394759
3.22718467841404
1.8614255600659
6.10864457308855
5.72386535028818
4.90613008796134
1.78950364402799
6.34740059741162
3.69739619968165
2.9970408825482
5.52472177950609
1.14338804578118
4.82702336537575
3.44944174534568
5.03474863673783
2.79058904326267
4.47413812489708
3.32900271267707
1.68740168342802
3.82277899144988
2.94806356193595
4.53925744059456
1.65802438730907
4.73390654690431
3.23016032656696
3.38609040364887
2.81305200992088
2.53144626056547
3.14191789450893
3.28984772753961
5.25134522441814
4.89098384572361
3.40960067585638
2.53649852050655
0.619273627934847
3.53071794777053
2.61892740215361
3.24431793818478
2.93566449823688
2.46827263619515
3.24595259053832
3.04006402302986
4.35562338286817
3.49092390990876
2.23145905366536
2.02714095185257
5.5444563919315
4.0334115633471
2.84760080380424
5.56314811449187
3.90034072016158
2.23206042992012
4.77149510179327
4.75699797443223
2.01953645230643
2.81720460925852
4.4121075740159
2.97699855349934
3.31445120687286
5.82871637779077
2.08538114165717
4.86274504823702
2.85469129398331
2.64916486463318
3.48230868100625
2.73230327529462
2.07303622458615
2.35455666778364
3.73226460662659
4.0860280777996
4.85443997662265
4.77039499437855
2.60487346171071
2.66452791934973
4.70433633976727
3.90742600542364
4.44420784664475
3.21476693519127
3.30458785584666
6.02901175788952
4.29682506319013
3.7380363365152
1.40093044271424
3.81712045241336
5.37776157526752
4.36169012173885
2.22260330717317
2.9669258109584
2.16880176909806
3.18755846052308
5.29730863979202
3.33260514961389
4.36378550067026
5.04645414326666
3.31472866077066
3.32896180151315
3.51285403388436
5.32772655034313
4.17092072743594
4.53460179757175
5.06520961710212
3.48536593932762
1.99357936994059
4.88398762000968
2.53525193525612
4.37729318914939
4.19657984508654
1.88535837459458
2.2336899023399
4.9239385548087
4.18095011605246
4.21730111579134
3.48807406523909
2.35225278003717
5.58327718215105
5.85592695531097
1.0265561764276
3.96838166954645
4.9132316906938
5.72717145410354
4.66305368712193
3.37705737832771
4.04385465972457
0.904385611929004
3.40371137912969
4.16769228814517
3.86302259681203
3.17533618513942
3.10606234010157
3.04812328409557
2.18743696656284
3.69306789901855
1.12390936388089
5.93510841842806
4.95288829685561
2.31007795870487
5.02936218081213
3.97090401587638
4.51118812865552
3.03366661458693
1.72246624784564
4.81490512040989
2.51559012000951
5.30610532558056
4.41886252568208
4.752379101109
2.62016890314746
3.42463433000383
4.02567366307522
2.19859210141707
4.75086313195894
5.73726673147447
2.3397481351431
6.05795204347246
3.79466282315809
4.36642561460626
2.01400390966022
3.83251766694328
2.30990648998117
4.4218094725657
0.887564900632622
4.08352221536668
3.61983254014256
5.2249413367403
1.01814617186616
4.54106690544279
4.1218846149507
5.07281086400484
2.77854754540879
6.68825305794819
4.70750997404545
3.43367885235581
5.27199823016243
3.33842040168775
1.84824217524768
3.05562037689607
2.75203464213974
2.67054726074065
2.76856959411421
3.46168460789377
3.39826928755385
2.80726667128355
2.78319978246485
1.96445347452774
3.88541583293228
3.93362667553339
4.86286111720394
3.48491104479384
3.45416615138712
4.90359715463483
2.94488834331587
0.518659123243393
4.38938339039098
3.98285335882664
5.03825350538684
4.50419336161384
5.7341397895041
3.5754574626563
6.06076331567693
2.47323339291778
3.85847894284591
5.76720009332536
4.01868576823135
5.36659299334455
2.9065517805883
3.4220918763713
4.11662115574087
1.94008737940879
5.9343881712228
2.13207569353928
5.22056543684963
2.65165583360121
4.57797066093846
5.45305755683708
4.13724606616641
4.92446036158849
3.0698101771089
5.16826194408089
3.71091356799524
4.34037340989096
3.13243112097656
3.41457370780995
5.46759681969625
3.15137150895077
4.13189388501573
3.1449486882856
4.41994806111032
3.07120947453879
4.11466993299306
3.68905112220515
4.19283064362672
6.72409319943748
2.27386319155616
2.04402549119264
2.68568756833113
2.09275569734266
4.81935274813952
1.99242365981302
3.81045054725084
1.55672615570745
3.24730126888571
2.41200515275518
3.27563462458934
1.93585952316183
2.64523247837898
3.19745814181939
3.66609523851908
1.82696011954125
3.23914314875661
2.20441966108382
2.8649714463804
4.26524196612086
5.01674205049897
4.86835218480819
4.88996635181036
4.26045448845134
2.38865563107521
1.53297718741694
2.56564425444836
5.20452185513261
2.88470391254361
5.27622104755164
3.87807518258157
3.44949893161944
1.4841178837532
3.17863415543446
3.02565714656579
3.82731385154884
4.7150459618543
1.06254922529591
2.81822527214192
5.33670704308178
2.67600815386936
4.81117509183679
2.40633806793075
3.73136385774253
3.45613193870412
2.39215431655745
3.59835025543772
2.8631251068098
4.34823991751693
4.9730906032018
4.18807785914705
6.29580483266241
4.41373415294741
3.07485976376457
2.93952899790281
3.78788442093017
5.13900789632708
4.40436027331771
5.81593925894913
4.05012244793656
1.98699668896325
2.2606652221574
5.20933856729983
4.04583448272154
3.78544786163471
3.66689230593162
4.88825494930088
3.2458259189815
1.67043896327102
0.593589080274283
2.85175414381105
4.01943354406842
3.55053332131562
2.4212531577027
2.44054056855568
2.20906622719161
1.21327887657228
0.704827165714032
4.0787712568905
3.04131094532002
3.84468982182321
3.78999443068162
3.55634683666759
1.52463868281953
3.9154957916667
4.02453287488517
5.20988219011568
3.30932342755379
5.11976564174893
5.64264040902479
2.69908954233798
5.3894755207114
2.87715209478598
2.60432558920692
4.50803109949605
1.11605218815384
4.97034897116362
4.57542374038539
5.54913994720154
4.73688481109211
6.37545398387185
4.30960094980103
2.78639642898064
3.51191675577877
1.27170870400957
3.02279590025858
3.88143143725133
3.15782853423206
5.65260009999348
4.44580177566367
2.67724816632119
4.72178981676551
3.31644103945864
1.94861999557432
4.40509538343583
4.5301220309681
3.89038613737408
4.25449892626667
2.18285626425916
3.65314327506984
3.01316646587774
2.47959548120633
2.24181106336792
4.44056073054668
3.92196599931126
2.0406754942815
0.753634058040392
2.41320765044276
2.19471223069428
1.52583279075235
4.28615860281465
3.89558554622951
2.11952285914752
2.1979995201916
3.92545299362683
4.75634665147785
4.37366969166733
2.70920398030313
3.1608050581297
4.5482805441165
2.86604613083661
2.36569072856247
4.55702677591546
1.4484254481526
4.4790603525101
1.21096041502456
2.61615703467723
5.01454349753677
4.34965317115002
2.18914413415839
4.04946115128991
5.33467491505224
4.40395089676073
2.9551539182159
4.09875813934976
4.31421225341506
3.5310626555628
3.72195972495186
3.86529564155022
2.57186843507172
6.26741046710675
6.3050663617929
4.59294589785165
4.16041538429196
3.89642063524909
1.26534953045745
3.43070778865481
4.36599931743073
2.96210497198662
3.36516898358943
3.32485354018662
2.99334002007819
5.57667183308695
3.47817114621711
4.70270952694661
3.96489675067416
4.99490027811518
5.65578912232049
4.7213150509495
6.13339865668583
4.81365265590577
4.17024273877964
4.2477353147993
4.05916841758545
4.75461228580251
1.04581617679734
5.97661541300862
4.23623268498779
3.61952156458454
0.274807544713787
5.50787156639302
3.173589693292
3.14124324341141
2.46861743341831
3.60776337122166
2.34888240273414
2.10700040736702
4.53009280805614
5.03944814646019
0.6015195369022
2.20443131590784
2.5685104674634
4.3480758304182
3.23802272818559
4.88877504096412
3.12414298142477
4.58584833624504
4.50683035699487
3.38502061015109
3.17140458251923
4.95081524111828
2.39398323843138
4.02142774381675
4.06795133385044
3.24190323791431
4.02151615385158
1.6054766132738
2.15915798047376
2.99667325107575
5.02292453819694
2.35504220230849
5.83609222968584
3.24445590660356
4.88021869555331
4.55696235538745
3.29790994132976
4.79504155543947
1.71608415123707
3.05443235107611
3.33419096464451
3.05948366810418
2.97425219417498
4.95972384079474
3.15234325031747
4.836587089508
4.08224169033812
3.0721713030844
2.16404821595112
4.3548923140429
1.9826154929367
2.61511224979693
2.49654715493281
5.25243196276746
3.53005271551261
2.22280547235224
3.09993035279243
2.55975287262093
3.00190060815162
3.96694210691712
3.22414214290365
4.3108733227131
3.68322733262306
2.52424750020221
3.19196636779654
2.05456222981956
3.61055791729038
4.07929582943119
4.01131693860952
2.20830012869701
2.45238408742607
3.28000618504375
2.61196079203046
3.50791718026497
3.12129461743702
2.64517666143135
2.87445190365346
2.53224496516096
2.5425256383711
1.84029439032662
0.288543483338097
5.54481517974344
4.64358183222511
3.58930074315955
5.51054978775731
4.12803307876866
4.65741109779775
4.1261903211715
4.89165947339949
5.24294904012495
3.17626331522853
3.48694310087891
5.06253921588846
2.89866065404111
3.16494927233759
3.63962547759747
3.40942260686422
4.01046950443132
3.65149846574701
5.75765008642378
4.61994485944934
2.20283405396297
3.4900102776722
5.10764953899569
2.95776629871445
5.47270183587924
2.35574670331619
4.54927672758414
3.27575691786469
2.18147658267298
3.65997183170611
2.35958378155928
3.59180239006382
2.91900168019845
1.80295745287881
4.37189875409067
5.95451147825272
6.39173904005074
0.945247039122913
2.78129902391349
2.67528459218784
4.52294867689102
6.14722735406377
4.39790635231009
4.86522889827085
2.9111903052271
1.81600145845495
3.54810784916381
2.64600557647036
3.5169584639197
3.04814256999537
3.00854599855621
2.81028791189023
4.40714128025115
4.80333025298155
2.73486720319955
1.90099962653824
4.82617314899713
2.42157722169532
4.44297848629822
4.95423496174143
4.92535744217174
4.3517569965426
2.7429045021591
5.09803866802194
3.75000834261971
2.81548335579367
4.40944842717446
2.72820859985624
4.43641230977692
3.83666636161037
3.50666800135827
5.4876283865234
4.66475162978004
3.65110606399411
2.27334209804211
5.53323844801723
2.32023423070427
2.22877481463798
5.60444241384764
5.8172580402656
4.92047094501856
4.8574548493427
5.63314254864333
3.06478516687304
4.94940373959082
5.06515895418431
4.31346956199617
5.8140647826494
4.62136260999709
2.73821803410461
2.13216026218564
3.26204484262108
2.98488268513535
3.82908496584236
2.67850050207731
4.15479130129536
1.71430807095505
3.00500147479536
1.06848824349047
3.11037540855567
2.79452277509096
5.1314370534853
2.52648289530968
1.09216848960471
2.92712555627619
0.72772205589576
2.97098579331609
3.56112627692499
5.20324209497158
2.10842126195978
3.51996632827807
4.13741182856382
4.43077508363497
2.62491403367671
4.47448241591446
3.58272067250387
6.83030774618439
4.62821428161483
5.44742112415918
2.84354127514223
1.14196989324043
2.24811650300206
3.63531775855181
3.4450354630515
4.52328958617899
2.95490741129716
4.3934194299531
2.95030218038302
3.86539155095948
4.29443051062655
3.26605781983572
3.26519545814365
5.37431910573514
3.63199768324218
4.66620015079796
5.17419775579586
3.75720658549947
3.20884571018836
6.07188810675641
5.57022910814067
3.00174857381084
5.14081331295492
3.59173635587778
3.93263613555913
4.17147361471949
4.09336389172964
3.11543872135245
3.59326107742537
4.61297376819721
2.77164795009323
3.20583186215165
3.82816905538457
2.14393657988617
3.26123642068201
6.27636032587406
3.52522042820123
4.53506008137959
2.43667948090132
3.09031453995951
4.43155002015939
2.0815955969643
3.2185575228147
1.77363511719298
4.75708335925244
6.28558477566968
6.37340385382029
2.73170648741638
2.48818688760267
5.53557192865382
3.16728370860628
3.92550311122227
3.9732245702859
5.08907666552855
4.35570243638248
2.98872425776452
5.23517190182821
4.52884690818754
3.29227200322735
4.51793647389434
2.6643238953479
3.90336952624588
3.79920269599489
1.7940925791114
4.01895558183152
2.97329626503142
2.87663833727358
3.62114862709987
3.48728805249219
1.63585021544115
4.47069403080354
3.62513537653267
3.6987228200307
1.98122270755706
1.22367653486326
1.72401140157628
3.44666973766436
4.50222937308275
5.8732709059279
3.90258254745275
2.99570189229892
2.88360537037915
3.63388642294023
4.16657066516174
3.86157161089394
3.35963322307249
2.85459414842371
3.17689550009889
3.29037175830004
4.60164508850385
5.17335934164203
2.32701787233279
3.52635794807664
3.61219147201994
4.48009616652928
2.39047398098269
2.42752175534133
1.97111545998125
3.73582945902257
2.74955633161447
3.51909955330011
3.08950459200835
2.57600590562763
0.436919395618641
5.45750571317175
2.8252462498718
4.27002450652178
2.19469677685798
3.51369929893284
3.34948430786815
2.31804941317835
2.15989510505557
4.32052403882779
4.06632936460964
2.77593823106416
2.64129465168004
2.10042852086052
5.04970515538697
2.77169575629719
3.58804072290382
4.97069090607898
3.2470648030553
4.86467050133358
3.21776243565725
3.4519061512401
1.41526708785692
2.58861823424798
2.8807539805018
4.57431183143829
3.15942937600351
2.3444915907206
3.82734619278817
4.45122236970489
6.03663067218153
4.01279585043815
1.61637913439694
6.01956399293787
4.00532706263603
3.67839273974313
4.28952041610004
1.13706564382576
4.12399334437715
4.12002060146924
4.26191889009024
1.2877282637524
3.84381082495928
4.08860264539251
2.178368846642
4.6351967051893
1.78853357247381
4.12184531334555
3.24900623872298
3.66293877123343
3.43828408457436
3.55498706318434
5.6166930062969
3.33343539268045
4.14314747254025
3.24310662477717
4.50492094439196
3.28249735417819
4.26198659681652
4.59533112838916
5.40583630931097
3.17474030264511
3.79728793505826
1.74984280112706
4.88758149579345
4.91790313002929
2.58446652087315
3.29181208166503
5.16073350742713
4.41358587945081
2.6838158206091
2.78606832162749
3.01306395652004
3.37085725686021
2.61365898677132
4.39710854530781
3.79225699611207
2.96535199649127
4.83144556969235
4.94799619871968
5.31379867140661
1.75472142958438
4.41870999091762
4.72296474275369
3.7968139903366
6.23418059065614
1.48500510038572
3.67479136305686
3.38812448264693
1.97636844855908
2.82630161783882
6.96572812938719
1.81859247248439
3.37540220250957
3.5388114669388
3.04676603578297
4.86045118932811
6.03330482092231
4.24280780083612
1.38720814068394
3.47715797317469
2.17168902347809
3.3890011071826
1.69233641923904
3.27978893647145
3.38636691453998
5.56399845169883
3.78607826335523
2.02224592947376
1.15565248060151
4.37191532621114
4.51168903011
1.71949769597739
4.05956641738694
5.36341254826239
4.44090367108046
2.52460786897806
1.74617560057636
2.88504815771035
4.10312570332062
3.28785979248188
4.60450082524094
3.88147190052179
2.28978833985922
5.10084446442977
2.45019912945266
4.34147681417845
3.58413546870501
3.88492208490729
4.08632090807676
2.97283252240257
4.04461061159628
3.1887428536473
1.82846412312749
2.15777705133126
2.7767598234845
2.44048758077088
4.13331696564152
4.58301156724748
1.67059482499795
3.64133835576845
4.82941566710453
3.65397574610167
3.00818642437821
2.49327261143585
3.2771686381943
4.06008710666563
1.88643560739416
4.11091701891949
2.54485053456457
1.20169136590906
3.42530733511052
2.37997173886262
1.86892637182009
3.99125445447582
4.44043442287628
4.15978879124307
3.28154701568876
3.21380795690254
3.49434959250657
4.64973352894728
2.49627375819618
5.08030522424599
2.56047367844638
5.11530855377094
4.07221623170494
5.51662325112775
3.64982620723465
1.26028560943425
2.81482527906073
3.22592150292637
4.80917175373543
