0.0715801378477668
0.0673608547390757
0.192767252628787
0.237546974633746
0.120613952750759
0.270867414064958
0.0699990764149002
0.224824172862579
0.148503001530137
0.0267584345876595
0.114342508266253
0.469979989034091
0.178975335157399
0.420981675033285
0.212757864015099
0.0799446785113648
0.439083465746863
0.0754315761474728
0.307263727557156
0.204154128183016
0.554113295748764
0.418620462916677
0.545884869076417
0.751260692139424
2.11225052901402
0.130045189471842
0.518027600759758
0.079896651240669
0.487367904227507
0.320157668182005
1.71019603181564
0.314422494514492
0.254159810611318
0.294777220350873
0.201591096614311
0.219240212341838
0.717253598198985
0.0203555032708759
0.0410168083706214
0.741050505905732
0.557720641883305
0.198679456749745
0.118815135132942
1.7767948394607
0.698521002687927
0.120520161979978
0.415663668664786
0.131547168706244
0.0831532775886095
0.191895343416682
0.0906114843545171
0.376976955538403
0.130566439781315
0.183440199619614
0.0920582944460195
0.0318468541074433
0.148295795919337
0.448643858926721
0.127875394575524
0.0887704393115998
0.168181162538531
0.0352428777640586
0.341093990660986
0.500022613863661
0.116603816689561
0.135224147735157
0.0603853610209955
0.430744194073134
0.0985938258269355
0.45549129293973
0.229163512308686
0.0569349477331851
0.288850817258446
0.309065221771847
0.261329269528196
0.244435575856581
0.399519774888084
0.0387455672384495
0.955146857526109
0.642220444731603
0.153708193463906
1.12086134507928
0.326982001472674
0.462019382083737
0.0739711668389934
0.194884868613963
0.606767539051857
0.17820729600623
0.541120924944107
0.358913374129643
0.0409060715598397
0.198624357881023
0.170810726490978
0.0371348289618404
0.582082927761656
0.0638006586525888
0.386603158177109
0.169086918780136
0.0676215574923042
0.146898409753814
0.0825349051671529
0.487591802545433
0.0593494145517483
0.319035864833465
0.774360131555784
0.102290508933213
0.561989018644825
0.785773633301791
0.0928369856707458
0.540234014027963
1.74772206144812
0.140711134455943
0.323569347243199
0.108760902601206
0.0579785731070236
0.979242900513145
0.697140502492355
0.157777818437803
0.534955440107442
0.198681525206074
0.00441526122556155
1.04073474592347
0.22402927462607
0.504931538382221
0.182890514756243
0.00750056566161548
0.236355751052806
0.268334121977784
1.37392727814723
0.102826927040958
0.298365322892947
0.537572553569192
0.387197527721632
0.206508100669462
0.112807924202577
0.138364927796775
0.255715945009554
0.105671494263176
0.191368400198782
0.237305961795712
0.602306312228911
0.0395743075802778
0.677616005117398
0.940303756944178
0.104695205187661
0.282654230029142
0.044276281866119
0.0654926308329831
0.226542785981918
0.0742695441031302
0.262360134480752
0.264307837970285
0.304382636038491
0.146911603876987
0.040897795729054
0.605995134510908
0.194349556326605
0.0319214603752252
0.0211569750884272
0.0509441628541461
0.316937635073845
1.02478740767487
0.0504659403854809
0.170379178398799
0.340715530714727
1.45579217277495
0.0131745813282054
1.93165279424777
0.174923765113916
0.471743149343415
0.359268449314124
0.535142983889177
0.123596285119869
0.0880906753251424
0.101957257928453
1.05689382389033
1.52400933147981
0.44180413508779
0.0613411586558244
0.159504763146582
0.0111391732063826
0.0699422709415855
0.153295737662901
0.423545031658296
0.186138754305799
0.169147847313101
0.299098791848155
1.37839110678858
0.377322575882545
0.440267155701663
0.0519848222576207
0.0270298890447404
0.125942696103226
0.302295451076128
0.12320913115333
0.0639337212015107
0.0800115471412847
0.319133429744687
0.294401107628658
0.0316423568066791
0.119333604060692
0.520130365202959
0.577668430102973
0.0333875518928363
0.569103032022036
0.153062909758558
0.837653382490219
0.227034154644394
0.174266742918214
0.0542113527258646
0.0733296037813354
0.291006630028261
0.0776524170819899
0.36102339588206
0.379736731760686
0.0367171498329239
0.317839616226091
0.862894295887811
0.0600510477439583
0.0591321045462073
0.166791596652112
0.0413650202877538
0.510756999081659
0.488887335455268
0.289972316393512
1.47863709563859
0.190285249803522
0.55220246880903
0.587237478274311
1.52262908663179
0.0658696207603068
0.603202534330793
0.327460748581314
0.371673410037568
0.331889366060512
0.0576680144225732
0.125141430646155
0.0316143797702716
0.102690406032387
0.0200966847926421
0.0901098327094203
0.122578076643484
0.298274598910123
0.0125812963388717
0.178885616204917
1.58684776186729
0.42877823843364
0.137659663425183
0.511367931602623
0.201061911077563
0.602764223088886
0.0463465100650268
0.150399090256002
0.0919467239427889
0.65057389115528
0.147399312660831
1.14438061497046
0.786357481161156
1.09107605977123
0.198332124723356
0.283110210737019
0.265827445526874
0.470495642330941
1.41032020092807
0.110278119012614
0.368593428391085
0.0192171284775281
0.424214316045532
0.731181857619951
0.151454823887116
0.168810229199927
0.0666071868761603
0.0746587719639139
0.10630378892011
0.216016030778964
0.367412166832188
0.124748834379063
0.142645553299223
0.108449441399701
0.14738309403441
0.568627883776102
0.257042572489921
0.50109744052608
0.356976293982443
0.0205487505536232
0.109252936377996
0.422357005546932
0.319333971784126
2.02542491291778
0.0339612892644709
0.114135008576727
0.16384319730964
0.983840454834534
0.105124837853018
0.473069436175279
0.134621204634105
0.448217986285428
0.0905401183780872
0.115076699772516
0.123047913781249
0.157131426119905
0.539624332290639
0.985256308566525
0.435483418991328
0.30397216765056
0.18750714510515
0.397958810864382
0.406434616806782
0.504079694907031
1.34654081555378
0.395749045082073
0.521124322122345
0.423028093424144
0.881103736916376
0.72413362399052
0.738963234951432
0.101627704780407
0.281580984535113
0.417151989668354
0.277837344795915
1.19283321128056
0.501186042358754
0.20429363624717
0.461489817281616
0.0206720524828452
0.713808232078801
0.161990300192339
0.427772035351638
0.370362747164536
1.16159892168428
0.453600176864202
0.0724322226240531
0.00786573139293118
0.387469112350246
0.0460627229035443
0.919689213441909
0.308484148712906
0.535294044706083
0.0101845923695034
0.216971536989722
0.0684991713264948
0.259132636229689
0.125697708171506
0.457930976380203
0.0999716383886424
0.247841316686627
0.959016251925699
0.0642279913010315
0.75462348049057
0.0304731949429613
0.815983106586042
0.527133496433278
0.701311488698957
0.900093917269973
0.51853965601387
0.171358299040699
0.695439641906751
0.191177586536491
0.288386372559951
0.0731070880036089
0.0742566862488079
0.163566762214719
0.0494249710298339
0.186724597327611
0.329687485822123
0.100569891457357
0.0552009504700577
0.331324170305243
0.147717794088304
0.0637249085926895
0.0991560507865972
0.126056432759797
0.026204098416332
0.477180824534093
0.37060024108842
0.132832040577945
0.14853911423728
0.732779524890957
0.518143039977248
0.668357738204575
0.954235262736127
1.39612645017246
0.74671193225919
0.455291101001621
0.0218846869861854
0.861575565138022
0.313730108097035
0.0410215439730907
0.225211277425001
0.0153744219529672
0.174900304438653
0.290493069742599
1.66593387445996
0.371887933587419
0.0562513371647116
0.314313041309971
0.0844938494212813
0.18283840956619
0.179730396306631
0.402938940795872
0.289234848252083
0.263079833815533
0.195574419472927
0.505169681439647
1.07253315295636
0.108602818203742
0.103597708082124
0.0743445225959675
0.0859563279707265
0.104471646819943
0.122811596065801
0.59658270499303
0.04966453157371
0.0817654946759524
0.142371148124775
0.285408092035597
0.387895608381197
0.196328540824922
0.57196928006819
0.305096567496144
0.0305187943915414
0.5452081366727
1.16934283742886
0.405451261501989
0.0565191260246786
0.237677854201084
0.2035201760659
0.36783547801908
0.435125680333473
0.973664566355499
0.299318093756322
0.390015463859313
0.176488964738368
0.109808685549033
0.0992398685932614
0.34617085606506
0.105185544726346
0.282038260104844
0.466840493441451
0.325130690329114
0.109720673799965
0.0391953920960182
1.15909539082903
0.118788046032383
0.379921279534721
0.127076866637995
0.17260225294588
0.596773812720355
0.143002204386332
0.376965122476222
0.0951849575374207
0.583945647284843
0.0971710120425077
0.497272921374163
0.197010288253495
0.228882402534043
0.109488339296378
0.133860823476724
0.174869945935993
0.156853004824614
0.0660476437068641
0.2451792443301
0.444666402363402
0.68297697443445
0.22906511389295
0.999433038417188
0.132681334199047
0.155109564207409
1.20665095796708
0.173677349076547
0.0333635775711466
0.489847704781379
0.208421360274431
0.0458857376198901
0.0187459410095094
0.629004311558008
0.202012514575036
0.56131709171801
0.0968418090933118
0.175077755473456
0.535423053351892
0.134100815478604
0.0561691566578274
0.0870309192693072
0.298539143871408
0.377246005752507
0.167627830525404
0.0470708032343467
0.13419277821925
0.537939058444104
0.42033357357999
0.0380408582060193
0.197564168256445
0.0709711893684767
0.178592009327495
0.463723436994372
0.202028216332819
0.101063746481217
1.87983610093029
0.289848247921812
1.18427190586948
0.467050395655169
0.121430438985937
0.152096849360503
1.08826169350027
0.0802441414233607
0.627411087650121
0.0479225290209372
0.0771803962894619
0.398015239829344
0.546549885600799
0.107486261863438
0.143965563991089
0.108849219158805
0.0260656616028483
0.125597338471972
0.196320615145884
0.129464863952538
0.132713633629978
0.303095661705446
0.657122310025815
0.976732082622184
0.24615845806489
0.121681678091113
0.273815281722137
0.74468183718153
0.272099512376999
0.116981866595298
0.175349610240922
0.0229715703950157
0.13856583321234
0.0140705047213972
0.202661535168341
0.1357356517179
0.132783170535981
0.251330491830643
0.118401575046949
0.339603392857348
0.0543803771142475
0.182350345539393
0.240607381144525
0.205369199873383
0.0585403734901183
0.471109475697678
0.442241723138948
0.137167344657532
0.3302891017969
0.549843293058559
0.328688174724654
0.883129932561136
0.0398063757804274
0.393593511273178
0.0469706852485139
0.26385906784351
0.0752094030803196
1.36187989113387
0.378022157704163
0.266360254846818
0.260366937895746
0.298315444342474
0.0746067368112181
0.0440578677200046
1.23730026826976
0.511736615692299
0.602477976243663
0.428400969418835
0.134004932599115
0.47396301893955
0.483776955837011
0.0610594648085086
0.12584080662909
0.0451040380684587
0.273589783857327
0.0861644600567543
0.0819405491738086
0.0248157471594361
0.115383300490486
0.0620287188853262
0.0166663977571872
0.0610241591706581
0.195756471147467
0.150112178233381
0.0272862964910379
0.167752022284887
0.735471744000162
0.0313024204180951
0.349957947272625
0.189722979780655
0.176162243893026
0.248073971540918
0.207675588529463
0.202833314170268
1.26606184410846
0.353859964193762
0.117830075486555
0.349669928684915
0.605988997047949
0.0381492603876708
0.176390458817445
0.433123468069363
0.163232495342045
1.39640724789237
0.0242835746606513
0.0465592296102488
0.585727750747822
0.417324063263332
0.665122641623318
0.17202359093389
1.7049326442181
0.21943784020986
0.130957299920514
0.074888171930137
0.109835655629103
0.0446303248292948
0.184918281779373
0.101857687802496
0.798233827125876
0.0483708542558563
0.151397014945458
0.236229446686812
0.0916478416426454
0.515523613985935
0.0845113170458889
0.44271834066296
0.167234807510444
0.535349092970127
0.442588256713111
0.385547898507833
0.16394894957901
0.0282597573604276
0.597252780123556
0.0838541021582199
0.198646741305397
0.423154030485995
0.186758620751223
0.157210982086704
0.21597998962342
0.0677280531517511
0.0147685006388871
0.0175644944295658
0.517991563796426
0.111707068819602
0.515836892946714
0.74017793402608
0.0939130372908078
0.117683830831864
0.179534184306329
0.162121296271664
0.060362656095432
0.137526442996814
0.21948365009045
0.828037652786796
1.75911311951734
0.0786126720664533
0.195513993004213
0.566208038473125
0.0600293604668702
0.128751044566734
0.142572761433216
0.871690596972553
0.040275611927301
0.133551811189336
0.112197309275881
0.30940410990348
0.0142859885402974
0.25922556844864
0.0506033924132025
0.595233014842961
0.811266128737653
0.0729352304466893
0.322203405783819
0.154010816774775
0.136367043478763
0.290780534034371
0.194138552072297
0.1615152311548
0.252396254936121
0.124675022518312
0.242750809776633
0.131873500147711
1.03318206554339
0.361195395896072
0.217806935430495
0.367402035562328
0.0516537496393683
0.279803703120771
0.0301150430956246
1.14244011758393
0.0509574677315589
1.04073767401014
0.417516895583684
0.218206121673256
0.56893329192699
0.239405617179271
0.904590704438041
0.224659250377101
0.113463712164536
0.314118220183011
0.128153650976576
0.108314214170649
0.824770806916953
0.0850410895759151
0.0627051901743372
0.237062790342043
0.0193339058932207
0.0748423203033835
0.291676053175406
0.116872974512222
1.10854086533577
0.315012123325033
0.410227429597078
0.560882502556918
0.317808512737535
0.0944665786619742
0.0797141343436911
1.03730906540968
0.247530769158701
0.126538876494472
0.0593978162035626
0.284643576063656
0.120563654609076
0.0588591739196021
0.485006244495401
0.0768165881691528
1.11776415625932
1.62986252676434
0.0882336616601498
0.696095219215693
0.155116744765746
0.900427074990959
0.891946322996246
0.070538775043433
0.163478762275835
0.126378984344174
0.243102910772811
0.0267835139836478
0.0325024851761271
0.87828867995434
0.273532771029154
0.129355117301036
0.872260444975445
0.693253493735277
0.062007191048983
0.44772150358228
0.106867456843755
0.0402269093054812
0.0353457017480831
0.126568450926783
0.861723723628889
0.185177022201556
0.104178806507726
0.139456621394525
0.523457388500667
0.300808190503016
0.282479847230646
0.249408493431598
0.583508125007095
0.235217310407151
0.158451405365392
0.473032108391793
0.137002302557747
0.100190905951723
0.14693497438649
0.275418475267459
0.126452904372314
0.148350336329421
0.463590222022399
0.127163228798801
1.82104413668647
0.0352919955409319
0.616057063786168
0.0300899842518331
0.11337845025744
0.280389542169984
0.897855722401255
1.09528052634495
0.104569458516416
0.219017475384935
0.291795760415854
1.03247938763772
2.095681219849
0.0547540295909344
0.835771499516774
0.0816660377625824
0.0608559342253113
0.138044405377516
0.0848444578528169
0.0963668781042148
0.179837737756482
0.0838730353897968
0.155552967099819
0.16859236973402
0.426291709279241
0.0996863016320711
0.246841850868181
0.0391948466842097
0.47496585657766
0.233315457403386
0.298519327263712
0.136131271744452
0.0473657703688688
0.0895314816989019
0.393536287788971
0.109619539878286
0.145671138021274
0.50157503080861
0.546550370113626
0.343197021733524
0.17877914687938
0.164812396806799
0.0882377037806173
0.0500295028432851
0.00762327695084084
0.252117180894577
0.0504736295264301
0.207316212382906
0.539961839983377
0.143244869296146
1.21031459772355
0.429268712597175
0.178816492471073
0.181272684703355
0.63921478535532
0.0623425744603761
0.0457242170712051
0.207465554611621
0.688162885147341
0.598937574356836
0.385126345171444
0.0315780969758298
0.263146794220311
0.578964196634174
0.256291266667612
0.240106025534821
0.0432431077923323
0.152523040103843
1.26978251612942
0.0403335591705051
0.113953592667535
0.616424136867502
0.155056698198443
0.0316634147913419
0.138867132737281
0.622675131603161
0.131281183282165
0.167573419712162
0.0978054004588202
0.489143754442271
0.0720221009907826
0.433007114081098
1.33023826859857
0.355304587792952
0.0621876034279338
0.203146627467983
0.114093408052423
0.0814606519097929
0.0421879310926776
0.255028122932453
0.0518749776527974
0.347745421230724
0.433163068314728
0.0938009489884469
0.312888913060253
0.181917253280978
0.147272483338021
0.325513354580933
0.367897034654876
0.0507275520165901
0.714269893939916
0.194455687439867
1.22158858491934
0.761385008504389
0.17161224139211
0.45238520819506
0.162558500544048
0.173452900513365
1.43379678336357
0.00880648005877725
0.72142288587311
0.0260794601880808
0.0554155354719484
0.141287703451162
0.368867365103139
0.0498204679486831
0.049756023935754
0.092843532479988
0.203163091327476
0.127396632320607
0.734832781696354
0.038091968522998
0.295009762718396
0.172871633219423
0.126358424750927
0.19273003978577
0.0559163090042952
0.122200177040013
0.446240753480256
0.294411644818796
0.304753285696465
0.012203280189258
0.0299167388390369
0.218786359672587
0.346262081493242
0.196264067123275
0.372074917875779
0.0459472751748019
0.2013997042455
0.387382338159884
0.155923382361456
0.0936218868242986
0.699563131508862
0.0380032133992205
0.924300609960431
0.170885228116632
0.836939792571807
0.160147747265453
0.00969595383969649
0.408237755872242
0.216382278622334
0.109313024267458
0.1436235013391
0.15725536117124
0.0160217743420479
0.0331085976465283
0.578071653591888
2.27127359107129
0.129506605184262
0.419082220951646
1.44702255785691
0.0499445805743976
0.11750270773268
0.107344828940218
0.129309710087956
0.182190007840292
0.491108606548223
0.351304573346954
0.541485270469143
0.0761846377508148
0.445815567968718
0.0810099106886039
0.0986756666414451
0.181181515462945
0.440631712213239
0.114458596253789
0.0580284360223332
0.203723257325842
0.333587655092887
0.136435202199303
0.359002047906318
1.23622429463586
0.341364304250657
0.108841386924364
0.034017504236259
0.0123310300817452
0.137205603042293
0.0532840673799816
0.102322774403457
0.138493864957032
0.053258839931348
0.105973053429896
0.404237917394515
0.181754459874559
0.0192314948556752
0.933285235745008
0.156733228115272
0.365412134078571
0.810718694206553
0.501206033603539
0.043976354523545
0.10592343058407
0.350785573545513
0.0789402809368572
0.0567823750920407
0.509142410726507
0.616524243700879
0.295549144845382
0.289248912782887
0.0193175605933662
1.09054121145039
0.456575661152916
0.046950662992173
1.06208982347378
0.265027405031998
0.247740209120157
0.0691687675253551
1.79765237274246
0.41617796962826
0.359930008156778
0.629187238579828
0.406035726047858
0.83758833710601
0.182505088349925
0.53913901951199
0.352122054516653
0.049755642502774
0.0919621859825708
0.0524228222955095
0.0603280053469948
0.0628635313862276
0.89445152953449
0.203069059573683
0.122499232793574
0.0443309756872925
0.324697281797877
0.167594011225168
0.0440841862006449
0.487798859881333
0.0211724915283598
0.238698201855492
0.480990192778421
0.0217602648330492
0.198841567979516
0.160009135340784
0.110002976941008
0.11347822896567
0.217869578925586
0.284776920588813
0.0373846683455557
0.586237935416334
0.74490519773229
0.360683467193891
0.21579082852431
0.270195213209777
0.247572108606193
0.490390393939662
0.779966084204977
0.767209565997918
0.312255564489553
0.0832627369902805
0.361510658221614
0.111936406041939
1.40304009949445
0.125372116886315
0.185838856740962
0.217585232061351
0.0633871572410501
0.435232539666444
0.0931476261560222
0.410427250138246
0.0381872766227957
0.106573849272137
0.298130544774095
0.0384582837644602
1.26499402012671
0.196655531242812
0.410657241795127
0.126893120729432
0.0862892405578609
0.0944429720851783
0.042849889228625
0.0126524970295876
0.0190029494897899
0.135209870891193
0.808386201249427
0.235034220161713
0.17645787059209
0.638081319818549
0.170820243842022
0.0708887498277163
0.28833261876261
0.246412366338667
0.591558339555576
0.457829819759171
0.333893628165074
0.954289270676622
0.131689170508942
0.261194832457167
0.538900102906811
0.251826867399082
0.0482804903312938
0.61079436766038
0.333800772658085
0.0994030394415385
0.0871984159782972
0.165934742941322
0.0634777236950517
0.624509403057074
0.393272975368627
0.0809321179870582
0.985609617057591
0.733806184897846
0.611424529990331
0.148765933737176
0.0209554398000867
0.19199483445121
0.750109746296539
0.319129926500541
0.434556156934221
0.184299648498307
0.406826216320639
0.234341779981694
0.279680544228455
1.87596500934542
0.386075405027148
0.0808646687958622
0.085690596596572
0.390709263940671
0.15184493307599
0.319655026499393
0.171818302251349
0.338397448235944
0.0536037621804973
0.866933113583028
0.0309883186496197
0.76318790085974
0.0524216287414039
0.865424495028044
0.0285431919809949
0.0582777373810733
0.0967991373007529
0.729246542094616
0.342072100994127
0.153669378353147
0.09987149062462
0.248267176755861
0.200754706488224
0.0344501995440831
0.557030525738145
0.0587122228722372
0.0742988625134499
0.15592255953829
0.372567050133706
2.02508762254584
0.0839899307271786
0.689001859057518
0.181477408238756
0.619573577486693
0.122568958485429
0.0325935749636447
0.133350109194431
0.221257707523105
0.313440995241929
0.0301411763083235
0.978374946768004
0.179933061072916
0.584300222144468
0.104739290860185
0.695940686372342
0.342861618695406
0.500258651802675
0.581525478499099
0.517005687710639
0.497418718727571
0.481469563203374
1.21430601850549
0.429528167377441
0.287111062995329
0.816421728367085
0.14715968612945
0.341867762370534
0.367179748805039
0.154076601266751
0.135569304800967
1.08244614831315
0.0857146279174846
0.194212037915139
0.327835325813013
0.140581463750247
0.144743860010588
1.2505873193831
0.0249058605612809
0.0387726311930001
0.144185887663267
0.324483461237887
0.226074567241915
0.189356844904783
0.184798906923227
0.488110974435907
0.584593964949532
0.235037840059704
0.326920334962495
0.546900750222129
0.805970899811694
1.44363894965401
0.152196885893373
0.0478127896659218
0.559003401245449
1.19369202054318
0.243776447242661
0.23095856673207
0.2877798638322
0.128133411290591
0.0115099861962657
0.0710755291037951
0.0839778535623154
0.113802272571982
0.151216760892138
0.0970040809286115
0.242217954831173
0.340910057752667
0.0229818945369532
0.0706845425505404
0.133044279647644
0.0355341095001747
0.435032906512051
0.545762343798293
0.0845338878041015
0.318549607800122
0.111960687820388
0.073527831026021
0.0615837759077376
0.23779837578575
0.0968121318736694
0.0822146263355065
0.0902544192083935
0.677007759947043
0.117583486097384
0.0364609079554153
0.159294402241843
0.0837930578741079
0.420778579150066
0.344135163042003
0.265370541088706
0.479512897022601
0.0575150468786682
0.130158529077727
0.66643590514711
0.0399752276760505
2.00645092851261
0.13508859195896
0.202348034876294
0.637670350480377
0.362022414663408
0.0414980673472808
0.313999897881615
0.347861326520373
0.336360005315458
0.185129070928419
0.166519436084792
0.23780735329186
1.59786206834192
0.740550545871002
0.0906304542739231
0.199392423813207
0.194038943890425
0.0626903015020263
0.0817559495891222
0.313291010247063
0.0896745211910427
0.723086298073762
0.304696962338346
0.209119893566606
0.326851641645711
0.158058325761563
0.107567096860177
0.140158004863304
0.262666562607576
1.00375775277168
1.15117877607205
0.0379552580264506
0.0297844518025165
1.50693615085924
0.00556147078195397
0.126447599360936
0.0272176845798944
0.166482171286176
0.150363974005097
0.658542883223257
0.340797331443791
0.0337845722616948
0.0795217779452125
0.648613734558762
1.21977220833791
0.447697662923034
0.103421409750577
0.031464834189548
0.271872240613033
0.161881464410947
0.206803920484143
0.237829461410238
0.190626806118354
0.424828187181905
0.0178223543167824
1.84721037735409
0.0872367031770331
0.326877755311408
0.19263331252183
0.195466294686614
0.931346387837989
0.307101355787447
0.189196633767993
0.0170409709256294
0.540272468073175
0.119112709777823
0.253925946825411
0.070441203251105
0.452631853665702
1.31133536386762
0.671933863575414
0.147934483113308
0.58620390663492
0.0961047441491211
0.419649570437739
0.0365121129434301
0.27606833921721
1.66748637541973
1.11885539455458
0.181749483291097
0.0275426061642247
0.1293644952874
0.571159978094641
0.0956327590308374
0.358817896816925
0.196284705045953
0.22908426600917
0.0505788245785685
1.64263999262009
0.0947693586956349
0.336678987016307
0.0219075288830384
0.665736817950915
0.0762007143051707
0.600286757484911
0.49418766270157
0.869761826759954
0.362429797454099
0.13791840506302
0.0260880470300725
0.277205806441236
0.0431504288516858
0.144747877305616
0.605371720162628
0.101100753860994
0.633483657912638
0.573723988881385
0.175646082491194
1.22609719582197
0.120518344122966
1.06870775516926
0.143497790673649
0.0809668881306397
0.747258450434574
0.174087059585182
1.57040292512258
0.785486774584761
0.422535153888302
0.401259355888682
0.0174391531417875
0.0165227619402717
0.230200636754107
0.443674706827108
0.958102730179619
0.0577241122938228
0.130690853917795
1.42922628734906
1.17568996330289
1.31157310189022
0.117808541929404
0.0151143206407258
0.536654651865693
0.0549875010650616
0.867183341422593
0.318098653316054
0.396101826622528
0.412150444390784
0.0652637987623041
0.419098605183128
0.17001710083157
0.14037419080601
0.165601924719091
0.604159692471586
0.218974934637402
0.101522811634916
0.50909224223902
0.381869401664144
0.0192811856884522
0.0493023364230817
0.252857930100517
0.0743671772837523
0.276664473485869
0.125216588640916
1.17632925734838
0.160098666404714
0.0593511685060773
0.134652356158312
0.102628178187651
0.100405951441542
0.135696401706813
0.110584302276106
0.236722289310214
0.091010581793996
0.484486816545026
0.105589796542712
0.0906905685802219
0.812308640273568
0.434092087884365
0.146972244423563
0.0691513524272904
0.0814930333180919
0.208994519373428
0.512808680012636
0.154901693413719
0.0627888759883896
0.232920758823637
0.144042331097996
0.726953640037835
0.175111496080159
0.822855369737155
0.197004725135319
0.176313171710213
0.393071225464499
0.0788705463828347
0.033314707498462
0.450706788267706
0.178490140885418
0.104880907683852
1.92898308594819
0.170384153597522
0.739909685777244
0.0111057346792296
0.241264731487037
0.0478835315959181
0.103889161121317
0.0726930950915279
0.394596145599275
0.130217879888787
0.131504091027197
0.216266560283136
0.373564057549117
0.0532109494424808
0.0618175237594738
0.104260458012292
0.10419646823204
0.465401065754114
0.141797249044061
0.923598044633915
0.207112100925895
0.20920625884879
0.333873656261614
0.0951673847833858
0.212204796921167
0.0632643555428566
0.179398270527761
0.131444245307236
0.883187622204092
0.409515105141485
0.175126922282553
0.517153915478908
0.0672355933959694
0.020109765684403
0.0837282778870291
0.116306530243853
0.289485588952928
0.139003642115969
0.0550872686100977
0.113294749100556
0.733708604265
0.242250843731841
0.0231469375426631
0.545525524587932
0.295216319010082
0.16234765732909
0.145780902486466
0.113318855522077
0.0923780550534562
0.187548578380812
0.38015230982687
0.0964533978823651
0.793055997582211
0.0589861655599617
0.313485204608107
0.0842070972091395
0.121982723696536
0.623155953573048
0.0810105460024071
0.0812334840554556
0.792532896266759
0.124076109794595
0.19950133658928
0.287217627041905
0.42796979354813
0.191534674306409
0.763213244335119
1.65666782363546
0.248036848271562
0.0177104451418342
0.180312810492111
0.41460882439157
0.19999281198626
0.0511134189278885
0.101921752244491
0.0106718615485904
0.871967052166946
0.156765612881129
0.0448903900789629
0.0475487599744336
0.183753418756283
0.181111833762757
0.4637264054985
0.0367202912084294
0.870885406433733
0.0889591826232773
0.222603081843289
0.588422089327521
0.412616561590736
0.447449708932613
0.0934618990289678
0.0886985619910591
0.127671645084254
0.0275546107684349
0.537444690842859
0.279987511077244
0.233830661919336
0.0957782211115232
0.0830490731860261
0.166058602807877
0.107099290959715
0.115600101769905
2.06038719515036
0.145699411103673
0.27876178714142
0.0644217289531983
0.246192106201619
0.134778732037112
0.200365211901539
0.242244032032925
0.332870267255189
0.229907005238131
0.154486519985907
0.125135084273404
0.203807842762641
1.49822273921324
0.287076540952465
0.308153489206388
0.207797678977607
0.427362927521743
0.785163309057772
0.222320587780846
0.187325923014218
0.133240604024466
0.0640811135463072
0.561266354060422
0.0731606058426875
0.228878480956562
0.0898325560475287
0.461705805316968
0.747512057917096
0.470073413363102
0.658752100763923
0.528144735606897
0.212359346361181
0.185441906804899
0.316158022665399
2.52948440030513
0.467373326685959
0.139770286239435
0.088893631218892
0.0941828016328162
0.0714186367714449
1.12886250275417
0.0271061875855922
0.0354276255372181
0.0502174892025922
0.0322673854219747
0.00775996557431548
0.547917697681731
0.193101714074004
0.0811229137725469
0.0730228712267441
0.43042312006557
0.281428385117477
0.277980444810627
0.197982824334351
0.265201517850288
0.0733981713892473
0.198427307370857
0.373449366927829
0.201450404726782
0.0771598510153808
0.767706139671206
0.296096614184048
0.381565405034957
0.297248684810032
0.449213913997028
0.300446609628032
0.485963897099732
0.936975361434089
0.348834957377469
0.564759148238888
0.121188786545243
0.00505252407247757
0.103142200109095
0.136094957949031
0.281580193434466
0.0423626296571959
0.027207826271315
0.914541469200216
0.262310678777398
0.0615571547454696
0.0547170470094417
0.104269679957274
0.145356345094758
0.251778249886233
0.503658208839544
0.109391494053847
0.146098001585151
0.0586740837285992
0.18323916125098
0.22004648382547
0.0976799266994185
0.0848838385664587
0.125868810513703
0.247410911626012
0.338546577749517
0.0711115667828864
0.0978997380373011
0.530946752409893
0.909655989181949
0.126711896828695
0.247881249890036
0.174101884883453
0.242004356681109
0.106002772754002
0.326469380259303
0.293488512892611
0.408704029009969
0.0317765290906377
1.41469061433482
0.191672025643073
0.166933076050191
0.0434300640663862
0.102801730750707
0.509547202373791
0.5637191590849
0.0721682569842347
0.120891752769856
0.323873129396919
0.0730865924591542
0.855139126945278
0.0335877645410494
0.276705817620969
0.227706272240385
0.0501413329225936
0.0122577736865736
0.392047225961147
0.103147297043959
0.313943191843012
1.03981062480075
0.497134944874317
0.297798973217821
0.903375738354185
0.389541958054372
0.193606965134234
0.0494267581443755
0.0395357440459322
0.106282592737521
0.0123009672357712
0.853166248001117
0.486653484983191
0.050401629123581
0.610953154160277
0.0852866711023615
0.280304454521121
0.12005929793712
0.754399007486472
0.0757008734676681
0.171931133477236
0.539772702925146
0.247957387993159
0.291599849988391
0.873088089277123
0.0858188468427276
0.661076692738575
0.4244067876588
0.101952943582421
0.220165596104634
0.418444440361549
0.667446367983509
0.226043202628803
1.13354725341129
0.0694068762776476
0.105758960983086
0.0735817196273316
0.108498451890633
1.64505876725209
0.00538419602030807
0.0963875954231526
0.21434401906179
0.467203068008437
0.571382992419027
0.251476492377955
0.465443913308099
0.162343261325997
0.0660012480016532
0.450174480288923
0.105470474544804
0.314228412829089
0.282433712258445
0.385723969160072
0.30666687396905
1.17861007996175
0.324309955589996
0.153993543737303
0.0326905562008353
0.408705313118951
0.23266315828848
0.0285585076592352
0.128147305067252
1.1743622405701
0.0752415102466042
0.0858940999317167
0.253164468234154
0.203764181517706
0.222393233645826
0.31768642330797
0.0163777331809938
0.0781196872726477
1.47784817176568
1.82673504006034
0.298760349871874
0.245399952890083
0.499965833131176
0.194975773715983
0.195271602222064
0.0870591115968214
0.522513597883866
0.384442516816502
0.655528577312357
0.121058347417549
0.212981756250995
0.090380136434576
0.481391088706583
0.410910592163757
0.81277127863502
0.202766573667417
0.153886071822856
0.145786233967918
0.13055685044261
0.173930581272242
0.182193374205761
0.187767548222622
0.198677479286289
0.275842316501576
0.514988097700591
0.596147941866266
0.0446336356713085
0.0717069340233133
0.334957180685085
0.217980740986046
0.248814963366091
0.162828888321419
0.474398094853263
0.109636266053302
0.154844692820588
0.447494000345175
1.05100576461683
0.237761621552261
0.158379625664121
0.844187715521277
0.573532304192959
1.8354646843024
0.13944567200306
0.0976469545346237
0.0434123737011727
0.24248137205762
0.702373385074389
0.0117465274109939
0.101542850433833
0.0509035689049583
0.0417774210898942
0.0731768598219747
0.166323714231085
0.0620490534817057
0.289749020413393
0.109464471231683
0.0633226643030869
0.0239970302791802
0.975288847879384
0.929404940826556
0.0679683626117939
0.198028962463313
0.536659689409095
0.68160107226476
0.0348153240543266
0.0370507826039329
0.393370206564771
0.380292614446095
0.0670428157008406
0.0710097843693366
0.0877878935722375
0.00970792656808207
1.99278138341395
0.522116951801617
0.183371906157807
0.146487243701522
0.0934987038700737
0.223579633801356
0.667154347796834
0.212859645023274
0.147828607518281
0.0941821723644169
0.169442362180382
0.119812751565486
0.371941223025828
0.644675241534737
0.365567317307222
0.109063109129641
0.133072507803184
0.0380816983608221
0.05246739665545
0.291033318022496
0.289031863209438
0.384869811333578
0.279552129769089
0.153132781832993
0.330974460836202
0.0445165437289291
0.506382333468965
0.320980034486974
0.213219950221301
0.221558652604675
0.13743599735168
0.135718157129019
0.154719894029661
0.0577031904205978
0.46357775712229
0.545846322757452
0.316885201351101
0.229378605650092
0.112585953699063
0.23985087038808
0.295809268275719
0.138637052291774
0.111335985892638
0.0928678734518689
0.0556572483578704
0.83681993409903
0.518414626466789
0.135856873283687
0.0448506702466105
0.137360766191208
0.188779694145195
0.0445323249568983
0.117234902449977
0.360690498391143
0.0974304201127669
0.606991211506923
0.0674769140875217
0.575506110770326
0.0250796853434133
0.890443382153175
0.0700329474958201
0.160708240223218
0.0300785924754545
0.54521298988924
0.265742608120365
0.257867217120577
0.181550910394315
0.0167154107108196
0.0577158850134119
0.233344226789726
0.0410341310771824
0.513353316368412
0.175759302025272
0.0749485331492426
0.0569449802330943
0.112142720445519
0.170434320687328
0.87953163006171
0.32065528630113
0.0755821675800421
0.157222831759538
0.135816422317792
0.202478229508348
0.744534317259567
0.209575467100526
0.115936888683592
0.118114399576642
0.282533216246339
0.634452957791713
0.0237905154955335
0.0717400960664973
0.399670551706094
0.744258776237362
0.0295442081720537
0.15714137167768
0.107556650585956
0.101705640817046
0.210860518511194
1.53564501832956
0.107000635511131
0.0256895789886631
0.278162053384599
0.0333877100431711
0.0844931611438257
0.0312983098884383
0.100127385747288
0.0444877779110439
0.179810651007567
0.134252104172373
0.0798741004248791
0.106854884810493
1.32014575500738
0.544171515631253
0.202121833727897
0.0722045096610252
0.60576356233254
0.629554116792773
0.321870211401609
0.0266036577675608
0.222369994720185
0.0898344266040964
0.127126364899085
0.966388223697179
0.189596812616474
1.03566414210491
0.0127744084831107
0.151541357935835
0.0835135297254331
2.32630763638655
1.32171628391556
0.113989840098369
0.249183487033173
0.170117328598665
0.419421204014266
0.264846075345578
0.310509856118269
0.0848664584781783
0.253082179621728
0.480671448542025
0.206436856304035
0.258591952727619
0.65946495591579
0.0235010914128708
0.318711551180716
0.0879594062072914
0.42652889879344
0.235233096610047
0.0616501276373235
0.0541512277416367
0.0855861323406622
0.48030334463666
0.0300000442056856
0.326510465009261
0.098907610845629
0.235602530780707
0.176928659156589
0.281354733177783
0.352187616341633
0.218904167989817
0.0639219987776178
0.128235227275847
0.0690464971634583
0.969055881215703
1.42150196531881
0.197687928436261
0.415350938303322
0.0570054460952482
0.138094765782775
1.41423029971033
0.0923457716890351
0.527847529351266
0.376568011471013
0.775003187914861
0.346425349188661
0.747293277107399
0.230372161133451
0.118074681158466
0.209744953747188
0.17591492575526
0.179475650848152
0.508566159904295
0.0355171998052896
0.388409976892186
0.123399358621309
0.0737270314709084
0.101614854436959
0.0369161340034019
0.850860763326668
0.0165903513939772
0.238633921216819
0.11575095282484
1.21301881581876
0.150916556216437
0.209305167488038
1.59600799157012
1.03264511325547
1.49608617395177
0.267265381990826
0.00170394273210845
1.20547501908897
0.14699210233491
0.65665215729047
0.0475343954632163
0.0113241818116623
0.0656216523602405
0.286593017884791
1.97815644331708
0.0674994564726444
0.0718888694070482
0.764679045586585
0.215828816101495
0.229088186395387
0.636750587564708
1.11598167341793
0.218581114031059
0.0174798777497809
0.129307217175458
0.298806448877666
0.289941839554409
1.87065397313883
0.494764386467789
0.0324783997955258
0.590904606291254
0.128804829431687
0.250663455230493
0.0696204647500304
0.186115505523646
0.641392248840383
0.644808479508557
0.306019003185214
0.486191923544894
0.157885709479196
0.200007943941672
1.26663097185364
0.153714026003974
0.0520513792010541
0.21715125265787
0.530143041795012
0.073571265863799
0.259025960821627
0.253470006203017
0.162768752944264
0.112032809933929
1.53803059769021
0.264503702899268
1.21407999475398
0.42070819134073
0.0615343274573824
0.324928251222789
0.953309377746011
0.3295842253102
0.608077764345606
0.106530217346072
2.4430283841848
0.133670508283294
0.788924890903778
0.260225452150068
0.0894690506436408
0.6601493575468
0.933728543328919
0.327024788331733
0.0929717117390772
0.207648469738008
0.324078575228348
0.163875580192891
0.261490719919848
0.201464736104956
0.0362781236324666
0.361846497066236
0.244160711181685
0.685295739780189
0.594423927136039
0.127725517839802
0.526745221969779
0.21347047408316
0.0993971153482108
0.229355692215217
0.413840752069498
0.0358715103080818
0.763198107617449
0.839700222118084
0.50910450222796
0.0968413725033959
0.242032333731673
0.0224904604420475
0.194945954223747
0.464689921021411
0.570902166259731
0.0678675303087509
0.927636807273436
0.0465090411983045
0.069933102729104
1.83273314050397
0.0532347706413261
0.634025142086314
0.0824187843613989
1.51564293833478
0.0748619450909803
1.96064663762618
0.0285617979302984
0.0341569577580144
0.162183442130187
0.514274352209609
0.509445619896747
0.128496998804526
0.151016205823459
0.702211502080111
0.113057524699046
0.162359574495281
2.04724520896641
0.223414018526514
0.0810992217415768
0.698654970985202
0.121080754924629
0.284607969794322
0.0681345021762843
0.381240249664386
0.297329476982846
0.159645946569661
0.605608225378168
0.364020639376938
0.206263974934226
0.134879258391516
0.0576163894470268
0.490396287263398
0.41691820300367
0.325365014908721
1.1062970913392
0.331203724856121
0.480210756087354
0.715671208901821
0.109933749953911
0.231694550383991
0.278727514339182
0.158751816771975
0.399963163203896
0.281329256794529
0.19887637175418
0.133886404929404
0.144633832900475
0.231185422265542
0.343274507657731
0.0423307737783705
0.664247307781125
0.470650391685076
0.184211532616769
0.141877086106506
0.157686365326136
0.0682380908213525
0.172522010039835
0.523302522249708
0.346842853133415
0.23960683907724
0.0238265013774522
0.0333722218727751
0.293398817149199
0.0376940461585031
0.0230899133997275
0.298363327570351
0.754060112767
0.196873423129356
0.151738052815898
0.507956397929687
0.190230473793722
1.38334733335219
0.253957548994564
0.46651972227184
0.0408828959206492
0.451953458935864
0.129806073155265
0.258118973465403
1.10644043363619
0.136569416932703
0.255346577794113
0.34521464336105
0.943858920241173
0.231309736956569
0.0892473366720896
2.33644005924057
0.0556141979353475
0.158682217099238
0.679221458727718
0.287257920266449
0.453616823941589
1.21974358623015
0.716999190761953
0.234421326036901
0.249899123037977
0.535408634835968
0.472855507036634
0.0342453038440996
0.00704948120255335
1.11856520532837
0.159908602824459
0.32007511002316
0.0571918913978892
0.517767765704229
0.529858563616436
0.223443629425168
0.119730149798607
0.983586470081117
0.158860669836104
0.379777780566847
0.499495075923205
0.301926979139839
0.0411417053571414
0.0184926935730261
0.643812135078341
0.755334332955637
0.245660485622136
0.650391774343672
0.0724884879283868
0.380826117431231
0.250789749996529
0.175810915632765
0.417100746674338
0.201628112735225
0.48816394903877
0.551802887088408
0.0653800433636791
0.113300821338743
0.0735334145238056
0.424780567347233
0.261028871935487
0.250837811131389
0.271683406107711
0.218223965648106
0.242757505198221
0.404546110942405
0.25751651693529
0.150242529234324
0.105529535581229
0.300565717399778
0.398044279504424
0.639390256193413
0.271748158261882
0.67821632879261
0.25161031562981
0.090210119735697
0.109344601594913
0.132751840435874
0.0399805297642641
0.100757217774294
0.109915254920103
0.328909553963626
0.252063786585848
0.812840688150261
0.722438114367089
0.351815456511556
0.149557269740577
0.241480020113366
0.808373070711974
0.244949646669424
0.236815471519418
0.202210255643987
0.0469581549632783
0.00724599882633761
0.0447503720429547
0.367105836746417
0.169646268857595
0.470991666976033
0.024044889568532
0.266183316975891
0.342802917651648
0.263352304158752
0.0771972395348938
0.261153076630181
0.220176317995088
0.311444101006019
