0.644598898901745
0.616282881206349
0.546830325287076
0.699220133515233
0.806512961625445
0.39028303987764
0.534215605791625
0.484557824928021
0.378891925413939
0.343831512985512
0.611461397076435
0.624020428709447
0.558211979658525
0.690923749917996
0.421185576690326
0.490685297715064
0.432791309383116
0.399671689561343
0.484356989669929
0.590026245886261
1.06894578924453
0.911817349125987
0.616549426409431
0.682975358584333
0.777459468513186
0.379899109333753
0.716235468191733
0.613044812867858
0.345113536886895
0.474725687644673
0.314782322887126
0.465592760686822
0.253502942183759
0.16985565111064
0.184120788274009
-0.0388759242792747
0.286133390209418
0.609568150998993
0.693175328040749
0.605396835994725
-0.288953356169911
-0.0223763098502935
0.304511868261875
0.178921121515055
-0.00578968471892408
0.0833666788880435
0.359536391403892
0.232057335681022
0.0566271979622691
0.76272360102781
0.525841519965962
0.269714310769121
0.0972435985711301
0.277923192786634
0.178665595832372
-0.0443898976663105
0.586067846125509
0.41605349778064
0.399366747311144
0.148874137383683
0.560250457506903
0.692017781778002
0.491268421867382
1.17571968914103
1.24486048636591
1.20199812111388
0.454255484624705
0.815293787144197
1.14463416441441
0.435371688103918
0.609171778468781
0.843462145414172
1.18278895215545
0.765983127407269
0.660029822436661
0.47918584023081
0.366805276357295
0.778371296219858
0.568142280634933
0.695607226156863
0.54596282414004
0.586602999405538
0.780521908192874
0.528633472456885
0.966944693437941
0.398120900566552
0.229207954506292
0.991884605303778
0.733219473600693
0.703501339492156
0.430656637511873
0.504895715895155
0.604436678453242
0.589136841319006
0.436727620295766
0.263000732082266
0.577662353159804
0.608907777544673
0.778489444265531
0.249638988548478
0.439110987020577
0.55222472943896
0.834499842394363
0.62103049461973
0.179132423755329
0.739594074722594
0.1083256968256
0.302968098376003
0.261843074073992
0.509586384820349
0.733779542894148
0.627252351862413
0.698094387281888
0.49315868004637
1.1074529435322
0.364039687952549
0.599103387015316
0.569626259905211
0.583446319562165
0.740967300596615
0.220382867857294
0.440856942421468
0.797979709783065
0.411373018928249
0.763950911690541
0.879738684774972
0.967290238518255
0.565773006383546
0.620463018244587
1.44409859805197
0.822016776435545
0.914407761520823
0.593228684544502
0.66120123155685
0.651499333825455
0.38986417930496
0.646104026493011
0.703074013656836
0.538983958697762
0.664094445659212
0.416962310662284
0.327841304846326
1.01790370064433
0.527970164752987
0.605256145719135
0.675271297195046
0.818856226469137
0.471986239272175
0.416229855354549
0.539366778870705
0.117496117539228
0.423655783145107
0.575205539960587
0.543310311813527
0.829617322831516
0.712845689524835
0.518069872481468
0.800557125921723
0.219567026205454
0.825420472059544
0.813942267680085
0.3807382356936
0.506749624287266
0.818262081034268
0.272712487489165
0.266503411670809
0.111063176375934
0.420625461037257
0.0170671816129689
0.553157888752375
0.52409750768085
0.493230231305308
0.0775487951070978
0.306543803018047
0.240974861952676
0.368498278548997
0.562958885310805
0.571977928445714
0.151666814991066
0.55744625442755
0.645971552367495
0.585791111042639
0.789100542678649
0.676258503401399
0.564401637464853
0.165951660899398
0.033555949943534
0.644537759050123
0.141709564766049
0.280417968701739
0.122473175521379
0.0991364353944038
0.44002299391079
0.298179220371476
-0.0626826642336162
0.15943367454068
0.301929719151838
0.178162071412805
0.639867395503507
0.741918203137199
0.510344584747307
1.10879062882806
1.1054665113201
1.0377142675226
0.912561932022404
0.831527326348017
0.807156798245873
0.7447914064626
0.33927343846415
0.83603407899315
0.780596909863674
0.387586662449864
0.128735661711942
0.635128778953336
0.599289523872026
0.3591110809897
0.603228603134557
0.675942533848447
0.568527479717805
0.70897364685921
0.729094932102825
0.421255133650181
0.410107043112695
0.476906581895746
0.642845195095962
0.790822650530235
0.938985054395995
0.447957148744699
0.270948330066668
0.0151734435053077
0.287608635349333
0.333163695628369
0.137038051283143
0.502742525183461
0.642860016753939
0.233676015494488
0.422348436405054
0.637040565086379
0.457113550749092
0.884485677779295
0.541792474821422
0.483538097727527
0.807726367107393
0.833400640158724
0.362022014181427
0.487115485943448
0.291872356087701
0.356648808368333
0.683319678054766
0.445336657248719
0.608355042029918
0.338611388515855
0.405852236170883
0.838331693623266
1.05935186936776
0.784244646482757
0.69031247502728
0.699508838949984
0.657757320965082
0.619877056746525
0.737606232703064
0.673031332828881
0.252409095161885
0.853122088325844
0.825752861059627
0.983760124198022
0.525505601470997
0.48480575021474
0.58765080959017
0.625405742155204
0.143327921746698
0.421197823098207
0.569655226315126
0.279278721077646
0.870815579428127
0.811531036741514
0.850193220338276
0.69404265507128
0.44254403345904
0.60519390874097
0.399886969723942
0.565692672732103
0.247991524250749
0.256554940965878
0.388462023166842
0.324784555277438
0.362417824797609
0.522205609732853
0.770635586090743
0.512127757340647
0.612321854042032
0.81809599903752
0.884895864282491
0.910584149136358
0.0225936887453937
0.426915696694624
0.723551052856851
0.681624079091747
0.455305162940149
0.28716748882071
0.603144364187239
0.470728610717175
0.610152547684006
0.58969544030134
0.481082840536695
0.66434068397592
0.829725893559046
0.262282470171886
0.816712591735436
0.95587968606728
0.786687141831047
0.803667600799283
0.45058879292957
0.176154566211627
0.33376895936956
0.420863238723764
0.564768587161121
0.0795338292874962
0.76194485064994
0.822623596511679
0.830747392010037
1.14232529753113
0.554557520465728
0.492260831567251
0.41869552471776
0.788418269913196
0.959267542633045
1.02049729760773
1.14041923363146
0.88072602258463
0.882377862372258
0.252555546408406
0.295853854221396
0.475763532964625
0.598541703065824
0.172970622415856
0.405181702019679
0.565515315024212
0.812175347916408
0.671720474643429
0.625022254127785
0.676022763772304
0.573929400020473
0.482055465347919
0.23054646710695
0.551840328503423
1.10512324337415
0.599034618651709
0.745759867354659
0.404080019209723
0.608454807398528
0.47836111579918
0.705943795969541
0.86547188915363
0.237203668096398
0.542112468243511
0.600832937383892
0.583748750526894
0.33099637817141
0.466443137704154
0.364298007839169
0.483092302761972
0.30534338712439
0.630462624156087
0.585154400207013
0.392089432263858
0.43556033950664
0.52546169838599
0.0936337307693317
0.097058278615634
0.023830286602819
0.258472806210667
0.250766649049361
0.764717770949459
0.608627399507715
0.493537573854426
0.881904210760399
0.913928964048441
1.28841798121467
0.960303277185745
0.712845577024423
0.83183633368022
0.563085890459563
0.940542756874661
0.708245782160327
0.584928869284328
0.429752749272798
0.00349425542108298
0.450023501564133
0.632231101912662
0.823575686166753
0.936451928044668
0.357553330698136
0.607797245193711
0.671652722887909
0.951408832236855
1.27058064196679
0.503156262365742
0.751438285071475
0.515479675970575
0.806274005432433
0.510400099930769
0.488466849815649
0.20670020611676
0.415613181062337
0.284284102380271
0.128439546795159
0.423165989203698
0.670183141429733
0.59720369033694
0.647473579954237
0.484800717632396
0.292570848892582
0.827236897996632
0.560161790214257
0.70991801274935
0.367620609627989
0.602552868320935
0.464060996902447
0.419319072524295
1.18818750446059
0.458757131821703
0.491386227922217
0.301751762518409
0.174718682928328
0.313128635177372
0.139746977176967
0.284266711353994
0.394164761023616
0.381791131208613
0.533863180366589
0.535245043721871
0.629337261275188
0.559505025890404
0.5650722739997
0.712613627855922
0.962659096649135
0.85028688374821
0.439651826085715
0.405337752798548
0.164570045240011
-0.0453819413102807
0.19282974891703
0.636115919324577
0.71425593013985
0.791142400865712
1.04391021847901
0.223906844459255
-0.0580216110945497
0.264056881623903
0.0833491237830982
0.399618381734077
0.477029955088166
0.695773674125122
0.453241799832267
0.286168377809885
0.226461385889681
0.784675604026028
0.308582763706222
0.578597278727193
0.758145991249974
0.457167619161429
0.277003319343634
0.174471963202943
0.97695839508148
0.857434638824631
0.662430100201083
0.409364906574042
0.810820751569372
0.698791032409161
0.159445645880371
0.711922005769805
0.205246545496136
0.44070053723442
0.51398957865582
0.355728333883917
0.294776040920541
0.546658083819169
0.504958289450582
0.621214227534232
0.428051212001272
0.0702922905744728
0.287309767016781
0.383255608523837
0.575849013670367
0.469623578550091
0.576799077343643
0.308695628023279
0.262445705849146
0.72952961626393
0.860456307540488
0.776766613780074
0.0516047477282901
0.0613488154330432
0.151133237025725
0.340348581215124
0.680218267418226
0.620422502808571
0.363558560390201
0.828475070941329
0.574426937626371
0.728510485704005
0.780241229547124
0.605365169130318
0.662787909696249
0.331157148540297
0.675407655560841
0.394625331308218
0.136788991222019
0.334834849398023
0.668780913334043
0.393787721356202
0.379555507197513
0.371570977229755
0.645390057615731
0.224014627640345
0.522889475866382
0.881825374130478
0.465243467403589
0.379998144770481
0.432009772833218
0.188247373052377
0.53680451759635
0.0137402853585198
0.690887508536901
0.336299285189094
0.627715452970292
0.676409687293914
0.652898087464903
0.506069723733996
0.570114434223697
-0.180733359478783
0.376153689014234
0.314750043175408
1.02961635490659
1.17666250588919
0.510502807534964
0.827826665319219
0.248921729088162
0.571135300036123
0.293679939775228
0.30433927273865
0.615804493349243
0.46702025116934
0.652322361120782
0.869531002144616
0.933782590715889
0.963414255177362
1.15683263392747
0.889872074595692
0.711177292431527
0.04279126979203
0.791713620839256
0.685424150780869
0.178915211279643
0.374767969674885
0.527427358359093
0.478663987294361
0.406659437118438
0.64546451953915
0.801225078324296
0.764999742350344
0.677874877813331
0.700615634048492
0.884839517875343
0.122414370636026
0.975546096996804
0.466743823624456
0.352439100965337
0.991131671848539
0.559856488052095
0.751222706248679
0.500793406110524
0.0671119529431261
0.470157138865872
0.401985174749564
0.448431575854941
0.0518564371219069
0.21923089317273
0.881135501796533
0.559651322392983
0.328131671517074
0.658635191965673
0.875632422836311
1.05071111775106
0.710025833482213
0.716867074158291
0.615467460338643
1.02759422690889
0.697289577821364
0.324889279437478
1.09361886234207
0.716900111006901
-0.0426149189360009
0.224443669253504
0.377446779764535
0.555964447250005
0.584617935969322
0.934243638058918
0.337484292458418
0.185170299559552
0.764388281524506
0.579800365719549
0.742340226969759
0.645850741476051
0.873600021112137
0.671014177114527
0.438003210633829
0.358625539975006
0.38081764565136
0.289484945865826
0.531038087317097
0.32472770191005
0.415063234957031
0.579609134596028
0.597269518006216
0.594372153479383
1.10029977031053
0.232351996250824
0.707468860723471
0.332094326864451
0.162075357800426
0.0752461188357014
0.160257553032
0.279386939237156
0.147803190899317
0.219049353347267
0.830391656440148
0.884665385694269
1.10996570316744
-0.111684673562715
0.578585420815086
0.962925429388184
0.950437797021519
0.877908407268245
0.0569426204044832
0.616284577427987
0.420226831441381
0.345586688743886
0.200744658123055
0.108065599354716
0.287802804425568
0.160435894254103
0.740065319653606
0.59727185885342
0.338109896698798
0.533006170407275
1.07842975172773
0.722435919876611
0.655918933541701
0.422510958449575
0.632988708510035
0.894393201757384
0.603591167932114
0.997016938882176
0.631380060164564
0.485865260569061
0.835305242577517
0.7997959532894
0.843697494158737
0.643679443272209
-0.128087806149826
0.372533527212399
0.478907752163651
0.429324679698298
0.497664662996114
0.421938407558856
0.601509279703316
0.685481959041614
0.80986280506025
0.561288477024882
0.523576956022791
0.68603565119009
0.5366284358094
0.416330948003156
0.579294450879446
-0.0692548668051206
0.116618949316428
0.511365819148612
0.457419706034588
0.630419981630399
0.623179384688349
0.58971851460615
0.293991566064741
0.512024702116419
0.899349829022977
0.359847897715396
0.811529147919116
0.903730538825822
0.758179879120199
0.700435606862704
0.428328828155726
0.823370765049649
0.984467108711415
0.76419823150486
0.800583041476821
0.822584925867385
0.491511440030485
0.950037033224014
0.81025887036856
0.341867647189303
0.731005744682769
0.357929860199856
-0.141371654838406
-0.26810904125838
-0.48645787327548
0.423106868792453
0.271093716339651
0.816143535499686
0.639229643672837
1.01459299337751
0.831634061409166
0.192205595031365
0.337773866342591
0.303140167431242
0.543305512894772
0.52313898335025
0.694490777929748
0.636086581768655
0.853145477530983
0.362733592376709
0.760950652708229
0.712938098902992
0.378881114734581
0.479254509599375
0.305913064835949
0.318895533859538
0.674295160781092
0.547237320654351
0.792184788612101
0.572577218110903
0.894225604002253
0.403214581699073
0.453557738501034
0.140335731663205
0.067708502722513
0.460096749048032
0.900072570380325
0.568063346197899
0.716749871012762
0.587878291443607
0.515881889949926
0.745981136320617
0.383709455624479
0.0382919223726818
0.247462324211159
0.610747867396242
0.397230729842945
0.362224529290202
0.292116866265102
0.323043674451632
0.579438248798664
0.598412828961694
0.903813617998522
0.57106210868213
0.76930475015329
0.687309518274606
0.630440149392041
0.661463748939258
0.871151211999728
0.593535144085512
0.596492140774569
0.683344354286793
0.659943628435098
0.958493375695947
0.471759306838186
0.238873961228955
0.472790085503121
0.353552672937851
0.530714945247483
0.839892261303664
0.638383673160069
0.477666550839429
0.496115643267683
0.699359415750978
0.841881392648082
0.586575060641486
0.645773004058664
0.543285096010406
0.0997839219153769
-0.060728960561563
0.511802100369549
0.812409870785556
0.592358243319303
0.378037298436961
0.474448287240078
0.662523078681122
0.885534044472836
0.721344678795247
0.871503681295636
1.46550534610294
1.06778150283075
0.922396845292178
1.19926562402002
0.73253296719431
0.830958497442553
0.468487748194599
0.965848631257225
0.642044638908331
0.812856150149979
0.959053908661504
0.880931596160686
0.520110777093869
0.693268183980447
0.133892452589259
0.597826405169227
0.706782598223125
0.740647894400173
0.649343101795381
0.421152367098807
0.749489000942958
1.02686786049755
0.341381624256924
0.440560184190214
0.539947151460697
0.469282730014456
0.402341805149376
0.161785871134097
0.550171793998277
-0.0553462062627545
0.398322878113588
0.522264899200054
0.501312962394935
0.713709478445741
0.644853947956958
0.263068665094496
0.808145571804155
0.870119276271865
0.273235844621411
0.469153767700519
0.383402975515899
0.470922784556093
0.305610458279911
0.36993149573425
0.557872887269491
0.69862565850981
0.376439074542427
0.288268866896066
0.429670047110525
0.12840879184254
0.0167931068318873
0.582786917124094
0.870530179415848
0.703857917379673
0.88005048168609
0.444880963599286
0.274236996675717
0.568380699333991
0.576969554454265
0.288408274413784
0.259158235158028
0.426240867679684
0.63317082115285
0.654521332397807
0.815243049830674
0.565580739782517
0.904775631712321
0.593558092972145
0.564970167839928
0.242905611244482
0.333750678665081
0.310048494233058
0.550335039276851
0.492987201199744
0.482477910851835
0.329911648265438
0.360194577224937
0.41436475127563
0.651011268514812
0.663032239116362
0.226141194853026
0.035519154135778
0.10353285789015
0.197683318821892
0.359915908535172
0.575559173330614
0.502397017106818
0.701694205885402
0.912457345015774
1.01031697918597
0.756926660468213
0.66028654172619
0.358360245498547
-0.0198223160494114
0.155978331448851
0.441277851172367
0.565231601114641
0.445090396113269
0.375493047716981
0.630995814648172
0.877926356809501
0.793876814893
0.508748278414452
0.549652581092911
1.20021389522847
0.744417831208992
0.520883193844283
0.616579232311456
0.606031065332008
0.704387408181229
0.6940104803861
0.384989351502724
0.705709432689522
0.632438873668106
0.77309805137458
0.905925659270191
0.617112115866942
0.791876202804603
0.460189081780015
0.313376886982286
0.479349339156374
0.680290641310686
0.58343477375736
0.363912449345344
0.510678169792742
0.345981780092172
0.138695743128527
0.250639279769832
0.293073278666136
0.297872422406583
0.28672314024993
0.330199657255205
0.535529891752578
0.835496905525819
-0.0532476090997668
0.784947108624528
0.285539825473497
0.282325286232059
0.493261117373102
0.436914824770965
0.20190009594333
0.279892747749828
0.253203416075689
0.223787103730919
0.186295099321907
0.481050118776292
0.0428655193166676
0.237332647611736
0.316808527590398
0.352775441346538
0.167114582957747
0.56701365500901
0.26207061029952
0.476797820279944
0.601143970936315
0.702863143125079
-0.23076696806531
0.66205565497392
-0.0939876173427557
0.181112244464984
0.0902631578062717
0.00319966655591275
0.451239867708806
0.573991137905508
1.18753011263989
0.796857108838612
0.812600279613373
0.428188498410156
0.811285930971812
0.23329202609895
0.906986510388907
0.678760685328582
0.66396561417764
0.432732382676837
0.497458984747417
0.606851530331001
0.73130077587351
0.790708976256186
0.884032796106294
0.630266467601728
0.78244935049696
0.873033212940538
0.6204640886809
0.578038537152787
0.274119379720701
0.698658961362029
0.381977601650457
0.334352004483974
0.139756947450562
0.495476670207565
0.752747224866863
0.416353903335697
0.311861770920242
0.182224958157891
0.364992505690528
0.633437289947437
0.635108139979152
0.131658617536489
0.738052636143158
0.340761020660283
0.508795366431979
0.612236674590369
0.421206391981261
0.593181312925586
0.500437521195925
0.431479382810357
0.387891923952766
0.533776446437182
0.50665825284488
0.384076018645243
0.567417632950628
0.428768592050925
0.35165328729389
0.23499428207073
-0.0895467477199817
0.354258755497917
0.156686627657616
0.275392422329098
0.435582234645466
0.170595604487461
0.243424432846144
0.350225951997712
0.293409953240413
0.419426866877713
0.394894115810786
0.682230233949106
0.421440704483726
0.488313669620783
0.302958200493231
-0.192480494648567
0.56085555977937
0.572867179872354
0.234795947788815
0.468772922104402
0.269157241252304
0.531295370900035
0.675194568292088
0.397816469987227
0.195642106888049
0.730995168531376
0.582556167492454
0.554241175343422
0.405880381381368
0.324486117543288
0.705243333929297
-0.0245465288693451
-0.246755208079272
0.276734514707559
0.900984809963881
0.94853625774393
0.303033520493457
0.394693714499009
0.359153367060475
0.252251947054923
0.209550655305774
0.430091804651963
0.22916450824486
0.621814487607026
0.544920914756699
1.03156543883137
0.614655827772174
0.271410432201055
0.0920342275777229
0.305238208583362
0.275680885107134
0.180308015195644
0.294559664097954
0.196272533824388
0.500811966816517
0.474923075246263
0.523315276800333
0.486337380891783
0.654168593611968
0.721330112991819
0.89913022342767
0.488729775163125
0.475569219660676
0.293303312582805
0.275810099922065
0.613289636480538
0.633143351124436
0.503384529686366
0.720971560664043
0.29437763931182
0.34855702191282
0.511956789962369
0.742767404739438
0.677446887651547
0.277744441800704
0.654491011158622
0.768522135316813
0.676341004191223
0.735344357289948
0.92259067089965
0.893672506627756
1.17707237626853
0.802792663194043
1.00028850863639
0.519858347752546
0.978523558243804
1.01704484541184
0.437798601651326
0.248709943384493
0.335910949068713
0.00365182855954924
0.225823571023775
0.288466535708776
0.24514402650552
0.30519742937665
0.20465537433861
0.430919681417039
0.440473913691999
0.680227589446675
0.572101112338222
0.845346951030011
0.679793872904635
0.275292830236214
0.790234247825976
0.405228915503002
0.571465827673898
0.529460901613567
0.581989353891732
0.504000892205902
0.540813890243563
0.301991234809019
0.429945186619079
0.6350597700373
0.602948312836361
0.468945141899982
0.201825625164443
0.140259029079007
0.44806125844634
0.516683228419931
0.570861224244259
0.294363163538328
0.261809791541652
0.341451299753996
0.427719093027466
0.276130778105408
0.752866684024621
0.754845259925036
0.782727702788174
0.829393353890515
0.365520216857864
-0.0241942850208993
0.858530411328027
0.765453186261687
0.238197736528144
0.53273950238823
0.428381892118248
0.657585421041508
0.290026405134224
0.511070569025099
0.0356632151865356
0.59911994151101
0.591510060890966
0.345938129417757
0.654595898315372
0.395517584307625
0.814626125864559
0.44231534515741
0.369293558989694
0.543603671482996
0.364045146511911
0.770150040618862
0.485070158648278
0.903981106936479
0.50544058865892
-0.00217855573597996
-0.0178586120004706
-0.0958716732970557
0.258364375713518
0.5747759894336
0.414380788632656
0.366516145071417
0.278908564827739
0.56678571997207
0.514122292144901
0.425685597640525
0.601601133654546
0.300516983024912
0.647013065371048
0.685856353842322
0.180888235915991
0.517796728504752
0.670852883143475
1.13516850688664
0.165214777042802
0.494979363755155
0.232287718544449
0.104634073626979
0.472843571397812
0.293019293875717
0.375726360382104
0.497574863111448
0.139758004274975
0.452300702863302
0.231556458112221
0.15755214781395
0.24962543153042
0.45783861029063
0.255740450641354
0.373956249739796
0.294776492198179
0.928625397897854
0.816128731533903
0.636532049637084
0.642746585144193
0.469580133829402
0.365485905595724
0.32721915098946
0.265600921327856
0.525286932249129
0.292919636262898
0.654404317802734
0.208012381480242
0.739445523945704
0.860990847638003
0.570586268642726
0.442780747005289
0.700283622742582
0.317968951892639
0.443711055945928
0.294818918661489
0.143453853207409
0.449206854418019
0.957257582115792
0.298204900362358
0.437317452703404
0.692470568648564
0.72324830686704
0.761100389422928
0.958983977600638
0.726820201644107
1.36183111529018
0.301449463442604
0.269298438892193
0.807320958062339
0.345961114817271
0.0187223089499091
0.0130669771225751
-0.0341977729858557
0.652798027929766
0.840344331346377
0.648028331561533
0.162349105745204
0.496380822282884
0.588160432663239
0.940288957960166
0.295264478634231
0.58728761133322
0.741765115076484
1.07809575101133
0.829310555236001
0.719969516716229
0.992844068648077
0.998331106969421
0.46788444527012
0.529907847234942
0.441323979051364
0.364631815312766
0.608946325856229
0.512686729880508
0.668132203473777
0.405645431806956
0.632970760256313
0.6066759243669
0.50841618365799
0.713065391990074
0.833969332829239
0.639065747352594
0.809531994281079
0.224165144606974
0.175252759016245
0.245443902100261
0.217459646525072
0.494898223122846
0.942272089812381
1.02259754782127
0.612328776947134
0.26008317854289
0.56237455999377
0.50922110465896
0.512850926969357
0.260183300368031
0.369798163112762
0.601804841996962
0.407852131194507
0.284068973361962
0.657537609280327
0.473774884142977
0.450918191224255
0.879283262051997
1.16257885622761
0.718112244271968
0.767039179328154
0.489017445629598
0.320155322258276
0.2416843286386
0.679916429202903
0.898258374922353
0.568640984724623
0.474162088948145
0.43162210428621
0.0368901190215339
0.44359969948629
0.573597856877052
0.796155374223756
0.545282033935411
0.577088915123139
0.62379134980817
0.538875635980674
0.592379087660491
0.586533061756736
0.903340587455934
0.687088934681612
0.559225124095454
0.436751236918993
0.641642499125811
0.391565374690211
0.561684645954082
0.39522817593501
0.521841501248289
0.357673109048008
0.609638655125584
0.711253942552099
0.71833957680218
0.380618455979211
0.705930636132671
0.584625554350046
0.318834049108129
0.781132719844784
0.580425301798969
0.634805819599506
0.133942208865421
0.193714461771476
0.745088813745319
-0.214317222440861
0.330152228379731
0.134904643058449
-0.0458830864697845
0.130836315212328
0.567328361022975
0.731909536012229
0.807536647634688
0.570167227072729
0.165885962723153
0.703607825427568
0.140661458601743
0.348783028298241
0.534571410070571
0.383332285776708
-0.199986676650068
0.455785986110599
0.9072098137151
0.149699581319718
0.684139262251802
0.516586916907317
0.513466633173017
0.438058626876547
0.266975397862271
0.255918669921124
0.621441417882131
0.824195738464308
0.516937027701513
0.315844256717972
0.818242494330166
0.572434520179544
0.564581058256928
0.583552992480104
0.149426383014713
0.31055153708189
0.787063070620134
0.905711568044363
0.535342196307676
0.522861979197802
0.127471156993741
-0.00237140369742835
0.532370376832893
0.843265815808251
0.658555971956044
0.865178802255522
0.730445357693544
0.742094717670803
0.578073405373855
0.430402678064626
0.557381891615736
0.590800643145581
0.4596257155385
0.592261919365471
0.531773826179597
0.501955014778994
0.446784124843037
0.489194922933577
0.366205010628333
1.04752705880254
0.775335053387056
0.620690605607356
0.764790103062742
0.56635709711926
0.483659168704695
0.522343522380174
0.819386555560733
0.721569924876256
0.833956464456062
0.408330080874414
0.504264281889991
0.333432827573546
0.80570315621149
0.362975032899206
0.428854527842442
0.601231984320876
0.250380336368876
0.64325809937023
0.231390584083259
0.376072310994143
0.719795006044619
0.417631190507077
0.602995454889873
0.71401008071989
0.616607165497349
0.823936077520588
0.32529110912519
0.860980071781396
0.549311652744919
0.325067158404924
0.509233190468902
0.472253601958818
0.961067067443164
0.487373633242476
0.556284754392059
0.760633032254961
0.759299511584833
0.688091424448992
0.801755741935388
1.22489396396473
0.554024271042097
0.76011363502542
0.643323894626664
0.781016333058788
0.425662982367656
0.518565236301133
0.0893378788479268
0.299494709770693
0.571391438963942
1.13887466793598
0.796348988427884
0.210278960293285
0.510969215560521
0.211256693534241
0.487986105350883
0.459235340975232
0.750063908168406
1.28597521182087
0.741274908484012
0.562530538114557
0.982719139504799
1.03117663532405
0.948334917901701
0.103522249881223
0.300061760652465
0.359161974456511
0.70698272434454
0.225244191566385
0.329878497445004
0.373417637382423
-0.0163195619022208
0.161114119723201
0.579484917635188
0.132407640852452
0.10162079060274
0.323801017223836
0.662533836184969
0.428693658646981
0.432953916462894
0.667533182754654
0.614294120282569
0.716437853026455
0.275358378366284
0.530021836852734
1.0117236309352
0.335964414993751
0.735981335156164
0.168254312129562
0.61517314081387
0.375632781520101
0.0316254108139251
0.397716841201006
0.676881802595804
0.66517115405581
0.763776974532979
0.718032246293469
0.888982293318831
0.987860589537308
0.698842458430688
0.686135454491627
0.656116765066554
0.424730580822856
0.54532947718459
0.246050504832937
-0.0892190958980345
0.334520651435014
0.684063392913441
0.571887397633947
0.860926303045774
0.391036115442064
0.766874267920911
0.582320631533454
0.606111507356664
0.493532843211234
0.763960793384189
1.00326260239796
0.918248023030708
0.757302274242205
0.722559704657668
0.78533507056105
0.339127506700368
0.277300614736974
0.569255449374149
0.323278033260894
0.661970694745024
0.953807394204952
0.431741642043886
0.508878650414416
0.435662215492723
0.553807689446063
0.820280313321608
0.275318777986769
0.591318474543303
0.520594810741373
0.139497248598818
0.599067375394703
0.581684297626594
0.502969114821999
0.0378981051046739
0.511507990770145
0.771350387609519
0.649239575728365
0.396841053994139
0.91515658328268
0.920952339342238
0.767318567027882
0.711439858389923
0.674103458810534
0.753482656693901
0.764767101208652
0.500222854023969
0.566990969862479
0.125534097448622
0.167270424704271
0.566775258892428
0.573285171063243
0.633847052883876
0.494120450047171
0.83544306032788
0.792457878907677
0.888594039969473
0.865955196270703
0.573112101601937
0.474538596308281
0.381219449141816
0.524073598192764
0.461751770032976
0.854451353713706
0.62817499703792
0.737943093372056
0.755509823666455
0.75021819138546
0.929988538162961
0.905630371038623
0.710347549572293
0.851304191365067
0.534207589401137
0.443088844925332
0.0358337806913473
0.119128480411094
0.493180525453708
0.506463148627722
0.542790887524974
0.508431149525397
0.219910512766997
0.53395552866151
0.416768961107848
-0.0596962791282584
-0.261174423493778
0.291936665299319
0.507273233201708
0.545044197911873
0.518584313938981
0.763922593918078
0.449308136117342
0.509893811123768
0.978492220715729
0.64250613920077
0.439458816470177
0.647807426161543
0.213828501674726
0.286875368414177
0.62996979391623
0.972257650663448
0.609624475351929
0.319327294735905
0.952080050080987
0.539374507447537
0.779996951534989
1.12242430899563
1.21968253695148
0.546648607287942
0.776786040150253
0.962091684651596
0.248064222318198
0.195186822940093
0.451168868468528
0.65726609273645
0.63856556982609
0.724445226584547
0.252455797383467
0.350687161045795
0.501733940170287
0.351025001205311
0.64300675692507
0.488403325267432
0.237017951871172
0.479554928090969
0.42871047156849
1.08000364028491
0.711324281875956
0.975164897762646
0.366034050859571
0.359782518125777
0.527966043457428
0.46066291495043
0.413991916325495
0.153565177255705
0.019640435424422
0.745984056013173
0.841826943258182
0.65990696188666
0.557830447725067
0.18102403794852
0.531162973105685
0.866270785602913
0.310512865589321
0.232758741370748
0.355735449047698
-0.166986560569862
0.526997144388536
0.648964324920562
0.830464511808543
0.712209303644566
0.722795503593278
0.840396056659763
1.05235679225136
0.758412107214487
0.366007158303492
0.62743677232501
0.690203651590748
0.582975128510484
0.345748462690575
0.375520689575659
-0.0212015524843716
-0.300792691960379
0.357425697133303
0.696289214816977
0.695639226532531
0.864336231653161
0.506387407245871
0.751937083200771
0.338827708635056
0.67868817101383
0.397542013061517
0.702249125433398
1.08985016034041
0.92563467032594
0.861208494692765
0.560264701806597
1.08660726160263
0.614558215797117
0.179458924662776
0.152085577664029
0.397787254458417
0.363140961800748
0.525549076929604
0.158734296840743
0.429249859131795
0.583066121778815
0.734463665892916
0.687014980764694
0.733726859379008
0.16901893117064
0.241290394631164
0.752159433139988
0.383453825469642
0.358846177436841
0.0332993378086057
0.557392647497474
0.320558027394668
0.420875000919702
0.26728025943221
0.931397196601897
0.724659676776276
0.72977347338063
0.546842271410306
0.499647486403888
0.23577428404308
0.39567029701424
0.689950716545742
0.518187794794346
0.5249538702461
0.637934425665626
0.565297511760174
0.236747957406021
0.774923873423612
0.465865286712321
0.448452818093749
0.489627301228289
0.321658930459897
0.624141874708289
0.393585159535779
0.592830353261077
0.235884787994805
0.396320617821
0.253155917616994
0.444117146472549
0.72479294981212
0.426301754339069
0.465815382564843
0.754988628561842
0.651630522286054
0.320100910280904
0.349799790775164
0.535151743155148
0.309918996089602
0.288516746320653
0.497127066128757
0.535394574495128
0.556361693329365
0.0996482619291136
0.399009227375673
0.457346862085721
0.635845565410526
0.914434076859283
0.506571328690884
0.315124730018537
0.898628742028023
1.03417468947015
0.912721706397896
0.758195736639255
0.346996737187433
0.517416144172452
0.311607708466784
0.957366444375804
0.621666479249133
0.617451821635278
0.738355512838363
0.776102034678117
0.447733092376874
0.802397570961944
0.612649019972978
0.865682419103547
0.871568928323141
0.70329552980469
0.368517450372873
0.486429920629996
0.594003594490206
0.87356324452265
0.450764880506596
0.526179914551624
0.636026052178235
0.60569242145456
0.675892636782791
0.564450014623675
0.378468805384798
0.0611052998314604
0.302027345293065
-0.0170668033794611
0.582327301376542
0.0241702833268859
0.191666819105824
0.417467176913994
0.573726781389299
0.799313174072117
0.261588684120607
0.332165884295195
0.69078478039318
0.786502697493277
0.741196586281013
0.587673204745757
0.498255661637587
0.830299469820838
0.104275194031893
0.44080029795285
0.524117525855045
0.389012958419174
0.587395856523332
0.305714699457198
0.545979959779621
0.611455602506878
0.698672471170137
0.35450623932528
0.400581486004672
0.45690031315766
0.714779130883397
0.532068976942355
0.552914725933061
0.400986632942705
0.45950917784172
0.553501091113935
0.204712083616271
0.506391512555137
0.734523957364519
0.896377448499438
0.957723182045002
0.941828247066357
0.133948669499028
0.483007095024836
0.697655610853405
0.222315704783934
0.189212480549214
0.2938405768412
0.452144036430831
0.232980057573209
0.20852534435222
0.452952864229325
0.495830768609574
0.570826173670784
0.400699787813712
0.625233858880272
0.381421390128821
0.54181431795931
-0.201661340744716
0.585348232358104
0.511038312721799
0.554556186625833
0.421026903958839
0.531047536154128
0.597062051428057
0.459366480998667
-0.00977857418366537
0.107761915332861
0.242026949540311
0.4680776478673
0.409396026024319
0.59817777711922
0.860577028124783
0.388332233510396
0.314568790713658
0.447452699510389
0.536161180355595
0.950944984640727
0.979462854761369
0.560784754091211
0.812981125427549
0.291721366033013
0.247402700384856
0.214169815662573
0.655489671994188
0.466969030077074
0.418557434522187
1.04758773766223
0.584986553827999
0.605882810451842
0.35103304513218
0.304652135052006
0.730777601083544
0.534806405467529
0.128932454397705
0.339464032546733
0.288575606864652
0.350542151470683
0.0574276986295351
0.117628438883974
0.332643425660162
0.46579103596992
0.50510762807054
0.48740474978455
0.485784872761009
0.497087805248056
0.60719027427196
0.122878068059938
0.235067461652899
0.295963855522055
0.827588514648193
0.534042082773832
0.408558166519792
0.377223709073266
1.24282112888354
0.536969455455874
0.211637062486957
0.572704268762768
0.556113312859394
0.404984278515777
0.38527686729657
0.740009568593766
0.917894087659182
0.26982048421768
0.598300553888622
0.812299247697154
1.14685475460863
1.21474093257714
0.339131536711558
0.459241728919624
0.437783503463916
0.183772979903602
1.27213311288983
0.65668360749218
0.696418911681592
0.796582155097718
0.813401266118599
0.809693072451567
0.955742590451935
0.874241944738487
0.68133529200117
0.481417114701725
0.20717345134126
0.173344815519241
0.533891351680695
0.757787319529849
0.230642973162139
0.41748017691839
0.62749348707125
0.180501896211231
0.616083590068298
0.475131457378764
0.243730187400924
0.311097737959726
0.378552044986339
0.77718522902257
0.519489269910919
0.900368137466376
0.985939437532763
0.788745088023128
0.906629255619352
0.724430049478079
0.765719926969836
0.84762228991291
0.614703676530541
0.641186752525078
0.601137654615667
0.55670857030981
0.620341050285842
-0.0533723611593564
0.370899828176733
0.393746824343401
0.188179692331162
0.15203453926709
0.3329781147883
0.565093529211976
0.594534472023237
0.945862808673232
0.916114586184748
0.562731702155302
0.878365910035269
0.610764056589705
0.293573968530866
0.511249796818994
1.05829557861494
0.62732157253067
0.645979550894916
0.822419835953794
0.816295152106217
0.685206205679381
0.580468376432401
0.332145730306705
0.751428799495787
0.410497296702353
0.690213682934358
0.52656886949176
0.216625781101127
0.348508151402411
0.520507541637116
0.625285915139981
0.609079409694134
0.543600490027829
0.458577560852601
0.55457020905736
0.773639173209623
0.76682991479335
0.744207807387854
0.890471957569695
0.529369968784089
0.875463498413861
0.737617789535673
0.513337058688744
0.711409083093809
0.787143498562122
1.06585989668068
0.622113479997815
0.245445862555715
0.435008231440496
0.746815003314582
0.69224188298662
1.04696072317025
0.539555774303686
0.561656182482113
0.780714295510327
0.695387415987065
0.58655736297153
0.95707220055593
0.484575132509324
0.773348837280393
0.271951932680618
0.33714033051829
0.331180434105106
0.306800527603657
0.647821331046174
0.782648731502676
0.607799400853432
0.455585949400463
0.133301557229333
0.387422848465703
0.161277538494169
0.0195118969798544
0.397244741624026
0.606436538795012
0.561765022710553
0.413925071193508
1.06525131354612
0.35899168216973
0.429369998811937
0.434997718101324
0.765684546259245
0.77561380321746
0.829170834880443
0.0858444757703666
0.285994971814807
0.239082160821513
0.23385651346899
0.282362315732852
0.811727348956356
0.763087856645826
0.418580405703767
0.712849034295179
0.690570426351373
0.578449669389193
0.683306676979252
0.759807109769964
1.20468093889931
0.855246902976952
0.454420955483451
0.285207088466939
0.00921656729380776
0.0784488279749331
0.456529884748373
0.520024663228767
0.141302474058432
0.0321481742777708
0.598940520143231
0.702328072315886
0.518584055534869
0.458982101797091
0.479473455020796
0.778372326453414
0.355745847995408
0.367263163564393
0.417420189862245
0.54319455420226
0.377672864568027
0.428011108191376
0.484145092239178
0.832406735872464
0.911997390304821
0.397081370791427
0.68411095957504
0.421242682240229
0.524061597670589
0.84680161306017
0.785883589018928
0.886743363451923
0.390001168811968
0.591508498933081
0.395167156473367
0.53264555636814
0.978248756628295
0.716390723116768
0.838378972056121
0.766893142804415
0.714364419069945
0.92902958133829
1.32852406327963
0.376836115441308
1.12599942903723
1.12305515897004
0.939434826941797
0.30785200503247
0.929417854335971
0.459239599227768
0.702681390556583
0.441858838373329
0.357427440619613
0.481813860178363
0.313867634829922
0.445151621780881
0.917256715965316
0.447601164709208
0.307013209551479
0.369993063677744
0.214192380496819
0.789415545658291
0.983730897033605
0.747920163368139
0.372228864757679
0.211154186777006
0.396991080915088
0.331191487549533
0.391155955422198
0.486830979089716
0.423362340706789
0.66657825331231
0.551436985481508
0.585141267072796
0.474087035107144
0.567418757022485
0.470851755669458
0.637660752742759
0.392835150188333
0.6217768672119
0.621361710857929
0.638181293840142
0.447065451620874
0.693083564782336
0.710727548137617
0.812975415539836
0.794255836771512
1.05873640432753
0.593842810759618
0.280510413084776
0.472639445940574
0.648529605755025
0.384345506960624
0.452155625613051
0.629800661122752
0.542048644927521
0.222560225367536
-0.110901635844244
0.200145211582908
0.485473776744583
0.460236135528883
0.531678182111155
0.935996758471984
0.427447208619086
0.647787780179876
0.457694808932846
0.594583689453299
0.503893283251289
0.395304828784547
0.437535328770161
0.476031967886735
0.67279988222165
0.438865009439751
0.688969460647308
0.580924351030517
0.776901564816088
0.462366860525099
0.863766778601564
0.853504058511499
0.791898804667519
0.392276197223126
0.631806553618036
0.786773703067339
0.804067508908481
0.319012663453721
0.234266349867875
0.211564774755566
0.359608343957983
0.483639472142428
0.237440311888917
0.303996005113463
0.50587069129459
0.989401066092609
0.696991349981811
0.483392923848719
0.922115175071708
1.0366017076642
0.658254059791477
1.27794698432729
0.912520526588481
0.43603252593445
0.429897487719642
0.308440208052061
0.0640619721133656
0.567667190957606
0.731666508892581
0.739634567162637
0.509529937792818
0.226359464273152
0.750777154577322
0.83744457674392
0.476906763740302
0.414190811738369
0.351382387735505
0.677075016698327
0.192106704114709
0.350512779994053
0.618052633390805
0.492490178449827
0.616831965043998
0.42568752449071
0.574318737736076
0.62315536811854
0.858295107556732
0.757125583131119
0.727472432964315
0.786002092573568
0.655607009647485
0.598268288124737
0.628060261891504
0.363218619961571
0.407509350937023
0.624012229366516
0.613860726916549
0.689225388113097
0.529151357066779
0.56384201581705
0.20817428879367
0.272742769075465
0.313780920206698
0.311904734817063
0.343658509795138
0.767536040957865
0.612035938373725
0.666126621700686
0.261315855291764
0.39810718201968
0.628973975920736
0.390874158683348
0.12836454878885
0.730730624727962
0.247372745308002
0.388528072843827
0.467834259377838
0.351960694703971
0.330521510738863
0.27195307246372
0.417782710704033
0.440116010108748
0.434586214768875
0.75924119543588
0.597108150549536
0.467304660495685
0.529865845631552
0.399131088808952
0.515440582881606
0.340811301062787
0.468426410256163
0.308890391828312
0.322303011090093
0.555011840519852
0.134970940087956
0.88641463988091
0.929409291041371
0.684269180982594
0.810393212680556
0.428424276606767
0.598634270264639
0.195793794408812
0.488926487087755
0.989161338240805
0.645949003415098
0.0824769186899965
