0.464777094819235
0.17523681031216
0.181673171157217
0.0875340753011107
0.483165105612774
0.0565380821481947
0.0126654246910343
0.269178393116347
0.255043497878245
0.544955250014231
0.202471131986261
0.746531499679698
0.208349595750455
0.414976225707972
0.0694473536236105
0.156426583986567
0.289490482995327
0.385828460120268
0.246175466945139
0.178370486463924
0.343040198574479
0.270215567476904
0.277612066896204
0.157977306012034
0.0743985263674379
0.0614645259557447
0.226026142640711
0.254037789965423
0.351277233556094
0.258157253654991
0.249428355973918
0.307245281127213
0.436295595138025
0.203061582079166
0.157598844088403
0.0503954301010318
0.193958806526807
0.0408329283565822
0.0743312414354794
0.818784239000462
0.353797260644488
0.348479994851718
0.117798007102819
0.0420994033325267
0.0180913841178187
0.0749909817917393
0.0439668239837184
0.163880778108121
0.289987030648226
1.01923100065149
0.0812324757350826
0.288842722172931
0.158761151318774
0.134482208518418
0.0379086691535695
0.566772997303423
0.156804346216631
0.0468253268951858
0.0927984654227089
0.4782412188386
0.282158412709455
0.216155664508682
0.16143333900437
0.256305393594714
0.230996607877771
0.330580385724108
0.2814918155837
0.712575955648527
0.137671668174982
0.0221969677228184
0.186682866589158
0.211536774786603
0.265792696678068
0.549621946022121
0.059231418415829
0.428508833090661
0.173207421824703
0.240028806326668
0.0604129676200846
0.356304646755796
0.279717295343665
0.0998887406566837
0.0725095743886498
0.0696983791621159
0.279648535140838
0.418430845371937
0.0223516932806966
0.0304036566855552
0.176289223145106
0.179400582263057
0.136431811492844
0.11004390370972
0.156063885922312
0.168945525708031
0.145936246632916
0.123354769190374
0.0841155956117391
0.0303890972160691
0.175871763698611
0.317693281595981
0.0924856123290032
0.0651310726175839
0.203757856199876
0.0177112337660966
0.161527608862215
0.466336671349884
0.277308593115009
0.125889286968172
0.4293713711703
0.169221987553754
0.243430595528188
0.0161066115148126
0.263200293985392
1.14608767609799
0.30542201631255
0.205900305903307
0.236756547403803
0.518901312148711
0.181801181561264
0.187433639542882
0.810283325759641
0.627638170682334
0.214087162250514
0.438426549169692
0.147788834963633
0.763840773720737
0.207825598384284
0.191940706495173
0.0710320583268329
0.107521402872189
0.410159723763173
0.192869363786288
0.12861677118514
0.140331753814057
0.11620642434658
0.298953569037931
0.362969342022477
0.0607948649118407
0.233458812292125
0.258833633196026
0.254282248406809
0.661937448947166
0.0291685605842823
0.265510998253535
0.250430288470881
0.0327427285097618
0.135878713581457
0.036623351191924
0.204674732291117
0.263783946638106
0.25528783771168
1.05687499789488
0.461488263334126
0.121225488013223
0.253646117462856
0.0257265970393144
0.416953110599899
0.106959102486746
0.0931482937541806
0.0163552346948698
0.0145555291739111
0.11167576671366
0.233085451866119
0.0818454408642572
0.279633684257953
0.120286870894471
0.0507169381904799
0.0824865010450296
0.472468881310027
0.425089726365521
0.283186980073227
0.175492306750986
0.809602304677595
0.0262395089834876
0.0513515425989773
0.0180523977215146
0.163475363868444
0.157524811609372
0.35468111625423
0.301831495093326
0.301051332413308
0.225066823666417
0.217568471136817
0.0205906369286452
0.284354957457208
0.264815637839366
0.323273589664221
0.115337607675077
0.0651991598268336
0.0397597869549454
0.209667661571474
0.143869618586874
0.13303774871226
0.143729113029103
0.154666013296812
0.695033916760899
0.26070832532847
0.24735917909642
0.0352139626550296
0.0295087917939204
0.0172510474605318
0.124780393655143
0.288871310239035
0.142439975234526
0.199097554944167
0.643553396318037
0.258912418829183
0.189702188929196
0.0469523259321642
0.0711426381432305
0.193909781857488
0.22836219937519
0.0408641930948275
0.524533094093284
0.309515240732832
0.500539434228762
0.214005172057412
0.228518132495281
0.202990001528315
0.142367277981773
0.0960776364444411
0.284275635703756
0.25768664006618
0.420069975687033
0.358128909749774
0.431065313432682
0.243683504758284
0.162422776353095
0.208872291036783
0.0472130653067321
0.269207542141998
0.294635984208749
0.0675163687009459
0.0513642476186563
0.257018861553159
0.860075816415894
0.116653776144974
0.0467565997420102
0.718847928319498
0.258982371406262
0.25378437221648
0.389154063138992
0.00731318939598616
0.221922820905061
0.158122302529267
0.213744231647155
0.324508254157298
0.34462321731001
0.112069022354276
0.21237448295852
0.162659599229116
0.166265018262643
0.401242953335699
0.343407634146573
0.176936158897854
0.108369998644232
0.097633681075809
0.538182929224913
0.0645462828441783
0.0973144657295553
0.105084673336696
0.0670914152590284
0.26244804981316
0.104865010697923
0.288776773727891
0.125897505442553
0.151364698641598
0.464250239753457
0.345577929061594
0.246393202315466
0.165005354145714
0.109071867201442
0.325445690635588
0.225901808526052
0.241319076890321
0.199223101042591
0.460392684572915
0.0900923161337254
0.160204035799259
0.101311892163883
0.116275602161883
0.743011553098824
0.128115958960061
0.315514484318943
0.288316530934319
0.0655763978307192
0.182731226481128
0.0882690397444207
0.0705596334793767
0.109302223399462
0.255972763142207
0.266154806199259
0.14662852343957
0.615956737956354
1.16243320662061
0.0520948628014727
0.331628706395325
0.0749796595904845
0.27442895464111
0.421676386241323
0.218957123595154
0.949293006350343
0.0462651046832553
0.0782553693854232
0.270581352214763
0.150911419058592
0.054914903545633
0.0873734473464423
0.0728799295868608
0.28987625045102
0.298755240283995
0.328113349121618
0.320687427919777
0.312387975107676
0.571849161352319
1.0472160163295
0.174728876098209
0.0193367551377404
0.0507699005579054
0.0717006236042576
0.064998037449342
0.054305835991625
0.341964488776021
0.161845729171533
0.0706731045885486
0.46876420599633
0.0930182212412611
0.169228165622629
0.516909591068844
0.552114349503095
1.23184020937871
0.327297668233758
0.28846611449249
0.395156745569524
0.213793731752155
0.216458248371103
0.18575029787997
0.867010657826258
0.301085302765402
0.0955933652059176
0.512888725697864
0.31459795076594
0.145194386903746
0.271626372683283
0.332292245790182
0.51873597513501
0.167469939635709
0.390630395963802
0.021731946171954
0.283217928603781
0.0704715600954258
0.0253253235093982
0.485564582128388
0.0198560603297526
0.334885193919993
0.0349023354742203
0.00725054946013116
0.110899988016534
0.102318535544751
0.0218993309011234
0.435243906569742
0.0416595008541095
0.248538553585934
0.0603913875916524
0.21690270471664
0.171655639042276
0.0986361228445652
0.151763550536127
0.0453848696258635
0.242641375377809
0.089255132678848
0.0584340048871524
0.33502022775323
0.0620487961517353
0.0147187705773034
0.198393214152296
0.28659732350673
0.32145840224152
0.155590553136613
0.221168141505999
0.25002313415461
0.103097806334693
0.165002129915197
0.0432916118559109
0.175142802848342
0.261559845065371
0.0944235228721739
0.777514707781276
0.211275945059535
0.267754941676019
0.0652582813272156
0.228314260306344
0.0798217283524488
0.116127229886678
0.357107269408424
0.243265765037966
0.239970398308272
0.109926231930754
0.0510699117511041
0.40730486060749
0.130974219174818
0.0940248488120864
0.164842765330586
0.0363424960867852
0.0153714229183703
0.419306079363618
0.283618242141844
0.509653353409894
0.159644357752063
0.53219269477845
0.143375567765948
0.121794199248399
0.292647801338046
0.35497234889704
0.204218456368243
0.0783311598731971
0.274898205076732
0.188393697746669
0.0977870818983201
0.0786694637085003
0.0943638839675451
0.558541389432816
0.0981846693848628
0.107680881642644
0.275790977133608
0.104306406697251
0.438469409385812
0.261958030035674
0.0759849374753061
0.777669941317522
0.0792193533552801
0.0873001552956929
0.154876620471284
0.295564737844163
0.0686571115072423
0.616295820370909
0.218992230120239
0.623455679624015
0.241602288656895
0.191325764899769
0.243993103127786
0.326837415856895
0.11050024290777
0.197564193767455
0.0469531235059967
0.30636592079831
0.0536802447837907
0.190069721035442
0.222574326404312
0.231019070945661
0.407032201658271
0.0698470621330202
0.177247079344713
0.172010985042603
0.0139245155171488
0.199630068430507
0.0148117830415393
0.0524249049434182
0.0179575314890564
0.0263716094368438
0.51650768650004
0.69562084237222
0.268043197087321
0.320660219588541
0.852056003803444
0.124407990063081
0.0921819091505199
0.121777232982472
0.241938611867371
0.173451052893368
0.0870256988342516
0.222208007947313
0.161272812037495
0.13127576967568
0.0771346467376875
0.183316493436187
0.183633381979242
0.244846190145215
0.0181337551573667
0.248688319932547
0.557643451426641
0.204797214918223
0.0751301373148746
0.167192035819918
0.258848266036417
0.269744737071539
0.0167869586808166
0.11812893777445
0.250724643115943
0.331103402085947
0.318728443292856
0.075147369943015
0.0790668927272147
0.513288693104556
0.30225032798423
0.763724969297529
0.299749564610028
0.234048616846192
0.0290104695525718
0.545931872978011
0.00646421696280967
0.182956184210055
0.118254148844113
0.200765365287432
0.0949108884766744
0.421587339718461
0.990198472367128
0.0263547186255089
0.147419788243557
0.242709051230077
0.229683245194221
0.110440852469653
0.822330752249477
0.322384448927094
0.0539483023415071
0.131972751737499
0.234088735250947
0.249427559392833
0.209768124293793
0.081720405139904
0.067547057264554
0.48753961952105
0.14478718843908
0.340924943454389
0.0214733978138639
0.299246330544685
0.230358023031035
0.154285306597833
0.0649491950472371
0.193943693412571
0.253149261334547
0.264536037818425
0.0208245760515745
0.330654693816838
0.0263077791629849
0.157367285263421
0.636826296789124
0.273534781596579
0.225467518889953
0.149452355083614
0.157737737394381
0.48236644774618
0.225986209472491
0.941334307481185
0.0449464968223446
0.0863720828903078
0.352098493090885
0.0684018702213074
0.31666996410754
0.477670404177151
0.0904563867989365
0.290314644701778
0.0986312199311723
0.44176998870999
0.0416026087784829
0.216211219212052
0.0252377462508585
0.277937049760835
0.30560079310388
0.0311681091910426
0.223610565233531
0.250038697240241
0.0174951333015868
0.0307262548610667
0.232756812132555
0.164777735595215
0.58735174353718
0.264409860274476
0.0370433550747244
0.111150694355098
0.110561985958356
0.120360714290352
0.0571353658044555
0.106541441213952
0.331507247117771
0.101556434427082
0.0891589503071863
0.234973907261789
0.277171967051903
0.283954075972697
0.158062749759395
0.102254078115157
0.0691144439674945
0.529318792222584
0.404343235525153
0.436653992065857
0.221680577466363
0.291289865910057
0.213050924360396
0.25998143946859
0.290387910587137
0.105648726766876
0.426511903799355
0.0672651281020041
0.267179408613893
0.1529450584858
0.148651987126835
0.544400244539041
0.126436083625697
0.678087578642769
0.109396368680463
0.306494452703161
0.238514951924237
0.07622172983516
0.0476663652180956
0.2969136980216
0.28838664960176
0.190250034677509
0.167701285199731
0.0280726807620314
0.279379543256056
0.232304439761796
0.253114561385042
0.548414956385497
0.0374385322888565
0.431204189508196
0.126540372756505
0.362760734300172
0.312790680446165
0.0888321897101122
0.116518871207815
0.0711723684480722
0.130274065642217
0.264302067503867
0.209016826602861
0.121511762966832
0.162954842198424
0.171142944012706
0.219098641698983
0.093874669340118
1.00285422186811
0.247024927684678
0.1125796680436
0.443072744004532
0.237612306103906
0.243784546577058
0.225861026562078
0.120944002137746
0.0407444596073174
0.217844493900035
0.341450283604832
0.226162450715943
0.416026891018033
0.201526557358963
0.295214176248155
0.296343113597305
0.109016240062062
0.200520558616917
0.155972551101122
0.220605760928344
0.265600303552489
0.104382776768353
1.02785144302868
0.307348682529685
0.10400918209228
0.271341715293723
0.348735707268818
0.469003209519006
0.257819850751039
0.136399739338596
0.181797176226866
0.283902443197243
0.0499641110466033
0.236478039853752
0.133596060709125
0.00569251264173264
0.436717434746854
1.03271665874523
0.0283611583916476
0.233382973356648
0.236766732685734
0.0549482677305639
0.187411858825807
0.0620128070456697
0.203146956881619
0.0784462290433502
0.27831946785949
0.363194405857321
0.0880604686874773
0.23931588133615
0.28891106926516
0.199870147556175
0.0997652871669236
0.257541011498562
0.119923523787215
0.346404513171157
0.183432417852347
0.462479994143105
0.0261861721516284
1.00821750254256
0.972271000720748
0.366044012241502
0.078923342289758
0.27545458606271
0.532195172333996
0.292526422401129
0.221271267908243
0.0899163471117036
0.224515805177245
0.245230490849235
1.36444550900042
0.251762020220611
0.31302840204545
0.932577373069811
0.243841801616098
0.442432499929422
0.36122588041193
0.112844639155659
0.404208169888262
0.0962707445532809
0.905488664334862
0.0741109984569998
0.0797770876089105
0.182559465820241
0.356240137934908
0.275866532909214
0.398441317590055
0.119759126782295
0.0522446637731331
0.26975602864407
0.0471224121133085
0.124460378291993
0.25884956097907
0.0474763596419815
0.284322940597405
0.0122295339300606
0.186669551172388
0.514983464270845
0.159442710899674
0.1553699812064
0.043996662356134
0.248176911717076
0.103768955217139
0.266863212069292
0.0622476316322286
0.133893526848953
0.451727271730268
0.270683043197152
0.370139131679823
0.244769601154166
0.134497874629972
0.0491157662017307
0.360615108300743
0.435882429458756
0.10107008338624
0.205059649554047
0.242108025799975
0.363254159557699
0.181447267343131
0.170219650357595
0.206226516378034
0.121381001082375
0.181175095028542
0.40787907207145
0.199101290502224
0.403635644939914
0.257409538400703
0.0558688858556353
0.14201931642418
0.704919955707706
0.250630505936321
0.0690371001568351
0.303207482962098
0.0529749748808284
0.149283688210569
0.243863805565851
0.203580840648995
0.311828100681582
0.0686946110686895
0.274486871531327
0.126323420585976
0.129307170465137
0.0541550839742731
0.220815393986014
0.39174852715723
0.155165964522576
0.355249362393273
0.541613317527541
0.243998201437695
0.0371347654821417
0.0259092652312437
0.178568981676604
0.0706296498034518
0.060948662418201
0.767158719827613
0.0375520887609916
0.242547702903885
0.0386192767022123
0.280393783497655
0.462095362145254
0.0940013332422689
0.271876028690421
0.273108025808103
0.0539887655361804
0.187453027058657
0.102318967164818
0.456614260897294
0.267720402324888
0.0371359651095328
0.0179258967375432
0.0616201625688954
0.0850636594768299
0.0876422316838694
1.35931440899289
0.374742980663823
0.0991658944111211
0.421277283311476
0.214893667107367
0.080327185911998
0.10869817668346
0.0830764723585184
0.13701878643518
0.327115069234819
0.104016928611454
0.139049753406813
0.207088889810009
0.920763773049007
0.199688712040746
0.314556100649544
0.294283196034673
0.137616386228921
0.0801493109313588
0.142509619823908
0.235551052351095
0.258887112407786
0.25281390445509
0.248014450618212
0.0518556131643763
0.162245629937828
0.346762145633004
0.47186363114223
0.669859872237933
0.200886922050777
0.163228725932919
0.336693074419198
0.290924857169471
0.318390679137155
1.03593505379402
0.316068933272741
0.465253094422148
0.213399561128978
0.316499683884047
0.310864748780043
0.189022043947843
0.0166214597873533
0.0619075308874732
0.334156084142559
0.183192047377069
0.0462634249468813
0.371438976819426
0.472473334568386
0.313619343063151
0.142002820583691
0.583522035863538
0.522718894428536
0.299634591766001
0.0400992816213372
0.359887468504242
1.22653728191301
1.0867230188087
0.166423580539196
0.246012428088297
0.97486057732826
0.289359265640264
0.449067995331737
0.655365958656802
0.431399691010014
0.302682416705691
0.110907623939816
0.0918971473046097
0.125796047579818
0.392729315870067
0.196219212956648
0.0752911782283305
0.237122142220669
0.141724368473319
0.781236844076566
0.0292446050462112
0.129383226094165
0.914217327794481
0.339730768463272
0.720171569888462
1.82795844054087
0.248736290934753
0.0440875703250894
0.0647851348725921
0.072297491669456
0.237349244981061
0.163828172096541
0.517709755848473
0.0318038652921324
0.180118103920921
0.0202590683236612
0.0504131018370578
0.279329338411562
0.786055429731333
0.0791220075987369
0.0313047247465929
0.300396755845688
0.0861146261293512
0.0711888970658146
0.07786063354355
0.0288164845002141
0.249542341112063
0.211837495756458
0.192061226326256
0.385734016937076
1.25057869429436
0.0783045209019295
0.18986413740713
0.136822568055711
0.285345907136686
0.255068033074317
0.329222550695541
0.101572067563955
0.845319100956324
0.0789307328175206
0.14528475107162
0.0168362590008213
0.259070867585566
0.321838056296837
0.331463553330514
0.0733643795650036
0.221679301102355
0.0246411117915577
0.0375410100945742
0.0931589929679376
0.071614454150146
0.0910759303163825
0.214347528372651
0.267716614003735
0.829984740966491
0.0298498176568865
0.142510181989573
0.117747032940408
0.0451217115575298
0.315369301867793
0.268289688600636
0.291981884166245
0.804476318667805
0.403371708835428
0.176384275810706
0.446544967016687
0.460737186922941
0.746011800337584
0.122834939869221
0.823017298104244
0.378420944864427
0.275287031291314
0.181242325368308
0.192786613544952
0.255175470796808
0.104341822480782
0.0140592302572713
0.33757354034651
0.0731248491083443
0.315271272206993
0.155132195464538
0.249342953726253
0.0822489424628145
0.193520814753048
0.650161847474867
0.323631686904702
0.944865882831018
0.229527287893018
0.172403596566529
0.209847084117002
0.545545792170295
0.129451937942512
0.172997172868932
0.276213637468522
0.765705189441885
0.0932986512325937
0.243737295966681
0.0252581641812166
0.407705372122133
0.316882018592135
0.330044300708191
0.330795067232752
0.0538014291737438
0.424567685534474
0.0750534874558436
0.188442405489095
0.0427374179630745
0.0508452305658804
0.182091394441352
0.0722354059032672
0.126935391940824
0.233760454375054
0.202254582080758
0.155021359367836
0.016244066969676
0.168446725454127
0.13282106614784
0.222914960892719
0.340273532616193
0.39427044930594
0.111389362469235
0.889796305697288
0.232536123172258
1.066083050323
0.827600427681241
0.242722403774684
0.401203832335405
0.069733199847473
0.444111177502836
0.485570725463059
0.287517715749695
0.288473042035204
0.277879256494431
0.723994503288481
0.0722500424916371
0.168104470350101
0.291280063364158
0.311968535196737
0.432356361071003
0.210556805364871
0.301605377176628
0.367275831259354
0.197300543650226
0.240654909256052
0.138849812603995
0.0575553296165298
0.226998606305396
0.198848873275038
0.0314952031283137
0.00440883770159189
0.158522548982377
0.373550730929451
0.323285591605443
0.103208331672166
0.120388337785524
0.308122502771954
0.0882439086969174
0.0374768925981198
0.158368236757608
0.133234451185004
0.303110626674218
0.800305508038763
0.263491175198121
0.260814414211566
0.576996977161315
0.137567711410469
0.0813278141587416
0.107048530076415
0.452657969222426
0.0292352500213991
0.300636450783493
0.131679837017373
0.530292719215858
0.157282912228831
0.204447467291768
0.0284703428923838
0.141388919464236
0.3845016076449
0.0356650975277932
0.290724652562645
0.23030645422986
0.297403431131389
0.0994614005208799
0.648548294820254
0.0572211014797684
0.223331940478364
0.656108524029527
0.3132115448387
0.519398911900511
0.121662805731633
0.176045906709744
0.396973539249827
0.408101893545362
0.158178987042226
0.377758660569321
0.284711779663886
0.212204278662045
0.127325821254721
0.254437405099257
0.100074433355596
0.217640171123956
0.290999897445634
0.590835555210139
0.172496238394603
0.446048254190265
0.703685105480013
0.165942797913637
0.1566178612347
0.152974272781344
0.356532803097001
0.277635127706087
0.316422211084973
0.6037668164632
0.613327028000923
0.0270218404822325
0.0836741364039737
0.344671016158439
0.270570158727777
0.300179418851019
0.429038846831458
0.0579489839595624
1.13894047371345
0.384031435445502
0.368777968434454
0.820783366379945
0.574184820170082
0.213166688451032
0.0223291637767328
0.792778303617523
0.12295702384969
0.0776977159671416
0.974651134327529
0.637228129496859
0.32763079151835
0.0997156062542861
0.412992057153908
0.189323802767926
0.119285311846986
0.123753628849267
0.419181341111668
0.088361240486076
0.313449714524256
0.350443547531579
0.260901550552339
0.318896698100143
0.272744388105439
0.128884253659159
0.0247289828906721
0.299269038795062
0.0197378439531058
0.0632848663798021
0.350965292553847
0.133815797474937
0.068292340838109
0.242463861687456
0.132170654704291
0.13173106626716
0.0490836625168938
0.242190526047163
0.208687636712364
0.102355321992442
0.329121210115351
0.0729794827944426
0.0673249750839475
0.049645474821077
0.319202219064139
0.0551777421989295
0.314994781813774
0.51677880345614
0.318139360779978
0.285832475460844
0.290655897124391
0.0864683226773373
0.3026107654956
0.107661586011384
0.240599737152183
0.135555496288022
0.383913876462743
0.297688063414015
0.253686415006279
0.150570835307769
0.165127016794759
0.100230679112614
0.106273983608359
0.62106587317998
0.0612769735980289
0.494219338168512
0.110116013495749
0.252844805230651
0.139201788494266
0.0578086380644348
0.312333015534741
0.0775881827612612
0.121994834493006
0.186984443603545
0.374171064235232
0.532726245727318
0.390798171062754
0.335542860396937
0.17004302329225
0.464401452082954
0.202313190240134
0.31139784652329
0.0463183797987248
0.0610786729475403
0.0761305711107075
0.179861262333546
0.158449635849005
0.193084207521465
0.711287352843723
0.381390817791568
0.0379880461414402
0.768679378784661
0.358813204068857
0.354210847770988
0.103552535432652
0.301449462615982
0.311665687148953
0.495166987953801
0.373433414127805
0.656889749628007
0.184914555137946
0.653450348804383
0.339850513230189
0.0447443682937275
0.485827596887374
0.891431309901805
0.213338443972636
0.387381612353772
0.170731788076161
0.0266422735293542
0.134987888460566
0.229804936938201
0.198555961641491
0.488654376821993
0.153986002758459
0.226459353855576
0.403966978972379
0.0449139754233315
0.200099833670434
0.155454036440165
0.11945797285388
0.078125400471196
0.0751709020611065
0.206933445029112
0.647850930332846
0.0358900542771266
0.246446883529314
0.0780312005443318
0.262309430851214
0.109761672207487
0.133755394480912
0.477326189423304
0.342975258495549
0.273225573084422
0.0258570921343327
0.206195523476842
0.352281972204362
0.115644909866699
0.296655925412727
0.336412394450483
0.0852718661682963
0.522016153653008
0.231255064903408
0.157818817571161
0.46238521158056
0.308634522354508
0.230901333448081
0.484456892454813
0.104016331898345
0.0780530718485318
0.371704909761617
0.236371818021002
0.403131696992811
0.341505448528119
0.319404268653754
0.142281833003983
0.096437056806117
0.0239153456101612
0.202668862348807
0.318411927974212
0.243032683316443
0.330484694479088
0.151371578860172
0.130742427499248
0.316143206520779
0.146003348281672
0.0672661852963231
0.222664375828257
0.409004972655406
0.315663165575037
0.11907266372629
0.140082519219515
0.456048812399881
0.371834094500967
0.0443314614560732
0.251819063113074
0.131882326349809
0.208184984940114
0.261674532426734
0.131667260186481
0.0231819466961156
0.0663860409541313
0.0326803756981223
0.0643745621587913
0.204372682581676
0.0503943307933481
0.451097979956793
0.0753631037516612
0.3123861436389
0.182442138931834
0.341593514762822
0.130418027747481
0.122898311819462
0.0215135544528003
0.272369310052284
0.301015567079876
0.0426135032609141
0.992171655610099
0.192704501606668
0.0737258229294542
0.360381805574813
0.12213670383366
0.232646636727599
0.312796480729064
0.344317109201664
0.0839048157462887
0.184041398333413
0.0821577912907535
0.342478407884032
0.0505290658323121
0.255762083347077
0.0242671532738686
0.712859678383447
0.726405095157111
0.263917083931941
0.876057696962922
0.207081812652278
0.0317830069965967
0.381841876050801
0.323500454431152
0.106982180741569
0.340255752703543
0.2111013144109
0.150288427855298
0.240338998853335
0.865712592207936
0.27820690278373
0.585600267821424
0.133534310641967
0.038653984499017
0.294167570347778
0.0587754695568172
0.242192731559998
0.389123252461271
0.383537310375441
0.086268694598847
0.122977190091634
0.0473257349012253
0.0473537549926398
0.122071555472599
0.396744375084642
0.0755416544442084
0.440895122537234
0.126559609635227
0.139529196946928
0.239329933879103
0.0949595877111221
0.0537895968236633
0.67347361674925
0.266126509408466
0.359398069201334
0.34302424935951
0.348836046096608
0.198538319405092
0.209620100491123
0.175373297659291
0.303043076345127
3.26364361195468
0.297908535860861
0.212434575545921
0.298501831293617
0.230224368963785
0.171802305749969
0.356782354937837
0.253106987763235
0.0316771398443328
0.0548751020491636
1.0665191515461
0.375969838712931
0.61378551769541
0.147037104614543
0.395546203785289
0.0528213565773377
0.138557644340856
0.0504977989513231
0.389688897993576
0.263916063675229
0.302381076458136
0.585708148661985
0.383600469678895
0.293049351102474
0.304811742212722
0.13407730135112
0.03408732046634
0.0185891343184563
0.291471748215504
0.0823907115969136
0.153270104877367
0.324954617425283
0.263892555589592
0.103146180659307
0.308021950783802
0.267871005074998
0.0662924748412812
0.0125986104928319
0.108101647804395
0.648380315527727
0.128397775688635
1.03223231560183
0.143528533751593
1.04595886730278
0.78565457823027
1.78930631382165
0.0681386045376138
0.0939255342900344
0.0785965423252399
0.0674037993709765
0.410055553955646
0.0830866568013663
0.385254568273871
0.406773438984496
0.602907779605274
0.0495099734729058
0.0692638160481825
0.239918985815492
0.104294825806343
0.192529677187874
0.290928446670933
0.423747154895068
0.475256557513796
0.143003208860902
0.239099196243262
0.133656045666979
0.0644086661482708
0.0903779853154665
0.232738818435818
0.128113151988362
0.107353932284917
0.0560973975748572
0.171089624225572
0.217704110931589
0.0823982313863664
0.403764899109628
0.27171246506813
0.563647071752334
0.0541429098135434
0.649024068837507
0.124331873190414
0.0882417577047526
0.220961967415455
0.782030441634963
0.241070460770495
0.298642733346979
0.429239136268982
0.436114071466516
0.164594467147055
0.114120879204068
0.281621352528411
0.283311782436223
0.104612663445868
0.119541711835776
1.0241280186525
0.202320270008954
0.082618143234896
0.22959183447782
0.0122799574528214
0.277100100719931
0.0843220377509636
0.100759235126689
0.600270515109812
0.0757316762632272
0.194896410914658
0.301489374025716
0.00869763360508463
0.0293470791056159
0.24027801312728
0.425094160092351
0.0683764785098896
0.124697634942828
0.219113159142628
0.334222201583981
0.0245522309677205
0.0413137298709894
0.182880230463508
1.17323908765936
0.789954098852239
0.505431343905067
0.0633915890973722
0.272148283482174
0.121173500455913
0.0480658269390328
0.56366857404554
0.271803451797609
0.625440302692902
0.016020826775794
0.00715561301826223
0.251188942305453
0.25772014504251
0.628911845915532
0.445539575193574
0.32995019118533
0.0916046286059705
0.052129979126084
0.0286146440392006
0.186546301243302
0.164288076401908
0.279184937242034
0.105463109489548
0.246708691525571
0.183569303978595
0.119086814738995
0.0929964314258902
0.754457571085997
0.0895023358893751
0.0215139276766708
0.0304408363012529
0.315144202792407
0.321987227273581
0.359631834692617
0.174470245074671
0.273153928089167
0.132134609091291
0.558739224093771
0.363120199026826
0.771199733246584
0.314983430031865
0.277376120801464
0.456226305192875
0.119845948977045
0.224364479195329
0.0598350274620927
0.0502437178107945
0.142354682692775
0.886830049486524
0.836871613634676
0.169669172130543
0.29982992562352
0.0614752910448507
0.373724758853895
0.4032750814005
0.305226251018823
0.338669734902627
0.120550179016087
0.355814860065453
0.290836705782584
0.237980381194665
0.709834941616117
0.0537849067976777
0.208428335307993
0.0738302406220632
0.0882540542122359
0.112963659893791
0.174745976525564
0.225628106409158
0.178437237239453
0.0480950576122629
0.422301977406878
0.0309182045387084
0.0426829016154839
0.311650591752366
0.303878704752728
0.380092851885235
1.12403364510666
0.221200078247527
0.447259655590616
0.169423512022719
0.210994355973672
0.372775877508958
0.413419232748957
0.126259018345454
0.147666285494654
0.752066084480001
0.229885902390177
0.461083356438869
0.190723807356262
0.181602364091097
0.0991141067837505
0.183051083113115
0.342936772210479
0.433323207679447
0.578334498194056
0.453078466634954
0.0710079363375445
0.347583399984773
0.312694364078336
0.158649351737484
0.693917191038515
0.200554891617803
0.0168856867800549
0.162259215846767
0.110563711271579
0.123834981827453
0.395703577138861
0.510142763992435
0.188774375406959
0.102303436238168
0.161678467695927
0.0641633392127538
0.166399734359988
0.916461599995455
0.133510934352103
0.482472861958917
0.483314489379819
0.284368312808283
0.672059762950668
0.405739302153303
0.27562840280386
0.0588130557628715
0.0546101784382962
0.115538700466668
0.137180695971984
0.156061107620398
0.264139650720631
0.32930552800974
0.230602811912904
0.0377455296595767
0.13362444191578
0.0942998356212382
0.0961691927705124
0.47517459691341
0.650177535020842
0.632834230738617
0.127979495757964
0.171942997999262
0.376470740229171
0.194262739514683
0.228509105214316
0.0993066424449223
0.0898661367191299
0.142361000554721
0.127543111665949
0.171814003345551
0.134804952119636
0.698432781155953
0.192929479977612
0.191051050617754
0.305461461914256
0.458874543100697
0.0585929817288212
0.0533819441093088
0.258948089177073
0.523595021222129
0.374413140849954
0.281786469555023
0.14100320589032
0.134483510252563
0.0700072523438559
0.730492735979615
0.091571471493621
1.037550206948
0.229567302393602
0.0305506009404665
0.162009789959885
0.0141509584408536
0.391782997062226
0.481905045460281
0.276015881313491
0.411697860730526
0.279674476113853
0.186396073458995
0.018117642786281
0.159761993376991
0.180499232288972
0.226528096589313
0.17298479225475
0.0628491166671753
1.0158595651731
0.896076811810407
0.42064302307382
0.288228312735351
0.0912572365523275
0.41596629230029
0.412974692909326
0.212353422090712
0.237342961444349
0.0870484988621516
0.394515241548494
0.211563732012127
0.309453792322616
0.268341218475068
0.240926252340697
0.400081319590592
0.466893389570999
0.474442090178266
0.230629449373178
0.0122238861764631
0.119261594534608
1.95135479545664
0.0600593009137944
0.0477068383774469
0.262808968844279
0.137070084097439
0.321429472118117
0.624460090609917
0.13457765170539
0.164295766589428
0.0117565256640876
0.0333396619884726
0.178259231719009
0.74011598532528
0.263628824862237
0.498243310246125
0.0599007230864245
0.191580505145887
0.0779959054346453
0.0277479588677049
0.0367596102569262
0.25276862819342
0.224521767267447
0.0981947489895343
0.0161050464091817
0.50193536165272
0.0713921863651671
0.396097351404379
0.369026841684528
0.317457443713887
0.031613224735369
0.430995099201712
0.231696913126498
0.849902107758994
0.562608555465072
0.286681419109518
0.20921981042113
0.223599505414679
0.333166510965142
0.0586375641482007
0.283080685436668
0.139162785883886
0.0756216404407038
0.13798260009873
0.446336841842138
0.0270419217862763
0.267053279459533
0.767909547039501
0.623436746877211
0.0998554295442317
0.0792492167228655
0.412999245279675
0.321148406146124
0.469376821465317
0.0495328656368474
0.520963929972558
0.171368901443968
0.165976463218302
0.354177945199896
0.237201848146233
0.247532604342748
0.213435411723351
0.24026600698213
0.150850490220695
0.0714130118137502
0.397377645783132
0.164786111447051
0.229178070278482
0.836839392991615
0.10786455958214
0.259146857094748
0.542377718187605
0.163642041950332
0.278396474211182
0.172999503262168
0.174516833920179
0.139147915552558
0.619294848893244
0.20335262001756
0.274328244987035
0.225842301680294
0.146751591320519
0.098169378529936
0.0807520766765976
0.0343895544869543
0.0329243481717112
0.398715397369727
0.299662696194943
0.0595004935404004
0.147232735460045
0.108855680888587
0.0205565228787389
0.443036917849486
0.417904055100549
0.0610477503412897
0.085399263767295
0.23944927464409
0.0252605027361657
0.0707760007233916
0.697528428525403
0.340926893429811
0.124446581381483
0.0855049907762687
0.187610910614248
0.224330488790396
0.238195095449893
0.119206744430999
1.2777352544593
0.266652012900053
0.0709371047326248
0.0753152485588709
0.633182580447956
0.312272279288266
2.06646586921944
0.0455019784550495
0.318577606993136
0.0183983139564195
0.288569533363876
0.0967599146611862
0.649991299284308
0.320093954242231
0.241240735753599
0.0266822727854729
0.0644262216428171
0.235814032101365
0.421521088485124
0.125786071421147
0.860632082338972
0.234628980444495
0.019382018309993
0.160437628049781
0.117188775595275
0.177920742399927
0.140095063342826
0.228145365434807
0.109305741248811
0.320790075230639
0.85676009206049
0.0360190387195581
0.112589558015768
0.0290801827058022
0.189062940558456
0.204603187446276
0.107123803050049
0.255239378769461
0.113115696051784
0.102377745299725
0.146543311873057
0.849901699488068
0.0423705188454463
0.109174200459236
0.0704219650255874
0.0273773232273459
0.174092459048488
0.264332953316346
0.293309806783421
0.345716572212725
0.0930939499592802
0.197563047081456
0.267512374244788
0.0982702857686513
0.175738700880719
0.462458013586213
0.123032009881973
0.139407511895228
0.0912227695589838
0.216394159395535
0.303835157893037
0.173690475465625
0.0485367541797017
0.352650550732429
0.374392073671174
0.145326497772711
0.298313589873722
0.268452309257681
0.325505167991547
0.0882884263630977
0.584715951562941
0.0905890118851396
0.143984942498188
0.256000491960696
0.363888870840963
0.389688987868153
0.213962577559523
0.453284082039409
0.685248606732716
0.163146096475084
0.586895681461948
0.320958238947382
0.064058769863818
0.181964943209974
0.5778357592803
0.273591702362617
0.278352189345735
0.493566592307048
0.28048636189473
0.264753989303687
0.0572933813478232
0.273604919954872
0.302211531107759
0.128462898269688
0.0877513068981659
0.0071126908889484
0.0859264614245884
0.252948908009058
0.126257030967987
0.228523775961192
0.0277032988156527
0.0915762981928109
0.105371761790814
0.117120992488131
0.140869358276041
1.09533654624852
0.0961507815410315
0.0131218301209369
0.0350846211902304
0.136359340645415
0.526618660404624
0.237307768583736
0.238561495474648
0.248187407454073
0.238139366511882
0.249185357780801
0.184874758641968
0.487277902182108
0.337273054066174
0.174956289142294
0.423334861886497
0.214066625924755
0.589043742650433
0.178722371900418
0.431263449218717
0.992620291586143
0.197051397972339
0.22430529952511
0.113141385621599
0.0420983449383849
0.227813290497755
0.145234391865322
0.212074808443608
0.0305972645504151
0.244855393557271
0.0425305841325726
0.00653916776704617
0.020786524959318
0.0478168817892323
0.0971051500593085
0.1222978690565
0.331192087581353
0.37827106096941
0.255081737186088
0.215025272605301
0.0938546203192044
0.870944724983497
0.295579624395995
0.0984699871488015
0.103414299306213
0.202498433801728
0.014925582025886
0.0777677628466621
0.128112716791892
1.03143235175317
0.360889807899425
0.333601328943172
0.0311475763712936
0.188361151597595
0.360682093263314
0.249111007185417
0.142326773337958
0.127167044920029
0.193791342411153
0.0790859191458849
0.0877424768650447
1.33213648441396
0.140946617011674
0.264727757672401
0.267272624877362
0.344732890125791
0.211049850887709
0.259363058244951
0.209258306680306
0.135051740843368
0.0482633286901564
0.17999739792722
0.623430120903207
0.0812268541408591
0.0560186297131874
0.473394770289519
0.443187541331846
0.267695989259816
0.213616381859969
0.163906555885438
0.395076610946806
0.0793065187670769
0.205439203310031
0.162061153964974
0.330249968177069
0.0139851604077311
0.384650290410516
0.16514613263988
0.160422234201128
0.433812690851822
0.123288295326906
0.0370223696180014
0.250857174529672
0.108687748467611
0.371056780080162
0.381544047885781
0.142664687898084
0.0517997657638747
0.383973253905829
0.264398416522516
0.135417801662167
0.367166860157735
0.133372543937373
0.767193608284379
0.289527119460706
0.309991591178567
0.201181107082164
0.48554425640214
0.148872915348966
0.205512399933339
0.536776291946798
0.212768541101014
0.427012056839213
0.301422588366136
0.465287711933595
0.458237856840146
0.252442510241512
0.202121954112751
0.345614947880721
0.179172159375587
0.190354388690145
0.404208401758454
0.257747106311696
0.0237681781424097
0.329982306355863
0.371302156687939
0.0784918514228942
0.264369907145394
0.048648140853739
0.216848704516316
0.855078331557552
0.108030953922274
0.579252421400297
0.192122565919631
0.406500188194445
0.507539678406709
0.383952706446722
0.0371031281265557
0.352048196251816
0.234513820198584
0.198698815635564
0.0858037583226398
0.0749134456015574
0.302798927447395
0.633183341413595
0.298778631374833
0.33078001596286
0.0365639790407949
0.138818047159486
0.141016868871433
0.18730517042345
0.0938982799189584
0.394104140019883
0.446459702962769
0.265950204678082
0.115186359296644
0.12348718638273
0.0496435832098828
0.137082084233898
0.276230637699148
0.215499487498365
0.262089913851233
0.359648280514736
0.320739320070046
0.282176848378827
0.674674861092033
0.385406738102212
0.0249374388522668
0.0781831973973817
0.0828381657130009
0.113171411440684
0.226780602009541
0.17605643160808
0.0482112513849516
1.34107469725239
0.105223073930542
0.1263446055189
0.154697201888135
0.177472031336016
0.132407450713161
0.0855038363305653
0.148827271799682
0.0383615985455725
0.117727434126683
0.424979538226976
0.278849099095216
0.11272069383772
0.225581581044957
0.448515374897885
0.0962888556556882
0.371571191180975
0.119572784939396
0.0605316305564164
0.348350344857727
0.642492246185765
0.322314343941172
0.015857279798368
0.412127420922668
0.0617528563999739
0.465482572194849
0.0960246929219246
0.331645013028416
0.102085832226394
0.172519709672445
0.55039394373636
0.400083958761361
0.0825779444982904
0.648331693211031
0.0681764442495988
0.624588613132688
0.31443289974507
0.315952066948922
0.158371986568367
0.126222535855481
1.43439106645036
0.390300984522529
0.154698642164496
0.223157348961887
0.61457611716189
1.06946747525023
0.0255589891901548
0.107071747897215
0.278591229254094
0.121897482292364
0.282720540754299
0.340656358055214
0.110337232861522
0.107873509710151
0.289974625493494
0.275374090179354
0.215125010625178
0.164242180356125
0.0480428424574548
0.159644277263442
0.137020441037941
0.704662165662803
0.173309561632141
0.0574823068354503
0.306692717260247
0.0525345413652595
0.0919647818130059
0.126900983145775
0.128074626204946
0.188970950062352
0.212004303486313
0.97648048224949
0.101273084254137
0.461563062181413
1.79483577008612
0.0819876463012111
0.313702438591933
0.430783026536984
0.161830412707606
0.136232427406149
0.399880945971615
0.169979569272695
0.180449533503503
0.406071376771474
0.188791374163589
0.232889865862355
0.0952289589039612
0.240940837646648
0.163643563861726
0.188821566969407
0.137572809417725
0.672443521610734
0.20168402914325
0.0750636574179185
0.170390844843949
0.0554564716497296
0.674594368839088
0.080526593912223
0.30950178973437
0.137624457703623
0.103753857710656
0.78036218806118
1.37615259926479
1.12280329764134
0.506132702997223
0.273757619588542
0.150820156542147
0.085948368063691
0.316108108924316
0.0778370086025309
0.109759736943754
0.0178956976255012
0.220339586107879
0.260460652530788
0.207536272592443
0.370223218612926
0.740269784567373
0.493888687863284
0.0724774602239665
0.264414495888439
0.246733862716612
0.412163417940562
0.0172147682435063
0.366226632815111
0.132845300897261
0.213475425262814
0.201143107487158
0.409942750388961
0.284231253513842
0.0727822557127184
0.239496651628936
0.192902624115486
0.289431930635027
0.109328772082777
0.148552744093874
0.160193406964374
0.140227994431215
0.917210908812545
0.265819346286032
0.173307183727349
0.0276212878900213
0.0820519428438308
0.233000586143432
0.456249404210412
0.207865409135677
0.152597186612148
0.148925067146401
0.314399815604837
0.252344354423195
0.383785278947143
0.995419799603746
0.476295791045377
0.359306663036153
0.229546201305677
0.0976722138801957
0.260520415410837
0.45591952465246
0.201018233357048
0.262243258373916
0.36590021553282
0.23106063704698
0.19342419616443
0.251203376746712
0.030430621712989
0.245774382579368
0.391334580116236
0.0299124161490248
0.368596219868731
0.0281619350615018
0.120502459899624
0.0868150808432548
0.0935111813213437
0.117211435760196
0.304393292933223
0.415337966672818
0.370214547503548
2.40246740373842
0.0892353487405326
0.0248224888787158
0.133733466618786
0.382935514619716
0.362535877526619
0.0421391129670832
0.279908913705096
0.587442608835252
0.228803019778803
0.19320054931825
0.185916222462782
0.621451062200258
0.0999522915676697
