0.107940826007497
0.218066171730281
0.457711334268967
0.26896293885362
0.161899215276456
0.379559574870972
0.094954856969639
0.234440015259389
0.504199953529571
0.354350805203646
0.163302940863624
0.10840116401318
0.166945119373795
0.119599940049922
0.022892555170866
0.0703452727847116
0.0722326151052436
0.0403137008324882
0.139607726431432
0.499011224895896
0.127190153868364
0.123692314439237
0.0738143066983647
0.199424836055665
0.0538935405043122
0.385442978250426
0.247719203021133
0.128715670119056
0.271300294199944
0.964641191361123
0.240941049626362
0.233361079645745
0.730170361792542
0.381566365141279
0.254619807838253
0.235717119725547
0.0566829142203967
0.20818072506691
0.285439946134482
0.199710728594841
0.242013746730862
0.0689945729367133
0.231525134662476
0.301244787025479
0.795015158596698
0.0324386314413403
0.252145593476626
0.114695456003968
0.0648318010406484
0.152802204510307
0.0413886329334995
0.555381002053271
0.13980741864823
0.302656230236654
0.13292278322174
0.213442462220489
0.0664955855343872
0.185000142181995
0.0467168969807666
0.464258689303952
0.183962707774209
0.0212452777253451
0.632110199692915
0.475546013815865
0.503987150924885
0.232059348739836
0.135587869600638
0.297896659599373
0.207580828782378
0.107966224336285
0.245303105524375
0.694604225250009
0.0481802824635929
0.0815176035486702
0.214537935372244
0.193602162950945
0.235402577422379
0.410833355108089
0.100351242130801
0.0330811635113265
0.314069836154027
0.213534045458253
0.183400306828973
0.199023330192796
0.131199101066056
0.126544901885898
0.140198702204801
0.526058982453323
0.478134599656427
0.126299369916406
0.136758175221178
0.304487572512096
0.136911743511163
0.283913436135551
0.21006486812981
0.178401451793423
0.42889337409067
0.109685434333101
0.264271540785145
0.34997386036509
0.118606957270062
0.952518742243084
0.185875729581168
0.150991665581534
0.127286729464611
0.171303568570866
0.172476013413474
0.362049673934621
0.291882907619363
0.0937538933575981
0.0360119243475567
0.0889406328738755
0.178258669038732
0.162826081261448
0.0266203579362493
0.0501713102193958
0.370201864788941
0.304131820249415
0.382214835715562
0.048865675472104
0.215428335846644
0.393592344399693
0.449892708001296
0.0633868913563503
0.414595091930579
0.256745254998769
0.0301634625842354
0.338952383200835
0.104332248741173
0.172491002836185
0.0622218272373775
0.0846724799161286
0.550060325318613
0.265231958286662
0.342574119189163
0.118521401196704
0.739972395548757
0.14387617590058
0.0401525831667851
0.0416623434861655
0.342427575951693
0.277481828389781
0.0511924311086791
0.250960363231073
0.0700616538000257
0.231906822187943
0.209809695611816
0.461708776085012
0.230598463120979
0.218371867090838
0.447968417707901
0.20312080124803
0.0539970818211045
0.460340502325782
0.178089867164952
0.134817009312051
0.156282261452174
0.13824962637926
4.60393132425963
0.373136258276512
0.0916843671962999
0.219380097493744
0.302161710868289
0.702852563533541
0.179867358472075
0.215815397963153
0.209839457198859
0.376674419354716
0.130084093485901
0.345716855083993
0.433816165871473
0.406454671458338
0.214863592309289
0.0415555302878599
0.408497319382329
0.594546560126282
0.470451058138848
0.0586493306167753
0.179696664566568
0.0494185485681673
0.198082504368383
0.146752785452232
0.18889066608692
0.244857484351489
0.145223199512506
0.155216419722039
0.273845230147456
0.144959552410017
0.241067709884556
0.439007317451428
0.227621329085575
0.0765782057053
0.229953383283605
0.245385720087442
0.157196582707753
0.275240234020971
0.243902604386257
0.0232646543566234
0.164114651339874
0.0844130790943813
0.620190979925492
0.150428603306229
0.235109520892504
0.381284619680286
0.288524651353837
0.333236632663166
0.277299543448881
0.153339686861544
0.126226707464635
0.113262916373108
0.323391336652062
0.130407236772495
0.434088482535483
0.0244769061170553
0.256239570911915
0.328993376238139
0.335746066397954
0.249234736916001
0.141636634974254
0.122622505109775
0.274352959622769
0.12236082072155
0.378506271047589
0.331715350694883
0.339340265906974
0.114930993704838
0.491386634820352
0.175054536657043
0.0672394587035877
0.216529049591451
0.23275796628048
0.221024439524383
0.0298890663451669
0.211891111471282
0.14041513024422
0.272745772772528
0.205593108643464
0.33397807405932
0.458070408162998
0.593704225914303
0.161587118803102
0.145078598567226
0.0983540054598011
0.063274794273471
0.125799016641268
0.167692550259518
0.261432979294537
0.287197383962092
0.148068741953091
0.206477050851885
0.332946353023349
0.345249509047055
0.424004444989377
0.262211221574658
0.680016701924265
0.401060561252796
0.111541355457437
0.080964945410786
0.115864167354805
0.120910325061008
0.301123180978377
0.161457189403519
0.110110629804708
0.64566045594267
0.160460899836509
0.0985632638613004
0.415249074546167
0.125270526370065
0.176122562665296
0.228247236725185
0.334770814242653
0.167461380065845
0.911341877911681
0.272386487481825
0.329220308064995
0.203957013219189
0.00987891337728798
0.161025659302284
0.239806487579059
0.0776303718382775
0.177219839666233
0.265995863523736
0.168335119049858
0.487359239584165
0.203892045609613
0.462624871568405
0.195034077343103
0.176773802189716
0.137498865672289
0.0544310198181116
0.346489217707848
0.250357569684771
0.342624794861945
0.619810606243661
0.176690460159256
0.137703456874015
0.349992347532802
0.209742309038132
0.388298507617829
0.164948335442073
0.145326700992491
0.259348799117434
0.0936006225215994
0.195791710257165
0.672068068105912
0.177909464908409
0.0271646968899065
0.136051020981506
0.604690404702786
0.438870930029326
0.121770996465253
0.447393194497486
0.148849773689112
0.123283842174247
0.136446050329072
0.19760292246936
0.202518423845296
0.138620230363347
0.189615816525689
0.273414275306943
0.291428455863795
0.530216480418265
0.650510831615587
0.0578351569589795
0.847351772004429
0.42836805661665
0.179182982413782
0.0619415637008673
0.114260644391262
0.278297104365124
0.031174137275098
0.380744721185026
0.0463015213858229
0.212434796419006
0.140626059666136
0.240001786076185
0.218060983537061
0.160137188492028
0.40908379240287
0.108249934483406
0.0453948722642067
0.135557740278054
0.416224572440127
0.188198648331774
0.466262343374601
0.260065106117191
0.511803343192888
0.204126681786145
0.181525690315158
0.340194618071219
0.318934827297251
0.258114517688389
0.252679188593275
0.685347878106669
0.286337460445642
0.0248150081958191
0.171769138689256
0.32076332719316
0.26198211431271
0.253454416401366
0.311516702347067
0.0532199972898104
0.168632149781525
0.0906619300561892
0.171526003114681
0.195103421921809
0.108018746117386
0.522402510012615
0.212873217079233
0.321666097248187
0.462469205170291
0.243462526475822
0.438658766356713
0.212685989864006
0.187635979909963
0.248728659413029
0.0891513647354386
0.706413705083001
0.197304650507472
0.114106986734915
0.386603840214391
0.106060263459183
0.0578589106076566
0.0979173541722126
0.162535249953714
0.119977835322179
0.356521851423144
0.225375328438043
0.473793017922706
0.410859355247003
0.1141253575258
0.192346838302564
0.138947342461538
0.0677939008191122
0.192262325867021
1.103180096091
0.159473350948668
0.0992164589577508
0.0972290571512136
0.352430140370982
0.19823083040833
0.13750455752177
0.234794861646113
0.150811002374303
0.0274759288401943
0.116410525889027
0.222765826497308
0.14174679025016
0.420915949716831
0.130919283878096
0.169867669928207
0.320201993739136
0.142925318995735
0.102338421983543
0.144323118290077
0.302610478334635
0.38645760739326
0.366230929145866
0.187278411503832
0.546675719128634
0.103144200924494
0.325881408315074
0.107794846829431
0.490823845355586
0.17666056936609
0.304488852735789
0.23149139903524
0.846773764357154
0.323420987474037
0.16370431517105
0.0485918947569291
0.345704502937323
0.21718420306972
0.197130766719346
0.202373332771418
0.415118424904069
0.377379423724166
0.196751610703093
0.0834928666757571
0.523117097840581
0.10440615123822
0.359967883059115
0.290334258085647
0.0848623249170789
0.460237268682272
0.216428928703546
0.851389150288445
0.417806885280376
0.936085579331134
0.228759940947684
0.124435071259706
0.37011952816251
0.0446635114386899
0.225991208462616
0.142474008174403
0.28859735559267
0.414864241781672
0.0479621220032201
0.0185703788001106
0.0282683922606301
0.0902392579155221
0.350696392750837
0.239053774555832
0.223887775943026
0.372552449293229
0.660408853346384
0.234961261772701
0.947531364926854
0.16723925971618
0.138345844682922
0.570773459172273
0.309447315989182
0.222706986495019
0.409149138159107
0.188909416876607
0.390584972767904
0.155507809862709
0.379471057150532
0.173901335846035
0.252184669709259
0.317493580704557
0.119541138771198
0.0785897892250773
0.234861577902571
0.549304266353668
0.177047631909211
0.19933649668077
0.231662935567273
0.15546200745186
0.0797913140163101
0.0548178445256827
0.343187266214225
0.519516683361305
0.256797395723176
0.159317020386289
0.210926096126032
0.250096670019065
0.451369504839371
0.43697269298441
0.055764626218288
0.223960865094688
0.0321744807036702
0.236800276904543
0.302763460868256
0.106311037247832
0.344072565825114
0.733296605494823
0.327420867768402
0.177536116541903
0.142137790429909
0.103904628287659
0.182894903955456
0.390770827129243
0.0858205341711617
0.180834139666165
0.573754668720603
0.139668486786359
0.289378585930141
0.0588571829753286
0.345620856496077
0.0788748678515104
0.0789618184222877
0.176854397645548
0.161760545802117
0.124182366960737
0.109894965270789
0.0885978386089425
0.272244705678066
0.213843073741217
0.348044581642868
0.205954298435858
0.572088971088329
0.0479150835553079
0.168654677965584
0.166309471883967
0.321181273667706
0.498325002221775
0.153422486953057
0.373387365546393
0.0715806110017925
0.331945048187094
0.313646793744665
0.0978666128279135
0.448923238920711
0.166193459600936
0.110123571313178
0.254064229229187
0.342700629974363
0.419982404794207
0.0957815615746236
0.0870012561706932
0.319757451848678
0.0659725673901446
0.270750346553688
0.0460652060556261
0.295605363519038
0.362415484236883
0.0656244664434253
0.437702048417256
0.107666316145987
0.105604543241552
0.0516374579354325
0.0201293210406468
0.160249591016288
0.602568126667244
0.0674608484228501
0.446005234111865
0.334648624436374
0.132377832277338
0.446109612194893
0.142255575999688
0.0942006866670103
0.180660339426462
0.265272812230095
0.284727010582761
0.0549744594089987
0.139353273860135
0.273850460560376
0.0599635238248542
0.225812961602205
0.0117957654852572
0.160222227297079
0.381441067561205
0.247190830469519
0.877352358305573
0.0777440530428002
0.177974170042389
0.154224666796968
0.228581434485141
0.263112891533002
0.549562532597863
0.157461271939412
0.300051016094699
0.0296737534810887
0.291858849365807
0.230606753353371
0.124585595142557
0.387087626246564
0.174570775269197
0.153184721183704
0.168227928531989
0.267940861950504
0.12228571973561
0.402592674053604
0.267790483055486
0.328541734577703
0.468088773179011
0.253333106069414
0.300287322707059
0.471535457288578
0.300352384750528
0.0771022935457463
0.756805379648436
0.476257467771837
0.107786524370228
0.227238137497513
0.541990798467415
0.0245576562458318
0.136898212040155
0.343205497957676
0.257753037015072
0.457183376863889
0.422550707084342
0.348902839187849
0.137368306928132
0.140907042035223
0.227268464700886
0.237501311083914
0.361998691154086
0.210105913978201
0.350738600363431
0.25305038796736
0.562869217795619
0.463663852355798
0.312807716253845
0.452384069513304
0.666469524990744
0.161918644906044
0.104695272535013
0.458100650981758
0.168994654130797
0.186869142499506
0.307574652649602
0.253021049005854
0.320967275291793
0.195324437478187
0.354902580359285
0.073727040735238
0.430847817462284
0.037413087264365
0.26082239031881
0.0574549021066679
0.186423517676794
0.740318867068758
0.172953896538124
0.16902142527368
0.231731378031485
0.135415807699592
0.124583757611735
0.0948121981159428
0.167821200257949
0.602348357495908
0.230654703364664
0.270993988101735
0.0511096369557924
0.154730952123646
0.136423652322683
0.275725760670891
0.283046240670471
0.134747081444228
0.265005120261308
0.109415314691874
0.228464513147714
0.371330159630299
0.324186947096843
0.169455301257853
0.398088767938466
0.317862283328623
0.244014359830078
0.272924304106172
0.177611345237933
0.286886245667771
0.468487903578676
0.0947757548204922
0.386585119076076
0.493394012952418
0.156689410584373
0.196081487192465
0.152264953059352
0.232519919387085
0.365022988700607
0.0546925508451429
0.0247175013103745
0.158992180038727
0.204738065407642
0.194876096477046
0.289886970154769
0.407621247839087
0.0313887940530393
0.18273381699703
0.102303447940867
0.0624561000712013
0.146933870836056
0.324117696953728
0.153083559177003
0.142911768699394
0.242291843278789
0.13477652967346
0.148150778268197
0.206403654804412
0.361236477805619
0.0505529233200211
0.144596809408992
0.0278091843020026
0.12927928521034
0.308923472908177
0.390239892525115
0.211538888142146
0.422761234893738
0.392096259514587
0.43403295929756
0.279065617662328
0.194468203895973
0.331632233314199
0.157367652028223
0.152249736328353
0.274617412866089
0.344418674309601
0.465439880094506
0.500054601795648
0.288840319735002
0.357157079302577
0.382593298692106
0.547099633425019
0.27475869595219
0.139098002006749
0.184624836111453
0.473864829187819
0.194238555539749
0.269937377425184
0.185743309030539
0.213559196462368
0.125519888004484
0.193304864257497
0.28851063783092
0.414431431354688
0.110821132529942
0.550257780165393
0.0555481824091362
0.158531673058011
0.262662420916034
0.0266058921568507
0.494971016739446
0.15487709389647
0.146341979265267
0.386522134521913
0.17792362675585
0.0843603765431149
0.0832861719605737
0.14263783223607
0.133449586607294
0.622410727443319
0.13266923252774
0.953478635901021
0.296665578499615
0.232173943469498
0.192741458466326
0.222511369562944
0.530000829056844
0.153222987800093
0.115362215657763
0.11221784569983
0.314648460505753
0.663308468677322
0.0130365705940355
0.393131738416682
0.135147072891864
0.356696833186699
0.388617103921137
0.268047295907295
0.30819183663507
0.488654378473693
0.639207413147396
0.472615398187498
0.481868456267194
0.190545347151917
0.351230682000346
0.25788040477046
0.240293969708581
0.0343842928419415
0.210964640474167
0.214398935941078
0.291340394109839
0.154043694266331
0.146581186713755
0.736705770765405
0.402283066155868
0.201278796410251
0.11462939552776
0.149460266252239
0.109225062102125
0.130090979851788
0.0466686393215037
0.107826318663202
0.167284526571199
0.239186840496212
0.454254269628837
0.149049567210117
0.508063147304552
0.124232267264752
0.549506248356153
0.251418922377611
0.140735172360161
0.198043928692113
0.271877070782274
0.147719267683967
0.172883351469501
0.0413394892549609
0.0875690122147084
0.476684865769955
0.174415249562003
0.0364668082253992
0.52559292261216
0.251906726126593
0.396357977054128
0.117113415602875
0.0519576236335981
0.224534762064819
0.131024475404341
0.306650510370488
0.153416773307999
0.173900910393555
0.163085446583949
0.126228509856387
0.190915974913953
0.264371300212987
0.298024115060004
0.298521377307704
0.45066039829745
0.227833959255989
0.11469967340922
0.15827935055669
0.115366428359211
0.404883856445401
0.287769124573088
0.303676824072815
0.202758961988489
0.240808707252145
0.677956479013559
1.29945812553639
0.242305117961743
0.18515937381533
0.377972461985636
0.175165284680012
0.397375955775432
0.317610561290799
0.653507733591396
0.181684233458431
0.117152118171449
0.232203324402437
0.0535200554083386
0.520499171421677
0.238315533718908
0.123876365293752
0.2708804462793
0.228472201464063
0.373398920255588
0.232268881312853
0.192270914549163
3.12047022549621
0.281132017425954
0.18830665410077
0.375100499314718
0.57296072237565
0.121903638227929
0.224600848138708
0.196895326873418
0.353947452187375
0.166062534148572
0.318222555560291
0.378521671101306
0.295189822261219
0.225409570884372
0.146114644163903
0.171117436587662
0.402208754562315
0.200904485272285
0.0609060616929199
0.236992459832339
0.330244213480436
0.333714989932648
0.282610226126421
0.145660440524651
0.216232604040709
0.8468401794019
0.312302555237505
0.0569634175874269
0.212999162339497
1.23349279103322
0.0727976892060292
0.220990943259962
0.0186279537864515
0.231023070770902
0.172400794988057
0.278973898018895
0.302185954275784
0.0950220667649348
0.33494402188456
0.271548521808733
0.466504834317357
0.0366142192848006
0.679005373539141
0.0571116741359146
0.192393788762582
0.441560245761703
0.916304071398665
0.142528468243936
0.0862081028119426
0.22424946175177
0.16219310352563
0.199240039902328
0.303435402730399
0.851197363096704
0.406980533088894
0.177872363343988
0.212856760277534
0.298488367305052
0.304758395485813
0.205982102676117
0.0987115925339357
0.693926706011846
0.290984197566232
0.0927658055186215
0.360313702889994
0.107634987927866
0.299384836742485
0.100254334587478
0.248150984394905
0.266073762388996
0.131522815179316
0.331025953016987
0.179973199527224
0.867989724894038
0.245642942036743
0.161186477912622
0.402305579859348
0.217441323656204
0.261110754170995
0.110554585051382
0.184122593529304
0.244219657646937
0.482827799517184
0.0687920528573887
0.0685123598756887
0.036267874489602
0.32069119447711
0.0733303870889099
0.162259895609986
0.91688792469349
0.364534829796461
0.383834205436595
0.132488835525073
0.164000334805665
0.206089197240945
0.218753884697864
0.561664873974721
0.140816993811545
0.385895523428084
0.186526703921858
0.374817815175716
0.769693717509436
0.101783960728116
0.520689882717528
0.105737629170513
0.17230900475116
0.0724385696303203
0.0952028866682358
0.409680043077975
0.0281151254716138
0.570609678958655
0.262881892907382
0.181643489688631
0.210451475350596
0.209320078129184
0.0817287587007396
0.31018950686531
0.201143109997653
0.157931072599012
0.181021530390194
0.539792470530034
0.0651306378231713
0.262484351835341
0.134667401435223
0.264694291038737
0.378510608298076
0.05236473347095
0.266028094268509
0.521687933395887
0.279730473743294
0.461062510982403
0.405689636135478
0.842486350544336
0.254844078723331
0.152347311642503
0.139029054662269
0.174946402743062
0.446685557327271
0.0591648784221319
0.239333885419925
0.908613491639221
0.348128193917292
0.0977620922245107
0.610963041612025
0.122479837391663
0.140889842436301
0.466055707952636
0.838380354170735
0.0714186915319421
0.0802868641934333
0.293034697209266
0.12842454875351
0.60687841984197
0.0625146526759763
0.425265702897026
0.153614653641316
0.116456509717396
0.058343014357253
0.144418266721319
0.429050471612622
0.156034420438207
1.08414560008817
0.175853603352638
0.177282091403111
0.137838593979704
0.211300207131259
0.169987085305898
0.0838094819146893
0.143995043694469
0.307176700592941
0.19530495425309
0.0690253322041877
0.165653669502991
0.147019135775613
0.444180909329171
0.154363472554937
0.248653741796674
0.205788783956027
1.81027632397437
0.361624552605339
0.174482225170902
0.134001159498875
0.236463567114801
0.494319836735968
0.0526626350546719
0.344707715128843
0.302198501030221
0.21857618795047
0.14742501628314
0.476826075611393
0.451599977205814
0.138219640379909
0.368649094541188
0.279524923391454
0.482085646774121
0.570811443784177
0.0398141506064835
0.137186887637587
0.155378140626787
0.137669211807545
0.487820495219289
0.0792389149133386
0.179541890361045
0.172007195319424
0.384558501592673
0.35334687170045
0.496687552429893
0.241809216090857
0.0612476976415771
0.535495466313355
0.0544674192190676
0.112967371335708
0.35395490343098
0.398853242512769
0.456111355967117
0.148584116460365
0.588937333946997
0.0982396871574842
0.123463692875529
0.550503337024056
0.160079147256041
0.0256024535981582
0.228072709681197
0.413991531155583
0.0360526003127395
0.214425841653023
0.0252546225968055
0.571195219623078
0.325616486332443
0.234267544235292
0.0154704401339228
0.144777026151457
0.266584498431267
0.291223907908839
0.161945382860434
0.159671643983174
0.197213204023857
0.220524338373774
0.419273473855461
0.104731117727528
0.152618344447611
0.345246547571047
0.0939962904640508
0.356101571428946
0.307349547186118
0.663192347332612
0.0597932990213224
0.870428259649995
0.0146554182975956
0.14731996841828
0.212745545359267
0.179934059649989
0.156781030191428
0.111096868367868
0.122123950643648
0.237618852665632
0.0125879419252866
0.150416869913879
0.2450410015526
0.533791850398164
0.293910836653934
0.188870568563988
0.375614585524611
0.226405719261429
0.13062467694472
0.195492386265279
0.371260203434634
0.18422460705841
0.379900049138894
0.0385660578350449
0.37182575425953
0.201548788841062
0.106730210248845
0.508512978062554
0.301717912230714
0.204577796204142
0.149778847672706
0.440053275674696
0.485609290432626
0.155828748355113
0.19992267699864
0.299057435665105
0.105796780056858
0.203602861119518
0.199459469101778
0.37279329506145
0.210516002869592
0.121932536059861
0.0355953489159598
0.112696800864341
0.0589953222305954
0.0350920967728066
0.283629856827071
0.437829006944648
0.196487798436496
0.226441083770332
0.0808754340512755
0.438607934593916
0.373332208406238
0.110553925276447
0.293730264775407
0.369411825628965
0.133779805983065
0.158358314378696
0.169786652157035
0.591698696277581
0.189191318497689
0.246822734147007
0.144788586980794
0.318964512701961
1.2179890346367
0.234010974854176
0.434611199336423
0.0387322834603441
0.228775992065356
0.282093881505405
0.214950577256642
0.282581298602835
0.181579998228053
0.164402713193839
0.165290800703237
0.132519119686287
0.188783350716084
0.112583719181793
0.379305096172476
0.239637947848562
0.193603886043755
0.315758998813741
0.112177453936744
0.0975699004721721
0.13254731744507
0.318164239580581
0.259122382990943
0.0429766883787112
0.116355925566071
0.118622748959278
0.137270717784334
0.0434034671436009
0.117783311363855
0.287298690316355
0.375404476689601
0.146226928913116
0.23133278019683
0.194119523661355
0.0803856546429559
0.334673689609618
0.386882461193741
0.00746741643492012
0.232549973141761
0.190577134385191
0.258093780430281
0.116543225193457
0.120696198155038
0.249530090405106
0.174215616264506
0.31142628485516
0.653174574525889
0.455026533299209
0.142955429147962
0.0616927608639089
0.24751816904212
0.242689389348457
0.163018425052796
0.063646023126975
0.417382539270959
0.689475137467713
0.30224169965673
0.281424434585899
0.465681926253616
0.394919994324136
0.265292734567967
0.134745601382369
0.367974284629237
0.332148844616551
0.259338753387512
0.182547522102204
0.171081015513196
0.216692836295351
0.153942680245307
1.02726583474052
0.279337826461923
0.214496343713029
0.270644729594645
0.302264642045381
0.574517058494698
0.306151176859397
0.112709499777694
0.204884607975195
0.2656111381979
0.051370790882391
0.150664581820463
0.277223777017698
0.363362137520888
2.50009306748604
0.635060510864074
0.0475464683650874
0.172006905616954
0.222562001914828
0.474301143848475
0.079049822642869
0.0849302296095216
1.47253970005858
0.13009851235709
0.397791673547049
0.121821133006243
0.343007635917306
0.0915169997760702
0.404208211627811
0.137117609164259
0.165693831444155
0.181417418300248
0.340852741858507
0.386718845987957
0.232615903815316
0.113279416363714
0.234510495413927
0.43305399996869
0.0954326484971032
0.242986007816364
0.544429716132721
0.382299674714353
0.123711661649587
0.260051837651248
0.173159559532043
0.294654837248219
0.297335014472826
0.125769736480216
0.485396094514936
0.190179711584113
0.194004549006333
0.0197531135221741
0.325940096599014
0.0602875305301635
0.458081165182472
0.214315388355144
0.534040350459111
0.119008377849544
0.264851264071109
0.197639815674812
0.148081550619842
0.431518781548729
0.14534120279432
0.0786930442338871
0.168750257258052
0.524042673910102
0.0728759309400326
0.195314168754109
0.100459858234816
0.14367837325983
0.293095472645441
0.19234429962764
0.267060494353182
0.346134307767345
0.291363473504203
2.64490439828498
0.552581776350361
0.0360426286805416
0.0563642863924654
0.175986054086887
0.250018380673912
0.276160781657074
0.127331094785823
0.0213823453106349
0.441814421091418
0.17789334592592
0.416441007342463
0.300948863793174
0.331595097564087
0.343595910298517
0.0564004967790004
0.430785824302865
0.250854525294618
0.178212445123854
0.178151865003863
0.0560392285549912
0.420234745005478
0.160195882824586
0.0337647373140397
0.331325433903109
0.34734251788112
0.320393931135122
0.697317623359041
0.210560594780664
0.256287566497896
0.175290851419011
0.31422179931014
0.358227321409459
0.106649691542249
0.278418946140443
0.44625644292052
0.15666034544499
0.143904460914808
0.270008669372268
0.423178623280182
0.0579815187414248
0.221829582769282
0.408384647017434
0.416265173577573
0.108530160475103
0.297096339663088
0.0366682946596104
0.239668308355929
0.535498439043363
0.141040694677634
0.113293261567279
0.312459367445345
0.23756644820608
0.120638321063676
0.261343977886697
0.26684766690014
0.465646719332204
0.114218948512563
0.0480919710069813
0.145638270119513
0.229604510403535
0.142381604951908
0.427172009226299
0.440525740180683
0.126276753987681
0.381201614509648
0.0396336807505849
0.189502838173424
0.319176292595974
0.162228642541612
0.300343839212584
0.227476457586699
0.205117923218934
0.106195956983316
0.159206402128114
0.622997370023869
0.196559211919173
0.163553998489013
0.196389847905205
0.384923144247144
0.408608743160455
0.287145286171673
0.465765377136114
0.511780841003148
0.168621789437026
0.184418105361084
0.761856274477771
0.252231600989312
0.347736551450886
0.121373367882052
0.298924041249304
0.263895982261537
0.104673742000731
0.106746676920918
0.355384389845775
0.146588804676597
0.123051385337984
0.43206252433098
0.36463646243621
0.192700163414793
0.0308180891748132
0.294099091027632
0.170371066373147
0.462196940495525
0.0958110966307545
0.0615589778276253
0.560375691722487
0.300479281771261
0.0701131713524995
0.346553412541617
0.760019642382808
0.236341859581274
0.178434145272106
0.14386203704196
0.142394363618843
0.0761052900884532
0.0513816638567583
0.551956061132276
0.426589270596279
0.69448907909324
0.141808626926887
0.807892091594109
0.341551653338296
0.119778966891028
0.25923125344231
0.0458948260194454
0.317808805972207
0.190530868411193
0.286585318914482
0.413394683595424
0.205391961630295
0.709153280138699
0.01772362027191
0.396453155817111
0.156200422322586
0.148094705880768
0.587643978726282
0.409023530262905
0.191320003262221
0.384676940051463
0.332015303541182
0.0990529370295237
0.381260059071338
0.317582934739573
0.0961718666155566
0.274944116663342
0.40167099014887
0.127745585766545
0.0426576386345623
0.325333203947617
0.321242218270582
0.260394320957603
0.255503553657507
0.247340761359752
0.122604346053571
0.329398849279852
0.424865476317523
0.266365582920882
0.202433759528675
0.0347460925871409
0.173887727566392
0.0290541685583356
0.200237271391691
0.454407838663174
0.0202831228680911
0.119441006100142
0.113778660147226
0.414476010185813
0.261261794425086
0.211270735997493
0.473084015847548
0.437798101553218
0.324535041265808
0.334918410966328
0.556832918506109
0.0502055827141154
0.295243940573076
0.261016154659667
0.252369774262677
0.0250185937539515
0.233806108636998
0.250214720388904
0.116858582670331
0.238499208821742
0.117290850151006
0.029395456591229
0.243865063479362
0.391237423567442
0.241253905860754
0.315946433537847
0.383640123311839
0.527306572271186
0.267244592347548
0.0237470784677644
0.437144176664419
0.433520467246219
0.146938176812006
0.0930629195792088
0.135111291958966
0.303137867801999
0.285838627349324
0.0554364580223432
0.236091433356472
0.42087492099612
0.29331523379479
0.274421836657681
0.191062270261686
0.0831392932503059
0.187240200493041
0.294541554805133
0.207867220247486
0.252766393294126
0.135859228558005
0.297536446933513
0.122777755764809
0.162904726582712
0.0320129300407865
0.302985000446202
0.121888319788071
0.17581378680599
0.264312009842863
0.311214200131573
0.0793093406617665
0.168288784620126
0.208860301460698
0.0966250545510993
0.148406325996935
0.124181176372396
0.138506057868192
0.62151841069225
0.323319425089951
0.265277445797541
0.298009348084081
0.243712817958101
0.159658421801679
0.263581976684957
0.0615339961767217
0.274302339564617
0.149010666552952
0.36029335221154
0.254807401344444
0.140746057946836
0.314510246519229
0.153888196120185
0.52769181913951
0.0568483660367808
0.0608217508365608
0.182116385893547
0.173726858085837
0.249149276520622
0.133111702594147
0.213856234245384
0.408779798834555
0.274534303667601
0.119027348235986
0.511612336289186
0.189014607807416
0.201811165460065
0.134143528476088
0.322272561543815
0.232488399452374
0.114770826963
0.0607605853714571
0.17097029180203
0.484199171627476
0.369565645767251
0.200542643903165
0.275730799977827
0.194396964270496
0.132585769699607
0.200889827936867
0.271712315580461
0.465790612322251
0.199305781508165
0.168373041131912
0.0591988635886584
0.488798801034812
0.248714937266188
0.378479495407158
0.251826574036099
0.517161744000539
0.270705142876346
0.0322535207624122
0.0811374342404364
0.0355168386009081
0.0562519159543712
0.866659380846017
0.196388141099673
0.00944410950898658
0.435595502444518
0.164664086700401
0.119114504885963
0.263210776730394
0.49334762271192
0.156703438826483
0.0620457642633536
0.125122966702969
0.184709648309427
0.0723773283758462
0.0727935397813722
0.33007268522809
0.184060393427435
0.233426669485164
0.112141492311874
0.227355004414312
0.279620009949683
0.202864707626547
0.0845784103309652
0.290232148795946
0.0237754669340201
0.620415165154663
0.231739492866055
0.194368653656188
0.124756849727651
0.113949759730527
0.0614908111811892
0.252033256212694
0.0150203132362141
0.105464875320094
0.312831007386107
0.170834783989607
0.415647837766742
0.153481217708186
0.105821427393464
0.291327988993017
0.387525518622137
0.0745116621782031
0.222239534185482
0.0722464691943389
0.147504435302223
0.297795142037106
0.248767201726978
0.10024298836416
0.156362313366243
0.299391474504809
0.0704388539854934
0.100033893561344
0.378610581293511
0.560467268107621
0.418574599496852
0.195496681368307
0.143526770441262
0.179304748426818
0.158885996496067
0.163016451278835
0.287409084193988
0.220492760939648
0.26079186079162
0.205424435958653
0.156448132881776
0.831648358453791
0.0757524040845216
0.0463523741122739
0.615770469164861
0.333259921269146
0.150274734767986
0.360766140577166
0.0750131566148983
0.0219792190977404
0.276575659728165
0.329130632184531
0.152103443427894
0.377050516485039
0.411990477646354
0.136535850965016
0.453697555623742
0.239067713520879
0.260687070628968
0.149228686234659
0.0694789403849204
0.221964653927461
0.12744663692354
0.167747409648953
0.399371230979509
0.246815211766897
0.118347780494813
0.0577175528331524
0.191934092889859
0.186232197388287
0.325955496245862
0.233647107351306
0.240291603796815
0.153240502305307
0.121788192426022
0.31721869955863
0.289112216262035
0.72099372326943
0.312917478350487
0.125076856227693
0.254839809903107
0.0837389232262413
0.134298726297871
0.536457995049105
0.00937088238567597
0.196571124541862
0.462389083113439
0.0915461704575192
0.131626487435527
0.0768370902450697
0.511037175377841
0.38518610255946
0.147112442938979
0.0223532407931498
0.174312741990541
0.0490591616127204
0.158396415946598
0.140260199966572
0.0867751578915684
0.495360915849186
0.197315486983456
0.272590286693108
0.311725031971103
0.299233150470877
0.107012674943956
0.0999939762676395
0.0778497615635748
0.219554424142321
1.27814012833983
0.264053163530284
0.203267707342402
0.133239669219258
0.366365975031532
0.179535420425404
0.202476804737237
0.107016132113479
0.273987286300738
0.0326623354793845
0.563914028823613
0.0915775137206802
0.109173669265722
0.162066603996645
0.226954864557226
0.238443998167324
0.32394932577466
0.108934568104619
1.41207237708856
0.176402244083835
0.150914016505884
0.240273774931534
0.156324018736553
0.1070770836522
0.214090780543504
0.202827287272857
0.398628319199549
0.347940154184086
0.225118941781648
0.210144516528727
0.337852401856731
0.113666484557475
0.291966737873667
0.104446060733939
0.27009724904542
0.0305470655846057
0.196841268723626
0.0406125739606194
0.249074527942593
0.3819743767609
0.427364562799076
0.150832473705137
0.138541123663766
0.0261114918910408
0.0276083740129766
0.211173300076483
0.0784191633272705
0.115501593991594
0.226064939321274
0.280571048402904
0.133048873206469
0.352652323116575
0.0357611225861181
0.332475030206762
0.125742677789426
0.257888159230633
0.258918152000126
0.141735865977873
0.451032161245189
0.345146215943021
0.0896866250367796
0.0720217620510143
0.0536556565498983
0.269198917417109
0.236857553223493
0.25147090778293
0.362255207736688
0.296371387630524
0.463720539264538
0.110025468158164
0.055414449703153
0.113567051012329
0.448802169845036
0.573234492835909
0.713756142997962
0.0929579722535216
0.232174396506878
0.149270306799031
0.0772231071425598
0.0615698102754602
0.0523662147452702
0.0332395818814634
0.226117662325503
0.163345247295534
0.0585033001773287
0.313081572130808
0.0870306688291128
0.285387252012852
0.115642344684708
0.405170047229723
0.171376435621283
0.112852932858237
0.489787565034952
0.0762503390958948
0.0978238249851034
0.231587634925166
0.220793058422136
0.376778112390838
0.215506864754916
0.445261093700617
0.112466995769418
0.247300298017659
0.186196059021749
0.274613927012916
0.249315756286044
0.306025596272333
0.187569752494377
0.106990694731459
0.261880123193707
0.613107655909298
0.0689423231726041
0.0918754515357914
0.167647171014607
0.442665935212826
0.208336830591092
0.113593067232152
0.354214742174443
0.57114543562566
0.232680192472501
0.125238833692256
0.193465408617725
0.169662882928006
0.0499232695414802
0.288717598370377
0.0978835989158626
0.450455371873881
0.150327036008705
0.237515956208176
0.414111597196986
0.161121103882481
0.261005710285287
0.134247522433769
0.305809276770563
0.269931546842807
0.505286324167863
0.530352338052718
0.267677048406553
0.405473676726896
0.255620683456437
0.185786883192673
0.191711750448984
0.0614767094365012
0.595867703262881
0.202946833741302
0.15331276346163
0.206991197949091
0.59767036824584
0.128225589088188
0.0438851350290985
0.414514713049003
0.543378293144886
0.417151823655997
0.260934015665943
0.152498162878329
0.0721189173165795
0.437495935761624
0.282507952272257
0.224525243969946
0.127947340381757
0.0859842847857843
0.186391674924109
0.356625319898332
0.481233894297282
0.251104624334791
0.263707394408745
0.703935074430871
0.128750880898718
0.085044384031159
0.152237616898003
0.0680402829318712
0.433635211343477
0.0517004250291573
0.744164623878295
0.107160042523282
0.176297985096275
0.223805253603336
0.06903175551806
0.0903781159321718
0.143382700327623
0.222272241812381
0.0324638346299985
0.426338568347782
0.214447091057909
0.241381657065888
0.0579177048191339
0.0252027624618062
0.931616267915727
0.181406968842899
0.171011954930904
0.64004676938336
0.205714118322498
0.250016359501741
0.0620502262536436
0.518635156264864
0.245555198549717
0.307262842600971
0.620811666303226
0.259515915986875
0.324073401338205
0.219726714128979
0.0951405784151725
0.367105598811965
0.439856495307147
0.0826192769810876
0.293205733680133
0.204746525195442
0.0549398415871375
0.135824090364927
0.0322836251681691
0.512267886211563
0.0913268072394457
0.147772512964755
0.11324592735549
0.19658929408279
0.489094660195153
0.180434765314511
0.259449536671007
0.525400207556439
0.152837802521206
0.247601809925266
0.935269010558346
0.128955517011371
0.283884587961675
0.662582746514164
0.067337195460587
0.187566843592577
0.381654041984099
0.155635398717832
0.370930052910614
0.335209741800967
0.164393362045608
0.12490362953219
0.221164734529601
0.197058664417387
0.0324764881566829
0.0981758752404999
0.104838705186096
0.26165916446031
0.124400396625297
0.156890216486537
0.354225957830436
0.0990830287356707
0.237150841087686
0.0796556748885893
0.135949271404745
0.272934218515085
0.201710647436662
0.15255641289203
0.197766222137755
0.185370092952975
0.127012412663385
0.256661123538556
0.321823740466974
0.0411015293606298
0.444272900472259
0.813087027154524
0.154796816995976
0.461193138190828
0.316372833468554
0.136954831846399
0.150900015475385
0.20254439311708
0.208053883784338
0.214610307350117
0.298483705540868
0.360013012945957
0.249034852689142
0.172937349986897
0.0765239261921736
0.0383417285840284
0.052929874367922
0.263734131812407
0.120533405535342
0.324691275083046
0.217013195176823
0.148561091305175
0.300209795719409
0.247504629676951
0.289733793524564
0.111392564025117
0.0953774716253643
0.443074322555646
0.182260871420651
0.185381066334771
0.159048032651403
0.232900192673159
0.177179536389461
0.549853945074546
0.259771306839027
0.176625150648755
0.188654087684807
0.107032029654223
0.0878562515992343
0.0994685649259302
0.116439084793564
0.126679387845994
0.323515539115528
0.169742111009844
0.193052541859447
0.167372888764664
0.0706329698570687
0.247310476052083
0.249110869662738
0.0600724038256102
0.150399485501577
0.331941320580004
0.261323741019783
0.137630684332965
0.348551850184838
0.292812213972819
0.222677169925678
0.202953440158063
0.109422585124079
0.0541477886782409
0.158154318239704
0.439719662307409
0.0797257554836685
0.167721969909206
0.256668149210869
0.111886384380204
0.411217150097107
0.512045548094094
0.193208110622346
0.146465778700582
0.231609741987352
0.10264543308915
0.136765766042073
0.079833277377573
0.28968699263942
0.127517912283476
0.151485119714101
0.828664583577851
0.552403658479168
0.123425802226432
0.336782184825317
0.172801080703655
0.120482984884385
0.0832524040697557
0.267745818574811
0.280240123033366
0.177247749062929
0.404763363435598
0.311049711929883
0.767824441757368
0.172715520124606
0.265680808659793
0.123875171198317
0.254589387671466
0.320804229617761
0.345519183137123
0.1648851702816
0.11829258811135
0.521286212247609
0.591463725903566
0.0721494236628127
0.0647368048185977
0.131955637269787
0.027760782473444
0.0780729440346491
0.119198906237595
0.0518042167290351
0.162037444346427
0.245796302180534
0.117947769348876
0.264816960832099
0.253873990245661
0.0615370402305456
0.33241424900552
0.0350734374566774
0.0452870348570519
0.188794767379117
0.0515361143889653
0.293248294427314
0.191392459046093
0.103739605416445
0.139833706220155
0.168458709439783
0.0899681674900417
0.203059572046884
0.173784050953294
0.19139027391078
0.147743431898222
0.299633943210433
0.558039696272
0.210682322164513
0.556249415646208
0.774943682165874
0.183482494132485
0.189762237667302
0.163129002184189
0.394311893857385
0.224938775947498
0.119304448615749
0.170667619468959
0.080168061634284
0.329521851202009
0.0705372419061731
0.097583466983535
0.404751358225361
0.286021903699146
0.221885867870903
0.0342123430065394
0.307695096652212
0.215319070368073
0.466218116440921
0.232242748611351
0.697897285887621
0.297371250320173
0.202773065897165
0.357363227223565
0.247798109887733
0.185473613928594
0.337101746884125
0.213599188938401
0.0893397568774095
0.219755974341211
0.136133905710296
0.174577205005371
0.109215100759706
0.109481220875614
0.658607030180441
0.21518640232673
0.298411324952901
0.27192353666424
0.562444038612776
0.541509895680824
0.254407822648402
0.0826791843221256
0.245450649390761
0.168029180635701
0.272299085954109
0.262410490527614
0.0601584222894284
0.512159613478916
0.168553401424473
0.374087107682274
0.34218649713411
0.291644299493137
0.125897247062652
0.253673634332845
0.250236867659202
0.0382630367461813
0.169119008198638
0.493116431010867
0.174927753945119
0.100877591709522
0.294107464433081
0.135057954305614
0.0853968095629762
0.276557973166263
0.173800154760661
0.0927785841759876
0.215452661987615
0.107210104599226
0.0908891227290602
0.0373064718368838
0.322115343563438
0.26077252327898
0.280624121070477
0.126545931384133
0.179024236366002
0.497330191212631
0.25417588660376
0.0633945276732338
0.231728222466175
0.225834906960678
0.0949826657478031
0.27459803067583
0.209742912225924
0.403471985052604
0.548518686784982
0.160513947364069
0.128835918347104
0.243003491651504
0.368129425297259
0.175578802230313
0.22787071591576
0.443363033198921
0.307969223609907
0.356928641261265
0.128220692268062
0.261087314944708
0.255078837380538
0.261965657090322
0.0781403436952057
0.122900249541398
0.234556747672702
0.201248440264384
0.0606219808262416
0.401573560047114
0.351735392683677
0.211159583005466
0.600050284460693
0.371884309475013
0.124295393673021
0.160534698723166
0.144377396904266
0.4658770198288
0.129566535468626
0.496626802441805
0.361665565234886
0.307717972464635
0.33360977287115
0.098691077115746
0.0435501875857274
0.239159855196931
0.177594434294633
0.28747812448865
0.250190661067169
0.190391243119331
