1.85669411543803
2.14920386159503
3.39643680686682
1.72679787604404
4.32193649399067
1.12782755813
1.5931014960977
1.47031128162902
3.28131744550368
3.91427923072049
4.51444271007439
3.67973451041079
0.995518786673181
3.65087183618989
2.54541542124416
3.58825913509034
2.90164183665034
2.09343003446047
4.32768911482992
1.70322753376528
3.29756102589843
4.33503866411799
3.18206420424221
1.76663139480392
3.28932089280371
3.72611924999577
1.72873850478677
2.27651784493724
1.79966954370587
3.36331315178644
0.78010388879541
3.32228848201336
4.13009252679597
3.94875055995958
1.80182814435908
3.47289591671692
3.41354616993403
1.5799116275151
2.48302374940268
4.03943989780241
2.10478787264267
3.59681236639955
2.71131173917505
2.95715074754098
2.93258161331138
3.77120536909099
1.59358850530091
3.78210006039972
1.6904652346417
3.57521243891328
1.4492401934584
3.19312684487329
2.62302600263919
2.28159378859575
1.72572615496686
3.83302640077342
2.04214358530277
2.85706966867663
1.34089719448495
2.10374839954959
2.81616444426235
1.4176143371038
1.46135389359386
1.78867425588698
0.93988429292116
3.20949016820951
2.93401337450132
2.95652483224681
0.771671955904607
1.92811982225157
1.18101197128523
2.02298417400231
1.39116250102326
1.59641695438275
1.91046495202289
0.914907941958524
2.53880870743505
3.37350791951664
3.03336031216396
2.55731068551702
2.09538507549617
2.45553313565022
3.97932671581614
3.41244922575395
2.99054343658011
1.7033391119271
2.16249190787401
1.35258425713912
2.9268281797282
1.0129613946544
2.0512491314016
1.45180522612512
2.9438722530588
2.15201585905536
2.07350278476057
3.52704639030889
2.53138631364816
3.88539714615855
1.75358979270765
1.36573991606374
4.0971985978094
1.637665361162
1.8959562557084
1.55842379446559
3.01496419314428
2.92525471615186
3.32550738031252
2.64897020634567
3.70182673333781
2.60581265208925
1.66387363611069
0.745888577146332
1.34126449761785
3.30115513629668
0.54066665693383
3.63015881290857
1.48769039132032
1.1190415503101
1.09606277148238
4.39123344967063
2.57315108115872
3.47307398577616
4.09268431428966
3.55385024401527
1.12154810778499
1.95579579465007
1.33014433194433
2.52303439423208
2.153245526845
2.76372146318967
3.84466526858925
3.86617968683444
4.56964724428259
1.05461936259744
1.38957961040132
2.92790347031551
4.03065296886302
1.24050558895649
1.40646259195715
0.974946994160606
1.86649319560703
1.35252291533378
1.90028731014877
2.65613225640405
2.59646117874047
2.71434818000532
2.74194850043803
0.496710005343821
1.50679509272417
2.92769689902812
4.20025691565513
1.63436578497792
1.65895986511661
3.20275711928395
1.75844005002559
1.17104021542273
3.75587638447344
1.02396322790064
2.29997582365023
3.7533468673319
1.15145804863402
3.33822117665835
1.86411083670051
1.98053580284069
2.2766594495167
4.86015285245175
4.55289788915531
2.8549734657386
1.35340490650928
2.08805956751662
3.43478390029955
3.51841155106745
1.70053611798632
4.13023204144832
1.92338523218741
3.91824369533804
3.00657487784352
1.34353141415775
2.45582096772453
2.70056633656752
2.82678815658144
1.36110326680973
2.69791677973969
4.36030634218112
0.743385473516718
4.6171634123262
3.08306310786075
0.752358448460207
2.96622530343601
3.5952510788396
4.24229912301754
2.59103805353116
0.920780289723493
1.65044643402628
2.63512553341753
3.31720653582848
4.13530240635083
3.94414458374764
1.02664357135362
4.682425671326
0.367890107247786
1.83885184716668
1.20238268941689
3.43599924444057
0.788285930700595
0.967622131701187
4.29498648914649
1.13537142512582
1.23063631891603
1.09124654479558
1.13461303822783
2.49285666120888
3.03852839750244
2.94088604084631
1.36689642624293
3.0357663842821
4.22496273265594
2.613213380512
1.60993540553075
3.58096251640877
3.03955542848725
1.99302385768656
1.44481780556429
1.10141627748131
1.53200734898502
2.22888639430415
1.39308423058851
3.06529766646525
3.38226776987285
1.91894159548704
2.12686302360299
1.11423565375662
4.22124862790315
3.17055732583704
2.78116254883058
3.70317528219226
3.82749388660793
1.5032303909712
4.16482326021049
2.04369651579094
1.69907856729796
0.589815255514323
2.97234281072173
2.25680953330305
1.62807087137595
2.59167615841864
4.51349452745758
0.706795864474869
4.39052291569386
3.66493425898232
1.06598163403761
1.50503434415101
2.92383537238274
3.32054569458253
1.82035628324532
3.80376250591393
3.82690471143372
3.79547699457722
4.00579631041383
3.59193039329644
4.19028083014186
1.05219096035488
4.36349024248946
1.98796871533354
1.37552175847153
1.6890513022683
1.27270457347546
4.12117445629556
1.14543700825794
2.25391110703077
3.36043249432324
2.89285183652704
0.855268634284004
2.02332389636352
1.05087178482945
2.46017565947881
2.30380136229477
3.87166928603049
4.44028195027096
3.98094285916779
0.704266907794974
1.27553838021864
3.4674003970809
2.03149859953599
1.18753857595657
1.19722640987255
3.57809359037472
2.76233121623575
3.8455927197849
4.3099150384654
4.06041225927164
3.74653330696069
1.3978564586617
2.05252176149398
2.38229002546118
2.02936887085177
2.05574369159275
3.92349950336088
3.78241910853295
3.95227806066454
2.96006313196811
1.82436143904517
2.07599117318282
1.79654760960723
2.44635962403248
1.50398959004207
0.82253956629678
1.75001299226983
2.91134301749891
1.26848324994898
2.39774018346265
1.28773159195778
3.4598361636888
3.41370369879337
3.97582289224005
3.29723791189206
2.8969958117278
3.89462307992307
1.66651116192497
0.717372293913953
1.802772509547
1.07431851088068
1.33263238074644
1.15914385622157
2.20124929693051
4.20161538137458
1.72735760643677
3.67802612840296
0.68854087379234
0.531277753996853
1.50099586070531
3.33485682168557
3.06121018738111
1.93392600561704
2.34293688216481
3.34280727321033
3.08277836769855
3.67434346083417
1.04262866410997
1.32394865582377
1.81002969751777
1.86311430045681
3.19047076659256
4.1027287787458
4.77664887606653
3.66219974786376
0.938539815833249
2.59060668558523
1.36361731460624
2.95785663317341
4.12135447870354
2.85630305924137
1.68378588534633
3.35583795161728
2.14579907349835
2.55425495834581
1.97052439175883
0.730552478370528
2.54769397659644
0.729324781974314
3.38423634488769
2.34571122238299
2.52633245269458
3.12508875600863
2.82673816341332
2.01534374237043
3.59048527017069
3.82481839636876
4.15622348992061
3.37072349843822
3.4806822341924
2.33557562098537
2.87239588330066
1.90687405002646
2.82316118541506
1.61211312419919
1.38246773259632
1.71581072699684
3.85468913338116
1.61757145540047
1.611079554114
1.9955639680033
2.94955153515864
3.27504567317796
2.19910658716737
1.69285934034366
1.2629836644482
2.11461736986059
1.36099402344979
2.40952923006282
2.51721361650022
3.79530045675166
3.5876854480991
1.59592449233815
3.00169732000491
1.57733178727942
2.98317741728738
4.29849034747244
3.69997103989923
2.78487855139753
2.96261096514166
2.08415144509185
3.29519138647458
3.05114686088058
1.60366697349766
1.69588218669993
1.15043884479775
2.99142132007697
3.21004852016345
2.03955271209736
2.35485914399968
2.43238533294246
1.95669000830785
1.3127658782616
2.60485188948549
1.23930844740554
4.42533303716447
4.89253510756334
1.36088300566535
0.967394148277531
1.022997923311
1.45278008138177
3.25804076647799
3.41822206627093
1.41975366653909
2.74741894455727
3.21348323674452
1.86792519553954
2.10352089024555
2.49369784464969
1.77822999087829
1.8879556420238
1.52439416663789
2.61127622883576
2.24329031997785
1.65073052281503
1.95400690730755
2.11216337826768
2.96777546686714
2.11750836175356
3.15007424653898
2.44209037124468
2.00841010744541
2.75340626337156
1.08497232640122
0.771422145066442
2.29173509052241
1.74763240122751
2.38002053585522
3.55349322359788
3.29004696494936
3.08929500031204
2.1533927042459
1.54322219500992
2.27940058738101
1.63211080182333
3.04187575675603
0.966875126315404
1.88866349130517
1.01165322063394
2.92812937934797
1.54809894048623
4.27901154785025
1.89979480929868
3.39080795102767
2.63167944010355
1.72300688518641
1.42927169328155
1.42503504613593
4.55381744947383
3.23172363704085
3.07137541326731
3.07348340135305
3.94914399909098
1.78189146817157
2.78893677900419
1.46969018224446
3.73872981457053
0.821869846934417
2.32637879826325
2.14812447462817
2.44534989837847
1.94196197973347
2.10052905709612
2.82044434229082
4.23656116961241
2.91155160092866
1.37740173957532
3.63299774066593
0.983592250730331
1.54534906679263
3.21223478274728
3.66942583409138
3.02522512302293
3.62694954576763
1.46743756426624
0.663298020327432
3.13008655028849
2.21418879724998
0.853928839566419
1.6964340259614
2.36262493430534
0.392408243435784
0.843131166084538
2.61761544496478
1.53100404638879
1.6300116852573
1.46272828883198
2.79787556224339
3.03371884638831
0.986540493649578
3.90101565781146
3.65254887902108
2.56599190363248
4.26797976387004
2.36249696171034
0.636602406152125
3.62609163427643
2.54399658174749
2.81322872088105
3.34739049413985
2.72028085786804
2.679929383896
4.21595060426752
3.2555752222081
0.792982810089859
1.10066813047852
2.59003720872522
3.46557586295604
2.25539995168811
1.03392205546674
2.44405241950496
1.99403782131218
2.03621343480348
0.655898384681423
3.96181176648645
4.32805631630669
1.6010438912606
1.91102986949652
1.85737114647585
2.43351525675204
2.68524901600588
2.104669122251
2.94076697426548
3.11099704818639
2.37429105455044
4.53165119932936
3.78258617492911
1.15507342792596
3.39084333266619
1.84167582695443
4.37975729219692
2.69868589760483
1.4591618125333
1.7135730702103
2.78469144993759
3.03740659423708
1.16377409440569
1.78204196881275
2.17917170192174
1.93121752487593
3.82543902244803
2.33555553454193
1.6763258373952
4.52754106188803
0.886196302537804
2.89936583022245
3.01157468532807
2.26457610596567
2.57063673549058
3.08770697731214
2.67045510385338
2.40891488778572
3.2976278775856
2.21568757578834
3.20076631238401
3.95031540705928
3.03786806117449
2.18116912073224
1.08254326251038
2.30747443523136
1.73280990642222
1.46056081965165
0.733591335827502
1.28367933531119
4.25038734809617
3.1180348111051
3.39161907362554
1.23948456081362
2.70895952890044
3.36049023083138
5.01386648926264
2.87982085169856
3.87503180002107
3.95184867730597
0.768022504191007
1.92857547464324
0.717322104257615
3.32661336906905
0.962756516803751
3.23334237422467
3.55339463880422
3.38502462486272
0.63983827241886
1.28146321289532
2.31756825503482
2.08068092555914
3.57787627772667
3.33284203344556
2.42831797902841
1.38769474141075
2.36295748439653
2.60460815914877
3.72374009358354
2.32779064038086
3.07805781106259
2.02740877094694
1.01707401033069
0.863317156608758
1.31346014256612
4.31411888281277
4.12221739827817
1.76444584645321
2.25994634252428
2.25291652276325
2.66278153822011
1.81759522143674
2.53793354193551
2.65800613266433
1.30709693146777
4.43624614001055
2.42281723564906
3.62216957140856
4.4382518796785
2.63257309417645
2.2775963715797
3.78329875290911
3.30188063231326
2.74733233296699
3.15489536612439
1.84902471598738
2.52481237826566
4.03822931667504
2.74736732933829
2.4259666653882
4.55075429252525
2.92957281585631
1.16780336924727
3.82525976206055
0.827697903787142
1.35117926325474
1.88736960273021
2.26291233737901
1.72257149069055
1.79589272990512
3.60866810639916
2.27885591998915
1.47543974780772
4.50348094143035
0.622449442678041
3.27610036820625
1.79426109181344
4.18055274328052
3.59172151906239
0.812281834801772
0.679608310793977
1.86753586613335
2.30564650611031
2.1679946932568
2.01987144892284
1.95425588530955
1.39289394015758
1.72879214788996
1.95142392652283
2.48882426565365
3.17497690443071
1.98173263565525
3.21978682923268
4.23117601324114
2.78365399537561
2.34163061057871
2.52675767175283
1.70467299327631
2.32910813865081
1.68961040593851
2.35901656738659
1.80730549811604
1.64445470523738
1.3620757895243
2.54668619413277
2.42741430070302
1.19641109454308
0.725962284118086
1.16135825439424
3.56391270688799
2.56384811724832
1.62045635837241
0.874653006656944
1.21356341944731
3.55404597253911
2.2944538036165
2.39402876649666
4.22661029007865
4.2340570239877
2.02114303516537
1.14387871812685
0.923894716940956
2.52818465876852
2.67957287766911
1.88718819219125
1.35427239828358
1.03073766947391
4.02161358285209
2.07282215511565
3.33529050972053
2.57270774315825
3.0815490188324
2.15092346839919
0.973896585387013
1.2302959064363
2.62684160266937
2.26519236663902
4.3044504675484
1.96898155357968
2.2265819491849
1.57516428255941
2.35712004160175
3.94708730076461
2.2199266070307
3.28054393287176
3.46600093168088
2.72499525704438
1.68490669086386
2.56345759492519
3.06869271455411
1.64927497713565
2.86702383850592
1.13387087849207
1.37553209294091
1.37601472070519
0.900949422933754
0.626486991471213
3.02688817707982
3.57105756271451
4.16261735846314
2.45798005278496
2.22145192869116
2.78782174554718
3.86103244640128
2.08852698803578
2.98295286378904
1.60971287370275
3.57695325966755
2.32829725988058
0.755961375783065
3.09214088914551
2.58609426044238
1.29550495376129
1.17184457258388
1.80024540545419
3.60150758352597
1.83857894683129
1.31110933566442
2.78961727907494
1.14391311888985
3.17366597726075
2.32074260042508
3.50933524807514
2.05439935035643
3.25820872106622
1.67712710433684
2.39710077687328
1.5627715895193
1.27204470612236
2.81204016376193
3.2393080851797
3.29287781925653
3.52344403405558
2.64769088001487
1.28228136912411
4.72666265953766
1.80439932007498
1.29718965100106
1.92251909722034
3.08071990550608
2.94405139359732
1.94086648629994
3.85245362976851
2.77320658555237
1.43766843379402
4.49023084001289
1.87361743088783
0.179473547523729
1.7909845759972
1.86628561274309
0.875711407666735
1.29571362460708
0.701109554301829
1.52784519108344
3.44169390914409
3.47230439324012
2.66610613765286
1.93612364497782
0.601649948615052
1.76836494978673
1.80954006388657
0.991829929775036
0.791147568424407
2.54995644706689
0.891197336460701
2.73071459465823
1.35271544848855
1.88483524810969
2.33265253931796
2.01183686330027
3.70329392818026
1.35187205228594
1.60734838041614
2.50547257373268
4.03054500823099
2.39302413294485
2.25110581897064
2.21260800630847
2.55638330761756
3.60926701920075
1.82475276040424
1.11741286161644
1.70597486036614
2.28139007129056
1.87001257068022
0.823472099546845
1.03337493062871
2.62460195532886
1.94101411500117
1.17732633882409
2.33708937725737
3.77085792410934
1.79229170284273
3.53238192973964
2.42142537526047
2.01224620157496
3.50169893144429
4.65495780129617
1.54762210201876
3.32268130272295
2.60341891914021
2.85436546228018
2.76309788138791
0.868311191812898
2.77417761363718
3.61787407007212
2.03563196540078
3.28380621429195
3.0386905364056
1.4202423875737
3.01511066170444
1.78406358039675
3.29135113693746
3.59078697610128
1.33987315339743
2.61595155697206
3.13860773464081
1.02270067998019
4.46305142223355
2.02773615946385
4.5140190491299
4.09783750785996
3.41298762524832
3.35159944719167
2.63656799589048
3.02073594569309
5.00258729693819
1.10111754982276
1.46460940560139
3.34592511323174
1.4647148328616
1.09979446713523
2.69900528307665
1.01003523638214
1.10249486143675
3.9460665185612
2.21715309476956
2.63953414467464
4.05037888379112
3.57541332367366
3.28163753368945
3.87947445175064
1.63731982025263
2.4152811834031
1.86568901269072
2.31984796906817
2.01804401348348
3.84518147211542
2.80260989314918
2.52192670664296
1.71327967318968
3.69841672448218
4.00458447734024
0.978114028629875
1.44473133578045
1.91014217173637
4.58546508861634
3.8805511005123
0.912351757345253
2.51787469428951
3.6553491456362
3.05187590688803
1.20401027890382
3.2390053691856
1.41301642922473
2.27988365831133
0.673545001581938
1.24526409258343
2.03822797142208
2.14836064952376
3.68228106095245
4.00366254900596
3.19765590221356
3.46697409568331
2.41110031280343
0.890336292167354
2.89383474424384
2.06822630501102
0.918668041116547
2.76364112787123
1.5816087087355
3.03493014817868
1.17138932068358
3.28089443101382
1.97898454132678
3.50546139171309
3.68208954693307
3.43513687277676
2.19616309785977
2.45399065424557
1.84625304349906
3.98777412953663
0.758746280409752
1.67054092558724
2.98653375892026
1.72607281049158
1.57667794503022
1.7929542909282
3.77617595047584
2.89254304759284
2.98568674370304
1.87873740841616
1.72702965260032
3.3002765390729
2.89681155806296
4.08181778602647
3.70758987812795
3.94009764787045
2.89322322428518
3.19374280327147
1.14305502980563
3.33977367609216
3.50005483050167
3.51356945685299
3.22363839409966
1.028271685162
1.47099881953342
3.19795557372893
1.37933050344683
1.29784569380465
2.33559339535495
1.6693541610283
0.810819402000636
1.20753422960872
1.75612694044983
2.16899454634773
4.35271243881421
4.75073275723108
1.93348273257329
3.02900458035542
3.79380497782327
1.97348249163061
4.31631463678582
4.49497719143
3.49483472754512
2.96721044436876
1.74470782072768
3.1631853356297
2.72107367270803
4.01487439001807
2.45648015613008
2.5103194905775
3.53025522792877
4.35107950164343
1.47360986770714
0.988372743370101
2.31124136168289
0.798254333245663
3.36374756882792
1.80877823723299
3.31356506066162
2.10334751058329
2.72444668831618
2.78794794004909
1.41561864982751
0.792663065862107
1.70327366638015
3.66062157099658
3.4376383835892
2.65203890894215
3.34248107975751
2.88480092279263
4.11939371260357
2.41343355677433
1.38761841998571
1.85820437617494
2.81005462063581
3.9235329383706
2.011917144792
0.198266632231906
1.27827840811674
2.65904598052108
2.44994425502383
1.68223361718863
3.74306401823489
2.74109726594438
1.80930838318821
2.91465325899022
1.05342262483302
2.55623195293217
2.69962137282661
1.13653568878401
2.89361986714091
1.93841338269799
2.95134740705772
0.66826621855402
1.15948980061598
2.25256924481234
0.824117202619066
2.11212046273431
3.6881877792082
4.35909814516714
1.45261181418015
1.72340049434347
1.41595410519069
0.782043257773751
3.95592557160751
3.20571351883349
3.6986422039879
1.23368023558835
1.64587380976793
3.91920411994774
2.40206947913807
2.14184599352658
1.02593913141423
1.68720840211679
3.00270610645622
3.38356783585834
2.35529807453579
4.45423906806619
2.85352993160878
2.3556038358199
3.14307969459966
2.41438345486435
2.32577584843106
2.65761754648533
3.9499991833525
0.944129210033918
3.46798583302854
2.2242700745595
4.32316413965374
2.5669768281924
2.23461489162669
2.92396843843977
0.598774841629376
3.68094720519086
3.0161059672334
0.842503573401464
1.31525174590137
3.86487452141117
1.83721992686937
3.86795083500105
3.02911228337177
1.5468128109556
3.42238090787926
0.923494992757577
2.0790740793628
2.44569125899412
2.58096751157616
2.63368190332817
1.06571285308611
2.76890182243567
1.66013068987847
2.89199366553711
1.08849768452811
1.57856409459017
4.15556510638905
3.57194432691319
3.80192825487571
2.45362154629174
4.42383256228349
1.57805247714775
1.98962212555629
2.81206567305274
4.04465350764763
3.30725833788693
1.48146123866101
2.17395981591707
2.38082624825987
1.26851589080303
2.49184336538541
1.06885898257158
2.51264240823341
2.11059395087082
3.15240613380423
1.6604352983499
3.32687118765223
2.01642934699339
1.45599720705317
1.36014211312789
4.302968863204
1.84489501782021
2.10830570919407
2.99823853488002
3.72243229049106
2.22070373628876
2.77157220238197
1.43904613635479
4.73896254591227
3.57088853499093
3.14716080911403
4.00312592532314
3.89670544724517
2.3657377967228
0.873520239892042
2.51287588377668
3.08378684452475
4.43027720851636
2.64441622155585
1.58815494369888
2.13865878486926
3.68513157273541
1.57546687604223
3.56561256501158
3.79257377035995
2.08003413791182
3.51631720029853
1.76486095841068
1.4793134877139
1.06084485922619
3.59995265062442
2.19102534977404
1.29006647457235
1.86304337562727
2.87667769766015
2.41933065003447
3.66489552504343
3.27217587727809
3.6900821073041
1.9497646232237
3.50457433463591
2.17923494355574
2.77209236819342
1.50384377820356
3.55064170099052
2.17558293482423
3.28153682590197
0.845321578776458
2.83659210765271
4.08862397167502
3.54304950231673
4.01265084036328
4.86473643933472
2.35488169145438
3.63710962923629
0.782786177516156
3.59360965451224
4.16622409208486
3.86317908720289
1.74686177555935
1.70245893128971
2.10254890447767
3.62302360541571
1.6840886065654
3.20714700203063
3.16571436677749
3.82146257296584
3.51053412945653
2.49092815273779
2.27580612741529
2.01741511761269
3.79766291086756
3.02713141472898
1.58198363712217
3.09231698862334
2.5036019704148
2.10041911315218
1.334474413999
2.67758348852659
2.38903914688871
0.543722816612531
2.03932468842265
2.64704057506274
2.37834295910575
3.00295396758585
4.43073541146834
2.11191108970366
2.40995048979549
3.12599272300508
0.868175385925796
2.42983016978948
2.62539393995213
0.586384667161377
1.86203309918661
1.69668100939597
2.5325906510676
2.12408756661954
4.03071657967257
1.24123435447768
1.97558072191327
1.66339242311791
1.43736798298665
1.87231009180054
3.78854399329563
2.46362674861784
2.93787270718479
1.30777501965411
0.437816645749106
2.55205405146195
0.988390354999336
1.23234767977024
1.68805488159698
2.0191149401963
3.71759390711565
4.33892257141991
2.95278579106679
2.23113684480816
2.29501364460956
3.49847543493018
1.98895614871494
3.30187825109761
1.91871511155164
2.65638037064527
2.60055031016012
3.38688539894422
1.57152108860103
1.38157499989219
1.3010992014005
3.21901640371578
2.0111475215708
0.641607629907274
2.09806514528372
2.7441686444031
2.40238057419583
0.989884592343023
3.395587593182
1.31198388873898
1.8489975980539
1.94927868241588
2.00296493193613
3.78499631704467
2.32460430227826
3.232738559621
1.59983201917839
4.06323855581357
0.436796690928164
1.62870812936812
2.63347859320044
3.60335910552243
2.46663580310162
3.65599227444786
3.7253338504296
2.04342326208546
1.84965742937186
3.69361282108168
2.57429569940074
1.76499038853412
2.266509347303
1.66453729294341
2.31066626172334
2.20848916076144
3.41479639578582
1.61409154588817
2.66874908378049
1.94047033220353
2.03517910733589
1.25001038960314
3.53940874700927
2.67685772906657
1.46696707628736
2.48596593055276
3.18910785127085
2.42255112333199
3.68835585476192
1.44245238580851
2.03438128849833
2.63944771270123
2.48110808394923
1.98584376259485
4.16386401355938
2.0456015763729
2.29978022524427
3.95966320730162
4.19248679014255
2.07481837360775
3.21950084655441
3.29194809943352
2.96562115905972
3.97474860563206
2.26509100212733
3.12374158117935
0.934519533846147
3.35605180976432
1.43457788930824
3.03718289610138
0.705625948192767
1.25436093651046
4.77355722931138
3.34635589034679
1.82446541047574
2.16241019243107
1.17602901818552
2.74671627440719
1.6888851139683
1.5162119759321
3.63835510140956
3.33761515344853
3.40068586266976
2.55069505342165
2.08838644170076
0.680753973103503
0.858481425633048
2.86855939037688
0.954844727844128
3.56870509338419
4.70968830258582
2.74291735457256
2.58395356737516
3.01624009289901
1.8652438705037
3.72030800097567
2.74585126307142
3.29269200004561
3.78835241862966
1.25757986629068
2.85064080321122
0.960108198776116
4.33715827777966
1.5353488440313
2.15357625071093
4.39776853865921
1.3223973326135
2.70485073939877
2.00663133227961
2.01172606905954
4.73869212464476
1.14564615637086
3.21399918045804
0.799710083843927
4.48951483482322
1.77474403752409
0.66592718763317
1.90848190841101
3.6211053000701
4.05550658656547
3.48399970555687
2.7506461508673
2.3357233689215
2.70145321719226
1.10754041134159
2.36280753998149
3.88223398021819
2.35467669866724
1.53783588507023
1.38669643960856
3.58151382250678
3.51478473205883
2.85108208461864
2.12291318382523
4.15517336169159
3.01177359318431
2.51045442935624
1.07943590458772
3.32918449566342
1.22551442584178
0.843016081102485
2.60225989883937
2.33434863221147
2.72857140750427
3.42989659966251
2.71487891177478
1.345937066024
0.910459632054403
1.1532843340954
3.66849976767111
4.2563041193839
0.880679762543856
1.08400943914493
2.75298309172202
1.62221049872202
1.86194596081949
2.77487466437754
3.62255182707456
2.31026172677525
3.77328482568029
3.92737378139521
0.888035748818122
0.916355313260693
2.36990995257943
4.2589889031699
4.13857583367951
1.50308392984329
1.4103876826763
1.05553865733889
3.31491379405233
1.55039999313032
2.42425122018327
3.94413812437934
2.71332059118532
1.15859938568199
1.26673257246793
3.76935759692393
2.51638641912667
1.10392586556634
3.27552822070754
4.72840268948717
1.12992477232796
4.00332615526038
3.46225305476292
1.96290426145664
3.41617968851164
3.08993885841259
2.57239386842097
1.19646516113652
2.10260260095263
2.51417026553356
2.43216286304875
3.74092258706134
1.25403953308139
3.51826593228638
1.08841880077875
0.915374189191745
2.25446976323795
3.42641816513377
1.15216314871954
2.17152696225217
1.68742847313555
1.53865502918142
2.60638142293692
2.87407651099128
3.72426539669397
3.44929606486157
1.53965792238073
2.68155296074354
1.81660964277103
2.09675016257275
1.98631487749702
2.3400090773246
2.91446350557135
2.11139753094464
1.53465825194047
4.66586342834838
2.50145996687159
3.13024480888356
2.55981253639827
2.70889843549396
1.52240798672267
2.68356414720796
2.77157436219874
3.0169872961494
0.224393655614972
1.33778226326178
4.59680985051691
1.52941905533724
2.75592344506765
1.16263662047081
4.09620961136654
2.13255021415088
1.5788434864932
4.50605989329087
1.02139918782138
4.33214779781302
2.83009315358019
2.19732281761536
1.90300783174323
2.73971997518477
0.771654524786956
0.996604393660059
4.43502839688552
3.42302217243601
1.05774084578351
1.32336046214472
3.94432101694386
3.41003228948301
3.64610237832266
4.2705044329819
4.31416302958296
3.46710664966031
1.20103377219521
1.79608562185553
3.10855445311968
2.1660750778369
2.28129258536874
2.32747998326375
2.73943982548396
4.45931987481373
1.64576173568903
2.5638667954814
2.36030365996292
1.49640560033059
1.40208939330641
1.71516689358348
2.00498151417704
3.10945193128551
3.60662943352684
4.01571662039914
1.702222091799
4.10566231089183
0.952103660212996
2.7743148124664
2.69652373311584
2.90602611428157
4.78741766923773
1.86765856219268
1.652279721947
1.40349316582279
2.8831678648805
3.00468060755542
3.40310974480153
2.91690176607952
2.91133469395291
2.40850854376256
2.33605806825305
0.873124705224985
1.86027142831164
3.12586753597353
0.489232801195081
1.55880161822676
4.13702780146208
2.19930966614485
2.40371141115396
1.78893240533046
3.40524865954358
2.22957170236024
3.90471274306362
4.04251237248712
2.01725397366495
2.79917150479953
2.93145300130899
3.58630390823518
1.63205194726909
3.72964420756615
2.60405391304732
4.70888684743901
2.40699643704437
1.91866435046185
2.38600451284628
3.88490135055358
2.70856477061858
1.00052799264219
2.14949692412615
2.21049484159958
1.54081354935832
1.30479716694823
1.66862938110825
2.01336557712075
1.38506143830415
2.48759347001759
1.94818916469947
2.23969242816028
3.28534484747027
0.862006192693172
1.07023721852954
2.48797828283324
1.02679016627268
0.994231424417104
0.965227583178006
3.30732849929148
2.72049079473628
3.34147256905687
3.16903949798123
4.47024894865417
2.63669369459662
4.24382214405044
4.05080107807638
4.04522221802175
2.3171220715899
3.34331332716384
2.18441849616136
1.13665515123346
1.23878175780304
1.39739085582532
4.1714528575293
1.28704946321432
1.23057755473559
0.540297241431888
1.84143378162928
2.91356032024885
2.23052124145583
3.28042370239864
1.64576742216629
2.0977636579438
0.870103914503624
1.35757552029887
2.97191157023418
1.25719590768267
1.13378893155937
3.71767270887628
2.30926999652608
2.12519226514706
2.33122206717273
4.3451456931675
3.07380092427574
2.29814718828461
2.81856442546228
3.43628138989829
2.01607198760887
1.61713716526636
2.63088768411854
1.29748042490763
0.424236545018511
1.47430710715526
2.67466848699125
1.3557842793098
1.70922680747062
2.83706586350857
2.57900588205086
2.16614723984344
1.51548576516758
1.74171037533749
1.31752071280016
3.00833368734425
3.40889556445668
1.94485342344094
4.31860336208161
3.6229419796389
1.65146553900825
2.11031027355814
2.77010999997099
1.43318383517506
4.71973309677214
1.62523594755602
2.27146733199397
2.28684139990219
1.44078165043453
4.86586023086369
1.05112583519187
2.47841111166947
4.19210387596621
2.14155166656313
1.80388564491396
2.93007535462402
3.97664959785691
2.98527326726906
3.36253341385074
3.70781239807968
4.43214321079423
1.88095227496386
2.88348363892286
1.56017821857541
0.988479827981065
3.8468107448947
0.535505807435074
4.14450881666251
1.61489617373451
0.635650939744262
4.18008300423941
1.5520830178729
2.66204827145711
1.72352926959165
1.90097429223529
2.96476201075273
1.54444814959024
2.65524979688823
3.55788489733834
1.91513704480266
3.94392730252722
1.66431820060131
1.27138578387476
2.58052891417204
1.23157678783326
3.18770766554453
3.33319742275334
3.53427966870903
1.51163350516237
2.84868473332253
1.06041337112885
2.45838950475865
2.66948492493137
2.24480025000655
2.02036780587792
1.23135458108733
3.36125465971549
1.41127495562017
3.38078752751192
2.71982442311624
3.6424232637083
2.70450434405832
3.27093363936533
1.75104876516212
2.89183096671825
1.91766787726371
1.87660266942124
2.07808109181456
3.57161207117495
2.49529905537933
2.78880474178967
2.8530694382757
2.10012233387369
4.22676118364371
3.61585188502072
4.55836471251487
3.69011257617214
3.37194451454178
3.80195075021363
3.83167077831454
1.45508329954942
3.51890565792745
1.79940007454408
1.60558155692481
2.72192790685248
1.55032076590675
0.427114835579387
1.63101823639941
2.04545026966169
4.0792379725092
4.83638657505853
4.25587962880639
2.77383797098004
3.30473526897268
2.47921919031294
2.72522029874422
1.0972462953225
2.03188747430517
3.34008911896856
1.61769836978154
1.30887663116905
2.57393569713626
1.29150712518277
2.01592414880219
2.30029249781027
3.61945781844275
1.2735528055343
2.97761232368453
2.06306180108346
3.2189685826376
0.175272936661255
1.2101275733202
1.32249172023033
1.71324092327964
0.916873248924251
3.94279697769844
1.0926124679207
3.06003889999996
0.31818862460017
1.09192168546344
1.39192941311483
1.42181374692693
1.10623407516604
2.05522147191585
1.18144289490276
1.48283421474886
2.35533404197573
1.18107061803462
2.00582931239579
2.12425546389176
2.95033493555456
1.39599799396217
2.42363988755977
3.07172824507592
3.58531000771605
4.0074141793668
4.62289813431224
2.86376465782323
1.970981797081
1.03476101680716
1.75420252196677
4.5444018762308
3.53336774481297
2.21878798194212
0.946122217859128
2.26596288558229
3.29906454877169
3.89044820315923
1.85335837270367
2.73040431074793
2.1998367485634
1.37524188382083
2.20092829296052
3.04556246637572
2.07752222547509
2.28788415038601
2.92003679984293
0.588988021468837
4.41096203843096
3.38128508445585
1.08791197642454
3.48339429787523
1.54197515705666
2.26773617059809
3.84134259469706
3.4415438374623
1.74957408991158
1.56441413573476
3.5414395368149
3.38518670988863
2.15851317669456
0.37480209142937
1.12008227769066
4.14755994972522
2.6980335290098
2.21531349605073
2.85151639359424
1.33627177071338
1.27421699110819
1.68056423222608
3.0591972594678
0.877517102090296
1.52499181116359
3.2353265454236
1.32409974502782
1.80073419037359
2.30361115019148
1.16101343961198
3.01758482833137
3.07367210194873
3.94061677359649
2.34380655195428
2.80971240132537
3.10035169089456
2.10313204713747
1.97747822017544
4.13848173757996
2.52251095273661
3.34279010142054
3.11254087638373
0.849917740367365
1.96370464346887
2.67286539152106
0.221908906039238
2.90111030620245
3.05488955398972
1.10843300885549
2.18555877953882
1.06509096471315
1.97825044583003
3.99959966988815
2.54454809184408
4.31295627566425
4.05435921335006
3.50579328590173
1.94208197950046
2.10432938876953
1.60615133212965
0.84681933860096
1.60557340015078
1.22305270027357
2.94017278867015
3.90211780629546
3.91287778877222
2.60577002772604
2.62119302005061
2.0011056175487
2.40389939074221
1.44431498840277
1.87235074071511
4.29102737112413
2.85185856371573
3.8608540798132
1.88081966392889
3.395867057328
2.19501985626451
0.766530539947019
3.12645058520471
2.191777046929
3.87139711268401
2.75518840711171
4.47252351657417
4.71635557851114
3.92142556574374
3.91308787662545
3.84944787959944
4.81424568671269
2.46257479435774
1.8318644860223
0.498976278462575
0.97978259654425
1.20279070763462
4.27703763088925
1.16311882253648
2.97519630740179
3.08116076267048
1.98613260823342
4.16564874692554
1.94357548553294
4.05950057915089
1.34101311250366
4.41205048299564
1.30591461858684
2.6743858103601
0.907768303772332
2.6878355399916
1.28608912118705
3.50067633131002
2.44154741716244
0.636159285345406
1.56715093947909
2.63978340160113
4.15901451681941
2.95718424973705
0.828189950305875
3.27887868819756
2.18862844249842
2.88355109921783
3.63614744563556
3.64474801467865
4.06086489482078
3.9338409584715
2.14424835929912
4.11775144995614
3.20719217681627
1.87913491941979
1.44315742485029
1.68279562022829
2.06717732358435
2.81697735692407
1.83200972174835
3.91277931465891
4.07435971110406
1.60540511402433
4.77133557568327
3.08916355607204
3.22642770720738
4.3170336451036
4.76794911891251
1.7224647035313
1.19830802689025
2.50062482474651
4.62909382315707
4.00573683510595
1.69083703282778
1.89141809916032
3.1210232224664
3.52244512785375
2.97817670038656
3.70659090295487
2.59264356008881
2.15658751692527
2.71878458710281
3.36405244258526
3.44303122912597
3.40900247968785
2.52063354458387
1.87206396646918
2.35400977295393
3.72253471557738
2.43098315990324
1.79968674300752
4.35222185584468
3.005332118834
1.75211125263692
1.09181249812663
2.04563812010387
3.49569511970593
2.37003658567809
2.02321358917706
4.45175864177557
1.20735785037166
3.93986332002201
3.74382677623756
2.76107372698402
2.08098797854422
2.82750230175405
2.69813737537836
0.825155843359646
2.67998360112885
0.969799046757872
1.3999135215147
1.59050051008294
2.39359626210336
1.5614615917339
0.498119230095236
0.784136533164791
4.30841680079553
3.7672981548128
0.839879037945448
1.60164840564709
4.62958463828789
2.80086975271207
2.00655488912299
2.96109053489745
2.33899426858821
4.20189493071489
2.33690304568279
1.64882995364092
1.75296998124672
4.10774733797518
1.98513402009708
3.09724570909983
3.06048561090909
4.07846648603618
4.0712093987662
3.90431068907471
1.06090643393039
3.30424771827077
2.09538057232413
4.17394273930003
3.77900097898202
1.13207496894405
3.09704293961167
2.37751179700063
3.26678095714826
3.17477814248207
3.06766200823854
2.79588442298432
4.13420322111174
3.89092593825494
4.26451074156901
1.55079295183951
3.95861584079022
4.71261340231361
3.44698786610669
1.72477233624982
4.33571500408154
2.7841796109589
3.70390466789412
4.33715953649175
1.46622416547725
3.56161788446139
3.52963124574367
3.73110855448343
2.33647715169112
1.80145317665309
2.62756813159831
4.0192183125563
2.15687147330676
4.51318400742644
2.8269610720066
3.69054670001717
1.57743477120631
4.28103814179242
2.28950236787684
1.85031954633423
3.69105947638592
1.74776611798803
1.83336964856715
3.4580724389994
3.6817644003365
3.24257156213378
0.922441543594422
3.49529357272363
3.19651109764371
2.59087779785344
4.32222074588836
1.16824732822131
0.853352416846444
1.98481963944517
3.70505008304642
3.72754928915235
4.21870935972897
2.91715979524647
4.25791373410155
3.58216332003654
3.7388773859959
4.45183224035274
3.74190923375375
4.43459225718162
1.41559565575735
2.01942315214177
4.88180175702418
3.03786325518395
4.87311398169071
2.2975372754426
1.00647555587252
1.88189094561966
0.631301439275468
2.15358827523223
3.18479545177778
2.96311910573749
1.61467025328225
3.55618789184906
4.38298385596379
1.886697750151
3.84753064887766
4.25435529599621
2.30579315601487
2.04862344228412
3.11253395809193
0.677022441982065
1.66987204552137
3.02403806197339
2.58902190141479
2.42520341322639
2.63649137765917
2.26639524685448
0.86948355305236
1.68393990009046
4.14985177666514
0.970287154019171
4.76845586443981
0.977099629828844
1.90577487787412
2.7573063322072
1.46422947683402
1.68173997613643
2.49067935881463
2.62577818656793
2.94721031615816
2.6575986577049
2.65868303508955
2.86970936369097
2.27376382654916
3.99718672101934
1.16174239721004
3.78027151301441
3.35433321987847
2.35575351949657
3.7451252547216
1.76272774680411
2.0647980783151
2.24391400645505
2.60425772917965
3.80560094605877
3.1869094136386
4.39476888739817
3.91225400758696
2.19036587001425
0.94753915972348
1.73580150141642
1.78950509680154
3.49953443989769
1.01201040554656
1.73218644909179
4.45053215409718
3.21956270689254
1.55293108332971
2.64106173259887
4.65864721879162
1.165333328538
1.5561664527102
4.27020383801786
4.63420860797262
2.57779372303335
0.891360191219419
3.93186982730421
0.972904577555755
2.31133505572879
2.33255726417821
1.42140126993741
4.4159212349573
4.53875602377417
1.87956747497215
2.61382830084601
2.23121735091518
3.58899133881642
1.47298550483032
1.62751391302932
3.332973573566
1.43142610157582
4.14782500780619
4.74847275426797
0.856946469939909
0.595337277718184
1.52178478849134
0.625144423545029
1.66164706095086
4.15944678875448
1.89399979572635
3.62075684831757
4.70937015162354
1.62821838652712
2.13606829451674
3.46024965931783
3.45757135721144
1.8512716673084
2.36305704070092
3.17447333556697
2.94778095175101
2.66081248490073
2.90025674907511
2.8122746361844
0.761003018469809
1.11128291999349
3.43086678530076
4.00642282275838
0.744320889438652
3.10216289513428
2.51819246254167
2.04755398298936
3.34728082675655
2.81132224233066
2.50630409113753
2.10711151169286
2.87233440505922
1.18941210662481
2.2040725697495
1.86275485984474
2.23732410099108
0.597753721406117
3.23205022354287
1.65257247624857
3.74756650101588
3.83896920409361
2.04305114669176
1.59604411426132
2.37287082362818
2.78939357457528
1.04810264995857
2.50426301985393
2.24101392529082
2.89623428440895
2.64007922773834
3.17342992009363
1.61413008034402
0.685421154644145
1.14364649327584
1.48275112363415
3.49224021300308
4.82302873303102
4.32496502842409
4.17602497008956
3.2759329409681
2.4787230705994
2.99146379944538
3.53473438108404
3.12982251506125
0.806938605355853
1.71397779689888
2.34155174211735
3.18393243092014
1.39833351860736
3.25426629549861
2.1200471641495
2.36051944992074
2.19362494858749
1.79844244597469
2.57441471236278
1.60783689530659
2.83027422361781
2.34920979221536
3.73588542510983
1.82250672340782
1.9128555016152
3.9765067016528
0.767620389650451
1.40093264118045
4.21003658655366
4.60844611773962
1.18300944123599
1.66609332239353
3.62877917033739
2.03424515123042
1.36456246976422
4.18038162558268
3.13331582916349
