1.00747509251206
1.60077191976631
1.60871292562
2.08104935306399
0.287139362246731
1.52013519807996
1.00814604816221
0.0760857930563047
2.18409306502918
1.62830861680953
1.94663065544796
2.60414261404432
2.1455481629572
1.12168875063422
2.02306952977151
1.09919387842457
0.525279914210532
1.35117695394764
2.96484519012904
1.87768171710984
0.98104686109698
2.02232422333491
1.5501103881971
2.83196371062817
0.636569743139474
1.96816899053149
1.95292232301932
1.05670904136736
1.05822034160668
1.16618211342647
2.203781298176
1.44678311461533
0.900933609963002
0.640489387466607
1.20284423866674
0.997453840375707
2.23472303622585
0.885544286761686
1.3951720212008
1.04929609186736
0.629700705710019
0.261983629003905
0.638905420484186
2.55776422152093
0.82425389384995
1.18108233741622
0.683141254356148
1.22665213864529
1.37474458596295
0.289760219666855
2.54885790523578
2.13089845802599
2.98785656858292
1.17763325819464
0.539328016619167
2.26255958405717
1.78770889134247
1.6040594601479
2.56925712413331
1.9092861858582
1.16881308006664
1.18615194528875
0.403324374232363
1.76474512011311
0.986028869491778
1.15034666869388
0.726519702916749
1.42196563412416
1.70541944419323
1.91859920911695
0.186671336223436
0.853072423984152
2.55652972366232
2.17031922299325
2.19460679054655
0.912084089603727
0.338123583731607
1.51532134281684
1.13438156885718
0.55851325304442
2.15248744371008
0.104927922679175
1.34842798374789
1.72708580759945
1.72888361228105
1.95158082827995
1.25076780966657
1.9712691808403
1.91531812057979
0.778554665420291
1.36184109912108
0.272315387650716
0.42928097114921
1.54954724178891
0.946743342441448
2.21470199420495
1.92643670679957
2.41001290137093
2.58630008214809
2.17482803281365
1.19874952647436
1.18335246091917
1.73421683431543
0.729415708493363
0.869397596201307
1.07100309991533
1.36994406628883
1.64642820901492
1.66448187038319
0.172819071291112
1.42757021811386
2.45646029260822
1.47332880592923
1.43108250090081
1.04251138637556
1.68948772552639
1.34977198815234
0.0740855126636817
2.59276995527576
0.589645804188149
2.05478145154015
0.564811052219312
1.47291627989247
1.6849773291912
1.0209630376945
1.93863421894659
2.15277746324011
1.76693288359058
1.62743595237694
1.63356100925978
0.905232566498785
1.29710385566675
0.699210363670478
2.68498698180231
2.43186743745765
0.68026889738808
1.39512336200448
0.610818970093555
2.61415105064422
1.4318517097456
1.86916029728796
1.71898722247129
0.95232511778587
1.23392243045414
0.242984794072537
1.12451214573565
0.726829923082324
1.36776245407953
1.93294680746457
2.03299468129136
1.15013924341684
0.151359288823425
0.404086712555443
1.46942660165316
0.756006122994682
1.2680326661294
0.169163484451484
1.24908831337628
1.52589896996924
2.50631303064171
1.66143728167531
0.562806014502501
0.783113258329264
0.562411632578392
0.700844718046468
2.05466444993905
3.47078100146835
1.00781303585759
0.632857458174258
1.30764521738693
0.235451076998336
0.328787295508977
1.1636855376137
0.464855177196817
1.86624654228469
1.42645482571024
0.597640734245938
0.251104712442204
0.378787534317157
0.930907650378522
1.00543404351212
2.40700213066386
0.736566567224817
0.867141936862
1.91294689868329
1.8550965999242
1.55650071969272
0.442120774081626
0.846535224485279
0.00274437793229755
2.66995460332592
1.60953105396338
1.57001911803377
1.10217145101927
0.435106913215822
1.60793548662494
1.13114444379268
2.68461495806279
3.51464262492727
1.16775529658914
1.1268092032779
1.80881204674774
1.28975459585185
1.28448872650592
1.38071865070912
2.9999150298133
1.1795010311017
0.493062593287911
1.67768370545938
1.9165191700463
0.652501285456397
1.65872538917844
1.90787305098789
2.87640905333285
2.58990924019925
0.566079399436852
0.648924312696328
1.65590180876155
2.82479703928967
1.36015601976083
0.663450836102613
2.06600414027747
1.6012254042585
1.95456384222318
2.75503108738271
1.14986802760534
2.56593141884743
0.887669214745132
0.841792871252544
0.307884270857507
0.0896749568945458
0.614635066480987
2.01142672509217
0.861501821735895
1.96284509622528
2.08514312024932
1.13230356465695
1.66367825774633
0.539623782413637
2.90273455530704
0.318314518433237
1.22796935372013
2.64589268956513
0.175629438788107
2.42214764856636
1.78814267224554
0.99735876672042
1.57758187829436
1.70604849947799
0.315491632808644
1.09829962437918
1.43814784093506
0.798836626318764
0.785196708715001
0.653235607261838
0.0343224813635049
2.484032775059
1.12068956788785
1.14350264641643
0.539918638485713
1.31296454445669
0.120690435036084
0.676541774215267
0.528601347884013
0.654565605489901
2.57391445319899
1.60673280468259
2.48086304784329
2.00954674061264
1.28037594549936
1.28493634693042
0.18970724782359
0.453610670891702
0.115184772871802
0.817474197865785
0.773843974114726
0.856443956654515
0.777107188214794
1.5102731454866
0.88562570995174
1.36744613574441
2.15623087651364
1.46643747871876
1.13589510346746
0.901931419412487
0.511056431515555
1.52351393515964
0.962877987960767
1.13582852147118
0.824260595598149
0.878576252201462
0.174865578636459
0.0690246223310325
0.597689659452517
0.671051683837932
2.04356724557104
1.51820320820562
2.15342143352028
2.68131036028166
2.48284911085635
1.70058857258092
0.430374807471274
0.278106378730121
1.95674067899647
1.82696444901601
1.97512845804522
0.641739807340716
0.70721640163903
2.19754119656021
1.32952159479477
1.33123352670233
0.471588696769279
0.71953152062371
0.409173608451748
2.4234195226397
1.38260966959483
2.43808626679657
2.0577147081422
2.17525538606297
0.203627911415376
1.47050336950142
3.08760199327992
1.28217552190034
2.07034519677319
1.16447699154351
1.71321493842153
1.08606926710452
0.649230230225237
1.60399821351886
0.687764222029649
0.599067841010913
1.97313671238327
3.3557322703545
1.29078500210055
0.534549054948697
1.93999287507392
1.41574765149038
0.324537942313274
1.85608558305851
1.42839396285315
0.392791165662212
0.421913155017015
1.3328914212809
0.23799619564526
2.52401845163854
1.21802294272587
1.87755925272605
1.19148909381298
1.45457810590734
1.32627191287883
2.48343321413373
1.05257081734459
1.08737601949469
1.01995103321682
1.00565891680829
1.70898768239387
2.11513126238079
0.360196173612201
2.31029988070547
2.62273006212422
1.1494131550853
1.67680041402504
1.58989879700079
1.63351793530568
2.61861766261267
1.2160836838043
1.99269588646012
1.61033781645756
1.139343667785
1.60182643125083
1.57121555458938
0.804576104519518
1.13025435543643
1.91486577316216
1.03688424458017
1.26715405200614
2.64259459891549
1.05064744808392
2.18649801608367
2.11833544550761
1.48570072946011
0.743689023986808
1.75866881432658
2.21767879678743
1.87375713159525
0.752368004898415
1.10121587759384
1.40109783617053
0.547721193664377
1.73948246894008
0.318982589736155
1.87117097323924
2.42272308039663
1.39732781428902
1.69016784040328
2.59382518799754
1.72343227542444
0.355366500289309
1.31782728293805
1.2177373765838
1.50610055391974
1.6857690901246
1.41303455383892
1.52725807571046
1.20672759902388
2.70101809342643
2.78767458848914
1.97564563810812
2.01679564328042
2.14002181850806
0.335282102240171
1.41958841871242
0.188414317294055
1.17844443838684
1.19212922909064
0.275559102971517
0.426696688582331
1.36664317422001
2.39836037333811
3.48808171139858
1.62301723028718
0.869473303572952
0.604169209780373
1.70809526043971
1.83916806532411
1.5694032370715
2.65724215479908
1.46647227985835
0.908033650651503
2.77644648644697
1.98596181816169
2.69421976684389
1.13498135216887
1.57676867674296
1.21551072905008
1.63868702846928
2.98152959614668
2.51789070256894
1.75288174000072
1.48873993622606
2.27635489399526
0.671278011076469
3.27345127127002
2.00427076627437
0.760671012338938
0.569715075053078
0.361693521473774
3.06170432963158
1.06674540775555
1.69605663520229
0.574830800785234
0.671260098817583
2.24678260021214
0.576195374439356
2.19699341122719
0.793538053084576
1.00495677033324
1.09622216489453
2.75871856764753
1.54449917135253
2.2324601184456
2.5897688489196
2.90218434758648
2.53308897580637
1.1321673821663
1.18748984195188
0.648831388115246
1.68947377069489
2.08328745201118
2.05362691493868
0.572067879700254
1.11303163090346
1.3539384812151
1.52946201824897
1.14444459103337
1.82927118839659
1.42783521682867
1.02622306572879
1.99660856887984
1.01211147544369
1.70955384947473
0.987610762053895
1.60596912921306
2.01551462330475
0.588970110158991
2.95970878013802
2.66940059827605
2.54897288410591
2.71665051139123
1.68829613774908
1.18929742878338
1.77368662022413
0.888863534029002
0.671172687883845
0.606666560701479
0.939101359252061
1.49507731688337
1.57351609335219
0.698415296881275
0.314463194860724
2.848920095816
0.452002753942991
1.46967150903617
2.02072987653167
1.65194602613133
1.18336994759602
2.24104041197266
1.27176362603788
1.67424407647466
1.56885606833714
1.31488733806866
2.93654582712214
0.434096381610219
1.78147812202218
2.02217257945946
0.725133474457905
2.19348891039036
1.74300506686674
1.01337851916012
0.935926158308605
1.01280082686097
1.80905942560126
0.175687285838833
2.44195983290673
1.05746113646114
1.4314323043302
1.23426923397438
1.671715973172
0.61018681677615
0.711151173953989
0.957399786566776
0.531360024440734
1.2871494309195
1.3205834615115
1.23160389059492
0.619334236437383
0.603507103686567
2.00680363405341
1.08761194125649
0.548878716405239
1.24889082620803
2.17696820362236
1.94913267018885
1.31108811766505
1.77651585968338
2.02274708214032
2.02806245736077
0.982898084419106
1.6801869147985
0.799999965963693
1.79909799381755
1.77203917813592
1.72069623084977
1.4703531645422
0.197242898084086
2.13429761902341
1.26302250455138
1.46573312287082
1.94706574905711
2.42470126859318
0.958278818857387
1.10148312248192
0.298493535390568
0.783078520525292
2.74486402314879
1.42098276397698
0.41890289713819
2.78385191963353
0.129456542411472
2.34770055077925
2.87871628393156
2.84864382971486
1.06582515720104
2.08084284697444
0.6341894721134
1.23822987754799
1.02896721246776
1.56895194879852
1.29238910649529
2.40126581856356
2.654362557147
2.73606837910087
1.93491171097231
0.580623559079366
1.33610303456232
2.46458847987785
1.8079019900521
1.41011660211614
1.06958058879774
0.317474602065413
2.10382201276419
1.89251612310737
1.7894487992666
0.363322266393553
0.802750287135368
2.11277442122597
1.45975699500208
1.72749814398309
1.92744981088342
1.82943897358568
0.147794533342937
0.401192797096957
0.246318577393986
1.57893223883268
1.15064418271657
1.87655380497071
0.313747372610205
1.41275755306788
0.95981830948119
1.57608834885958
1.49196117916398
2.27786676425367
0.360768279863849
2.39467798653158
1.06084546873947
2.41401363756838
2.25959602497319
0.805852121769809
2.30792651114473
1.34534106449798
1.33049604156808
0.309016292692521
0.666748671037817
0.551983261930374
1.60453677574499
2.32920516546974
0.582014077760184
1.58209080046596
0.293000155294562
1.2629567762336
2.05987196020777
2.16220571001627
2.04220783128725
2.55237459388109
2.29514018997524
1.20925491153397
1.07196139583095
1.69096612276356
0.353114284687825
0.504704699375849
1.15143230830808
2.5851616895143
0.793354849398448
1.95511032630275
1.0814664874725
1.11457901321096
1.92158019546573
1.00084022786318
1.95296986092423
2.32841607656341
2.24778534520792
1.40442718684576
0.89087320507178
1.40408795920587
1.09320777929252
0.150156445451519
1.56013602501109
1.73704564086743
0.629538188929823
1.19599145758318
1.78431667703672
2.49731433286689
0.660839376676473
0.509923687295114
1.8500057515654
1.78418560402638
0.599108718811468
0.524622614236576
1.46590569550656
0.573716710863968
1.85674346792211
1.46819376092351
1.33545605163919
2.46071054899892
0.755619608184806
2.10334171785374
0.32952610665942
0.849279937558997
1.52407647938405
2.13439450188681
1.65978247708078
2.51957375790387
2.90016237970393
1.85585179767645
1.66181201356418
1.42415203058121
2.76812724624581
0.230905552555961
1.57958438788657
1.36284666971448
1.22236392244596
0.651466407257411
0.130662668088235
1.53636878382009
1.57892097569425
0.951976364258743
2.22801246926928
2.27414798792347
1.28462582138161
0.984217945119068
2.50598747088646
1.56875396864954
0.295380974997287
0.56982944573639
1.55565010942905
1.27324969494182
1.08689984019229
0.717522124592815
1.49594301921267
1.47786336327964
2.18422075303025
1.87892698481282
1.53998085973972
0.378235657252067
0.74877909610629
2.0057526690224
1.46502834413168
0.772683868224505
2.03854387034331
2.35669957166543
1.39048927075165
1.56118872374482
2.69482479057519
0.872326355722301
1.58848259209244
1.33092443680196
1.59346890776965
1.2912881914979
2.08049729097246
1.18434153750841
0.894237195644399
1.80705290080326
0.93147096839223
1.10865029724826
1.25982467076103
1.26348326619999
0.824125006963121
0.997010550397323
0.47414237720403
1.40114266015164
0.715853198920166
0.246762945474656
0.873518095353352
2.12259744657818
1.09598140844612
1.65434711854597
1.09526709795122
1.4483648838833
0.259455960030865
0.568458493755797
2.16265890433426
2.15366320002129
2.08757894806031
1.24342184401133
2.15023492493791
1.11949627556837
1.74539950059351
2.45936179252124
1.02650874219776
1.35819512938859
2.9711531069071
0.418886734701508
1.95616722234429
1.73056773443469
1.58090096846021
0.504552450748377
2.30894118932825
1.10369429391799
0.387445423402936
0.370369567684875
0.545079061534475
2.45180428936241
1.10947890986267
0.55279464197268
0.277139141169948
2.18166866112652
2.02216235816023
0.516852318647077
0.79117838381281
0.198496406044339
0.191663923557549
2.17223059660006
0.98712743676911
1.59010455965297
1.80826374035304
0.140609721842903
0.604641198487952
2.26079679912577
1.76667552767525
1.96884129739688
1.2524110369708
1.10587805752618
2.06573466558968
1.37917925580628
0.257910193118563
0.292167178716345
1.73615883963746
1.95832726745365
1.36557160867824
3.20466843766661
1.89306962561184
1.03025361386992
2.7036495784487
2.10765463704206
1.43827350455638
2.24792262985416
2.0116209814536
1.64036232585711
0.977868505254655
2.41431901250797
0.919943496070754
1.49315912185654
2.40919928052502
1.4746184452151
1.66107139461688
1.70502208827626
1.23149061943638
1.28131496977418
1.51398703983137
1.30873843991323
1.12556100768571
0.589149177647783
1.29234928809571
0.775113881777687
2.72700659464201
1.89493010917434
0.437442003510842
2.56012786579936
1.10937356658076
1.98948385560623
2.78043698327122
1.10480459573045
1.92167418694562
1.32699758225824
0.896139819004996
1.94433409861988
1.17265273306085
2.20558843282681
1.4381435655261
2.29665864795765
1.82038194150358
0.687589946143696
2.47916226811331
1.41073123294147
1.14169845234353
1.27997200550931
2.15910804764474
2.27944152386003
2.19363005710459
1.03771106178333
1.14524260071291
0.503484734273457
1.81244516940136
2.1070604098313
1.66089506225622
0.931077140545743
1.14323967147958
1.63098924248825
0.440788625709242
0.779619125432767
0.605522990528116
2.07773860508917
0.648188639138881
2.80799986449091
1.0602097041187
2.01136908013193
1.69422271005358
0.455347012721719
1.14566906565024
0.391115944963828
0.822369447184318
0.402871741173255
0.367574256741215
0.977741631257477
1.05727782810531
0.595023411673113
0.847181236791825
2.13685824189066
0.734773030999474
0.483050749006096
1.77137302809318
0.860760590373087
0.997227974989074
0.864171054416533
0.896367833192036
1.82447990152738
1.46176087157621
0.184507183756848
0.354306571952549
1.69105710447302
0.957252130164333
0.858708173074973
0.419113870885219
1.23462621430888
2.76762312753464
1.78990497747747
0.867071900888641
2.37310423530515
1.78978507829574
0.667995489146394
0.651778691339719
2.27995986510979
0.607018858045356
1.17608650063542
2.94531777807828
1.35064410352932
1.8381891901425
2.15058128163926
1.52287248991208
0.581235548322151
1.37061391805879
3.02398023914972
1.01823613695588
0.632654447177621
2.53880675473039
1.1574556718259
0.877604622308482
0.0698941075944851
1.27044109112035
0.544584763964176
0.197265667734491
1.11370014350245
1.9519628622459
2.76320441014082
2.48238619654014
1.95139816292769
0.967181623031777
1.89850861140876
0.929867082674993
0.367461119002704
1.1010634171762
0.649085862948044
1.00080406822464
2.49009495264087
2.96741590868978
2.38621462206606
0.300312331942593
0.815365841421145
2.74757648576422
0.665839645956149
1.46757250250889
1.25962640004692
0.818361436376989
2.02827194811989
1.3294439262871
0.69355396723157
1.35917213163311
1.39746698817297
1.34528025588242
1.00049196862843
1.93995477035358
2.2488652457793
2.60139978787561
0.794777315605172
0.41924730690818
2.5450595195227
1.64146782824737
1.10951965615796
0.324011479607617
2.27126930938421
1.22779587215855
1.57806153604238
0.755641027227138
0.672604580745289
0.946046269602691
0.850582290610388
1.20264609903974
1.54402072760608
1.78197197290556
1.05493963417916
1.80493360396171
0.16273954924168
1.05541922348611
0.863523621551423
1.62301010159514
1.60363167311962
0.798184514229507
2.56078503530154
1.55631392231013
1.35113077618821
2.98676272569168
0.740603121973682
0.329694634702582
3.08067292753184
1.37026814148283
2.84525448901382
0.053886120253342
0.56280991136614
0.223677911684185
1.59270181438255
0.954702061278513
2.48484756641505
1.32138266385554
1.62303396477895
0.993712865429574
0.855553694472098
2.50235193522423
0.321470943314179
1.67720023598556
1.07041139844243
0.806470514820468
1.51708147846399
0.747427046280574
2.21705857974334
2.05995671072706
0.525297941862229
2.24040204155276
1.026968863926
0.521157115475272
0.762561477647034
0.316155050302677
1.15050482423576
2.99718917165233
2.27856802933736
0.670338540678013
1.37583247715727
1.8256318160054
0.733963449105495
1.56357018502344
1.35347009549896
0.942377698136376
2.38500836157405
1.3144359888947
1.55542204972498
1.63582575756842
1.24549569140304
1.7930269745076
0.374327827336232
2.03568734462778
1.94266982417898
1.13821970369751
1.63422794112216
1.18239621535058
0.925213494894058
1.04924958549874
2.51996185485375
1.96090259147614
1.9278527763587
0.371243275703134
0.146858087908038
0.696350646650098
1.12411071302388
0.754376472358853
1.31698248300693
1.41714560663578
2.97737651687851
0.871125398487066
2.16879435749935
1.82097227626036
0.967139286114111
1.94790667934453
1.5183275182195
2.94198201364529
2.13207959408309
1.32162013869714
1.22089022380119
2.63299452276056
1.266453687877
1.85277466642571
0.344423986030979
0.622675790129117
1.44846328265186
2.11160680932911
1.50484331715078
1.7155844621783
0.212883346756012
2.48043763376067
1.43866867369913
2.18574022016058
1.99719208289569
2.65946890535187
0.898684570788082
1.74661970149397
1.52144938450451
0.761970589157988
1.84662126925144
1.6565583350534
1.62765773007076
1.64008512592775
1.77331166382572
2.05756610912711
0.808587609988042
0.769537515182319
1.38130954184738
1.31409914185584
1.49757574940292
0.529564229631905
1.17905343781187
1.82025877042497
1.17825383855641
2.10457338158362
1.22400678574461
1.40055461211275
0.8387644418305
0.550596950718432
1.32916892786559
0.822007408552159
1.19372851608599
1.98288842848168
1.53451606274101
0.851060306754913
1.12978570622051
0.518341758836748
2.87720826980315
2.19144592683072
2.02419352461833
2.46476299329394
1.63434433755356
1.69596521063095
2.11281526882339
1.75705621505505
2.70523240043718
0.907650096668731
2.12429682818727
1.38430299213117
0.394169385781584
1.88131235033997
2.4070929642568
0.665998011482775
1.53502802410053
2.88664189942549
1.27963007601879
0.914914654477242
1.76509048540802
0.903302597576411
0.593985180685706
1.99378363165593
0.162626986849132
1.18195989906556
0.571592611733434
0.359647920405248
0.947194411219343
1.19841644059644
1.40219742780225
0.656517022229668
0.453357294669241
1.13027565672862
1.22466775397744
0.871483295369603
2.17943355889394
0.122259593981753
0.693773598111806
0.0968548493872878
0.64304229512503
0.308146388034955
0.665278127679793
1.88933980285805
0.264164642622765
1.3535298772078
2.34563048711699
0.718655043579867
0.537455331284786
2.37018498751317
2.02806934850133
1.60849049737173
2.08841592574923
0.322956773418541
1.51721728519668
1.07589217997841
0.798807477222799
0.145954908282481
2.63391673239346
1.63804775167908
1.89183462483989
1.94193905908768
1.76747355955071
0.431491409306916
1.86244592018368
2.19486168372546
2.6512245499689
1.07063169487609
1.52110857481723
3.34813560710287
0.0838157828232375
0.879841044302606
0.620149387890311
0.99883091847059
1.91516593593786
1.79035997382332
2.03317323274314
2.3381128128415
0.894920551156309
1.29273938185604
2.47189019184726
0.954025525219181
0.481628519499078
1.78661272205873
0.570592886637514
0.974287653591427
1.46161787850652
1.53502004711354
2.2240917691373
1.31799565841207
2.17694904679046
0.530586260931233
1.7766764385997
1.33730046228499
1.4644893908365
2.09588260914566
1.94744050180976
0.658623890369574
1.4174579114487
0.865750362417484
0.295191422765091
2.54760677433459
0.633587848157998
1.4530910070509
0.248856151233856
0.757786294022645
1.64844810096049
0.255234879042068
1.48404543618521
1.81046173802848
1.52882958704403
2.97393613723303
1.38578855264242
2.80501024681387
0.191192390329838
1.82589108275043
1.2773351224826
1.47673143682399
1.94464947038598
3.29952763687023
1.30471875349822
0.639355337620866
1.9098385149593
0.746504992232099
1.8900293928671
0.846684776895776
2.18761388425736
1.59641333659417
1.97257795094742
1.61194359525001
1.61545709095926
1.62709744046525
2.05432262343857
1.87881719109893
0.584597203080748
0.942207286856092
0.44205627977455
0.267099912161719
0.3728450162161
1.56904801162309
0.962313920442494
1.48463121899002
1.17963373066725
1.09935331334691
1.13879893331824
0.485130520653576
0.402864523269501
0.503957891239295
0.0978542766741395
1.74708387326206
0.954605108282599
0.219280874539813
1.16704994141013
2.41555598513665
1.68264577120555
1.49490747744859
1.29418446068826
0.718632718479894
1.32967957417207
0.983879076770355
2.19036207573925
0.590924897147793
0.919631552252185
0.140690746943095
1.30930939154298
1.33749967674611
0.642272751680613
2.15969824722303
3.03422851854
2.20927847124762
0.868670762013942
2.16941080881
1.13898447921491
0.37849051184989
1.76548679862964
1.37951434698699
2.72646325700585
2.27383858973653
2.18811942715028
0.987899728947548
0.337424431392735
2.99676849820102
1.04598108532762
1.93436436663149
2.422630990831
1.20146279034087
2.98762233652781
1.4698979383995
1.66179470746302
2.52842839007408
0.844231451267205
1.07063041011316
0.710553907510389
0.755413034726949
0.244400464215092
0.047022557938048
0.816053484109905
0.778075354692154
1.34536756782087
0.414708543540132
1.41801706211535
1.15319512773933
0.422839219409466
1.01996543194281
2.20347652452401
0.969419534390271
2.34624365562016
1.6130623040407
1.43643342233237
0.732270967663731
1.702043618063
0.583277536477521
1.88129449865112
2.73615923243384
1.3798515501656
2.29003555110742
1.07846629871718
1.227054539256
1.35856685865379
1.35877372983587
0.728184588441098
1.89049407367666
0.692104313035596
1.04751235976553
2.25000238589724
0.586332469850666
0.668810223469059
2.07259887607743
0.768479728682421
0.790551616089261
1.22667121580727
0.594195708864269
2.80504167095658
0.485122718484996
1.53843091699775
2.48428611028541
0.735404331271171
0.646661255370951
0.101370084491568
1.33993726473037
1.38308436341041
1.163942141867
1.67153970314806
1.09819197049682
2.36055083876083
1.27324768825112
1.42927439918102
1.64029619601798
2.2998795747723
1.60015498869139
0.340598203573451
1.01202454406447
1.38670512115728
1.81294174904482
1.50931449032432
1.0290500866919
1.46535880873767
0.970512774132923
2.06698248280354
1.15339375308636
0.94268367488735
2.2779099345338
1.21341055845284
1.49276761088583
1.26275700395635
1.25052194263272
0.515423886261823
1.48349223823345
2.63587653126561
1.66236165377409
1.08948609832209
0.488516897756168
1.10914207322872
2.0746230485863
2.02823253736572
0.837221005341957
0.876931916737247
1.47004697430946
1.24753294057857
2.17138038973295
0.568550757489647
2.0883131383048
0.719478986227455
1.71767105828368
1.60367682857864
2.57770551923192
1.95366441355056
1.33183777977914
2.46150695502321
1.38032013807725
2.12339338706016
1.17948928044851
0.77554991874094
1.01101079896908
1.38443339228462
0.889664404958123
1.45070838480749
1.00611650049454
1.64216282727658
2.17359302852731
0.97601860872477
1.5395555962201
1.87349680444283
1.62816026273189
1.48386450647743
1.12028725576492
0.310012624536038
1.69248915088719
2.26385656882997
0.657590045696895
0.185790644832815
0.833209078474801
2.41782926810769
0.996195926993865
1.7081773997066
1.2751613203021
0.474025451313222
0.497712305085857
1.01175203136374
0.887111910864133
1.1022900243519
1.98869210795912
3.33616067454462
1.80032776770064
1.80647604185422
1.52290596029531
0.844812465079873
2.30911820178207
1.86506944681637
0.833694859378629
0.359528744355939
1.91194723052456
2.22027601250108
1.44633167575064
0.800368378348216
0.55374844441857
0.144042186112519
1.29745376686967
1.7930426381454
1.46737959352507
1.39828453913021
2.63708277609762
1.0010456333647
0.932928394568473
1.56454774853348
2.57034863916517
2.63369219666392
1.36817228424126
0.801179975935707
2.44523171686639
2.09638395990182
2.39181653596109
0.265349609430282
1.83329492731986
0.631769298997115
1.79476004190532
1.79070015211363
0.870493515597901
2.12968194783653
1.4788199966662
2.22802794055993
0.49493686547481
0.655491003425864
1.74597868639754
1.50698396090251
1.31866224139457
2.89790700645202
2.12676611706306
1.17563296022455
1.29798185965892
0.814734779277115
1.95857842174603
1.39877726615702
1.82145238738348
2.90539754574645
1.01539349498953
0.956928276332334
1.77600518884318
0.43454508007836
1.9922050144041
1.58633682519446
1.30233050352709
2.90021942145324
1.24807036006062
1.00775452968533
2.21646142905548
0.128543874181679
1.22984198125244
1.07796102817673
2.52242242217236
0.525826707960915
1.45045610120058
0.484032183258677
0.651834809661806
0.976550314194456
1.42399115332745
1.71697691889052
2.41938280973658
2.14684479586971
0.812621203438233
2.0700445376347
0.604500033884513
0.270637564385188
0.520072156937949
0.951806006407497
0.257941987559159
0.207571939321476
0.979022670035128
0.633255549899073
2.38544733026255
0.595382791841148
1.2612007329645
2.18355637940693
1.13756824117244
1.99676573457551
1.13876049882467
1.86855242571226
0.580753260600193
0.638253303480214
2.20408252724732
0.890183913420233
1.16929705110076
2.37616112455124
0.471176514964994
0.261020763487207
1.70129761517707
2.19379847378893
1.76442466114062
2.44644068250759
1.01177350730873
1.15390523437642
1.95523012614087
1.48901842482221
0.885863115141477
1.41865574403804
1.72551436767546
0.529500411348806
1.39929894697571
0.14260116021646
1.21994555082644
0.046233712609986
0.873840739044948
1.46506001282949
1.83070463794848
3.22008342911487
2.34943308218168
2.28765275659573
2.38478478386162
1.16360340935021
1.0749441531622
0.83486464794892
0.591392469893972
1.70312011557017
0.223211463480485
0.577502034899881
1.84947266387947
1.09433070065676
1.60726298576914
1.79710057611052
2.04209212285699
1.39487291883647
1.04375671570712
1.61665169344563
1.77805476334622
1.87655680291622
1.85109498683625
2.03187497629346
1.38287045415529
1.99538663678453
0.487836014470709
0.838222179171782
0.597653454671676
2.20012829420657
2.68833696925601
1.65405204031751
0.889480870435828
1.70483912148008
0.326792874190532
0.995923172696946
1.988187323677
0.642511910683947
2.22581844860544
0.653812555286969
1.43846317435751
0.503616784235558
0.799009783732553
2.93123312118511
2.88979207271652
1.30348076408417
0.241193942005495
0.351093710366767
0.974078381132109
1.14638693399009
1.46073869513216
1.89595375430879
1.56036809505622
1.52596905156677
0.893559412678386
2.69018852706744
1.37088019799303
0.304417279210157
0.14431933017401
1.40436366739046
1.6633616267847
0.941745578601981
0.975589810007949
0.976100408230183
0.59658505464557
0.454214292016339
1.88293426089204
2.42414713099517
1.2800709914522
2.30071429896892
1.05444573402848
2.06654990745046
1.19470097021617
0.504510398200557
1.31955882580836
1.80005086765276
1.40250767992329
0.478393156577749
0.468650343027297
1.16783917507257
1.5628609641321
0.766202063164885
1.49360424166778
2.38314222310884
1.89331946246918
1.25609073788871
0.661865060120311
1.66040812223246
1.57323798156555
1.57771965834157
2.05158391236262
0.365064339187699
0.992895957611756
1.08141728115749
1.68445903332669
0.731841131815098
0.850394348069403
1.63857170349368
0.884621418840401
1.00403523240646
1.79051747318453
1.37449295652692
0.244706100285017
0.646027977966102
1.96897004782384
2.11605680394159
2.52686384064471
1.46862770437706
0.847899878184709
1.42905518913784
1.82768566821984
0.876858379854568
0.803561812699232
1.71197054588205
1.34233968694925
1.64528599105655
1.35301364266235
1.63514348953281
0.360757536395622
1.20145384989375
0.899338966717332
0.673081885195377
2.5122224828866
0.489251689580027
1.58108253357253
1.71800848420834
1.47951287638508
0.60412177297368
0.650178273444852
1.67763569442574
1.71559066153548
0.870892783598532
1.26850984868136
1.07691485426902
0.842361616283233
2.09820552878482
0.476791532309776
0.631797591432222
2.26009017991175
0.186271800072826
2.66497779408949
1.11666933575225
1.31916261683241
2.76800498636131
0.821772466188348
1.32912318515096
1.49132143769611
1.25532216435386
1.29472089113727
2.59810198470798
1.2369459427087
0.0727506946621348
1.50006758562854
0.442370832749617
1.70279986120824
1.01128283775694
1.20060414310913
1.43808262533623
1.53248222697813
2.01518208726044
0.77734802950386
1.73959734635984
1.24360879513636
1.00643917931547
1.00675118485896
0.430826519247308
0.813822278635336
1.33698147716319
2.53320579848626
1.47369682389798
2.4414135334084
1.26359098129584
1.07262991319097
1.09906459233236
1.17487808370085
1.56365354451739
2.76161907712328
1.92315328421505
2.47306411432646
1.18638881173205
1.46351840213902
1.03034282681983
0.57971283767175
0.759985004879637
1.507607025279
0.583837883866094
1.70578771010608
1.55982174559257
1.09834707659738
1.46118906032835
1.72108542138754
0.337713130580366
0.835673309055149
1.83019427399733
2.65934758490686
2.57622516056531
1.05667868238816
0.432887881272924
0.504485324173512
1.76829319750389
0.599297365450516
1.77295471831821
1.23626994502529
2.05806841934998
1.88075710627872
2.15576752103414
0.992656647098977
1.9380046528509
1.26187811957116
1.60468537255433
0.0897849455283504
1.0896892018907
0.530540014546254
1.74689681806797
0.740090925094589
3.02828435544434
0.621751074345003
1.33974287447945
0.233056713484902
1.24132307439455
1.73745394444217
2.24510487268368
0.270903339140712
0.579968861169512
2.00915825413553
2.63709274539951
1.30425664304972
1.74696905124476
0.608526977503193
1.45834886661176
1.67166463462654
2.80276789133545
1.73151848849287
1.75241717084766
0.642310606938461
2.41949056896575
0.140263774215488
0.986340289025344
0.952448412846501
2.67921375685595
2.54656736304752
0.320868283813901
0.37218324958191
0.628311430299514
1.69694047149263
1.35976155646486
0.605808020867228
1.25564565758451
0.643441929405433
1.56788970454775
0.396134296565486
1.15265221557806
0.821961874468368
0.752852656051421
3.01891765831342
0.802849241973121
2.43111462123816
2.52466713732995
2.38482326386151
2.46154900105224
0.720882814635664
0.987932076704733
1.45768101923415
0.615465387554805
1.5310276356504
1.02209237983484
1.96747080826985
1.47214495035351
1.31426365610301
2.60562625277678
1.80625829939493
1.94145821844942
1.69875045536563
1.96487501805278
2.79018134192635
2.26389765786833
1.29321188769848
1.52993672550665
1.13840998391132
1.3958251099798
2.1041525736476
1.02271187402311
0.804949206207569
1.47902064233038
0.516409827122439
1.93118163916084
1.39467874178082
2.62511712498122
1.97258903767797
1.78613666720373
3.39896630699759
0.438438043902709
1.19433815779956
1.5274474066573
1.64844995338369
1.34967800651673
2.91920432806856
1.74083340809192
0.244826954344107
0.568285565706805
1.29943051968831
2.94923173338976
0.707930681339803
1.64722726380646
0.724262753894245
1.29967157591335
1.24520392272716
0.739514311445944
1.19881917368565
1.12395243800004
1.97783294736296
2.70676450597262
0.362492864240415
0.757834652285854
1.71617533027162
1.44382127887929
0.291313670229782
1.27493661050191
0.635945663673672
1.28110101329889
2.19092453556918
0.928203996886809
2.2152985168525
1.27011266890089
0.677767127019187
1.62736187546388
1.45865869310667
0.586728100275003
1.48257542808549
2.14884128403725
0.992994580694064
0.386061676391199
1.81490849815332
1.19984902451763
1.30771670064473
0.947722647078507
0.275361241845611
1.57172744213714
1.41601614138742
1.23937940936736
0.918612804502801
0.100354996124088
0.941982848960803
0.534001189166092
1.29390205290031
1.18787086417586
2.66471122299906
0.727889049929412
0.968163453648842
0.710435843618914
1.10286083121661
0.240322283582948
0.65607122230868
1.71719369231836
0.182393674643878
0.149397251973975
0.86524543551735
0.0983026613940413
0.889744116180792
0.841476483674706
3.52265665663111
2.58569803748491
1.1006261994619
1.78747249705336
1.97927228329222
1.18446592357991
1.32032741820877
1.80325922179371
0.712615449594879
1.56678597665468
1.41948340770354
1.16440518393902
0.592963379440053
2.55464051794673
2.56816233922609
0.194658934787491
1.1273387111988
0.643834779153423
0.134515057304389
0.796459763011535
1.49044190742215
0.44829891188214
0.0329466664626082
0.56502639739978
1.7764192388695
0.64762521989709
1.97639081563541
1.39711851183943
1.61474166147584
1.54958207232634
0.616755978106917
0.832259166105101
1.43691004866664
0.874063774402091
1.20252830179225
1.19050015836697
1.3682862605215
0.598775232376517
0.0174083435186014
0.782446104307659
1.00820586064436
1.02057195399088
1.39421609799089
0.48851000776996
0.47612348812736
1.68309020097962
1.19080724340179
2.21738523425222
1.46860528765991
0.173510188373703
1.23371955133721
0.749729816214497
1.35754106126209
1.45300630901507
2.42578001724738
2.14477149069235
2.86533791414606
0.990946511083177
1.58959271318116
1.7122231698472
1.19481116915174
1.84415512032761
0.230300380827638
0.512304174842533
1.42293212942598
1.65982551432862
0.788626952570836
1.17234088279045
3.24421754206816
2.65136863303803
1.9224639370131
1.65133284953685
0.660889970308233
2.45780493453008
1.24089775044773
1.48182627355455
2.49593880010642
1.13347131397173
2.17343302538687
3.10707671906117
1.94213755460637
0.717521832260118
0.751297968012898
2.02636510587933
0.990750786383277
1.55835611747843
0.88268209089013
0.837108755322507
0.61168175763389
0.896990293467273
0.884649561506264
0.651596884593013
0.628613288806324
1.24183298067157
1.4576416895315
1.57225699986812
0.65231939149169
1.07730997197918
2.28133428934644
0.0371588198367165
1.56575926921121
1.94195191907893
0.657017152712854
0.408678876712432
1.11390451916214
2.0766595136696
0.646850706937336
1.62255398046271
1.64939701269141
0.316007820773657
0.674554081619372
1.58433818922983
0.00673953823539539
0.842081675104841
1.6729398671598
0.811704538914209
1.31937068207432
0.568161600363329
1.04008099577695
1.66506929877158
1.74073149383624
0.199466166087069
1.47668733309242
1.92022130399381
1.81336195496935
0.293171845397402
1.53893847886631
0.93389684128712
1.72068494086979
0.163818248908055
1.8081166316318
2.39375657347726
1.67436101560887
1.36927211086396
0.963980964673489
1.34570411357395
1.3483884509336
1.13362135411507
2.41570799819752
1.75619597583093
0.964568698670881
2.08667568922984
0.851210105379645
1.64829738079262
2.36288768055901
0.69574031379713
0.408094509313486
2.07186412957022
0.192448585320861
0.479674416345891
1.65790154142167
0.410740183622315
1.23636997956906
0.185382744545004
2.98375402504321
1.87055774577824
0.660721351953899
0.82263489791601
0.414029527471562
2.18329196639732
0.126934337123632
1.95919521214727
1.34311357075832
0.281943488787817
1.29556083905074
2.59054218175602
1.72655647502205
0.150263254391802
1.0271418939019
0.940639357983004
1.7952151710886
2.69091547873623
1.9890462197801
0.799880081635284
0.692674863677494
1.68708134491021
2.74199476571594
2.63084781882059
1.4112287346274
1.22886681628988
1.1177931952739
0.838258122388897
2.12285301313582
1.60297406665199
1.82521846381845
2.31538982133014
1.48179356259156
0.315192007314727
1.67545561417947
1.87398005284598
0.618327845779609
0.969539430018832
1.46405903943611
1.95325447789744
1.48853244020006
2.09529817634106
0.954539893613935
0.585895418871648
1.00253514380677
1.06523852219274
0.469444056520231
0.203078023001339
0.120764546817202
1.23070963078284
0.628837658137609
1.14793944862397
1.76710921587702
0.931062239414225
1.8045122120764
2.07357091481605
2.3030979080203
0.791120825402504
1.21000385029365
2.37294903367596
0.362878196101876
0.389228624636436
1.97972981343452
1.78996591323404
0.137882807132581
1.09508853911086
0.65785376267379
1.85673460878937
0.750312531836664
2.19988763774751
0.962098441302494
1.75140444212657
1.06289386518382
1.62117692043025
1.00840129209418
2.07671425919412
2.2116216885615
1.31583452047337
1.22702402654715
1.3366710295912
0.928832213047958
1.97187082577609
2.00697164562854
0.211287718100397
0.843110508014474
2.23782359382807
1.07046924983519
0.623865292689657
0.931773197124171
1.27168539115521
1.7947146899142
0.989829286080331
1.13861125359224
0.6897599640327
1.14801801205993
0.354896357546892
1.57447385069897
0.388718750202823
1.59866256973036
0.819611212814412
1.55283541803443
1.58057037021975
0.976186775240256
2.59597579103276
0.0999879014405978
1.8950592057537
0.825352038827805
1.31834068759247
0.821483978865027
2.1440639827848
2.32003194130507
1.29699136425462
2.79709434958268
2.41186614503747
2.16803010420911
1.97019973845453
1.37594070638381
1.60216683603274
1.31539309945572
0.695303949552504
2.19829899800671
1.39338469913595
1.63389107319741
2.00778420571952
2.24446502690621
2.37302177761101
1.02647941899553
1.69039758949052
0.819185366196778
2.03607254099121
0.0295773377762804
1.73508986183596
0.1898674037651
0.49465242667374
0.856893675543983
1.24284421939844
0.998146670725437
1.18314860694264
0.607196062769757
1.55763443339907
1.53242798021947
0.935807637090182
1.41661325316815
1.58479656934277
1.65124300551078
1.14515637971718
2.60150114377535
1.7965324194994
1.55276786982507
1.64868560154779
1.50813987366325
0.89070871990775
1.32459925227988
1.49325926246804
1.78082535053786
1.96810175184651
1.46005689094441
0.28568386261871
1.01943235709961
1.43474893116974
2.95670902918205
1.98871341598748
2.33625997592458
1.35824316367176
2.82462573740826
3.16813920783149
1.03054332219826
0.829893544719076
1.68616462622974
1.97756770025306
0.52623687554759
0.157468214080767
0.94192445720358
0.26852765399869
2.5914252458441
1.57405690722196
1.7290173340343
2.29102971680077
1.17628832427026
1.04679930822401
0.620363001304223
1.67623402758094
2.1032788642996
1.71717900918538
1.95792821644286
1.99804389832708
1.7988756377393
1.90431805616345
1.2043656742702
1.32608011899381
