0.283910054119992
0.329601779361086
0.128966924806801
0.0286799767293013
0.300783457825743
0.105832027337325
0.230373611676059
0.552784619274546
0.169744489792593
0.240859616087765
0.286607498832648
0.0404196097710785
0.0702568825942649
0.14395260091922
0.361198102342066
0.297405536179226
0.154931017676886
0.132396735941807
0.0985528292921297
0.328021646676151
0.203945831832733
0.215218772809574
0.0729222103515725
0.292614039324521
0.197495598633313
0.0979945005042455
0.118551100781089
0.419189743710276
0.180311765866454
0.0451414645508944
0.264632331423792
0.208366381815927
0.291092004035247
0.0489803433460474
0.0175753820480202
0.259108078362585
0.0152181363120419
0.176382794564263
0.0177425893518207
0.65656462124324
0.177738518735012
0.144975015209311
0.215052586217924
0.130301161221346
0.027466646318724
0.0990954821656931
0.0603057428085543
0.418474116351757
0.200069767706326
0.0331301930698519
0.0826641118100839
0.118402461719626
0.0796277358389149
0.145038800933424
0.0837815179833245
0.054073035089033
0.161561122367122
0.045634914578064
0.466028744126293
0.246124101512027
0.129971323790206
0.229211553771968
0.261875072396189
0.0529666682377407
0.279703779948004
0.863633343977056
0.157639813613344
0.23906650365618
0.0825391512133873
0.121029025305511
0.260856401303085
0.0959370550455737
0.23315268313822
0.589165551818228
0.141672873264154
0.40606020812691
0.0499653983461951
0.232159653896503
0.300826678581655
0.19675915413455
0.237644205484934
0.208609892491807
0.349629557086195
0.0770904460144069
0.0727087492820976
0.181818138293939
0.104481096178815
0.502324361628174
0.1482822551476
0.0996835394688772
0.0825784163991124
0.0374439602512343
0.29396256338788
0.0350155227819244
0.114896728961073
0.183308080459712
0.0881353029782927
0.149056010539757
0.223056635089594
0.266269372149261
0.220993646265196
0.674572513132599
0.308245502096009
0.226252179058447
0.0364763618523067
0.417927530952463
0.154840149111814
0.304389026383743
0.211527505073576
0.428118123645535
0.249650560944109
0.240218548190583
0.0773748245354465
0.338531207785268
0.387890457658546
0.206979801266095
0.761532608196208
0.119620787226729
0.252019119049235
0.310375643717648
0.0362344821183058
0.209589779435107
0.0925818812790812
0.0880357170520087
0.258553681186917
0.159424120596529
0.304873410147291
0.195280301296082
0.486736995374405
0.404476776454974
0.167732649333425
0.257029747270774
0.090272875542537
0.159697448413867
0.344727056577272
0.176506281245924
0.0483891627869301
0.127636239314685
0.0345344652846384
0.426467430918076
0.278362732632733
0.33853177263257
0.120952258772124
0.102122914200601
0.4623935202102
0.0813734994534099
0.112875245097363
1.00604709550422
0.115695950570531
0.0902343067274326
0.133996222173228
0.026493229915315
0.221616224648734
0.0655405785593066
0.155740742895914
0.265337067797775
0.064080702538375
0.796584484957113
0.246227425000076
1.14912952914263
0.308566157688253
0.193870024682216
0.447379617139326
0.0242666791355423
0.217511169161429
0.0693221584574356
0.229587212088191
0.0738436313328731
0.0504660588150248
0.502454908115525
0.0592993850252813
0.454800255221197
0.346530528468455
0.0967455793626216
0.0609718992907411
0.198950812865196
0.107548406807527
0.172558564060147
0.0314540233845067
0.1819575754451
0.0822263710073159
0.0917097168020017
0.0326021206901237
0.324735341484633
0.123879094504045
0.15325756906834
0.29920398927118
0.341959343932247
0.0692700553255527
0.0577134404513242
0.145246117495539
0.290076211843872
0.15091460503796
0.0575824536336792
0.445700896979995
0.197707840906312
0.246300401251274
0.625497106767929
0.163930918128094
0.193810434562975
0.191001081035315
0.0173486753551924
0.114685508188307
0.202272162818462
0.15716313171375
0.244547108972521
0.277382513843097
0.0491934182266454
0.108356254856693
0.112891128054502
0.158942706488438
0.161992845257484
0.255868450146719
0.0441952772412667
0.0243526816174555
0.0723354583764433
0.080980543055123
0.0201804856838883
0.277966213433256
0.233119257392999
0.252827175916827
0.194992565295131
0.0466155033536291
0.134417981083125
0.619138533546272
0.346719737001076
0.209597632805218
0.0953445886238384
0.0659023335148375
0.309281890547124
0.191796944877239
0.220697296744021
0.106806163940947
0.0777832020358064
0.0423611804951696
0.509922194216838
0.227871243876317
0.099162922920424
0.0228791185236162
0.0344272264869278
0.0422905556428078
0.14138206171712
0.185634496217765
0.239370623590945
0.0268243909292849
0.197266678366616
0.127765826915348
0.235143957178735
0.271287951359156
0.682970462716565
0.158030066535535
0.202877177788759
0.161053666499667
0.23211159913472
0.218338038077774
0.194411020693404
0.0976628148691579
0.3544195506277
0.100157220593986
0.145600183043816
0.27259699709864
0.514443824885829
0.20716406697536
0.0595836401929064
0.229306041806857
0.0550355468485811
0.0787518703707222
0.173198096572687
0.0671271185230807
0.247630354237104
0.17552062891153
0.0866813439569366
0.0288715723867231
0.10439264937904
0.145163475098046
0.108551178796508
0.10164933470881
0.0312693973997365
0.225745622505513
0.0949749142590411
0.632577333490586
0.125941161884531
0.0765788005989908
0.248396147618746
0.254678869891333
0.286596649478664
0.151285608247445
0.208721831665087
0.189778145702938
0.0685625047435853
0.219823166276048
0.0298979371729631
0.210671618659734
0.09729969675971
0.034101341942473
0.0882152616576348
0.178184931238048
0.0450223160250568
0.109877107961817
0.0238983139886214
0.0238437488650074
0.24460623539663
0.135074551798635
0.720120465904298
0.287270977780642
0.230176799463846
0.0731052791265599
0.0903073790945942
0.184831199741385
0.135286697589262
0.324414037432681
0.225385449975658
0.217678057511883
0.162509683034794
0.362524124186198
1.13054402652941
0.0876397665767214
0.0579660372367299
0.0692482530480808
0.0854375626924923
0.265740790568708
0.101005346437742
0.187398327095257
0.145874821545887
0.161640795160661
0.138486295640876
0.258078108401662
0.0100587756686509
0.0765689831536917
0.261403878233682
0.323250567356357
0.215756363558615
0.624528141450479
0.164997636452177
0.371500224188379
0.0757724963010068
0.217234785850155
0.110492325424622
0.0632381722767138
0.10108603076475
0.193283137459487
0.349087210165373
0.0416061728650796
0.37889038924712
0.103949755298578
0.611720977991167
0.168101232304636
0.100825201921168
0.329140721935254
0.194259291080517
0.313442648618789
0.00619098481014013
0.0517038522998178
0.208441039332022
0.428951407413107
0.167479840119061
0.0497000547790635
0.0223881302546547
0.0645351921598516
0.130259078181961
0.128241512239408
0.0449131276467915
0.0548907702837798
0.11607563243199
0.0398349840253088
0.0371619822509805
0.191017812962474
0.168736958632546
0.475244588115879
0.116458562325264
0.212329586799931
0.0551588605345682
0.0917098417618839
0.108993684711116
0.0662284842702627
0.203164679413379
0.29635209869608
0.322323939451288
0.511079360599623
0.254236121800202
0.644236503036095
0.147576741029369
0.23155975909373
0.0562954666180003
0.0377776257098729
0.122118272629401
0.324092720776232
0.0628211708886811
0.225652827899791
0.0380856426808063
0.00920503025986537
0.428306028532137
0.345880486957952
0.0559753787233467
0.106209834813617
0.173587710135879
0.1145268098954
0.138450892163885
0.243140227160967
0.139865458295398
0.0633498027565228
0.125289048763056
0.0690667192990244
0.163609373651259
0.311259856472076
0.168929384660746
0.110470925980384
0.208644004705817
0.683543179595809
0.261102597352602
0.173051287286602
0.213385133453392
0.0898761247844838
0.28766888996145
0.408214823270547
0.24507689109826
0.202507148122368
0.409101237416321
0.0705660482722744
0.213695924312937
0.117102395541691
0.238383583044793
0.212495385271818
0.129739823822999
0.202856117731771
0.171926042710095
0.0707876003445298
0.316764308595248
0.343431528275158
0.0870036789293357
0.0796829989129772
0.269800368999026
0.125493116919578
0.378121631278686
0.0801984625771695
0.12955375323614
0.360321337256507
0.279167315830912
0.545561652537537
0.384088766155047
0.231590164984299
0.0265172466018218
0.371856085050372
0.141274922639289
0.112065710752868
0.0498495409016997
0.395955265411346
0.0138925625922026
0.547402751552714
0.230651489266392
0.054667457354777
0.243013392954032
0.242903578097088
0.0972576924802222
0.195004169101146
0.0746432106378206
0.242160737131008
0.0806377802042938
0.0382509023045931
0.0380595094464403
0.160322416839421
0.0478068954127038
0.223561219262257
0.437060067666171
0.215590750512851
0.112189635659033
0.0749944457402737
0.0735164916533341
0.158945790789364
0.073798783957198
0.0782323158800467
0.485023161363034
0.346932535459675
0.142630508204167
0.41770040486327
0.110845381055012
0.0199970943540102
0.291949487853531
0.120581845135696
0.276323171619902
0.215501790220723
0.0888874149653045
0.127866165831435
0.030153673080177
0.0343721671862087
0.110258248278818
0.0502481695411553
0.167248667998643
0.214732950715409
0.256675149827504
0.328134403276032
0.193466280816776
0.0764022880928129
0.138931557942698
0.0751768941504804
0.18486625824008
0.116309940075374
0.110520250492834
0.0414845184481211
0.0399684030442345
0.10030524397738
0.0756680424247152
0.236184928276924
0.0464223336001199
0.271353475859718
0.146178630376923
0.0324820249665102
0.126082294262929
0.355808981557683
0.153397735192381
0.109862769167323
0.354638344594393
0.0736402651206876
0.238923801472587
0.0460754381142934
0.176082669799486
0.08057923863831
0.0356300014360643
0.119164283599604
0.0507272138047783
0.106408089051004
0.119556686835786
0.0872088562182246
0.102616496223988
0.131019055832863
0.369844690682014
0.133986005977068
0.118917679205946
0.12297329830539
0.25592159465976
0.24671314577294
0.142060741390101
0.107694896732142
0.0229736965135468
0.0441280258455629
0.374050133657318
0.321456383482984
1.06578854565367
0.172588146001045
0.144877580122776
0.228900728031396
0.67829682454593
0.121485785942014
0.184205306184045
0.105449316996642
0.375188397861315
0.347756053616131
0.0672146864428714
0.0262941432820059
0.0135064946837621
0.109844306220874
0.0850009858076898
0.198908513570976
0.10802733933816
0.0288940718873596
0.148667003458756
0.0334903572874317
0.0703059315135966
0.276343553670212
0.109590869928323
0.147432583386297
0.157138720845011
0.201199694867172
0.27261029954105
0.0196556225563787
0.152469405501478
0.104972399026421
0.279776337839164
0.184170106243437
0.172956375585627
0.191516744755503
0.116144902652517
0.427173199251918
0.0364845929333845
0.382369672380576
0.169207388211581
0.230600160061241
0.13296127211984
0.0171367730258848
0.38647298121238
0.151549041587399
0.0610928757285151
0.128717327822837
0.0431320895914011
0.366175579540483
0.0394005974104584
0.0662526800548363
0.124796585039071
0.163725354482607
0.330058459583957
0.17791813409735
0.0292719712865448
0.339984242089247
0.314557691856319
0.0915267929293157
0.278827341405256
0.244249726014781
0.228302711179077
0.307056685497556
0.21577624365533
0.474979388628229
0.0521207253213403
0.069727048958434
0.0726302414066526
0.208312910679124
0.135863906638848
0.164877200343862
0.204024414296633
1.20723359462743
0.139689290492766
0.0653914548899177
0.205944129278131
0.338813778867636
0.0411540306873495
0.033745471615674
0.594744668839899
0.117222685944536
0.0729830672289874
0.125044984989954
0.230892484449297
0.0727207704651716
0.0339451094332532
0.1099135982985
0.0736694901513972
0.0679697482554644
0.421167806100759
0.213196131906375
0.122092200343984
0.367855416135716
0.631582456519854
0.0960677840792614
0.0658161196761055
0.182088736986175
0.0980245851387724
0.45264646860798
0.0584496881318841
0.0843594659314086
0.300176316485239
0.110408416715589
0.270821945276459
0.157699110466367
0.168506333492
0.422313352784363
0.295252629351166
0.17204800494648
0.111215057248938
0.263863695380085
0.150743065861338
0.162117357234906
0.305470982778105
0.452539003989903
0.0271104351258378
0.263481889031864
0.202304565754362
0.303671447879703
0.159827057875485
0.0627111050601065
0.215090551586663
0.305843026913944
0.0496145149190117
0.390188335265634
0.102647211682955
0.209276672104903
0.396612711407066
0.114319081274802
0.088198489376294
0.0196790525368039
0.0520979376131101
0.10023129522518
0.274433469157972
0.234341935619724
0.0657773521349289
0.0638432229195518
0.110766266389442
0.016882451327399
0.105582053959487
0.0860876548352455
0.183460332367193
0.442504331261898
0.250787954739006
0.343769806675264
0.0869320303067336
0.0797925795179976
0.144997196775377
0.214171917583969
0.113455610059405
0.089387003775396
0.172088521929248
0.0687852553173844
0.320433979076697
0.0338886628895372
0.222966466996434
0.110306714290214
0.319239882842786
0.0104282861512446
0.138146194656658
0.482986730355401
0.0608440079734376
0.0521785376568172
0.0595035854080891
0.0392418081689529
0.31459021412972
0.685183050974648
0.0639075330108618
0.290208705508485
0.345770721075805
0.197811958270652
0.428596800551151
0.62915762257569
0.116178830527028
0.111067082070503
0.346078943589703
0.072696746697566
0.0311199740003295
0.26021620748926
0.117880054034174
0.046306294598926
0.0571856427510347
0.0887141569606919
0.0791202160208619
0.23624625566748
0.0914074125464127
0.0657131651485852
0.385815386405061
0.295605121425042
0.0970704584884728
0.187071657662149
0.273751680294343
0.122207212806964
0.308388518914076
0.170657169999896
0.319292767366616
0.216945831882258
0.03141270807729
0.0220509825278151
0.297559813893001
0.126032329739199
0.166511077816144
0.160919154629785
0.35082420818949
0.0933809880351599
0.152349396394109
0.208168527864857
0.177640672962703
0.457683223443368
0.0502408869598716
0.0912891531236496
0.00868718822134036
0.198708516979483
0.357657658927679
0.0273734025200038
0.0676588222021164
0.201062774387121
0.0800235285209973
0.175999086093326
0.0727071338498699
1.30907109842897
0.0297616578586023
0.466606652656072
0.26233912389498
0.8430713494405
0.0474881109991473
0.346555647720519
0.289097462222823
0.10046178462428
0.176499352638078
0.393349205460525
0.0685968670044163
0.130057245906033
0.32771322003068
0.22389398351756
0.177883559553195
0.355279398950558
0.0426321557841257
0.421953919954574
0.263139304053262
0.260615088329521
0.0202710069723706
0.221250583459052
0.366960786192787
0.160613292740913
0.299178233141879
0.0701593385213972
0.0150435800722015
0.0560005863789468
0.0607315063396384
0.0110276381319906
0.180582752192231
0.147498820649363
0.187011692043193
0.108864672412023
0.132886492770838
0.107621978047784
0.403598446285209
0.118315712629707
0.135494061734245
0.156198432690234
0.287229711676159
0.0841928914066256
0.148874554461711
0.262844025214868
0.0653707589090139
0.0280552407015832
0.0969925713583298
0.298502100781051
0.152648888211253
0.0215552165811063
0.216176150484566
0.0986057201591869
0.0639311305222086
0.205268266421494
0.0683842341683654
0.116617582560456
0.111960213390673
0.265834445478549
0.133910603548028
0.132715140850627
0.0498262934303236
0.313531517225114
0.373209547153117
0.221922714085718
0.104956816124
0.00747080257444604
0.115270592293576
0.0750662099383431
0.119601076689502
0.142052090068292
0.185462695310604
0.195071379488531
0.0610206931545669
0.458981535327131
0.153394142806855
0.0673629245228625
0.150968665918799
0.404310966997446
0.0579800789318865
0.0284547662631888
0.283534899646021
0.243537109296947
0.0182591181907653
0.125075185967843
0.0570512187570074
0.0452244156916192
0.233973990328288
0.0907979671190551
0.520279518907114
0.0907691633971655
0.06349722446494
0.25729469271338
0.154380234584029
0.231065421140895
0.19568066001141
0.176413249082689
0.38408987968366
0.148482258731946
0.285718068065343
0.151293228327832
0.180214855762579
0.174434009671555
0.159382079847985
0.329620613970107
0.0416787250745502
0.27438144240424
0.936385639656868
0.063840710490791
0.159586956335605
1.55887589773044
0.25331550405052
0.506320430622976
0.306331017527918
0.0453465307642191
0.225120196832747
0.281020251231228
0.159253137371359
0.0317249884328718
0.120003581780057
0.341005877027472
0.205792100324545
0.192073746028642
0.0316514810983078
0.023553885456605
0.297118530496174
0.512019305781432
0.352199315373252
0.0563555307757232
0.0753249682778151
0.226783659082076
0.1617017404908
0.210826654565483
0.132652088044137
0.0791242081090979
0.0367584439291994
0.432180875343423
0.0429111408306549
0.158326307730895
0.055616590294002
0.0915884995289712
0.0844105358039136
0.226623206107453
0.0842318259412837
0.112848378713419
0.243519775932615
0.0581617154206079
0.125580880528485
0.0336955110631348
0.0643651132263165
0.233307275325794
0.213816850081124
0.20176584807787
0.587466464673326
0.294345765676592
0.00864151721720457
0.18256457545053
0.324623142472844
0.104193707140638
0.171981773607994
0.378538280418333
0.0811625681751382
0.278529084053447
0.177795403664725
0.336369165785123
0.157862749809449
0.235402022443466
0.321297051598115
0.170847202391321
0.164671978320831
0.134765954401024
0.026851469219081
0.416026174304541
0.23672529472092
0.143064221002232
0.209062934363083
0.105122025073802
0.125220994509038
0.285550448797165
0.291689068194779
0.0578334423557461
0.152431654226252
0.12886005597118
0.214756498051965
0.146439370627964
0.120647513385807
0.0532363625420362
0.273561246690236
0.832342290460293
0.256072287656989
0.030551162326236
0.340469121897054
0.266704680013614
0.0614597545125554
0.278761475970549
0.0174537886659739
0.237277802695934
0.141418724710116
0.0523139130094868
0.104168986069491
0.051536103131855
0.104416308160672
0.177148486264634
0.178460999867095
0.177941489767211
0.116634066388914
0.0798340880304404
0.135111053389544
0.152569568440072
0.123128267889893
0.324161376852327
0.309477835735929
0.0981584788710308
0.234697521133952
0.061650503826539
0.298234314657856
0.192490092157813
0.164210409709474
0.119087447909923
0.171423507713467
0.118871726369069
0.209047658216441
0.0282315455290225
0.217014304378618
0.0858854518720325
0.0378806318499284
0.0209256261004555
0.282897945949304
0.0437377925563156
0.198543072621094
0.141534567974983
0.0454440232658473
0.25153837751596
0.0445179911546736
0.423576343188282
0.296527654214952
0.426147163136458
0.332191263446086
0.0449845035856905
0.317616957840554
0.172405682289451
0.561631420786491
0.29359675345388
0.341886053104831
0.258741826702522
0.378026282251083
0.0802307580637244
0.203238935057046
0.12224562983915
0.185083709596956
0.0634295542209166
0.554805852691916
0.107618289561971
0.267841147763116
0.120008190733
0.460047602659341
0.297723297615217
0.274417053146267
0.0779969979768275
0.135291440414107
0.11152825308829
0.102679401909726
0.36169101701236
0.123241078396669
0.195026813994424
0.108864744108686
0.0776305483288054
0.20900386055075
0.047626635212448
0.134539542073166
0.03485294450007
0.261612992829068
0.346234477035444
0.165700859324419
0.175658283942146
0.10271706867826
0.381893397527317
0.156954398616801
0.211251445863178
0.0179976961781904
0.199739179382971
0.0393702036061646
0.0238326719717135
0.0738739435980227
0.419662078393622
0.311233003551865
0.0316385559943222
0.152935145208312
0.185246190913625
0.0903586686350153
0.33527036374524
0.0909407160928486
0.168446206890818
0.0923498526067754
0.257978974335341
0.0737008750591304
0.0526033457339785
0.184773954209903
0.14623575737145
0.086356323976464
0.10318985819724
0.0771974821355505
0.0870386966707384
0.0542051210795507
0.293261826907899
0.356762278131763
0.0938553646267814
0.393187070365681
0.0320418873650023
0.245952499498389
0.395179251780959
0.270253702130446
0.101875196305172
0.080398045564955
0.468148704814825
0.275810560127773
0.254144943022046
0.167926141805721
0.0314923641038583
0.142537502698942
0.157744055556289
0.303944996563073
0.256654586511905
0.323405253676561
0.361362579157574
0.219988451499226
0.166863479662526
0.427465835946607
0.191756960160955
0.120711127542516
0.328850849072771
0.259672290846276
0.0615340499494535
0.25371698281994
0.081155264383488
0.0100027889124811
0.154921113844133
0.0663359474120159
0.170894036565611
0.115272528185079
0.349646340426249
0.104725977636132
0.0221431616385889
0.114446868699048
0.117781410033527
0.0405440987739484
0.376129399064217
0.735042126867847
0.0306902631249486
0.139182551637647
0.273154999095658
0.086572253436452
0.284882744463213
0.464293320422499
0.249019038821449
0.0616303411069772
0.431235508511487
0.0610180158641656
0.23568034808198
0.148492737294695
0.171727700610504
0.0172142388573546
0.117966001913418
0.194778632912067
0.0936552967344045
0.110905607215668
0.0547233022233795
0.070366281110668
0.190097786329125
0.65364310788145
0.201155534433581
0.117328614089949
0.108887183918326
0.0524857620413966
0.045122705236347
0.1926363071442
0.10557540861123
0.0857985751373154
0.252661449667935
0.148943454727512
0.0692754843889674
0.0528908057570748
0.0981456844923274
0.310352055024891
0.109135856331533
0.502854908680043
0.0604054817395269
0.0251381850875355
0.576152679829173
0.181999411898191
0.292570723486307
0.234697586304292
0.289063534486161
0.0756528470620984
0.0674506351634558
0.0231645360178076
0.0458166226004458
0.338205118467857
0.209641881390063
0.193353112929162
0.127996520348525
0.290691304709829
0.059107377565762
0.891985501270847
0.0687901515115
0.0746748086377743
0.417790840488799
0.348229986950253
0.0840978709166403
0.127297516343145
0.113830822405244
0.0726725481231707
0.0714899488538922
0.20327068624607
0.0573846462055464
0.176136435714972
0.151620040630159
1.4617548637399
0.257456022264531
0.406735714932289
0.177739072301143
0.348582922742603
0.0417289805014307
0.291909515618192
0.189808175583544
0.0711028447062795
0.0629625665015807
0.251794839027555
0.198069707734673
0.185606604344375
0.220308026940753
0.263945084411181
0.0885896872216193
0.218323099964405
0.230160465375076
0.0847904854974823
0.138620946517078
0.108495834511987
0.166675691132531
0.0184240489104853
0.321946645290679
0.479593378194748
0.0443487422783546
0.0101670814752166
0.0803893549552906
0.257154656579872
0.16775469326678
0.123185276042254
0.547463256384624
0.260199411540241
0.0868839265883099
0.313468787084693
0.112210892549802
0.0211469212532382
0.106697959641456
0.205037041689866
0.141651914342504
0.105084897723186
0.166236990255107
0.114621707265166
0.170996072131241
0.232237068747218
0.365993973793245
0.171650361868574
0.2411092778066
0.124728387512196
0.139955385379071
0.115529964154232
0.122171743664326
0.0534375067903768
0.264421268409487
0.227035475852407
0.159495830982961
0.259260542939834
0.238796036370509
0.125131890064026
0.183022287921468
0.0154899994384448
0.213573011274565
0.144663913191625
0.522624157475881
0.103883880100559
0.450900234816434
0.197747991101275
0.257318903892735
0.194817152470624
0.232763048658198
0.192947862751806
0.0879400448965469
0.143570559025476
0.017369484336116
0.0554266068178386
0.0804791120109009
0.0662621057938414
0.111612289787954
0.184698954925937
0.211894092796326
0.131564555076261
0.0120839564911722
0.0110672973491539
0.217267452904764
0.0100630702849642
0.165207396460745
0.0597057149812336
0.273130979568012
0.0527964599524052
0.0869357363090342
0.184743108741789
0.621071881848362
0.0186907405857836
0.172656760830049
0.0527530838618507
0.206892875878203
0.288743638872065
0.11861146982176
0.361792164145284
0.276147580679554
0.00957321073075398
0.122278534448496
0.148446417317094
0.469993848313855
0.681213929307689
0.11811817215221
0.446715938139218
0.0319542493535729
0.185768051162236
0.138745999035908
0.0804818851359744
0.341491009369392
0.334886509054528
0.39462875654773
0.181914508897768
0.042734800679704
0.0875636319753901
0.139015476868707
0.0162091613951957
0.0577072114388354
0.195619142683049
0.244654676320219
0.254654373519401
0.148586442991372
0.290078336608627
0.093414330072404
0.162320606803497
0.0166821196189217
0.109910384497965
0.257039340539616
0.145477521534692
0.244701046514351
0.0913880390345568
0.100696200026502
0.0424343940114505
0.628578532354051
0.0809185098373475
0.0392736275889973
0.178399194305965
0.458500757873989
0.200060211967746
0.20265949171153
0.195469020058263
0.11720017087498
0.427765586696551
0.0324735302621079
0.131953997119524
0.0890731864814032
0.091012238923337
0.248666520861975
0.209094633791995
0.139860435758211
0.0797143206348647
0.14543718267235
0.0153717542904005
0.237984024289025
0.20733664545138
0.220071188838771
0.241505206076801
0.131132596416432
0.283042742287222
0.323939102273892
0.266183534449945
0.12074218442439
0.19992024473232
0.0773874857621709
0.18181204737137
0.297674488517113
0.0679140833962407
0.0921051234086797
0.124694555406008
0.218576413676314
0.0429570001519348
0.123626362569069
0.171619177755571
0.381780191757951
0.349225481385951
0.112909259852164
0.113821752098013
0.27543701067295
0.232399388453569
0.122460280472972
0.153679555182551
0.107444476437328
0.0552194560097747
0.254527110696815
0.158579488355812
0.261873171242366
0.0334042376942013
0.102403231718497
0.155821441236088
0.0533221345498859
0.0518295149120186
0.130894478357488
0.0488515617881139
0.117056446580116
0.329290876818472
0.20109158209276
0.107388247195961
0.112320148263716
0.105822966266544
0.15018668057081
0.13535156365582
0.204537492570357
0.200787865447472
0.312192901288833
0.0768785481096142
0.16559021889185
0.691156543659263
0.223070417688392
0.210030342670696
0.0245425611978919
0.142096009467593
0.147624892620803
0.0852899139403314
0.112817254964665
0.636866655562091
0.0561968562924687
0.251271001735239
0.40445489231508
0.135112527956605
0.341405222892321
0.248054611547766
0.169101880568401
0.127071794537968
0.101405996329847
0.248290418087595
0.0796372452745121
0.166212829279937
0.188353770179718
0.0890026478638005
0.0187229318535208
0.337370461201117
0.132828789118801
0.0641304095533772
0.0766785568025212
0.216058401229645
0.0435130527898542
0.0780560016257323
0.414015980923177
0.370324651095052
0.287839361377325
0.100494613360114
0.15152604827212
0.37062753444223
0.0327483161706275
0.0998228149871447
0.119399291034569
0.177931667809634
0.389755084530553
0.184152194600836
0.210534266568764
0.259496242457106
0.175233545683715
0.0910135227538093
0.142117140327157
0.0714542705356445
0.0970757440676967
0.031473778689316
0.0730123779522663
2.126964537957
0.362085220115135
0.0386561617141261
0.0793797837281099
0.223126707316443
0.189972340298999
0.211701458838446
0.194231664984338
0.0593388253750456
0.0166204571328278
1.24344380835875
0.078422293459141
0.356544442488601
0.145862065653699
0.429051726848047
0.082653389136189
0.0205322017037447
0.116023565455368
0.076096071536051
0.0812039986296652
0.211439255136933
0.440689485936878
0.0518466989166963
0.0729230739479013
0.176891134188058
0.155069495278826
0.0937933258563385
0.52573108809071
0.0975346128724698
0.213715982955209
0.0771981775573274
0.0164320204460132
0.161293082652267
0.298290807887429
0.105710610721721
0.176352706490299
0.214270444073433
0.16816120366003
0.317899700282315
0.130918168947122
0.0693958170644418
0.139791852229226
0.00832727879698067
0.0508791636902269
0.144178980730531
0.167435856633293
0.0489837265032043
0.214171270007062
0.171811528807124
0.198821165221562
0.0449521826250419
0.156248786936224
0.298329934627437
0.212579338315577
0.245073148983128
0.195295377633998
0.154964969830716
1.11476493664178
0.215519792833045
0.897553019652847
0.174324409739683
0.0536740266904964
0.0151508283017318
0.17873827172671
0.238478279259189
0.0918109106712446
0.68093042987092
0.41577211393366
0.139084625200692
0.176399855705377
0.2618860492956
0.094003296059439
0.144334578372734
0.276903067290902
0.044266741118388
0.0728458037138771
0.0987921752296373
0.232337172024813
0.0547460928211403
0.019959477090269
0.241805896733402
0.330050795958994
0.481450963234174
0.0704100590209333
0.294466938870745
0.110819477128492
0.0607110563559946
0.155366798058239
0.0637943488163928
0.261132132603334
0.177569472587943
0.0629685913155986
0.0340472022799863
0.256492324429375
0.274068391756144
0.154298764590258
0.258131696025009
0.0662901168922161
0.724477231970786
0.301955877424531
0.143785284340965
0.0908491926352695
0.173381982915664
0.240817333045059
0.0436292545839272
0.130074510187799
0.138837626044939
0.118855500428911
0.292373163695679
0.0803617732727717
0.0388268141675902
0.193184386303642
0.325659572162663
0.0123145973336365
0.242561295486208
0.155827798531111
0.422858015282035
0.0196653164940102
0.313195650405195
0.45545641894318
0.295288748973205
0.185378206646166
0.248281659191586
0.228880640461888
0.0711654394233445
0.0966417072059281
0.155782258270555
0.193242657010454
0.37145611046994
0.510974852011748
0.171129495428796
0.152476617969485
0.291688202605697
0.0416320224419932
0.189922369174726
0.0610518198058167
0.0305914391794657
0.305518474221323
0.0492925727946979
0.0601769309603188
0.0181887336137048
0.100512393293859
1.02697253195857
0.265896879514111
0.0435261013082685
0.201777935260347
0.249016711579963
0.355015573851541
0.328057543851898
0.367899136855776
0.00699349038700988
0.128694900100201
0.313071665779478
0.277051184535824
0.113526229660267
0.169797061919105
0.426522972117668
0.416696657617833
0.790476158019837
0.222717312129681
0.313563497236653
0.247188842521617
0.705119259335864
0.395243981014921
0.243667657733771
0.284939870781512
0.0866203935957258
0.0541760342325163
0.0415441896452928
0.261635535441025
0.253645396039765
0.091123709313355
0.0758059313509307
0.0309302968448549
0.0719124195319274
0.086064688942875
0.360992083026599
0.0200576262365647
0.209720490544603
0.0646244977924581
0.100860375069402
0.388562961750611
0.392596381797179
0.255047950168685
0.0925400959239827
0.083894888677299
0.239022682612765
0.0917007119171969
0.11571947633751
0.235486101497005
0.302362848920082
0.137262941537264
0.177161695160753
0.0854605584255415
0.241040536650289
0.135165567687411
0.136476913734679
0.0972521872733106
0.180687672004993
0.119011983083678
0.0546745287751476
0.48798735006456
0.718201580321505
0.424565674317682
0.0907859057480381
0.287621946127396
0.309115269861306
0.016759589546642
0.343316305374027
0.194465633855899
0.0539318947786396
0.619536969997036
1.20752737417791
0.212576993601088
0.0308211860231352
0.287767550717033
0.218692580501104
0.645150885901079
0.421190813177672
0.237386846231287
0.180925277620587
1.10062512710958
0.0505162191394816
0.280361172068259
0.240294714901867
0.08590222483559
0.123045693664724
0.245540816631027
0.240983685328425
0.39090746190769
0.0267364963358208
0.056103352521806
0.314744031145908
0.0549741390070357
0.32522180460113
0.189183824694092
0.38056513809606
1.89011107458071
0.120069954369823
0.380183083579513
0.0277712665185782
0.318150905605093
0.258143432439708
0.0619608905464048
0.0747529942647374
0.0257187943403906
0.165629467033601
0.0808108672397481
0.0310801114999764
0.134279783461395
0.0250718162736335
0.192412268222508
0.317359018198339
0.231354810680664
0.398834450015256
0.169816504541506
0.106371982214651
0.292832043859256
0.178114409029897
0.294986098623238
0.144782851975994
0.107781557004736
0.266363712939399
0.215308514577549
0.0237924962630849
0.0156681781471155
0.791588357691712
0.199525238726262
0.116041133018568
0.407897733747766
0.32237721074595
0.100275044241206
0.674232351399048
0.548441187302766
0.122816543885475
0.21148344281076
0.0152886326475425
0.257624455282461
0.0171770321625764
0.259217846209664
0.0652538201401626
0.21786158222639
0.0165580582370024
0.290792949866521
0.538999248801176
0.273898510577524
0.104437879462116
0.26478414950605
0.190656287864153
0.296943282110806
0.257818198382541
0.0928835490299005
0.212052609089346
0.0921495392503135
0.107997204413753
0.137107819496866
0.446211039603187
0.260508924860443
0.113268106772279
0.520106722387307
0.349330649070481
1.50304411984694
0.128148338235544
0.187740464688094
0.117631581049531
0.0768053413907452
0.0328227967481838
0.610199143223876
0.273019057619191
0.0761674261523844
0.297850229536593
0.116166153621855
0.296571833490201
0.062503340519449
0.209702931787064
0.322360837017743
0.0186804249431822
0.162923333636803
0.254895111653658
0.0568389059437771
0.332950882493174
0.146545765120149
0.295710735323316
0.0819974537421317
0.165196383217241
0.0251509161048314
0.0780714642850767
0.1667274301246
0.127704302203664
0.242499589386192
0.054043023237731
0.07300764365444
0.0767526105009684
0.0883550814742394
0.317475344071096
0.0482050189901298
0.0200692723083746
0.0883430721080321
0.373708801788356
0.321892307760451
0.233791377938661
0.0770837900704981
0.116717603821593
0.103828731538485
0.0083394635825626
0.0942422336999938
0.287210145639857
0.152827666111623
0.0425246724190057
0.457542478862695
0.193674945751549
0.135417148271447
0.03344094281796
0.357633324272845
0.0222815795611044
0.0766751687372415
0.0176951148012398
0.220126606498716
0.0826412680717058
0.0437511829641061
0.15436939485224
0.153101251643297
0.176208717607655
0.167796373481392
0.0763768374131137
0.0751555805540603
0.0373224613839804
0.276500826972947
0.170956329999664
0.0791804419918156
0.166436791469242
0.281489344355212
0.186267290623257
0.675891155630231
0.16145197060613
0.237068512594189
0.388458821151614
0.282939563450938
0.0824602112419498
1.02163823487471
0.0853799470490259
0.256092606977597
0.364265322738914
0.215025883598261
0.460197143888558
0.244086515633559
0.0234725669363202
0.101166751914109
0.242313455588368
0.0617984017255985
0.328250843769276
0.142905276086034
0.0495488052085207
0.102211367973564
0.114916202380726
0.404371806427254
0.28715755701061
0.190580091359082
0.101056158793837
0.0550246640011594
0.523538936213166
0.19060148924396
0.22692288089995
0.233046674214342
0.129228685666915
0.150393115338154
0.0814543497820692
0.813187632694964
0.178604286741211
0.0977685745045694
0.144784367532135
0.0482220613700868
0.126529789292483
0.21846488062939
0.2486240021181
0.0378733430137539
0.109057828227601
0.0810848319752219
0.153954489698606
0.189203149535015
0.162749860944823
0.25690828311237
0.264082441893086
0.494184525500104
0.0460764883295732
0.367321772105089
0.0551419382197516
0.0347869491683318
0.434510898922309
0.230724099858148
0.228148736937965
0.149107627420786
0.454036232326169
0.176539652407669
0.189424085546006
0.314522779547339
0.104832698926348
0.971696385476105
0.162896412628153
0.0383908846532838
0.245292023895836
0.0807862538641463
0.171477430498453
0.192347023207502
0.193608599256233
0.30115387430227
0.148004317032421
0.0345227364009136
0.0758884388197163
0.104049643635088
0.0787948004410702
0.181215676670056
0.817019375979181
0.113018334352242
0.176908085542523
0.195320083067904
0.139728922490377
0.100575901586259
0.0354557748530802
0.0330179747664156
0.0236389535702164
0.0807943719656845
0.098204636704292
0.0136531757974092
0.115891248289624
0.126406132727127
0.510976758586405
0.185895457188871
0.132580805318301
0.274753284665179
0.0746198154662725
0.263653194631539
0.121171989352096
0.0434659340355943
0.0490710402129498
0.162227834635417
0.0489100028601457
0.299079682431859
0.345141193134262
0.0809420877620815
0.273779547268933
0.325340122439397
0.131086778254762
0.158309790133544
0.088223346741557
0.164280133302093
0.205718082798655
0.11897476480538
0.348946625869435
0.0473408130201228
0.228442084560099
0.193059225387795
0.255972216969905
0.0482653672614678
0.293318583051988
0.233443869016101
0.17453834201299
0.00520474083581004
0.106028293101873
0.218438977059349
0.208111955928495
0.114393120697744
0.0970866302437855
0.0234195071698912
0.136908745197484
0.195009269740714
0.0302206329008256
0.404020236261424
0.142711565598067
0.107336676669655
0.0366062278525906
0.111301442298201
0.0375767397604376
0.491008421510398
0.149905973581213
0.262024913789539
0.124332964466792
0.131383814216792
0.207745062122641
0.19469603261367
0.335258766952178
0.12273405827433
0.0267194793177731
0.405674555303506
0.0571215729055892
0.135361305943601
0.784748352127479
0.160032258928085
0.275891410292422
0.212327763269556
0.187454459209719
0.313924308649329
0.19074858038982
0.112083751546491
0.134217918158234
0.0313752522273555
0.090875012974283
0.0608791157802538
0.117811887100812
0.319629885936025
0.230653472592496
0.0587903481313647
0.220789268028786
0.261227512648369
0.162444459682627
0.0784685576501337
0.00278580306911731
0.572664372281247
0.0976325512809528
0.0633743703999862
0.0609864605795752
0.0509388619421957
0.0700513505343389
0.0815649596318856
0.097121671680534
0.132851237304949
0.117062344098108
0.277892469923578
0.220836382371369
0.337662620392819
0.16921386869471
0.0201583059168994
0.0555800884275389
0.144380904714443
0.140116315003467
0.128808666340847
0.151259679784834
0.0253344010214061
0.432574650868838
0.405589231769119
0.172088886030698
0.153899929992112
0.249920886655363
0.388683734387773
0.0243057866212938
0.12254797757478
0.00694338642862926
0.0335457456002396
0.0737742842326972
0.108644828183645
0.0143336558912625
0.144815774656441
0.084531151851046
0.066324822203285
0.124228248174379
0.292278100602217
0.176404849193526
0.278031560609835
0.131106213292459
0.0350830849356385
0.324079327180793
0.184203202726546
0.229213031537853
0.0457616422056721
0.125378075406669
0.270850369890947
0.0733693915397213
0.440080939470604
0.262836930916365
0.340914391809223
0.297422041946603
0.233841492519855
0.176120924648432
0.147577166033604
0.269412871980465
0.0988994670520893
0.129547746854018
0.108578450691619
0.375768277429971
0.120448437426803
0.195768759243279
0.0112777745156311
1.02917720717553
0.0537456590669761
0.278690884428099
0.15422021067241
0.194453603245547
0.0741142246118746
0.118122264472037
0.190006326461557
0.0880369029877179
0.342566984388354
0.0629962928093062
0.165488633566996
0.0347982532997192
0.35704417268076
0.199623510233655
0.297234901128953
1.02039087809474
0.155160011779424
0.0232937537806375
0.116192228063226
0.172109481682892
0.109750235701612
0.369847218439697
0.275328870951069
0.0352126640716606
0.176580792214012
0.0651176319161266
0.452439737941712
0.0152571336805684
0.0160335832978151
0.0344379459835133
0.345780277552359
0.072241162566545
0.354099896349539
0.0379879017659213
0.0953241985127363
0.10769976826024
0.118833027632173
0.116284475951902
0.0152709875808021
0.248641910743624
0.126573235067102
0.229405106351807
0.0683873915719535
0.483265774126535
0.0763376186885455
0.13292207407596
0.154178886042341
0.213749118754482
0.0988427414902717
0.0685249403817378
0.158085348401559
0.0482286984321807
0.166057212749681
0.288101538551988
0.23875582243848
0.380260699525124
0.0941441458918477
0.164456453496355
0.282516881654747
0.535089145996633
0.121156907134637
0.203531730857098
0.442360067685137
0.231303402537015
0.0262851408678499
0.185385757757828
0.292447782673342
0.488778807789713
0.272291730627936
0.269518218454381
0.160963036466369
0.147037112608469
0.143362561689639
0.0316126989222013
0.157880487590244
0.0883825346051047
0.0715902279960385
0.10724369538348
0.221082135428477
0.290211647008619
0.109017829232951
0.0964847469358155
0.325890777776336
0.0970688178959743
0.24143216752849
0.146008832629562
0.0575596491430028
0.167430168682471
0.245755677043022
0.170061247666738
0.399857049279139
0.206618306846715
0.0348504871530363
0.0327405556748523
0.0145896419088268
0.0249766530843269
0.0813001085219465
0.110104941728098
0.294112629268376
0.611885691860313
0.201706736293866
0.0867716108021777
0.0308920594797978
0.117394482987171
0.0264108915446934
0.30944378517252
0.0476587477457335
0.182471480888256
0.0770132476546425
0.0703632579763315
0.349808461137824
0.281514945403016
0.346236621991153
0.237894536444943
0.242437005004441
0.0338661222734675
0.215574963365687
0.184016756817587
0.460459891775748
0.266607543744123
0.131948484527209
0.198690367538807
0.017380207327177
0.255423873008974
0.175143345134257
0.122441311287622
0.0414230496825941
0.0262032564583554
0.052195470316403
0.399744950192359
0.144687178904077
0.340767239651639
0.160236202281313
0.147854453804372
0.346070815245705
1.05664662800287
0.0384054257528918
0.119933163913864
0.232225814758758
0.119850946388865
0.2582766940272
0.0958898720246998
0.282213793581211
0.0370647918053285
0.0317748951582683
0.189183492214677
0.228134468417675
0.233299467044713
0.298405751693919
0.379499109428584
0.125507179305161
0.369681975397065
0.355530744672406
0.140513260762926
0.233035312499797
0.137210648623546
0.265588700292823
0.101909512054161
0.272478721943735
0.0940505650329256
0.190830037070459
0.371049435121407
0.209211924665201
0.360273497529356
0.207675322820403
0.130172177995866
0.166037257030331
0.11939861714654
0.0885223781078136
0.0668336191301234
0.115097966133865
0.156135814357235
0.316590841912255
0.0871483100957962
0.0827526320127684
0.354861204179338
0.177288142528788
0.461341014767808
0.270364445612101
0.156180161168303
0.300070929656376
0.105899168876212
0.180266089932806
0.40096285367228
0.396728599160797
0.35031232852227
0.195601148920452
0.235162981711908
0.0606644043218349
0.177139707589586
0.138285988125945
0.292851043491548
0.131110796108585
0.18478870366859
0.0658381252075761
0.439043042181579
0.150103123588888
0.215178557552419
0.203325008079123
0.215275165782112
0.263588383323746
0.267724163244715
0.155102604509521
0.221205624972079
