1.18856961908641
0.807426440999049
1.45686003277356
0.498852067386459
1.38446185716981
0.997607446653271
1.28899940881871
0.119799217767803
0.284767034872865
0.339993145030176
0.680467180542441
0.0465259720663198
2.43098374798941
1.23713777951952
0.78146379465534
0.82669764027235
1.23110303428486
1.26956851780217
4.12360793490322
0.975479253368388
1.3787794360975
1.58778457023049
2.82703241117796
2.60464608042205
0.240446163936953
0.630226336343707
0.256603500430643
1.16143769353781
2.31515087477553
2.49569115838828
0.153209765172407
1.25747726952409
1.10487588023194
0.579068126706278
2.05933449848008
1.89100615819669
2.39166289033572
1.21484960313744
1.61979315270768
0.42866185138507
0.469246162782626
0.445314635545973
1.36281132674516
1.60083505874225
0.703420026663423
0.255933052578693
1.07512122889063
1.58749183761021
0.271117600507043
0.503391591073271
0.625728516874595
1.99705348932837
1.94113199357366
0.270436149901894
1.34435709996213
3.49724088914468
1.9203532506369
1.40386324733718
1.82370788281973
2.35219332139039
1.00953965985294
0.730597154220479
1.48726516743691
0.999325546033461
1.70539991411547
3.46285014655601
0.809387065809965
2.47930167310687
4.64878047513983
0.37461031625046
2.55497754207915
3.67046608956158
1.33607932050069
1.28030368913335
0.456693584680577
4.38281213670359
1.91098093548183
0.579310068273357
2.285328755781
0.680905128386436
0.29776166437505
0.92018856528585
0.378743711299372
2.04389710991154
0.414111649126047
1.31615496770364
3.45608888413271
0.618189750584349
1.13420638915856
3.00306120747802
1.21322783961508
1.90954991078643
0.605863467085809
0.390722392809319
0.223746912507833
1.03639915096546
1.66586313747285
1.51158603839193
0.218344159042945
0.694632326072635
0.50132068611688
0.388917874141867
1.71909869476678
0.524011354245729
0.585634787378636
0.652941309280819
2.47476260051173
1.1926419194722
0.0613242792709628
0.958244940659302
3.58515301171858
0.310700075282873
1.18374487273303
1.96366619069786
2.57274054665616
0.768607465765495
1.30331566912768
0.306762263177814
0.121289939279309
0.300437302012202
2.04967308456783
2.42125506259215
0.130754782325989
0.0731048554692805
2.61625342341306
3.13430932296144
0.816258717557895
2.23739375782107
0.127535772264299
3.1302700288619
0.985968989721223
0.611746665659989
0.851231493065419
1.76834621294921
0.755650610007531
0.07875974499735
0.330286569039947
0.783221846374388
4.09527261067581
0.625873573611624
0.556785579318838
2.89649056369296
1.75406632144218
1.63386740512585
0.723412292173134
1.5113262585868
1.40677060348214
0.243581076518778
0.943259126769347
1.00376979054028
0.172039750709088
0.718707965105549
1.11603271462905
1.13797452110071
1.57645457300738
2.97014396601023
4.90342119861029
0.698615221828214
0.399732846857192
1.96856356692925
1.45764347587658
0.279998927202638
0.570632714991621
3.88716823594752
0.681324077711163
2.45988364883221
2.71192237245295
3.06951613786267
0.752641943277106
0.288737217239494
0.771493491753502
1.16852206943119
2.12831530979386
1.26902712050162
0.250444004534122
0.802483368335434
1.29368080144702
0.0488080354414547
2.2755321860462
1.67738589315854
4.64337826755693
0.794099437707009
1.10294666325163
0.751424634349817
0.845443694302283
0.226524373303124
0.535812870516689
1.30471858857355
1.12651681922614
0.401603574498261
0.684427501978945
0.699724544944959
1.75798310461849
1.4866171702999
0.787132663529102
0.626186026495194
0.152335303566935
1.27310213840248
0.342882775897929
1.23689159318718
2.13466269797468
1.30997017396261
0.608979407074143
2.95448635086712
0.651357565290477
0.803135148762264
1.40860547712156
1.23751074438245
1.38396510356617
0.421381646500023
0.212322901362403
0.807304190764353
0.368739991519294
1.90645856803068
1.63991336134114
0.43100165320573
1.79495275733281
2.23058303851775
1.58135766419075
0.813494990722127
3.92704111379619
2.11247651572803
0.40291551406042
0.798987277285547
0.642293056172208
0.89002297722048
1.12027473535614
3.21589221531289
0.688114953466084
0.295909664588187
1.09620654225828
1.66761457041449
0.723011685158856
0.508034316893465
0.590089997546946
0.41399644924308
0.333099043254798
1.69973795518521
1.19206427354846
0.806132769829016
1.49427299746802
1.43330142695186
0.753135949578572
1.07225905973673
3.46683928921581
1.90154971539524
0.204309464390534
0.151472955137126
0.418663645343418
0.319272988696188
3.0802181240093
0.59800754264371
1.89390138642576
0.0675767407663973
0.419928760237987
0.726851571593491
0.223670150944308
0.000566127671410281
0.0125902242064121
0.0186354577632035
0.455959143487536
0.107013404639263
1.01629007513099
0.155951895872876
0.818380431718347
2.90069097466635
0.533869946882234
0.65893167864882
0.701860695894617
0.780080196724382
0.330763698523353
0.787014839997219
0.424744305901176
1.84352895479847
0.134088946846173
2.92986338718466
3.37641921531647
2.09521431225627
1.34540394158557
3.16197768096256
1.35509545507642
0.641030718172813
0.687457904714212
0.308445646133909
0.0731682134587567
1.96455216316845
0.261730627035287
0.73325990169626
0.840990436467911
0.572441310798128
0.594190092083483
1.96221424179313
3.15696658721922
1.83962862883903
0.351697194154004
1.43942870574853
0.0401918886680884
0.21435217038931
0.897160422813257
2.26832318275221
1.13289737231161
4.44910139736413
0.553988396843507
1.99511014148831
0.606958020635628
1.45728232928774
3.37458226353505
1.38601947836171
0.592287639017868
0.673939939582729
1.86012980305769
1.09557587846001
0.0445083371740682
2.16793355818715
0.767061770802328
0.961058768869204
1.03195854589044
1.24626097562558
0.825534604192222
0.496462004474726
2.69348625675125
4.19438573240117
0.955510382311294
0.0420387245306955
0.559699135697728
1.42716876395908
2.90893855572143
1.69989593800679
2.34108491734276
1.60047045898601
3.50769633033376
0.134201156967659
0.517272804281345
1.3809951608349
0.644370795030229
1.63906161554524
0.604787760193756
1.15302853699328
0.812223956514914
1.35799468884592
0.453493737357996
0.303480081458728
0.553403370772163
0.705873449274679
2.08648337567876
0.126628878430373
0.452164805625165
0.723422908987988
1.88504624148282
0.494217071095658
0.235781914596241
0.259664602130706
0.900681788040508
2.56545255208941
1.06487201458178
0.278390803702272
1.694641906971
0.161580107656757
1.36753937840448
1.52757794947925
3.90270146113399
0.580873149141859
0.145119761531652
1.66459361126048
2.2741963818375
1.54099329872887
2.0413909261487
1.33205210065759
1.01389129241674
1.39650216141041
1.95888787601123
0.344181394835499
1.51341432493964
1.48561211746353
0.80912781283029
0.351467960513969
0.488290307960471
1.98925191454599
3.07153600515541
0.997590743555554
1.32227247196853
0.904279251074284
0.280385743245247
1.46650509212957
1.25624558084149
3.24574745971394
0.81908342733924
0.349187760305601
0.210743673485702
0.427208044107335
0.639285320318184
0.878388809200921
0.259972775313095
2.55629027512748
1.09237441635721
0.32388507991702
1.03055048282397
0.221734208252084
0.396409087613878
3.25815625850424
1.78123631329644
1.77375183989989
1.01278133515217
2.05509311270261
2.66319402716113
1.6545596496795
0.902397248087701
2.80063119836804
1.45769688544821
3.02750453708282
1.85090627223314
0.798999846020512
1.12820992855282
1.11520420021259
0.803254035028495
1.89316001745306
0.547960540280526
0.667724031130707
3.48280850565552
3.64051697254458
2.31540567905783
1.33063652783799
2.24904135190394
1.76196358319355
1.45628105472976
1.18923816446104
3.51047044018462
1.85536341530631
3.3467143630676
2.19689068573802
2.21392187263244
0.535305849389814
2.43233248457301
2.54791878009492
1.11191153408749
1.73872818806794
1.03743370107941
3.2640092668295
0.453152470177267
0.298765038870442
1.12752033718986
0.219460106756825
1.16942724784314
2.9079551025288
0.967878319154728
1.67283897362577
2.27406378231554
1.60546833126892
1.45307620589269
4.3196100849565
2.43672128084166
0.734608735901368
1.37621123045685
0.356820498581281
0.433105821489356
3.80471813608852
1.93068161467102
0.619833145387174
1.56107537029344
0.741468896209603
0.392484652315738
0.782883681125272
0.306359843069992
0.162862677805002
0.404161698847721
0.875846604846196
0.628754995257648
2.32834547215676
0.450188025430865
0.4365399310056
0.244720754964283
0.321952073685885
0.948752989045276
1.85373330901318
0.604082174703522
1.74638598609041
0.0707806116265274
1.41441200086898
1.60576817316647
0.725098332173377
3.18885595214467
4.16310055142447
2.19734636614595
0.042124183704944
2.49087293186041
4.06563205233934
0.247853417127373
0.686863220859917
1.26668110595617
0.796993714931447
2.05006339748133
0.901432162463858
1.70178153068976
0.266118565894704
1.26986411560893
1.17506370309477
2.75719589636697
2.38053585129752
2.43256429798989
2.36901507693705
0.967096517253251
0.6702370000222
2.36057013716458
3.41267054362664
0.304183238493744
0.09769438629847
1.39374280906991
0.160966726827279
1.62259803786773
0.292149322282007
1.9397853613361
0.354000265613621
1.26075357928841
3.03842542388513
0.610436134513882
2.04614785737179
0.257511925077037
1.10162075697886
2.25644559221654
0.253774229657974
2.34762531730285
1.10457278437736
2.63238124647272
0.569355658077742
1.15380854166308
2.01513942334711
2.99431170679566
1.94769425158038
3.04468734422788
0.27797922785037
0.252719894154111
3.18112682362108
0.765394849204667
2.42006755051232
1.08568461183429
0.157868427514097
0.292202434019677
0.155815993437593
1.01585651480145
0.468426746882214
0.804596056818795
0.964035987322264
0.607361156451447
1.62929503072608
1.00450413892738
0.71051788061334
0.45991527468721
1.77925121742537
0.570920832031523
3.0031307329121
1.77503590137949
0.0890524324897421
1.4073362037378
1.22487947852149
1.99239932313213
1.1318738932418
1.10085127837806
4.09385311218481
2.04019093667752
0.855836580531244
2.08243459349586
2.22868377602241
1.57799981421847
1.10521464193148
2.41848568444329
2.66687317591515
1.57886349661495
0.394868444274129
3.55532447143233
0.54192043631288
0.286866736265448
0.104678082678804
1.25733707701038
0.259800152983192
2.94390354775169
1.83668567194871
3.53075656516908
1.07433240566051
0.204808348599381
3.61902473528768
0.615290633899664
0.868509590072677
0.446085389079358
0.413037949482101
1.19489564676388
1.79630704194784
0.546471278555701
3.62081655058458
0.641563438804698
0.133559654227104
0.124350696303374
3.15015245455894
5.09220005670665
0.075152276708525
1.66599137774019
0.147772016724904
0.179900261424698
1.13877041082515
3.85827981700651
0.520749593122159
1.06000411492967
0.380056617741464
1.76774504716637
0.184754935605408
0.81674800010331
0.222877199034011
0.715143058447487
0.581632110080769
0.87095013582398
0.342401711216721
1.29700388941951
2.44565864885433
1.53018185044967
0.727141745950099
0.0542223703381244
1.56447808570019
0.508018547595157
0.639476203918084
0.265512762261498
0.51100621224517
0.980935699137558
1.5496550238555
0.420657347981354
1.72389629619989
3.57622344424879
0.109312706419163
0.373616358842651
0.870734837233397
0.676026703890634
2.75170477280965
0.492363364104921
0.363287363972488
0.612871744516712
1.06107794105215
0.162065019581756
0.469141625149378
2.13284664154431
3.2072539304576
0.287332225299062
0.362264808952007
1.40065036040359
0.572557503833486
0.704428597721067
1.51842243379708
1.8136064456386
1.21265855034453
0.677012433361009
1.5180741530683
1.58626710682532
0.786218069810665
2.5940255436415
1.55721941375234
0.719494306368785
3.6297612022909
0.475664248040304
0.974478396791651
0.634155500789638
0.579738356163525
2.46542499530004
1.08539419311886
1.32667066057884
1.41031782761178
1.84909480460384
2.37483959599957
0.484744787852969
1.41079910318989
1.38316942349187
1.19946980732334
1.46940883293045
1.28898108930809
2.36302794515261
0.907491015647557
0.212511328127838
0.384802131367726
2.32887141056883
0.780802867390225
0.45524595604713
1.15825136854558
1.15030836741642
0.685110683915471
1.04548189733718
0.667537425807911
1.38782945356249
0.774075324052695
0.675897012170429
2.54927588069957
1.46280437939291
0.120738133541597
1.95755904272715
0.0389068111294414
1.09762133277696
3.20188068911763
0.936237618018105
0.924984724953998
0.122880328263942
0.167054024866892
1.49533744144493
0.311600092738986
2.07727086840367
2.22029348343807
0.902258746614907
0.683554743766972
1.37124651529078
1.01906565933058
1.98692931500787
0.732900981330844
2.32733086402125
2.23218058395558
0.582877174988922
0.576004832439888
1.2351749020432
0.622809942353225
0.572712409987258
0.845277493575683
0.584740569869719
2.04105202436729
0.999535856474264
2.3648380953606
0.634842985183072
0.204399594904597
1.51623139142976
1.8735761372771
0.348355593193229
2.45715983985419
0.982021703430862
2.26193051519126
3.40860981980214
0.981916298928123
0.295606629763423
2.13442018071769
1.2315918861825
0.944922903341896
2.82478637993894
1.02005947845779
1.50552633552648
2.23806376005908
1.34521161086794
1.83038352308764
2.81103108739959
0.0645552520163677
1.64530346601451
0.252779152638435
4.04629000057001
3.45969994088694
3.10880080573593
1.9932250510607
2.99059998414785
0.161268655958119
0.116432893340577
0.188950411659015
1.33118037995026
1.39895987768005
4.60781214935239
1.80975175663625
0.999402105806364
0.88093760819152
2.02695858911063
1.29162174438286
0.621317530366051
0.367627830948046
4.76838850299231
2.59665349015422
3.56364781609004
2.81315933698427
2.41342974368641
1.55318610251986
3.86061451560276
1.73568577262424
0.753185431136378
1.86225497879045
0.954724755593496
0.718369522292733
2.88126025028554
0.328451616281644
1.02068877840176
3.32419611810877
3.85230843788483
1.17490441269287
0.142672416788079
0.329467097880956
1.68917581205012
1.05777891186495
0.860196945393414
1.47430581852094
1.6056085922384
2.40515163307738
1.00853792848558
2.26041933678709
2.52600214750296
2.35976652491004
2.55683558214942
0.973288285839231
0.286086465813013
1.24952140939789
1.57905059836298
0.13668355759947
0.787504862197935
0.0735077179550208
1.16618689299782
4.15919367614884
3.28524681582308
0.293572043696114
0.210026709947674
2.06069756546841
1.43949491244145
0.169845153823278
2.47671986963279
1.74218430992895
2.83575571795346
0.8970436320813
1.74101620627229
0.532113843010185
1.96321269836093
2.38377376405951
2.62260657114117
1.40535142538827
0.798580002068642
0.464057938451261
0.45618430521813
0.964558205497291
1.97464018309859
3.03210359785658
0.204187989957848
0.493948339676216
3.83541045775177
1.73648147625819
0.268073721160359
1.26876479155416
3.57164625613879
1.94305065246472
1.15009678223332
0.282235991931187
2.86999273295245
1.30170348386661
2.54451268849906
1.67593822306704
1.66314567557986
2.60827650996842
2.26728288948413
1.56026520825151
0.404570297876626
0.260638602760188
2.30754715465192
1.88168234830923
1.1777904216892
0.76492999194362
0.565867510618009
2.68127352126151
0.370603627680791
1.25142105614992
1.22201045050753
1.96718191568223
1.32524376778642
0.22539167516748
3.96975171605837
0.200335246591625
1.27393323782511
0.100409257951644
2.96262663373038
1.11954417043219
0.322918832606955
0.32253471656998
1.97315491888352
0.575781012372264
0.362060986383532
0.750523159418437
0.427851642794721
0.437063895061017
0.432899970693197
0.301242997364536
0.0408433784632581
0.322658487433005
0.82889502229587
0.505992332177503
0.797090425746251
1.25104503526845
1.30346831795647
1.6996271905455
0.348735362617408
2.44335814750003
0.731868909320601
3.15455812861651
0.777931932724181
1.3438586679646
0.316989977855193
0.568883251906642
0.558929471756786
0.104885106425175
0.933745870619893
0.431152434902295
0.189993117812337
1.03946473025313
3.20448576879748
0.33404868312764
1.39560192600878
1.88355997380387
1.53360773989761
0.510927939631194
1.62398744776032
0.335651505583791
0.84320075162671
3.74013493652686
2.56350476136615
3.68872549442632
2.80566087159265
1.43982186005644
1.81855092046021
3.04568778098826
1.08149774368237
2.13993505101979
1.98922583232596
1.43959796127439
0.405086451793381
2.19556560947006
1.73427618856942
0.858044601226116
0.27091596733303
0.181179686792853
0.525234276691787
1.91142465545905
0.241405714640868
1.47704093252347
1.18712525913827
1.01176564693435
0.46752460857445
1.48886514987763
0.156862269097966
0.331693894592509
2.11003344535575
3.8067235872207
0.0500833786182404
2.08404469659494
1.69799199985347
1.75454653160154
2.67656711995527
0.722018225314371
2.04320202946605
3.32873215227405
1.95992046091635
3.3758886479431
0.867539000069666
1.9023972359234
1.25122116043023
0.273025598985062
1.70598871717697
3.65485840079546
1.78809361245186
1.02693678292144
1.38979069987458
0.65500244809093
0.623522172585372
1.95220809511085
0.466367208273549
0.947929150321553
1.81777648534762
1.72711683699763
1.15034803997886
1.13809664693385
2.64674858641832
0.352640104779496
0.898561877335149
4.28468478952337
0.720984416549511
0.892852357343025
0.56288102158794
0.290440421416342
0.637584931291591
1.09430692418143
1.64306008664106
0.532366247673437
0.0915272216853542
0.896712375531647
1.21232108445982
0.181517658400646
1.75084505284318
0.0708433192113581
0.5661805344621
1.05731951945352
0.619988762733283
0.327860447313733
0.111702477178278
0.102307482294912
2.23139817921761
2.6637865418413
0.506901631647951
2.88489030643871
1.32919682966162
1.39167452139412
0.29019406929956
2.43404867401136
1.0459135977543
0.296212218990052
2.42607213748129
0.861130021152846
0.63143312210815
0.95130446617561
1.10084267801994
3.76152794555145
1.2638358347875
0.113287253908853
0.329545789766128
1.40787426477393
0.287341508025882
1.86670735334386
1.20686457806383
0.272806644496416
2.63588150954906
0.699919496756251
1.62672153844546
3.9081759756174
2.37439172603253
1.34204422118114
1.3221685950413
1.95791449793464
2.53811768980478
2.39142583585646
3.93531435797773
0.749586571842219
0.81644899492431
0.534238263588605
1.48382008743246
0.675888820316408
2.9989703022619
1.53951932842725
1.70301102395238
1.34155074373657
0.885282162398792
0.804499161569649
0.83863327263138
2.846794933742
0.657508802263221
2.30890675916914
0.535871720536678
0.126279077016397
2.94923223455679
1.55333541289014
0.626553678703811
0.5042414483557
0.286259461236871
0.864575366229421
0.267669267746586
0.203002186842702
1.03642238787866
1.27897362120083
0.390804549107607
1.78547052917013
0.797432220704202
0.692196048154411
2.28019649725913
3.07697535663599
1.58877328544994
2.28968886036561
0.573613987540102
0.855453154642306
0.493871209138538
0.800940753808696
1.36775821036061
1.14536455303672
1.17383813357242
0.334134357347596
1.48179052277333
0.642975121072135
3.06100201364149
0.758563661838713
1.24629068898601
2.13590806089226
0.83254592904956
0.852091633326181
1.07215082748365
1.04320542426199
2.26666610185419
1.32524492884255
0.798026535385253
1.39587797308369
0.400367214705629
0.195017572060038
0.1841496333902
0.828323777654528
2.3737982951335
1.97186071795727
1.87767606923507
0.685673393754075
1.68683245353994
0.41191529318322
2.76953390593733
2.75278040214051
1.3899443750821
1.28729238562665
3.49083014977707
1.07264507369004
0.604114968689575
0.958765846243026
0.358292930676164
0.18721729594717
3.69396186209677
1.29456854963887
3.18081651152112
0.883928840070107
0.536891537568536
1.76356838500676
1.20465521025995
1.04855013849355
0.490294334096771
1.9887411049843
3.18106895442693
0.496423858360168
0.948379889358644
2.63057075013893
2.46691260277315
2.53720811541328
0.431400664158742
0.550257543144775
1.30644092123178
0.612924060621857
0.747355944286638
0.783136369975857
0.314549382370148
0.738455054729534
0.803761233836783
0.689031473096234
0.718729527286189
0.705698920499488
0.299627802277532
0.491939552922685
0.245442242968843
2.18660980270509
0.228747953812911
0.80850734508965
1.48093066826626
1.16853049345507
0.570616259656816
0.216210045181289
3.61171319859618
0.626913011732265
1.23854872100673
1.30278220735965
0.0685825582003921
1.63718954643749
0.447124218464118
0.211270490059668
0.0425834137578103
0.761653609481367
2.29490009805857
0.83531273246134
0.532696778516919
1.8025621258038
0.0891660234458128
0.327718266893659
0.265629971526538
0.175448144493416
0.609998833788627
1.37629702677619
0.354078249352481
1.12316318278468
0.652193627395966
1.78318523291103
1.90656887166065
3.3123343128992
1.92870220199041
1.45031053686474
0.391850112938084
0.53218192886565
0.783258845592562
0.461317287078433
1.37077123925535
0.625544749194213
0.419153612239883
1.03558000081154
1.03147794935274
0.284957757975851
0.153496702288379
0.865213510953324
0.265958461419688
1.05420712290189
2.24224894581154
0.980199814650948
2.12913537338106
1.16302191294013
2.71475888987234
1.65205710957312
0.549597872001404
2.24927185358938
0.960541278957011
1.45648431046962
0.159742915379664
2.94991675491877
1.81557876447934
0.128456289403455
0.816761786469057
0.229416232691496
0.851501625207452
0.384857882953997
4.05696275811001
0.790238003399505
3.5751407964749
1.39933786976467
0.414142830370535
1.85086617496188
1.19639296338024
0.18328954222851
0.984986065106125
0.93983122547818
1.40399938441359
0.193541571568931
1.88913856910528
0.878817009228129
0.440620849583241
1.31761653614587
1.08037751236858
2.13056679463352
1.39228041169642
1.59934468694984
0.909728925372519
1.64715769569389
1.06164173789604
0.0335845172282729
0.238799161537112
0.693841140462062
0.0126046605173975
1.29958478817947
0.414694244494234
0.239417057433165
1.28830700371543
1.75413465518553
0.533399622469942
1.81695837023848
1.47617530523432
2.99666978688826
1.29697864535975
0.568164548140059
1.40679154769233
0.612350664765859
1.19123335057853
2.06245768813022
1.77992986063422
2.94552651336824
3.71398386356527
0.862682718893405
3.98742410124455
0.715901114420865
1.63902898981034
0.329557892391123
0.671085676510498
1.26923430782145
0.409362699269417
2.82865545415386
1.61337597321873
0.721892368441032
1.04812729371566
3.5110658349661
0.896881085294881
1.64728491774654
2.26261680821266
2.07352349512717
3.19767202167774
3.84094741825896
0.924888447933557
4.17335658533709
2.812781257672
3.2683759200278
0.172875827609314
1.03778253419923
0.122352732391833
0.609717462744757
1.82002215808476
2.07630605703691
1.48253961902167
1.66890260421831
0.259766176574426
0.28559956172932
3.77024346080045
3.36074623524037
0.729229917269542
3.31942051261249
2.04958658934671
1.37102915867651
0.0788748414132172
1.48984008712004
0.297325145330206
3.27115201504178
1.38655135966417
0.47258849714297
2.16756286073028
2.65347634979749
0.924285116740283
1.8112686202026
2.7322915330785
1.39466675387505
1.54625498599941
3.7976461585062
1.66165192047079
1.67211508332326
2.09442141680352
0.200323475618078
0.36387083086437
0.692739141586506
0.366404889202275
0.0491637428610083
0.107292050130188
0.491632571065338
0.65263566597068
0.177118725035453
0.62870591489441
0.436340039730832
1.0234324404964
0.757533309666209
0.415109394498357
0.195951165576818
1.31609671904381
1.91171052330124
0.310795792476764
0.372635611426356
0.123843977276691
2.63997947744023
2.92454208002406
2.20114922869364
0.421422577684263
1.83754068298256
0.551167301997149
0.809472556476818
0.502366692555792
1.4264721481126
1.27875596209188
1.18947821717132
0.163867057585046
0.655652720020918
1.1438940448699
0.20993479701874
0.0340878374759083
0.721349880095949
1.77181501644724
0.431685258661614
1.67551411012871
0.754774185617685
2.48208492020043
0.254111002785455
0.849908401865781
0.602589516786998
0.880812747800642
4.42968449348261
0.319785524795058
0.389338408087023
1.16350481403405
1.09629929675916
0.711848772784879
0.257136265367621
3.48846232875299
2.00290398374392
3.52389492855838
1.9629000728132
2.23020397191692
0.139978425239192
0.479977860512125
0.460180958033052
4.54224738804379
0.117267262087836
2.38879781279916
0.333653186302807
0.89411448055197
1.65917823764814
1.53716020778939
0.889773048947918
0.453605289551953
0.533793258577509
2.15305142358844
1.86197843219388
0.431169576806399
1.55184058431436
2.13521952995088
0.0501919776346134
0.917096048423136
0.123555678309028
1.61290497814683
1.09733934829754
0.556908016345519
4.03890902288188
2.6788937281558
1.80319134534202
2.38678058797203
0.355878047640257
0.46363032608803
2.22919898447081
0.456709938117581
1.68302282486633
0.678708399217768
0.964121791518495
1.12417415429395
0.861534249465072
2.42242956530422
0.857189951322386
2.82622368664296
1.53956553868149
1.75414425961288
1.88910788873777
2.66917281887163
1.63889991812801
0.76814623653448
1.37932431741762
2.88601891384707
1.06907843976684
1.58069067428745
3.55715895558197
0.90656950423993
0.781637728046686
1.33609061513819
0.411907569658436
0.771218914991605
2.52832502532701
2.84219466456243
0.907980156789374
1.03780869778686
0.265497632164583
2.37753786842659
0.132624207954235
0.214795457589438
1.41917606951471
3.60733441626456
0.784908737197082
0.6175627929035
0.356218067077942
0.0620085386986031
1.0920753079029
2.27387488154895
0.407728250956401
1.43697340298593
2.27236207802072
0.894003814128354
1.27432296589369
0.596453775126699
0.646728460855313
1.89941989138499
0.876977937855537
0.47053375807909
1.09851931803534
2.31059410300083
1.10364235879638
0.674745392223279
0.661129599988521
0.258374358825774
1.43914743868633
1.27879207636857
3.32775051086742
0.942076778133066
0.377214295621776
1.18264085303582
0.13768924158619
1.76139087541669
1.39233817441366
3.35837490037304
1.94053106665443
0.780221551361672
1.40289158616713
0.127291745322561
0.611104314684677
1.53274898624692
1.2232627514718
2.05273666227978
0.623995154573439
1.48202676814998
1.06791966804188
0.841078344873888
0.29970695244339
1.98688973264893
1.45517531711338
2.99955255203128
0.813178072758618
0.863596713288146
0.408276629442414
0.913622090756398
0.463817603747557
1.37307765033562
0.80563879084746
0.591591263241377
0.116574316587348
1.60965035149866
1.28128684244719
3.85756344730762
1.5240614800072
0.423554103774486
1.28929894800873
0.678988507446699
1.3057615919034
3.33576401088356
1.99768411788706
1.0152897805619
1.12770674083737
1.99004079034674
1.32030330801652
0.308908346780031
2.02334819727189
1.23683831364018
1.2537136853356
0.582166485313567
0.625837610388102
0.898800353654448
1.21901675350269
0.129732679348829
1.76788280919097
1.65487251110115
0.818390900587504
1.96053750096943
1.20907476853286
2.89172280618823
1.25533748548918
0.838362364942591
0.329056515147215
1.97214882976177
0.395174706091691
1.36192146295422
2.00762392954182
0.913515544463443
0.0536832602812613
0.227124911940586
0.236289546426053
0.126792041583141
0.736720022577633
1.58670666554666
0.968120595758705
0.360407379231575
0.683706913524293
3.7081807866864
0.734298558302703
0.36762878182038
0.756189881552882
0.360855142414055
0.559236897992582
0.851584787990672
1.78889693539717
0.943089845396824
1.70818011703971
1.15659600360714
3.89138494181142
1.28130095885298
1.44188915286896
0.259676302319303
0.389314929619198
0.136557346130828
1.31580913983152
0.364099928346293
2.89014947379892
0.0367077358174979
0.733565612557333
2.53214042627903
0.24311502916819
0.526466117022395
0.0654770524655172
1.76431788083494
1.06287454554928
0.134622493856895
0.184272395786024
3.66192352699953
1.59658559325212
0.869397814766463
0.0662385120885513
0.270541988980012
1.9232829849134
0.527743362229758
1.20271267679256
0.102010014672924
0.315510243880872
1.90068752306833
0.534115304967659
2.45169309140894
4.37106412172841
0.976988340373545
3.14237712755781
0.338247005108127
0.427082965884521
1.95710632496569
0.862667236739733
0.508871189736492
0.262060242224902
1.80446584208121
0.648736712195305
2.84516326284871
2.05848732402778
1.31305860803651
1.53843751440327
3.81430166226933
1.51632709617489
1.94736646749749
2.06317201721572
3.22025239481533
0.931984245856576
0.982603132054613
0.242110958725586
0.211279567899556
0.823023876389135
3.06419547344793
1.78075770340524
1.40967079718784
2.17286484410047
1.53122471904796
0.629033591586461
0.619191129793623
1.90661475928836
2.13907153834454
0.612555938147381
2.70130630997934
3.35700878846286
2.40699967408931
0.937789067498303
1.50144522319406
0.555848590932982
0.299159376264306
0.580938200944656
1.50476598469635
0.704108354253319
2.2973225464705
0.0221396337523154
1.2353091386716
0.270232739182942
0.151933911204078
0.488803076531845
0.467659372011178
5.03444167060106
0.199890948933419
1.62326511441089
0.0292087525187039
1.29195134642006
1.41326822468092
0.613938000238562
1.39210049743483
2.19404903835105
0.94326814211787
1.57103201590942
0.954426432645001
1.00002359156884
1.54302224334616
1.23271986535722
1.59226108069383
0.979631384762154
0.950379766665928
0.151367540426961
1.96875350308556
0.419404810264
0.607428756441045
0.410575742888917
2.52643272686491
0.952307927697356
0.127753556678181
0.441138893336546
1.99409548184562
0.703419399173209
1.58512017548701
2.59318461334421
0.264533167115755
0.0803371320899639
0.0859761273371387
0.567531354180652
0.323151818252533
0.585902709543937
1.33887621815637
0.757651487683845
2.72581931344195
3.14060585732475
2.12182653506084
0.535920246242207
0.735747152775192
3.61760019447252
2.31849266425834
2.16883967575025
0.97923223831034
2.79656769734303
1.23585876420607
1.38308073620215
3.53347647972715
1.11735901896632
0.413534005028067
1.80534078128309
0.567826167306704
3.16637176343077
4.07312130312035
4.5803601390172
0.969581783041594
1.37805468286146
0.723883060630557
0.376196789908662
0.156889144419
3.84521724268186
0.189284123880244
0.364619050272983
0.42740257934906
0.234677353274724
0.822061441911642
2.60066531404246
0.0320498752471581
0.0813007031979893
0.0856342715437988
1.37343947346177
0.547683493323744
2.52617881358971
0.534435054180555
1.50343038170285
1.28536979514925
1.67554517746481
1.44498358124644
1.52469440778351
0.278996905894127
2.26362285541274
2.57916425366131
0.735834142560724
2.3811625219363
0.794151629117719
0.42361871382863
0.721091792321774
2.39537948835699
0.330514254821222
4.03203484984175
0.872995820437521
1.13870930675379
2.06592668167752
0.68461317592967
0.923957305202883
0.964039987835545
1.02451878581352
2.39473379670687
1.25623496857843
1.08608407779637
2.67426792308781
0.0389559604692261
0.178369300616324
0.609337426188934
1.33824608347415
2.26257306342915
2.0862255377962
2.0327353847794
0.898586984597479
0.261732730300884
0.617194163137773
2.40036648488713
1.49658827489225
2.70956692909371
0.714130225932995
1.30096023935679
2.14029016497485
0.915700920509827
1.12892574025961
1.19367954429962
1.63293065437366
1.95540682791095
0.655750047385928
2.23997386081483
0.898003825013718
3.34182961276738
0.268877400155022
0.381019535948645
0.507313596983912
1.61158162603009
0.188727746979184
1.37178269705449
1.83777332371482
0.719437635355054
0.882578950331973
1.93978090378776
3.07331965489615
1.91383062197252
2.81347911504555
0.499579204001716
0.519338751032584
0.28444190973207
0.102410303523287
0.914996425267326
0.174174947254816
0.343892015894828
1.35709893989053
0.103379439933082
3.11941982063593
1.22546512196352
1.33929322241246
0.582924853352476
0.661965998023334
0.58211900689831
1.16335956750643
0.174189142201963
0.629172941035904
2.07512132599008
2.53285750269525
0.875863858562008
0.63095112034599
2.19629508606362
2.16708242408828
4.18500545348775
2.14708872668199
1.55272459031255
0.328851006286643
1.55015217523669
0.784165858560466
0.060946013079785
1.31641077765267
1.53135734146284
2.11021705090103
0.0527373255691859
3.73233849400963
0.992467376470167
1.29787576582652
1.68805041157502
1.85023064141312
1.63593012064952
0.37375797011209
0.441643455191549
4.04645757841472
2.60447530908675
2.06458020720677
1.91212367360137
1.19212619961078
1.15481387028235
1.20601634361036
2.9980998802572
0.11529315464211
0.91588074090297
2.29324561326094
1.42169268696757
1.1770338521334
0.0886907755666873
3.87496060030385
0.628574096031837
1.51985838190134
0.351955959999548
1.64130607551849
0.485512959765485
4.05696746109302
2.25592935776497
2.78581290302366
3.78315639433493
3.08370359365942
0.512521463779138
3.01582297244891
0.968566752398848
0.754356328288036
3.54879669755379
1.07967731745021
1.63910055486285
2.44756916215189
0.167414473176458
0.695745364772581
0.32053640020651
4.14265162882454
1.4549640559642
1.95397544171276
0.902006334898033
0.867512461287908
2.83165553910526
0.95479160005161
2.66548419700258
0.0934517922874958
1.06483813759378
4.5756674967107
1.22599314585366
1.814662162457
3.05380440144022
0.672345193539366
0.827175892035313
0.652099077491307
0.620120459854241
1.0903531575105
1.91193903628834
2.4067205366498
1.46598826495387
0.419339251247346
0.226642358245084
1.12746841296779
2.25369965332778
2.11883434414583
0.43754859393837
1.15420975276255
1.50111555034954
2.53947818535778
0.170296933382242
0.713554998008429
0.580881402778963
0.477830743896877
0.178714145539866
0.4881761168907
0.732069465795055
1.80311110621567
0.593129025920269
1.19991486691556
0.0407679856958983
0.146819163262817
0.831466205171614
0.142757890168653
0.747843191987521
0.498881840425606
4.11784497482575
1.01361169209565
0.468669246610992
0.364968900377272
2.19398912519906
1.12341614319949
2.09414444001454
0.222539616525219
3.09124728696968
0.191554235670418
1.2218894744968
0.0801897959153006
0.386257690262332
0.478187080740923
2.98143484679284
1.65413692002819
0.853729206206945
2.77628141657447
4.77327276205861
0.917613863952476
1.41367017693156
0.10527369607255
1.96067703008867
0.576467330700892
0.702081990701089
0.649531051074655
0.0217964626216131
0.388892368314342
2.43811090555596
0.738130563999622
1.13406135043275
0.492931415738164
1.1524438249593
2.0956652098356
0.262459889876594
0.374331024095925
0.604417952228054
0.834961412171845
0.157643279012184
0.304333547037507
0.217399520640478
0.27101698309883
1.34612814241295
1.00670632028727
2.74390656458461
0.958133215689005
1.10557588971231
1.49185433103849
0.471798837955103
1.1858840099475
1.44293104841972
1.78086510991749
1.15787780416844
1.5354076811327
0.433302519343358
0.471306657154371
0.812941766036171
0.378604977897874
2.88821390591924
0.0652426638886673
0.533211557538436
0.240122421753408
0.648715971016536
0.0566733682264863
0.773055013657178
0.757810148841595
1.11384177255851
1.59879201401415
0.0655059362024735
0.47423344637703
2.08178055554657
1.68530005977793
1.06529123273507
4.12006210676953
0.737600453930159
1.74538882753987
3.51634537873265
0.0875521407391579
2.807059024159
0.438775336266062
2.5760039047991
0.255429124434239
0.271253316103437
0.76420193367619
0.10180120064323
2.00141986486294
1.55274626235037
1.07112135527864
3.28480157786661
0.373863841377014
1.46726179971461
2.60575852719263
1.53105184906508
1.37453698548432
3.31335496272334
0.093637154317289
1.29903421147089
0.969670269406759
0.471084488853668
1.87729816442434
0.656012564421213
2.58632030030766
0.717092200378622
0.551067160459905
0.519198385642438
1.10480156416073
0.386447668627695
1.87801051125792
1.13708658494108
0.255435492878895
0.0542201027936082
2.01715505803226
1.57363835526538
0.992338598926422
0.0465279323831063
0.682381896094465
4.45426570911883
0.312667974231302
0.141014778515852
0.0658651657342558
0.154893098824332
0.80815469024702
0.143551610207918
0.318881354940036
1.13456869230852
0.148970740152084
0.464342491565763
0.231232449522752
1.4609621612508
0.590683997786967
0.332083112029157
0.253396123226933
0.469096497833881
0.228045998974006
5.49430694655398
0.378116512988435
2.35674150934283
0.228700943987458
1.0525534901447
3.1297060048425
0.0709460895482966
1.2706385163416
0.746296195875226
0.246862548675006
1.62017974923851
0.764742907490428
0.0245079178437563
0.545395663684104
0.645286382931364
0.826968896224597
1.99455958671084
0.264350994381875
0.793930626182893
2.84080284937827
2.37765613670008
0.887129646322575
1.44429474770109
0.51341371785319
2.29009389460049
0.512988341490935
0.533891437714218
0.104107148682257
1.12759864549907
0.427860312847765
1.41502631348963
3.81104203135784
4.85522964300842
0.676129075637907
0.688872367148476
0.282852702984053
2.35029245792139
0.470705923296947
0.877627597397144
0.108703693348546
0.479080896088802
0.295918648308498
0.0975707910178688
4.68742007765621
0.238199457567254
2.975260415923
0.870047911628652
0.976029295095032
0.588112870732027
2.5265965893869
0.770115405692482
1.48251875430132
1.24460856416266
3.52543075616148
1.08241852953964
1.00361136458308
0.433405204680423
0.258731661410968
2.42281898171339
0.761023280125816
2.05669447577889
1.64248739701834
1.9438016955271
1.61446858414158
0.239861037189213
3.89603425898056
0.86842613488149
1.28920463997912
0.509719010397537
0.132462751140211
1.15501133525784
0.853993818377784
0.996800145183964
0.545643127127676
0.911700059730026
0.2924809595243
1.47516261985663
1.56088058541361
1.26345253878735
1.11982742324457
3.95086033098288
1.15054743623864
1.72823090017186
3.32592941864412
1.14482629417699
0.474345336952585
0.687420488997168
1.38756643065215
1.55237628944295
2.97996619554952
0.200584096036625
0.404954864265091
0.599392497739536
0.152924342840878
0.744136836083233
0.587091795351534
4.247474236696
5.31937210662207
3.35007003594942
1.69991520430407
0.389682732279304
0.208159733094719
3.74624021128756
2.16577067424351
2.01182082590302
1.25265078769625
0.441709385474161
0.968175693356462
1.05076268911865
2.50789197477915
0.358399349920495
1.03983774971267
1.72976442435688
1.55831448445394
1.77968635154145
2.26441066599878
1.64213380942079
0.775415747296587
1.1089246002801
2.25295995699861
0.248011894847379
0.554987334416164
1.90535703900806
0.211749096745337
0.745624975998978
1.07035808545862
0.229724349655448
0.804847646003019
2.53148518989555
0.455233585930668
1.56856573039559
5.10618136747517
0.424545130645139
0.939356945493902
0.967277000714636
0.566482579693783
1.90341540052208
3.13097272450096
0.191067330804474
2.12272481904905
0.252090178820131
1.89632455529718
0.920222427035492
0.432661086486689
0.0990044037222471
0.321409153144609
2.16896884003361
0.284684144782281
0.817455040813991
0.688784420222413
1.51910497193805
0.225489437656949
0.958027168314421
1.94973626004987
1.27170669349348
1.5025837059262
1.4423566320681
0.641186461973722
1.48944492988149
0.559443823572507
2.33555331887483
3.62353919201438
0.435995367029199
1.60973709984488
1.82762950959415
0.187750766063581
2.16095550011344
0.552853873695686
0.778278401691099
2.15578795831391
1.93054121726997
0.294245111180385
1.27313509840096
2.39027985312476
1.63451520635914
1.00597362531414
1.75115191675375
0.376099808372281
0.525005948915244
2.27254936814866
1.36487811596487
1.04898545077499
0.352154029469937
1.0250135585824
0.977017314415736
1.50260850668022
0.888482724570409
2.47807786996617
0.258558043792911
0.659020555734095
2.52025008839984
0.4778078192084
0.320415010691049
4.28615184081843
0.559751392961386
0.269083324564124
2.20776718282183
1.30990229968875
2.76023303750118
1.26164144837053
3.6193033125499
0.812745339543712
0.912272367833913
2.99765104283458
0.651221694022855
4.04787791169931
1.38944279300788
0.407797466451892
0.973651169241825
1.25977551573549
1.36911135910296
2.71206617385479
0.228469702480014
0.957711512323423
1.41241816998051
2.54732911466125
1.17315717438763
2.42958633936852
2.45552791327961
1.13255958782696
2.79027847177932
0.150202615804863
1.08174036330871
0.454468165828361
2.46509696416496
3.93980094268256
1.66587117194992
1.09942896191743
2.50246221377778
3.121580472395
0.704894279100494
0.325248874089546
