4.32750045204657
1.76353111045376
1.47235260589139
0.736546497864011
1.20961514597973
1.20976372509945
1.05731242687022
3.53522861454965
1.33516882699136
0.591759755212458
0.606269460320294
0.802293172568249
1.02734077745442
0.375466462887011
1.11495631911361
1.0285333635736
0.655787334358222
0.926122857537805
0.679187724784885
0.715877584411844
0.528671662347331
0.339626690790458
1.52224078296877
1.17614383151897
1.68948365219619
1.10712050381364
1.20270805313898
1.57599258733582
1.04142640775579
1.40838534387019
0.73416199088082
0.996890691394807
1.97760341289712
1.42726214692963
0.940237179031018
0.950360442542074
1.13779211433107
1.21846359641265
0.605970745722694
1.87356890062934
0.696566801754619
0.925899314879567
1.0901016051137
0.353202703434875
1.7480289645115
1.67117700829356
1.40175407742742
1.48173725453726
0.520102428199221
0.695286819639105
0.886011523772363
0.792820260718107
1.47032033248298
0.843042809164603
2.22142308839977
1.02151246323913
1.38330061402856
0.492495182352803
1.77348794657647
1.6023257579606
1.15879589113762
1.55463338776074
0.746166571504497
0.716252892063003
0.491063717542551
0.786703228045845
1.48635019259357
0.876841657175278
0.544064992192191
1.18784172020711
1.17398933511606
1.79608293583224
0.65633094182979
2.31992767960246
0.826248786201403
1.2074082048854
1.86544385971406
0.634839163872245
1.69782448235448
1.27996566684713
0.929834629092861
0.683351236230981
0.80301800597576
0.49444255128079
1.37753374981765
1.84047830561031
0.624230515106948
0.51915749090474
2.77077779907498
0.735893649814334
1.76857587496937
0.512234251086297
1.00311565105885
0.814349350147017
1.51987113500694
0.711787305682224
0.758033536840458
1.28897328189232
0.731819222900908
1.1457459430821
1.32917371516675
0.850896562039507
0.731778416574883
1.40894318756903
1.40847624715824
2.11215769317688
0.996593188315619
0.47710149163344
0.647243215148481
0.541925354712233
0.476966286634559
1.28708689956192
0.556929527335392
1.12638942983351
0.787770849404385
1.39748478956963
1.62545101107502
0.80508328774174
0.962174607762332
0.986600991794128
0.467049345653842
2.99129196727929
0.609041490166429
1.17574354102454
0.836754785035768
1.92325753244678
1.33612639439797
1.23698142686822
0.822731674384241
0.765188007777866
1.77601122510016
1.70994371480633
0.938386655430173
1.03109836124421
0.959710242934962
1.48561090087485
1.9509184513605
0.649545311476064
1.79426203613401
0.906514004386791
2.16589167802446
1.41980310348562
1.52908506130901
1.81461719584187
0.824813065101259
1.74777502679879
0.419245942047823
1.07070814059539
0.623601196547772
0.920198276156121
2.24526710401784
2.19368442052068
0.481737037087147
1.49073888560213
0.783679703905258
0.801962889942306
0.66263606783402
0.694288959163315
2.90054721594403
0.408216544405747
1.38610789094624
1.73493191637232
1.0581454410375
1.40039130539718
1.34260827201534
0.655862937202077
0.873420541629641
1.69013319286238
2.72419391771359
0.596573172137149
1.38642443422245
0.862476320950989
3.39091899535369
1.83611589952429
2.033401685074
1.4047673126367
0.803445398958559
1.16135848727212
1.52243514444743
0.815578931427437
2.0246168538539
0.683518103972246
0.915106105956089
2.20985605087713
0.660893999153798
1.07748603015621
0.657644981891702
3.25022429401201
1.18590678836716
1.44626878770711
1.56722509363255
0.874199794460256
1.30686277838821
0.74505959819063
0.875433616139734
0.959517164863323
1.50299752803305
0.956879166794997
2.30074231356423
0.957771774172898
1.38114473781235
1.09867632930347
0.620908356178935
2.23591364115151
0.74953992136654
0.821461766032304
3.44201234851693
1.19691686046227
0.788437435157401
1.62743386645323
1.38743746631809
0.403065141509522
1.19256152666123
1.34167621296649
1.25159260799314
0.70967471016644
2.86166302180155
3.82724436389589
0.57634166544941
1.08694199317774
0.765863408670181
1.21217547264321
1.06721707978808
4.21269267925447
0.821683702259807
1.36568003455546
0.83895584421059
0.672442638559864
1.62563865394024
0.57174762042664
0.368286422051704
0.708052967029861
1.41144067342751
1.15287156492816
0.33665464195163
1.32988644958629
0.655044519864617
0.596674491503174
2.04124785545713
1.55920106129195
3.39090867689127
0.640493561236691
0.944841131194139
0.509670652180129
1.60682912795339
1.45806805007239
1.88490003539169
2.19801327032923
1.11595289948862
1.97851660105106
0.753493592149785
0.862201563534455
1.15249808439993
1.27659243705152
2.16015552982446
1.49084961073882
1.14544473272761
0.877331196927715
0.723752048216653
1.76201000099395
1.22166134670021
1.03765045866423
0.922292297043303
2.14361831734774
1.57766593622056
1.04354981101843
0.856571506995147
0.567993167269072
0.873750471295639
1.67259936475605
1.38636052844117
0.706165727576323
0.845561885351779
1.27880707417291
0.903637896994308
0.480441707143824
1.01585322018247
1.55233383804062
0.613227480457535
0.855279812137874
0.232522270971664
0.663986424708944
1.13644724538684
0.954586637127075
0.909994200485409
1.60482652337767
0.410149742252822
1.75853488702279
1.53865140723524
1.84530186612592
0.530081557876853
1.1973223379379
0.505896405436248
0.945092934370634
0.875272053954897
0.474213005646234
1.25259488004272
1.23309870377786
2.6767610272656
0.731626078433004
1.16106570740242
0.469657271645339
0.827037990389252
1.57383397528164
0.470404028207614
1.48733826067382
0.637966774015215
0.768853198238403
0.78998975308744
0.461311096207678
0.802909037615293
1.33403446992323
1.96916684504264
1.11467777077167
1.38234449922589
0.921070332392257
4.72921874053658
0.428186891049355
1.03269899656282
0.530286312245778
0.729877522920111
0.817079233890382
0.623371757122358
0.654151976217102
1.26102385774769
0.814622589000237
1.04618467443373
1.67652445420002
1.24234716335034
1.13773318407105
2.33961598917861
0.435346262724336
0.981004014388082
0.717844012196625
1.65888634521368
0.978102015123187
1.3942710871612
1.47512186408784
0.893768860832824
1.10191550294557
1.86257055107447
0.655805658102192
0.903131620492511
2.68645092265011
0.776919523896846
0.847505685113709
1.23098463878988
0.760953739385354
0.759887974364794
1.00306522606416
1.03113480764868
1.92636237409524
0.962516096267774
0.760732710808514
1.55458048878686
2.16738431156017
1.00559316183968
1.51808522883178
1.16813919598697
1.07605877517857
0.88757699106704
1.19275598240238
0.773479139372853
0.758224339808223
0.798655158547783
2.10521986985975
1.36742582797388
0.740177872578795
0.392136121579277
1.10142455947
0.537199252626977
0.973245713204788
0.566293285207095
1.75287350179725
0.400163536859372
0.758585686435414
0.883672734328219
1.29011985550225
0.69406146728203
1.79017340395917
2.42554759928583
1.55130834234269
1.07153557516604
1.54883067443547
0.64028501389855
0.761200082840355
0.496136697042849
1.29358152850903
0.50934664717543
3.69641823394639
1.5151516783176
1.12175804740172
0.436939922518688
0.611033921832174
0.584464154487536
0.834864258322899
1.52284747285731
1.10982169790539
0.960071982925837
0.854689687899843
1.2121143210029
1.74553917320096
0.826881413206249
0.948803190266419
1.39995332492444
0.916652844251071
0.99013610727688
1.31781513934506
1.00245094165375
0.564665768086765
1.03124017988981
0.692672352636741
1.85064599143923
1.74004629449211
0.600355875283055
1.68573469163668
0.754450672220544
0.411591649287935
4.4167629360448
1.23055260299918
0.76999538848994
1.32384798796504
0.584611867680688
0.772290717122694
0.705869163814916
1.04249161387682
1.02806523857445
0.60751846794805
1.52476164757335
1.18377092157686
1.09139120215866
0.725549135811346
1.48549724567668
0.567882099303237
2.10328827132446
1.12192136136719
0.869880842405612
0.886097046745075
0.813468750141996
1.20621971538206
0.374053376114372
1.87385707481553
0.77785509557107
1.63100310010674
1.56431821019773
1.40572146750622
3.01634358031722
0.862876677894726
0.761861366827304
1.00119661325775
1.53737208490955
1.11354385129553
1.72543840163627
0.595550356130376
1.80244184904981
0.59716455024946
1.4301698152918
1.1150382242708
0.769922595362229
2.02069177294426
0.662545707384197
1.07770850692207
2.33157276460686
0.536267785753473
1.03366939565179
2.13688355633144
0.770618590492559
1.72854221048357
2.09655893319115
0.708350754277652
0.923586522200082
2.0226112655601
0.732425307524881
1.02016572926418
0.770733861911864
1.27045385514585
1.04321466570689
0.704829324968677
0.770948646965496
1.12157414302733
0.71855480879009
1.55090882814556
0.645310148363837
0.929943540862874
1.50229296676177
2.60089246980671
0.655149440720368
1.2877357941065
0.583742749710591
0.518565537896263
0.823702720059529
1.22768847838811
0.876278291970723
1.26817897716971
0.719674768818708
1.04817380579682
0.575120298187636
0.391651618384961
1.54409631502649
0.500851342631007
1.27979871828802
1.83953311685725
1.29208575935595
0.890127155567768
1.0495479172058
1.50140011049099
1.66492114910058
0.84682611322842
1.88715490677417
0.496563474447577
1.08091326316299
0.407014850203468
0.507964165154405
0.690338783920992
1.03918116366838
0.639469871001265
0.876515836430479
1.52320661498316
1.06472867702441
0.348984036112417
1.06569196061938
0.502908893221125
0.875235129752341
0.411474250132386
1.05705044664437
0.90803480205614
0.754643176642907
1.30989869249877
2.7815291586957
1.23976089068629
1.14911447748715
1.20482773328298
1.89825646546364
1.46827548348569
1.05220044611614
0.585992886499446
0.514985236561116
0.87154242130798
0.628131989800906
1.40552878602116
0.922989220157126
0.789980802969175
0.65549382120487
0.838122835616569
0.669980300000581
1.42942376448394
0.816127535560039
1.03448778341302
0.603110558091331
1.20364697968089
0.655237814268324
1.49914665484218
1.0448083331925
0.541811943886774
0.778345342628112
0.904471837326665
0.876009038220978
0.777672679969545
0.7695911994902
1.84266237370113
1.83006376093122
0.978204355924751
0.464166984338688
0.349805591160609
1.57390736311957
0.622042317725309
0.560069665008255
1.59560054282608
0.680648495155376
1.33187821387899
0.983593540996222
2.22194537460353
1.13373283702612
0.638018345579946
1.58402387586402
1.2529932058382
0.626511992867577
0.612259753652059
1.3303548721694
0.552586093509169
0.656935536299178
1.059304421021
1.32416715682264
0.938411578316168
1.17710776473006
0.88501377125454
3.08414752401229
0.874555060985118
2.14492958360416
0.914946320139726
1.69309912997966
1.30485440438992
1.81418805834423
0.879079740075247
1.27788373930509
0.791744341230615
2.31811858168099
1.04344278948421
0.517574879182109
1.25898262503675
1.26633539596711
0.403742087028685
1.69063447844902
0.59273622041503
0.686344620147467
0.746042970535964
1.76187888894684
1.22539333678474
1.04651992551004
1.09921413527296
1.00240383452207
1.12057157699333
0.987108295276215
0.795464456460275
1.19521469108204
0.496658798593427
1.34492513762316
2.58676710324777
0.608065439486477
0.854922636389489
0.755276490858095
0.695026110300344
1.37165258557131
1.33926580749061
0.893461743602999
0.775438901643872
0.727471312695799
1.21082352290184
1.13166396039716
0.987160200910242
0.904277847097857
0.743164394385143
1.10826930730363
0.819369891974684
1.25812673656638
0.672765108398628
0.63059111617068
0.712065923342275
1.84737014719285
0.746007550297283
1.4091481297756
0.840358678067785
1.6274657038041
0.615814089602179
0.583136007381085
0.706729206006758
0.680116219843176
0.820961710051148
1.80278707454885
2.0006188423545
0.630218709346192
2.27371242818566
0.879634066873628
0.790963711516138
1.79248852243666
0.61041164874834
0.669483661152895
1.66162953884602
1.20193275015028
1.13716575672185
1.57592425469904
0.385775080459761
1.49456016422903
1.80207572463184
1.71320442869692
1.12493382963341
2.62368928618964
0.877617070851231
0.169966269609672
1.08172971216397
0.765394803754982
0.888447136776823
0.155838059832476
0.788151502781118
1.00222024145262
0.895030088874824
1.16528534041615
1.31594011691412
0.997143572252776
0.824284873937315
1.02988489239825
2.92007295726674
0.907968446548395
0.744274697304462
1.8278336711401
1.72858103391186
1.19812831080506
1.78323818562827
0.589449228483575
0.759294544551669
0.669402428241236
1.07702635210931
3.74531379713862
0.722133790682793
0.275752255797202
0.507958712967904
1.78066522458978
1.1666815355685
0.62489060404056
0.797932495475993
1.33481207613296
1.64165212721516
1.58366149840101
0.842003972508606
0.615619111997016
1.07682006037084
1.67723452647625
1.69262591253943
0.842527909218397
1.37373570257272
0.83032549507241
0.617631273094488
0.795908127241865
0.678213456966603
1.12548698735261
2.89875737407459
1.11858209607967
0.666557238256795
1.30204521053645
1.13102112979725
0.833679689431142
1.15599152963692
0.333703200417495
0.385902512398075
1.94259879049693
0.848096391501964
0.785686337571987
0.73182295074936
0.454742974759164
1.68855436676427
1.87453979416232
2.2970583566676
0.588815415151078
2.1282494639196
1.3506932778106
0.691162618725102
0.590713605413553
0.853759285032633
0.998933861573896
1.60843671387635
0.775218882561286
0.443422363223056
0.283465961068959
0.92119101916104
1.31116637743725
1.79092193288674
2.79343027686402
1.1059987581609
0.707893921103266
0.975329766351092
0.794443016506529
0.442296157458357
0.831008214057448
0.503923397516827
0.420560915625118
1.12771840759788
1.57475852508321
0.464129013486488
1.87650714713241
1.43173371587666
1.50662636312253
1.86334884372394
0.639634585476122
1.53796303831501
1.34098033823933
0.621558223345917
0.347488271052758
2.36820193520746
0.55310887421872
2.54102710423961
0.834135583267645
0.672243992874118
0.574984438985708
0.953505264394586
0.868012652953416
2.64333055960152
0.805586496689977
1.71575896844753
1.27653646236313
0.514939597885258
1.26520562588484
4.19702944106577
0.805248027882635
1.43430855802722
2.80588894068489
1.32781411205447
0.31388583939086
1.01405909526624
1.23691287435411
0.788099187701216
2.02800559436307
1.15540900944901
3.48501354491459
0.84969127439575
0.755293387290858
1.68788805737507
0.848023566387363
0.401964170855013
2.4478864482845
3.74238587713723
0.856976125126843
1.8450015069197
2.40635273826537
0.675913966596194
1.61038791960074
0.870206417212295
0.899297456087261
2.50936409117251
1.31125789322187
1.08072291605567
1.21814205426415
1.18548360632894
0.714564234598121
0.711633437151756
0.985756745143925
0.594315728269168
0.756366911797256
3.21835871276966
2.14283350599326
1.29734527335062
0.717163116146292
1.20188425108631
0.898209397859319
0.837979971181642
0.540217420025587
1.45371759305246
0.48356818781418
0.532907830115473
0.866797151635297
1.43003572704824
0.776353596083076
0.984018720620853
1.6858858959434
0.861036088147723
0.462051123110863
1.55979999023595
1.07889849132271
1.045744343616
1.83469689110717
0.968577830596708
1.54024597281711
2.29304769643078
0.730314424820929
0.743927728506041
1.35110928767635
1.15637885892853
0.573234441113461
1.57847166207767
1.32754682635118
0.43444612950608
0.923338250757442
0.480102581385782
0.92103422054275
0.832773622894048
0.874744487901613
1.12357126528428
1.12454214085189
1.19422815677644
0.528481876520969
1.2288221243426
1.31693232490563
0.518880434720004
0.492010494939077
0.936039769280198
2.28429728102123
0.891000800190037
1.46154232271129
0.565226551961299
1.23857252430639
0.851412391619688
1.36555884907322
0.586545088390615
1.09270951068883
1.87431019325261
1.64135615698471
0.863628084954152
0.499818534338497
1.01805584598506
1.19605965272414
1.27783443152465
1.10593288171392
1.31630983309084
0.73643669759267
1.23529586504519
0.845255597902445
0.781042856164724
1.51651856380306
0.756175003417762
1.66685416880511
1.95519135922233
0.777691251211495
1.75445909753701
1.30966445804485
0.935263337270427
0.586415317377564
1.38706745193735
0.798747330901286
1.37669933677203
1.53546099287669
0.918051661124972
0.530660473845629
1.8217890932182
0.567575214584098
0.905147571365909
0.674759600971292
0.830057334762083
0.992763266257353
1.57219076472321
1.59702184374811
0.686374286062744
1.62354715365473
0.714488122136059
1.42054025099158
0.412690660261698
1.52178047890557
0.873852948307128
0.600678581043047
0.841587523544506
1.13367462381934
1.14572562234929
0.630592676890547
2.49005082859036
2.14209658123021
0.733940619403255
0.661715849937737
1.2366657281749
0.8292623303345
0.685217716265346
1.87297170999865
0.942342723744276
0.624125828923153
1.19133111435131
1.08944069141223
0.590426578946222
2.0301896410661
0.799717165946619
1.16909304519524
1.81110657943864
0.692396682630491
1.26573611907004
0.376758956695032
0.626349778335745
1.0516648648635
0.2313701333675
0.651905405522771
0.856766870987975
1.27781413708285
1.00515697330724
1.49478162036957
1.0287904092218
0.933257106532318
0.730060074345993
1.90711916260098
4.67127294300309
1.97060848063031
1.1808038846393
1.12952588659734
2.23186676118358
0.432022073587867
1.61107964601074
1.60552797766724
0.419360212576281
0.929195435984741
1.47523894855027
0.841708827129755
1.53329305256082
0.540414385876698
1.1389413753416
2.96206687136556
0.884985936954666
0.712182014304229
0.810567611846006
2.77649081927763
2.39604664383431
2.4670697256986
2.93660475998781
0.887474963830874
0.641918292189221
0.809984341403516
0.724307827309954
0.485936732882508
0.461062751328072
0.772124238321932
0.412683325539354
1.24153590927234
1.20041268991779
2.05219975363899
0.946254636814244
1.40223194439145
0.907334132662533
1.00213713860065
2.47100505740216
2.06603677616941
0.507612340647035
0.903193558958575
1.70254703101904
1.04983411113156
0.852377445425922
2.34473280164931
1.78574825005081
0.509670799682209
1.28799892918816
0.327282417221591
0.686559942349953
1.50195571645006
0.70668372364536
1.09951209756555
1.188053863636
0.646356584662534
0.665611152763879
0.407972389665142
2.34059336764312
0.850578744046548
2.64374725243436
0.828168408564343
0.32333841665074
0.808284996069372
0.761574685520064
2.32242058765682
0.593452666062606
0.497631782843616
2.44445257439292
0.383467375323331
1.58074190587217
0.616715984728446
1.24770722094774
0.982614328312004
1.77747706899675
0.689275529550368
0.734708477300692
1.48163385344612
0.799257345854084
3.27779049332603
1.44254492656381
2.50114613995313
0.759773192616895
0.885988859076202
0.677012543942346
1.0831006847109
1.53434281505107
0.820378572456854
1.61974138073817
0.705271537758605
0.406299223839569
4.56719369529698
1.37971338796139
1.31639331690665
1.06794038329995
0.798321729123083
0.276659330036795
1.00458381598217
1.18074886511897
1.8192963783641
0.905091002432862
0.805135954814286
0.861145367450771
1.50222754590052
1.16163033304795
1.81560993675915
1.3845169264006
2.27917896759142
0.736287298884172
0.678881020231659
1.39680976072117
1.30597273361413
0.798108118982265
1.21426690860638
0.871735457979586
0.29833231347661
1.32832528193102
1.79366546337509
0.916946698983179
0.784244588074967
0.582981521894883
3.35454212148373
1.30844441158816
0.566870671305149
0.991211022660597
0.541736522929413
0.959244055465059
0.781213214452139
1.35601587313811
0.684887700205641
0.555434692712726
0.981067002590091
1.45813377441748
0.908699189213469
2.19918040273872
0.740146459959529
1.61110904614928
1.06383350155379
2.29236041237656
0.695263165145779
0.910411030951468
1.13798134062986
1.65476321261789
1.32386643641562
2.35733494707616
1.32503570296416
1.10924946059011
1.01921173631708
1.13584581515678
1.36194914918275
0.994522441054044
0.598793011902042
1.0781228796373
0.504186976558969
0.475873955057558
0.616917465324664
0.356999317639719
0.710372643919552
0.606243572102276
1.59728364740209
1.10322534941988
3.28707667134499
0.697837465901437
0.72228562047034
1.28200005881415
0.888049167351835
1.05680030704529
2.09558396064648
1.36532319507678
1.2471715379847
1.74032962787271
1.32961840937922
0.8564996500907
1.66694925989376
0.516329035915194
0.995949900236882
1.12220209469837
0.732177084186438
1.75651966190897
0.853297606420257
0.854490340730908
1.24859410900652
0.621441920864056
1.63903229307016
0.53135095912691
0.610192801123974
0.597570106222389
0.607369265426565
1.05857428912733
1.10632967094208
1.81089167948129
1.48288824727256
0.888286501745665
1.23262947536603
1.85012309902137
1.97043284558861
1.0926456817279
0.710495091810548
1.02104880607691
0.758990088889446
0.860200739006129
0.735952323959359
0.76078368954413
0.722184730942929
0.501342691488595
1.15492882588252
0.517016641634609
1.3408747505611
0.566681356151842
0.747034414958482
0.83698504420885
0.493260557576515
1.52362758800468
0.612621700972299
1.19878892562917
1.47053773508796
1.05309474142723
2.62126125703544
0.892545682241337
1.78792991631755
1.92320161635955
1.29885986312512
0.810123770999651
1.81991067134588
0.333576330966826
0.686942200248022
1.09537589551818
1.10088761771833
1.72087524328606
1.11563883519382
0.635831506121744
0.404380638459791
0.401027698657035
0.935777079659492
1.12703870783821
1.21507442239764
1.61937629059609
1.3917529902137
0.785348578392308
1.3658784482381
1.60747157084201
0.911357875350688
0.858287232028415
3.58260129109645
0.419650950079187
1.3987804858296
0.54693686887078
1.34220908610465
1.1444580405141
1.64679686337489
0.595191954858638
1.16841170712107
1.19307551232114
0.933908964508363
1.60731644458361
0.981120500880755
0.411187958989583
1.19763144236954
0.736137478515012
1.44547629627252
0.562397263535731
1.0925992640572
0.481574466802153
0.405460654050558
3.91959272495346
1.67100996488537
1.12593124953934
1.17460834434824
2.98784330939037
0.84117665661477
1.92600024691212
0.71911512129136
1.0359759372169
0.517419841674203
0.835121096675094
1.14602753432423
1.74557665323177
0.935504252778469
0.870949547875601
0.439693847106491
1.53566921738456
0.785524903712294
0.515568284977067
1.11134276982716
0.921201482143364
0.387408464556322
0.487315585842521
2.22094993519082
0.893342860003882
0.937121345818159
0.557227526891369
0.83838630959603
1.00172039768082
1.21292711707213
2.1095083585412
0.933075332137966
1.53505825987254
1.52523801827309
2.9529782880972
1.66135067622713
1.6465301155884
1.19508072905559
1.37405778878094
1.99825684805252
0.882719304685641
0.848999641075292
0.88255417708357
1.5830923966223
2.61129556067724
1.91344437603176
1.56494636751609
2.89767790957518
0.619918089316041
0.735577512596204
1.18500317367684
0.992314963697109
1.02627038155586
0.597776067901215
0.706472368280851
3.26618761624654
0.891473646421133
1.89761461383072
1.4529675666294
0.879522515303224
0.961584933502181
1.57885027933448
0.807369379911407
5.48560746944587
0.946338742868281
0.972634116505548
1.74674223571181
0.422977517420347
1.18661035187123
0.341696166501934
1.23898939024323
0.499942886499776
1.04709699671365
0.744410607947998
0.65930535848048
1.15998380060322
1.98640220560644
0.925086630260716
1.17927457329807
1.11532041506629
1.07643787104108
0.869538328254737
1.14491997662403
1.18505275000708
2.16521100658022
1.06835954218102
1.9080273435132
0.952110825012081
1.08137592777702
2.04479080337406
0.828660129263599
0.664760091436048
1.11289902165165
1.06255659290104
1.95978734491726
0.800573444553224
0.780285039562172
0.98960548910579
1.93660464881746
0.492931345834387
0.597761364874073
1.32845605343693
0.922947016810513
0.642576267032986
0.892615967945083
2.9157476450221
1.44267651390836
0.816167528310876
0.440179506308692
0.713097942994206
1.76238772004454
0.520573331431992
1.49684794428838
0.895609363143706
0.840537796224205
0.676926849619393
1.07995266642635
0.532132548955386
0.437638723454399
1.37706921282068
0.583167746449724
1.82037078563383
1.73714785924888
1.04067908638059
0.780021760880124
0.557937597215808
1.65484268774957
1.40329468224494
0.741603148036585
0.868847710716463
2.99967371455594
2.06986740963149
0.920556526323633
0.799014638022091
1.39381559594534
0.609269826728286
0.534748877835
2.47002413088257
1.75241748605079
0.718498287203404
0.768518094441172
1.21405442907392
0.727942516621947
1.2208035767403
0.641827595955143
1.7255738256138
0.890653745863703
0.905575513001016
1.01967523982838
0.574735787308136
0.760451788147821
1.43795637999238
1.09647366780388
3.50997318108167
1.86167058009829
0.413253768840061
2.14442050974972
1.28606095455417
2.71009101390672
1.66602813833391
0.815283755710744
0.977091049014051
0.529899267187975
0.785674627495541
0.773985821008202
1.30002102067071
0.569442942789785
0.860175079316628
0.993928267992582
1.03552904128159
0.567501077358941
1.41136221497109
1.3142695649703
1.1695480133566
0.861122372735795
2.88806703925695
1.11007104683232
0.582932254132776
1.18594775934357
0.843462986517286
1.7577001067036
2.34678899843671
0.796417011082157
0.856305404239172
1.0330384501522
1.08827476219158
0.986429383257963
0.439065403324064
0.776201804031792
0.680940217048796
0.579326067738737
0.822032136530246
2.71978974505128
2.51535777079196
1.47041320222719
0.910689278288158
1.10251940217298
0.677797525643485
0.907168454972904
1.08443475690009
0.86626989904085
1.35689183436168
0.972202573510541
0.657513769444701
0.79508468714684
1.50311762437974
1.07776079215039
2.38380129217058
1.08162443662621
1.31172030026923
0.694458467165272
1.21299895905639
0.530162332272449
1.03751230350015
1.00165907458552
1.0697422193082
1.05921207855441
1.23748577376023
1.23870448350393
3.10342616810102
0.555692407811385
1.34458460226557
1.30088428347045
0.893670792371327
2.04474688341896
1.84150502000724
1.38734598162657
1.3372477256186
0.812599052801119
0.793235323994379
1.90229964171895
0.945506399371047
0.875814101683991
0.771476370928936
1.17416161713107
0.333092327086031
0.422462278820269
0.583605858487054
1.77938660468255
0.825199120833094
0.887492240465097
0.556059932580865
0.774807367256025
1.19725587657495
0.488067084959003
1.23140415345026
0.928671310991385
0.519815736540605
1.63985617567324
0.932068737198172
0.290647328784851
0.949942000840124
1.20923750603727
2.03924397301779
1.14377508132082
1.46864133713465
0.553072278201417
2.66666748572286
0.658653191086194
0.727780946349104
1.00209855911856
0.955891959833566
1.84324963009948
0.878428306025147
1.25123171661677
1.55013995386956
2.43192510040119
2.23590705385741
0.929544063312053
0.681881444233374
1.9827322197597
0.846752923750673
0.47284843027791
0.410821029330373
0.355989242770443
1.37887082237965
1.08690194987616
0.433902298548455
1.08078275412343
1.55615316657109
0.639514068534203
0.6911702049055
0.839176402232299
0.743423890495749
1.13204815408836
1.07854325225885
0.986856600340545
0.852602854286598
0.689732385302179
1.8018500583332
0.724370315833874
2.01505769549917
1.34763675791441
0.720881522446262
0.955781203786846
0.917767079524459
0.564197667390043
0.567781576239672
3.84025281830282
2.33787282297496
1.63142137988166
2.32436466047817
1.44253959401614
1.21849542300584
1.31510073257702
0.470558243876109
1.64704902397421
0.807617048777935
1.13859472178514
0.405636575128686
0.825340841317157
1.92725218733052
0.645938806755112
1.18137543460419
1.326376610581
1.02897893862647
0.426692132580727
0.857900318982384
0.574248554113033
1.05401734133093
0.933260906643788
1.55038720665329
1.13454470848576
1.1209316649535
2.12527710090599
0.603784185313505
0.996799577203117
0.856314539565175
1.52655493979518
0.41646473470509
0.833520424745533
1.47302105672019
1.38571691764591
1.19889092964314
0.752597803008904
1.28693983582633
1.33144301028732
2.76540803390826
1.05116591620221
0.679137002766371
0.993816755007835
0.608783098227345
0.639427823764973
0.25521950532887
1.6643289029152
0.981036714396218
1.59881384847304
0.642935673454631
0.781894446561319
0.85315749204892
0.596975649511072
0.724702114658685
1.25168669660649
0.571227688576786
0.925395905130816
1.64774947174556
0.694614047342852
1.21178896470634
0.694304877256803
0.868312709656963
0.70890430908353
0.376100233730018
1.35220221129532
1.3992433280542
1.28436249204486
1.45784478381004
0.661781654139324
1.14317013487586
2.07709368046681
0.910970959395602
1.07668723564631
0.380258879618027
0.659341967481122
1.53353396070801
0.906523912427863
0.948396882913384
0.757922040315716
0.481761055033618
0.666446034715035
1.50806523954549
0.632838033865949
1.58193215680527
2.02823175759567
1.1712459489175
1.04877389644151
0.923245853624483
0.812551818307481
1.10679483965133
0.939078487880786
3.34913268844057
0.551699422974598
2.14778390925224
1.17217107321331
1.68031688022272
0.85213197683057
1.2072064791887
0.513577949878819
0.725668046525574
0.953107332764871
0.827662784747629
0.347800383850781
1.43964985723187
3.74936268860685
0.828687424192133
1.55439026056038
0.716028910946473
0.400376959792504
0.721578853738426
0.81077650530463
0.788717094862949
0.892562009679822
1.03783345131605
1.34984914158553
1.02174487295742
1.50086874657831
1.42941961535869
1.0894952277496
1.2803375052377
0.721674111072549
1.27209449045165
1.25596555356659
0.535035827382981
3.83257800278849
1.73485105092238
1.29407918523097
1.22685235029868
0.740063623605106
1.18778042254533
1.05871528032258
0.989433376453358
0.509138899371198
1.09828657665825
1.06681531222072
0.88967210554353
1.56444322226136
0.645561890787429
1.19121594245092
0.334684509737203
1.40908781316145
2.56192892214844
0.853866173854459
2.64447216829779
1.32455127752223
2.72453815492105
0.630915373638415
0.688172625096616
0.715463066548473
1.939267799066
1.49047676334183
1.6839715693569
0.433250607912774
1.40837091905927
0.759116743377298
0.583131228188659
0.767374329745051
0.116978618449529
0.891589251842793
0.409157354944882
1.64903013777188
0.719962575267103
2.38415350401122
1.05264458218573
0.686971182491162
1.23871799696612
1.28597510002791
1.44525653181263
0.698387516055644
4.45757342725672
0.923039332793627
1.41962998566393
0.793287437542151
2.54527301416337
0.66630893989724
0.532340266648422
1.48409912763921
1.26353440752829
0.313360109163465
0.462005871585036
0.417735908260906
0.792973322602125
0.952555268209574
0.928407299742609
1.56065550212128
0.57614904784306
0.7516401512669
1.73424478657494
0.780719542320428
0.701330204160834
0.682405014853606
2.12729609934576
0.704795635390966
1.31698990257204
0.836845763167728
1.00763669493751
1.1007395652866
0.974573502102739
1.24554211491072
2.24237855741217
1.06931561334599
1.14673973319913
1.12859486942062
0.782677177530892
0.85899907813362
1.73994108543603
1.2612274051562
1.46433157301238
1.46940076478799
1.49991828089014
0.763625518335615
0.601205678204341
1.22916585301649
1.31358833420225
0.881765125947653
0.408440698376073
0.625120333065039
0.496982575851889
0.482553021398281
0.69195890220764
1.27249601761078
1.78116048811898
0.419531040721126
0.458113747147576
1.50872618198103
0.286971242239761
3.10115202800328
0.698913438239977
1.25217901252997
0.994498354808454
0.375911445141398
0.521368654842461
0.649551136759508
0.511769799073462
0.232917756980709
1.88552264436787
1.31265305731563
2.43716542486588
1.02601685933948
1.24156894589256
0.475632609367202
0.897151811020098
1.56964896068615
0.76051291169244
0.792825956986426
0.537797538369599
1.95320294814469
0.740273740138599
0.90773666394422
1.57588352402021
1.26663644573833
1.55536036513535
1.19538672214584
1.11816715632
1.06804636672122
2.73524181175462
0.829696619942634
1.90054440666443
2.88735591739753
1.41546925030168
1.06650963278632
1.27967270711958
1.21990297274426
0.382680059194033
1.10451958516934
1.49087112751753
2.28643962373547
0.809139602816203
1.43803695455839
0.827448838654796
3.94557884106782
0.951450838324273
1.55527534905009
0.711882964883611
0.673455978410465
0.639947784045996
0.902632243481843
0.623057369077986
1.09997405707579
0.958775046704893
2.00901754991628
1.28266074524945
0.829859616473663
0.783132236145269
1.0600239460381
1.64414824377622
0.920855864391323
2.15486164049758
0.460830914576126
2.80186314892869
1.23185164145759
1.04071217987392
0.969996406800924
0.776190772057642
0.631898491254249
0.754932464726591
1.93973487272977
0.779978110534899
0.642710701675661
1.85859307834399
1.93319261428579
1.09769495927798
1.22190138277234
1.07137873213884
3.71133982837332
0.796902883887935
0.973636735068409
0.737279315290355
0.73353316943222
0.76235965201539
1.26977476958604
1.75171317624248
1.35087622307002
1.01490264552749
1.82999691911824
0.742220319612731
1.19780967414322
1.65975214017108
0.786178231690706
0.560715799229701
0.687032803357863
0.482748659228187
2.36403246469935
0.909830349190334
0.465604362451131
0.854364887211325
1.26820738171412
0.520090164354006
2.45599739500143
2.29431750532841
1.00463894557517
1.0371965381925
1.76101772127535
0.953023362963946
0.975747272597289
0.760537035117544
0.579644007180396
1.04034601865388
1.05660608010308
0.771153293598403
0.651627836921656
0.772330472935144
0.688852511688857
1.59863018041875
2.35180842114457
0.834698401864206
0.746176504114884
0.992592652011251
0.779569086485377
0.761791124180479
0.735818249544467
0.924989771166277
1.84130259604766
0.80323231963549
0.654409111859276
0.649493087481999
1.06636641600973
2.77226499896801
2.32717027535279
0.822989236764922
0.773119265593393
0.744054616259817
1.96453876248523
2.9619660244295
1.46641446655392
1.43211487033311
1.20819599590764
1.31555423488233
0.861187923726177
0.511284844470976
0.997096449627188
0.412758608116207
2.70375627737891
1.56245557416785
1.61346266661233
0.698427060188782
3.52117567996713
0.672535327559419
1.84378515816398
1.17609761810228
0.595185802508357
4.70558965045697
1.04912803164308
0.979692920753554
0.540811211359772
0.822999189239704
1.31530137119711
0.677569647513311
0.526906814472366
0.687832088172438
0.361609558403108
0.85770574152502
1.07203099288807
1.27452099122315
2.33006003047463
1.77458881606479
0.799591918026037
0.85246933354253
0.919570452683773
1.32662331588204
0.852097901922151
3.91291891565393
1.54880861210133
0.947012477893915
0.789816494712499
1.20801479645798
1.50672701974247
1.10303986595413
0.593360188933053
0.565094426051472
0.776219481739215
2.05080793896309
1.28491702468154
2.49790526707805
0.756743539963757
0.753185570576012
0.625459423942221
0.801972665248392
0.631225155584243
1.02932553268675
0.714946845524795
0.870739301895935
2.53654597371105
0.70251323513661
2.01713163485053
0.790901802727396
0.883095640476543
1.25889147061067
0.88376815417195
2.79500152488999
1.58425838039449
1.12140900412842
0.858998525178478
3.35129582322391
3.66400553793974
0.622389817850703
2.16578407029202
1.43380896771106
1.68033363113132
0.706837865250082
0.487859340167007
0.580625874297359
3.35374990440271
1.28932158972838
1.00861346261384
0.920990634831283
0.712794208463462
1.90537045297251
1.88690653797285
1.23911410385768
1.7266152954916
0.894631061238438
1.61371876828614
2.41503100654001
0.7512553477949
0.958412096466619
0.83545977049146
1.47632972405988
1.12616946268499
2.00781156752612
0.749660066789127
0.486413382570311
1.52869465609382
1.22718446908998
1.82257169340952
2.81126297744901
0.418933616033579
1.8202036989691
0.916538695113872
0.726804336940265
2.42213588628533
0.988726735894484
2.39895101511058
0.811987252663603
0.707886120016256
1.38569278122459
0.756279989793773
0.704884898515088
2.06498473397198
1.18018913361615
1.61951470793338
0.380202163785073
1.14118743090473
2.89525337165636
0.619817417903128
1.32122529956249
0.743554361411889
1.48565654042127
1.29518074627044
0.954449065103216
1.07747513699052
0.791675207901163
0.663051338118768
0.933045577900585
0.729763192181798
1.45495553367088
2.04068475202737
0.982687380019885
1.28621425529398
0.49686831521468
0.525290488385706
1.11194175647274
2.53157634605029
1.4034274993001
1.02796739412981
2.78593790223528
1.064180272774
0.884943192175499
0.577305171471821
1.00405750293417
1.99878777205615
0.531154318293534
1.2357473275422
1.56651390427227
1.24509460328898
0.861984552327656
2.22561340530898
0.591544446398776
2.0636359078661
1.84423614384786
1.56375613813289
1.42003950114832
0.419639222473862
2.16635799342833
1.68792384897662
1.37763179599562
1.74682693357378
0.538653911451271
0.381605039711698
0.771638797860779
0.335364405002623
1.26260010667846
0.392840838917344
0.785330405342846
0.503676825693788
0.73698692472345
1.92925977472649
0.491031316318465
0.440963619483232
0.699160134515096
0.69856536843379
1.10908015664062
1.00460145612258
1.71712487171415
0.536314025656986
1.40328555760996
0.607999334156082
3.18135116507932
0.750514568366571
1.37166707172672
0.87361781513186
1.83347323421743
2.69244331983613
0.823499836799445
1.87964123749162
0.747879433642911
0.89139417625001
2.92782836705469
1.72744089891427
0.667814411492564
0.851931672411473
0.624280288954117
0.691566978016749
1.48318699344364
0.811415011137645
0.84655735621113
2.65856299729193
1.52969732993515
2.79222452528397
1.48066781098294
0.895556364219789
1.42301390947211
2.260801646736
0.556044811663549
0.802723086636514
1.27432862221785
1.42092689330393
0.541310292449032
0.914389972776998
0.662921089311258
0.94885645106709
1.13713259166046
0.71854975777257
1.57645299750873
1.07706714144416
0.731514685654026
1.76898760220882
0.65432557940355
0.461272421116595
0.828178289902015
0.61921123405298
1.15993332977072
0.691178327003337
2.86443030763287
3.58742487206994
0.717155591496632
2.58816373482285
1.99958978947845
0.396861227249884
3.39961014506963
1.51274996288765
0.915466293043676
0.834768990145836
1.63015735335349
0.694953389824813
0.704396974706059
0.791276955146279
2.04458741162418
3.14252689399647
1.91356122669582
0.549058350631425
0.502796810124281
1.60363970540256
0.538861508448616
1.1697358556512
1.73166560415222
0.778302908960355
2.29559335880673
0.848475666804115
1.05918300975274
2.91170639821339
2.25970987688058
0.8079190134454
1.46603677201346
0.597331901440327
0.831487977551528
0.722362958255312
0.954426504578044
1.60860060333219
1.73578421787949
0.462547872135417
0.535223196437321
2.18710296839556
0.854061206181264
0.704990689561891
0.638693753166675
1.49419694025329
1.33376263590505
0.938356155400785
0.709042261746673
0.679607459124717
1.41510494960227
0.707539794451307
0.52083382965101
1.19861960493924
1.51696769562038
1.27695879859814
2.89512076855929
0.536710091678245
0.788888052153795
0.864920286294171
0.558920334260771
0.446637012169368
0.750714475167559
1.64918894755192
1.04851348561152
0.818560717738913
0.843408950780968
0.82184218524792
0.579418404084633
2.4675181322213
0.790347423828637
0.68675881443561
1.13031380869128
0.608096525795347
1.27387642014399
0.773580476978011
1.1776615102623
1.05159693592385
0.526805840435487
0.592513119915403
0.496484297786758
2.01395495955137
2.0192605236399
2.04395996850074
0.744790730410971
1.3599240650055
0.956223031558439
0.934980767979375
0.705802364820106
0.56389242850658
0.624166192287352
0.77400406742786
1.42315550241471
0.948344261990148
1.54688222151899
0.708599156351626
1.15577619478496
0.695958239775968
1.05302526970757
0.504095042471046
0.567400565549905
2.91186461740202
1.22484142408626
1.16415241178131
0.446212064334268
0.405110116786515
1.3241052490799
0.360934221221379
0.854264090881121
0.936668645735127
0.406218028574182
1.78700394037633
1.85304306566188
1.01295578616274
0.855942372505497
1.01735094814847
1.44533799205975
1.74539641887929
1.37533552197884
0.601342895633185
1.13661795578842
0.943743502634258
1.77997245004091
1.26993851504036
1.06370201770514
0.21739293278623
0.609536309676078
1.68904822171052
1.39382511178284
0.432988461877288
0.419894242023666
1.34533659337818
2.28823298522367
0.379096946355042
1.00730758074691
0.433638781657244
0.696291862571745
1.48125484848406
0.731548981646483
4.59787379701411
0.960041748186504
1.3891641947402
1.22303383792715
0.73446424544858
