0.412653524424218
0.580002774698387
0.94475773778975
0.853884454605198
0.402969289542669
0.464139796205043
0.0541352640595403
1.51903062354946
0.173844180577132
0.163809920485552
0.405882885631428
2.75747279966346
1.16615317128877
0.908817241236941
0.823739041044944
0.1371200249573
0.110049868113588
1.2008107729447
0.180333753748783
0.209589732784762
0.0300199942274307
0.980327506151763
0.742974056750603
0.111782463393543
0.659843949295807
0.365652202609036
0.197278918902834
0.987337373040312
0.412821673969057
0.514824033479242
0.259185066672614
0.259561189691109
0.916884088366854
1.03089448364058
0.926428621663293
0.565952460631797
0.341819269212005
1.2478914024597
0.753179153238724
2.52030134573408
0.0180601310622829
0.431359169388459
0.961415834974756
1.09040218415211
0.143070582456565
1.25779089994936
0.803038453691738
0.230726289998624
0.139947247870986
0.453950870014504
0.705743086202691
0.31611986677276
0.573949017464678
0.13567011362478
0.894700682632333
0.161118038803676
0.419140477583198
0.257286824360398
0.655586506833802
0.127427291207919
0.168662336117499
0.326043794267193
1.0170988748206
0.152151479659633
0.599244365353869
0.488195329756261
0.106548811774463
0.492583061314849
0.239409196341572
0.444838479174388
0.607057747939651
1.60894211009092
0.440737394498927
1.43225303409029
0.326793155308598
0.0897829096714924
0.646852648565143
1.85372702731612
0.929782594478797
0.559905473735478
1.45148299249821
0.410011276169807
1.57546277854485
1.75117539045133
2.33785426709798
0.709518905779668
0.319668700883166
0.754088412349608
0.35076626846214
0.602774580070038
0.568095723130963
0.186296543570987
0.493626924462161
0.270606289531783
0.994857275013573
0.0512674875165473
0.2452217887526
1.20012194868273
0.580439656793792
0.99009892422901
0.220618443331151
0.0633866781006975
1.31437844608935
1.84236931874616
0.378373857370776
0.248997811096788
0.643694316921923
0.222711948134197
0.989959120570568
0.249265096153464
0.479215350245452
0.409430108056234
0.615248235133426
0.175264428750109
0.651070682208004
1.10411301687947
0.983049618971093
0.464780195414564
0.0666614034131123
0.170172215667108
0.225260194434791
0.571821669252308
0.342853006772262
0.146758222780209
0.568738675882526
0.270538491229154
0.913379092098173
0.633600146443439
0.239103857692694
0.415989442527016
0.716511218937599
0.430783029984051
0.799051315043387
0.375326967148418
0.250896205069839
0.371853574853665
0.187916079386897
0.62269597668197
0.163152157837163
0.100474000323738
0.510981055158503
0.0557819539543438
1.86509793293602
0.273872026546413
0.509529515694987
0.082080907589699
0.864527861501672
0.624001918597732
0.326013490577565
0.576550455180929
0.263999051909941
0.444690280375902
0.675178501493679
0.923301631748567
0.199852606419901
1.07384506383384
0.136234452457873
0.69248755114717
0.678342804236398
0.0565261774788033
0.699713649770147
0.636330918214241
1.12800829330386
1.22827966256798
1.2939291317191
0.943190990759973
0.0649995455789824
0.325152135063388
0.331586131668972
0.903253165702801
0.479882744643827
0.326980452331355
1.46503208045432
0.751690831143093
0.27900628009376
0.607843420372491
0.168901231076434
0.679986237652404
0.220611192826137
0.606913790781337
0.425069994399117
0.754173364615597
0.187070616807542
2.54069990144135
0.657985462340195
1.73259049237664
0.960490163923693
0.722984032039271
0.707598857353538
1.00060403376126
0.0971204106326765
1.12459429642976
0.228406596315914
0.734721982979485
0.803178535101051
0.565425889352951
0.702615528444201
0.080521738184264
1.6333934301293
0.8483657900468
1.41164168642092
1.13327116787126
1.45280690689063
0.699783784120815
0.45588244661445
0.684511507958437
0.303983183302574
0.465074871419259
0.758908817901577
0.819878240154839
0.13526491344863
0.209140398344938
0.365578161053455
0.571952447591179
1.67476532862253
0.010307529422016
0.344143148607549
0.619626096202515
0.611715868684327
0.0584874640368462
0.342859282617275
0.639649133738718
0.184753232210813
0.0641565576920745
1.4111023861181
0.916598624809444
1.10036208850377
0.40138953139801
1.0183435802656
0.0559759633836635
0.797233852671847
0.0560388348250088
1.02989482599919
0.552279718450638
0.566778361042441
1.03040176676024
1.06812870642711
0.428621424859136
0.586187809323619
0.568339776148405
0.147515114829596
1.01482142229191
1.07812444933715
0.217516082629617
0.300813472710311
0.197085412739283
0.723819254245657
0.132126723613549
0.540197920227493
1.71455586839032
0.130570223894772
0.231052734742732
0.955490772407934
0.468816749356425
0.789238393653811
2.46142567186877
1.17409918339201
0.030418229373146
0.528206893564637
1.33808052526531
0.0694198017208383
1.06324507342737
0.49573145989289
1.13963544487047
0.979075149730734
0.486056878297751
0.267867198413698
0.476452780776155
0.0477721591606999
0.56041337714631
0.864896973184922
0.231603603057504
0.143803976450671
0.356266326963789
1.81366112507994
1.77396343588603
0.151478859245208
0.0909482050526672
0.299600561882494
1.40668720576232
0.0577994687131055
0.0242930212181303
0.306702400693439
0.482680842646808
0.608264606220247
0.248972989330705
0.152720216156748
1.26824009415687
0.619688168182574
2.23895974578482
0.123649671519137
0.459308048161383
0.124515738964332
0.257696960303653
0.237510446487936
0.36009017691245
0.897081805850566
0.367318878666756
0.617211386938832
0.447935318832169
0.350839594662223
0.0333399236235663
1.46388816896506
2.65450054967537
0.374176381452909
0.714254501628274
1.35852403723162
1.36753693027766
0.249887223139806
0.424211584484841
1.03844065250324
0.280348683814575
0.97521517839341
0.639903378542039
0.98975271966909
0.322561758819026
0.905390175792101
0.301556753593254
0.709472869077205
0.364062856529494
1.4187907390472
0.658230057550283
0.868623499052012
0.340993758550192
0.512020862464756
0.353437774878872
0.359706122203306
2.1057668578552
1.26754300475135
0.531774633944251
1.78065476657854
1.13335671560593
0.3908312747262
0.191072984061574
0.658133147432894
0.413791575594148
0.19774803089591
0.163075278963601
0.205412841058878
0.272530312107651
0.0926092652083059
0.20976358109506
0.520481420786109
0.715558695335873
0.721162226034143
0.467389227811861
0.321845925819958
0.639593999856165
0.34807957416867
0.130173470725954
0.336965949867382
0.0285334226558296
0.593274892478871
0.29205581680852
0.372272552580137
0.797278050298644
0.377422661967153
0.908254889263148
0.832497363703057
1.70771819977804
0.437672575415131
0.175272412549098
0.507800205336535
0.21165490005894
0.825407487800226
0.955634115683567
0.176221289827767
0.269280185215862
0.425665622171576
1.13132881961589
1.01250500276248
0.617927856331649
0.317388540232064
0.341980899351596
1.15814813704169
0.533756150860818
0.736771977953267
0.246974052744744
0.315479663356366
0.990567530116758
0.155497375094688
0.38193577568397
0.698946082798435
0.230631291915224
1.2567139398582
0.532068268129074
1.39334173180836
0.44333434246209
0.025055554916254
0.516606997138834
0.513871728407642
0.516629246506045
0.0492463994750592
0.41275384410435
0.195138520574618
0.846493558876692
0.197384239401572
0.260975408175666
0.534691513016357
0.293927819842096
0.661945356171622
0.569737715684689
0.279309209980735
0.759280510740587
0.950202923974473
0.700052431465085
2.07403124748175
0.396816848743232
0.0805702881374263
0.164671271394686
0.782207691437154
0.190758621146829
0.700752953133314
1.11589403326929
1.39271307209176
1.01961069434258
0.39820909630707
0.268211521439065
0.989912463099236
0.197248048083008
0.394028628479262
0.624161079105028
0.834498630599959
0.0727540440013749
1.48309132344708
0.962200367571997
0.656663801560329
0.107887940239306
1.10806526569175
0.246044512763227
0.613374589183483
0.593789865400078
0.711808482568553
0.922136549219231
0.58240893583821
0.630959767239514
0.352158204389723
0.154228218702548
0.588650035091565
0.347768869254826
1.64505630107801
1.45080979810827
0.60827147061881
1.3451006916057
0.330554001057323
0.66858477573288
0.551802715038891
0.145369898323363
0.037810297268751
1.27595259300957
0.271559321939771
0.0375726196134262
0.186312182377568
0.350622703356659
0.89635731033408
0.569756346127095
0.0852884452340659
1.75850595406181
0.0322027473380172
0.297944256990464
1.33182810432834
0.117408180059494
0.475287687600162
0.211633498455107
0.825491084027561
1.041739425198
1.60024953661275
0.340057859546743
0.246775306522912
1.53001527242028
1.28693615729909
0.511112962837439
0.397791984991893
0.680236217338166
0.203205066045312
0.374841737502789
0.285400300692971
0.883516033870897
0.599222543708542
0.178821604991709
0.285054699182509
0.444943226787907
0.111405048789836
0.699091931537411
0.12372690827129
0.580122676196543
0.839834542389742
0.472514632972078
1.10899471745015
0.690782563995146
0.132332665075141
0.261562201919806
0.902297819021648
0.945715787211544
0.2068698068978
1.2899407653058
0.820255322682802
0.105258432920983
0.242378963507866
0.750356979108126
0.996472518575603
0.127066026254566
0.27424018348268
0.376132946828038
2.24575023276096
0.782018403024662
1.19503583038567
0.985118845674852
0.247697914628876
0.453838437979822
0.320340323092688
0.547997986107272
0.162936128333209
0.179249816459161
1.02638573405595
0.311218738967562
0.167663525703381
0.895310099170318
0.772091511655965
0.391670009470672
1.50067525760536
0.423736864613777
0.588158271645668
0.254239918876421
0.236960490124519
0.25366604011137
0.694034122667847
0.26672891997057
1.08212337980594
1.27769534545499
0.184221265871915
1.78488427149415
0.407874241216713
0.51185811195191
0.814926346240034
0.178126019199284
0.394385630464122
0.148129248932127
0.92938145859583
0.625705761509141
0.834162961631155
0.57085225537793
0.246666985793271
0.110141543395877
0.0587682090623827
0.268366663881227
0.334925212118267
0.0575807828874986
0.420061728139971
0.261148069581969
0.38249114719626
1.07817670331699
1.42434433648945
0.166915731736821
0.395163332027157
0.0998251258864117
1.19934975821572
0.0381215147927265
0.237779960666725
0.550207226042657
0.51566317527858
0.536347405471993
0.431990636164152
0.0578401406924924
0.145689578884001
0.801991699509584
0.32336739599706
0.385103229966468
0.150393698105937
0.248640714561474
0.554507941980503
0.4906636845453
0.294236356608109
0.550114865196611
0.905656550736069
0.14988326476564
0.672215096328476
1.44916144100763
0.449664884808321
0.859903953235549
0.379714102852158
0.533344925846926
0.0535660802122057
0.0629963081905612
0.102094564560695
0.647364583530134
0.557070960888715
0.216230576491393
1.40767463622768
0.911622223922952
0.52806716369402
2.96406184942149
1.16117417288638
0.25625890395738
1.03318394797657
0.755163297509752
1.6514356693179
0.43796664816061
0.194400388659945
0.428825544162682
1.06033167754372
0.854533585364871
0.789308062038459
0.507296786118264
0.60965738334027
1.64808286875631
0.048096602334771
0.698159275900274
1.16727858307924
0.468613531253655
1.0112076401721
0.617009437288308
0.479915980870977
0.850862059351154
0.604599606097149
1.50507271368475
2.00982961313014
1.173656079904
0.134031510860223
1.84806357226592
0.201129835378371
0.0404772959865139
0.275612698455202
1.04123870511703
0.234998045299789
0.880693614890896
0.296653713072222
1.11120903064219
0.0696639597726579
1.09754053810425
1.58813378378673
1.09199100657862
0.985226380025177
0.506626629461622
1.51076528665292
0.292401425900529
0.735441411503589
0.623425235219464
1.39052200901935
0.163730161961089
0.876964912669952
0.616731365571726
0.293492087185615
0.713200728227901
0.697483285829323
1.68140545449495
1.12284585742345
1.2510573688059
0.416496456679004
0.599346658241201
0.534807843609596
0.192080724594799
0.819255425462976
0.201139856270694
0.255311338548611
0.8006177311991
1.30756653011141
0.497060346390765
0.500521368124325
0.755164810873534
1.73228516015343
0.394673245689567
0.396190094664764
0.611985992948094
0.647443295664617
0.0188774639921039
0.857359379570452
0.150849289037276
0.295235986254304
0.0225505798351413
0.725855271597822
0.190694464337156
1.53251003215268
0.0802068015776692
0.60043965239809
0.801551325794403
0.138672639634807
0.565775269930246
0.28274629715053
0.565462847910596
0.336684732370712
0.543379117204554
0.380609244904029
0.292197502583186
0.455702396576907
0.0932696732789381
1.24617364687069
1.36179329735324
0.396407170920034
0.022414794709707
1.91024373330856
0.631311372297958
2.09190258025172
0.183918480489642
0.771057214959767
0.226031560633266
0.361045784106182
0.319962509309296
0.490475306869132
0.628126029305561
0.553651768015652
0.319651864584621
0.0223236760945379
0.234977123743357
0.313290734807956
0.129174877266517
0.106974248824146
0.870615691438179
0.809993002558088
0.819198381299248
1.14460931740659
0.327559368170419
0.540163767352219
0.193230322511197
0.50689728849379
0.405143056789912
0.126472518624122
0.0634917248240544
0.455388821888649
1.69799281472665
1.02015461974954
0.21243771032977
0.29622240922293
0.378547992529447
0.637827854859301
0.266153072692067
0.788550772964628
0.200385024262525
0.526141093384491
0.487971759211835
0.753690883540455
0.886731083400874
0.883611047858547
0.691539886999825
0.159167478256644
1.18414375511812
0.124415569493034
0.47707579547557
0.742283634785904
1.20470983817705
0.827717180351244
1.33620166231564
0.148508250098465
0.164886776026923
0.724765080310584
0.670698875566661
0.289014089509126
0.40772459041227
0.327685329360283
0.202749601378722
0.436552041126963
0.78225580011435
0.13422834100015
0.362861277353548
0.0320044617717803
0.074565971081313
0.00845926764263511
1.14002819433901
0.408663329966991
0.108455918252152
0.485579472069027
0.120909793365499
0.154169770107387
0.349905495051998
1.31618085044991
0.991730435560976
0.145450961285541
0.793444389399059
0.551030053569544
0.339521240134634
0.294512562646279
0.813819776949295
0.173975082708712
0.34092292685338
1.13225055976342
0.297229375060008
0.260717472296291
0.13775897374431
0.676722779429403
0.455354105350215
0.931875276332292
1.33023427689741
0.821056700128352
0.344340163962741
1.04012310582371
0.946087720782678
1.12199342524959
0.31395412099491
0.0464290576741769
0.403564025707244
0.297332599417352
0.175091044252143
0.938681783473542
0.201668397506022
1.41078062945978
0.284475295460524
0.108477697413879
0.415059098691728
0.435806745973435
0.171760411783522
0.748588619271451
0.510510689011004
0.681201099144759
0.256120027262764
0.235434058769327
1.06693389512148
0.517150636196611
0.68102236145461
0.204860269784903
0.777948091178084
0.0739496454294766
1.1753308712065
0.537269167501212
0.800969620712318
0.640453607975254
0.465781868614108
0.284491968313778
0.71995110886672
2.35389862024976
0.86921292269088
1.75343626630212
0.549045432558299
0.863817820238715
0.511129622976339
1.47315020516087
0.597126407785745
0.767770775081711
0.814422566250048
0.702910459830326
1.13278007443622
0.864616932664411
1.24111835357095
0.0640199476584821
0.14417250972869
0.145279517249822
0.67985601144937
0.602820616423337
0.270168443045044
0.216938693700737
0.857085794532493
0.520229324453328
0.534916123247544
1.12457016793004
0.387579315298517
0.201054178027457
0.345994382459385
0.0725878450313883
1.08021492290043
0.158933751110524
0.448335550997244
0.125098070937008
1.85447776943958
0.370764816590832
0.20440932476598
0.14052160424507
0.459618195434039
0.116128409423296
1.3372420535801
0.150295013897751
0.029529207231614
0.326688985740127
0.326059379976761
0.117531650693801
1.71378112537058
0.014536681416444
0.662173952939647
1.74317260283529
1.40576944950569
0.219109977442907
0.88952123818515
0.547764035900419
0.837665066886958
0.160979091327819
0.251344644643977
1.08093612914364
0.0216881866590106
0.771320353094293
1.78515375080735
0.3295223400518
0.150258765412422
0.235971820259495
0.139956087922049
0.241953647078303
0.632279796731635
0.191355950401879
1.31509786321471
1.38744240727732
0.462187489928503
0.800746045816278
0.886296767768893
0.178915904478694
0.521897097416974
0.496333348497926
0.754814740390071
1.424283584204
0.263563188258286
0.622886193465371
0.52053677774613
0.318995194086369
0.867604059298486
1.05880897783552
0.0282512625220463
0.212293534999557
0.34078618112553
0.350789547564975
0.296700806382697
0.133656725229966
0.204103134246314
0.903123293137456
0.62315380028346
0.610937025261161
0.918419022428914
2.78985209221791
0.190291252080519
0.724380519270864
0.168094583455076
0.22390008902572
0.256276196956125
0.532769497474768
0.943204316032359
0.387638333930264
0.877648294176956
0.296674756485831
0.187136309302327
0.556089838059533
1.89279473893562
0.511045280844379
0.674623025005973
0.833232149327278
0.624186348551492
0.0961970843759098
0.303608427242452
0.895466366885575
0.488189823970141
0.28471113923231
0.972037345979767
0.239030181658473
0.483485757348759
0.856608567096874
0.267053006144613
0.733132171472625
0.471256150814843
1.44700974196038
0.923641147634516
0.939238940062487
0.675438444082909
0.799572182523701
0.905397868309428
1.43666688729646
0.355364611176924
0.565660582839745
0.419102349961276
0.406656761292105
0.567459801261297
0.232361980128552
0.518688545741809
0.7330601583281
1.00330849591386
0.928557404385165
0.317680623601904
0.636452199888303
0.533820142935488
0.0785708049609262
0.989624335352094
1.43587887459968
0.36972893234494
0.908575373233127
0.566043390987222
0.381510030588841
0.285836211754035
0.92590330925373
0.899451588507856
0.441200556656854
0.571410049426086
0.659593632154421
1.12464757928234
0.527920774972353
0.064770564621422
0.628966215951768
0.996157386708482
1.06018009539102
0.226204950497343
0.473920532792216
0.0731188117695171
0.131285844804397
0.563789904092318
1.053490713323
0.928937925847122
0.119297100180135
0.556631362092148
0.421729730490141
0.315858074299491
0.152967798349526
0.780952780954869
0.125720819927966
0.15953172295086
1.33252231479012
0.243579331424565
1.60987171587075
0.589524392679469
0.0392154129971656
0.724168927036017
2.77097025607325
1.37229740280271
0.429868777561563
0.427892139152124
0.448336135724822
0.41687770298063
0.701094177793019
0.640576142361196
0.860726902554775
0.084646651475656
0.322907837196716
0.692572247036654
0.271646238166812
0.464282476674619
0.297700554384852
1.14853532589413
0.676750455932189
0.0869362881234757
0.710075457237024
0.200812613569445
0.0571498108809889
0.60131317685273
1.66236033558591
0.0345821893631596
0.604825819792845
0.498792385125135
0.588588391998602
0.380557631634777
0.15387776078029
1.12124055445678
0.749194381639295
0.101712328736491
0.119500413200477
0.723635213006814
0.828557548544563
0.305535010944114
0.149497625952755
0.065824457415155
0.680120555164637
1.05900214180792
0.195421357208737
0.72514578558786
1.0169697815885
1.08906795857922
0.113275978776924
0.346013807098981
0.145206766315933
0.440071533322354
0.0329024149933788
1.63544961663074
0.119543293595
0.640907395265064
0.485132285393526
0.51239052960298
0.143834595080104
0.180930230645597
1.0672828210688
0.364454378427774
0.208952817360223
2.61912171164569
0.239238623662848
0.656070138925987
1.29144080029906
0.656980322122377
0.588292546258941
0.107738047761422
0.292202869586643
0.791449655677662
0.767353805351867
2.01719670873756
0.553487703179749
0.0213087375689779
0.289197593672337
0.356796725439589
0.277753130297199
1.33239171243419
0.37510982637288
0.344697217919017
0.361231579846872
1.6152441185135
0.500593330233413
0.864223869860373
0.238200408992104
0.165094975884533
2.79455134824724
0.156165345654438
1.09101212600508
0.428922951894647
0.427487659385291
0.150810476026751
1.23990757256731
1.34140811431188
0.0546346406442502
0.848000259816849
1.28934915095589
0.0414608043624093
0.400949557200581
0.798950369105544
0.658026138393595
0.837512123918713
0.545367219762626
0.903299838396165
0.48345696124679
0.0597026138293583
0.029523555768457
0.457397247131407
1.34648458208295
0.104576548007739
0.902287356647744
0.211278243763049
1.33989500953467
0.46880418197179
1.25321893700792
0.159703556084927
0.267112671594365
0.875115759467219
2.17380359151424
1.00355552754721
0.477055802498528
0.392462677624639
0.086301450390424
1.58329631168117
0.133696621177064
0.567209879130603
0.278240794150978
0.126491789156631
0.612328917240897
0.668970299457776
0.258200011660362
0.239162917175935
0.555638680542745
0.675282403134438
1.04293697808826
1.01782537240195
0.73445399736644
0.615090559292509
1.39270512204209
0.0907139899672364
0.403044208844594
0.30721854756488
1.60513618601025
0.757034767385983
1.6503193740764
1.38226996893343
0.0375597287847524
0.253016420383459
0.10449141196665
1.75974712917579
0.210264735075151
0.343406671280645
0.550691021717565
1.0241380319113
0.771583006605152
0.719572928084242
1.27108946163345
0.097977267228184
1.09275877780371
0.117118094858075
0.164596397610803
0.184550283204885
1.37258437960599
0.762325064079778
0.41209665619196
1.06270446261539
0.554941749924921
1.31390537348925
0.274670505538014
0.347241753380228
0.292952023648491
0.344329671626415
0.0482311398802662
0.145167027634367
1.42785055186361
1.33828977251747
0.13587953958962
0.130281842929638
0.562721896445268
0.864459811996651
1.05567295648497
0.607877577307315
0.871724159766132
0.746247997257306
0.315413497948993
1.04664516845478
1.30007945556736
0.522187707797372
0.44313026602591
0.90443577218618
0.847490812181984
0.781723484183962
0.986171559382199
0.16046890614215
0.767944044856937
0.636006083879336
0.648708220698389
0.171535878604575
0.78929182212649
0.253334853420575
0.43505224566425
0.400270438949525
0.440110304660959
0.549262615010591
0.121328247064016
0.374669489476516
0.0586415083299157
1.90700138774142
0.253026326349325
0.341734841860685
0.233263055790912
0.405900307274506
0.840906005899657
0.48268350468588
0.278828276516424
0.0604860476020296
0.0846818015985599
0.57449888152878
1.92348672881194
0.72262703938915
0.657676574692467
0.651015064189774
0.900731366455137
0.822692715110132
0.215480401385273
0.347680795553307
0.689503113565385
1.15765967307294
0.123315648763302
0.079146879109379
0.899003492718178
0.162190559298473
0.852293321729909
1.071110281142
0.34104333725309
0.263177040660551
0.133949072836308
0.454590414976607
0.729072955489235
0.234668924261598
0.60263590181535
0.196300302383795
0.384166475161207
0.413559688661015
0.332250073937695
0.477580190784977
0.19341657566116
1.00305786803522
0.0836439472254061
0.459479794424373
0.174538578595876
0.224652621117909
1.38937203879388
0.326234122867277
0.27514878557366
0.639226700848324
1.85524267293842
0.563828235542372
0.540885786819989
0.156976724980428
0.00688678190517395
1.58871549610856
2.47247478795525
1.20305077884644
0.139097347633017
0.263932479742372
1.21523877716685
0.82957891105234
0.483561595977165
0.181354561810873
0.643608107571296
0.183506997994719
2.1451814527447
0.565797503861315
0.616639756084897
0.0576143969862106
0.440106626917628
0.88518262709176
0.053049649114997
0.156799838859522
1.71695271168998
2.03677346623229
0.761020321801279
0.208071294585661
0.338075863130115
0.0304637092883162
0.511318844124657
1.65338620088951
0.14138048376737
0.151888659559275
1.2033931266494
0.607006388519384
0.441318917887597
0.109692609380884
1.23944479444757
1.20779051108263
1.0082097332013
1.80752207985842
0.0292146632940011
0.51677520774747
0.205305220286334
2.17559745015571
0.410134978770314
0.316287420052513
0.0216600175458409
0.764977572699846
0.724882906804135
0.242524996381696
0.71744000404162
0.778418817560563
0.293496707878539
0.101835291360523
0.272858776228252
0.36186235500201
0.106303450075556
0.215557137529296
1.06956437102168
0.0917741000666409
0.326702891291376
0.219624075145518
0.284192512893194
0.279217812838446
0.731386097042417
1.3868305279041
0.204287690182498
0.21767539292354
0.611124365503866
0.126542559522224
0.20210657587075
0.466114541896387
0.260928418104905
0.345206996877311
0.785113287990134
1.04728201512108
0.22661777092897
1.29405804693923
0.719940667977698
0.828062928312533
0.466108410975866
1.17661497432685
0.689490562153098
0.646007939718277
0.469803631676428
1.32598790534994
0.265115929458652
0.599798453448873
0.486235634859234
0.951307077062037
0.726348940916264
0.257286013010613
0.435094100040599
0.149385637101614
0.399849164878252
0.151987652633749
0.324693599221301
0.371456898889455
0.780820997577861
0.273754948056671
0.227626905387996
0.940565091861499
0.575793587744776
0.451081094660085
0.416630534181367
0.370305722992424
0.114967775493793
1.04377670898874
0.788276500926396
0.206888352760001
0.728668769866105
1.20666126088758
0.391122539694177
1.03028396891324
0.924399121110013
0.646572732023578
1.35452280519317
0.259637910723723
0.0495278014838362
0.433675095278274
0.744141185294725
1.18417130356194
0.366254930105028
0.144258855670443
0.913955275575506
0.322051896410397
0.465347873757344
0.0774777103262802
0.0574181517194022
0.54653548624049
0.0491005062761078
0.299550122377094
0.255076968055039
0.340147298825346
0.677326471801805
1.24573173002228
0.340238015621301
0.10376327856154
0.149520913604918
0.0231493863929482
0.766267629701309
0.173998768066957
0.835711920142866
0.948265184199906
0.0647102809409185
0.00786986938979427
0.389371241327237
0.528414088001975
1.50447406592975
0.994639606867082
1.05088086739118
0.757606350426689
0.0222984265439115
0.90877145528718
0.654020140869126
0.368377069285536
1.35433025303731
0.277352650369559
0.901081597942234
1.18091532628086
0.234550100465051
0.218800075833285
0.303517093177988
0.140705116667458
0.216983448087592
0.872712234132185
0.986843779207749
1.04791298418395
0.367807331999104
0.45009280343787
1.64014320984049
0.830808271285887
0.922985957162339
0.551838225514904
1.36387643855464
0.20207245471844
1.00170160079168
0.764767109778492
0.269062566935396
0.180521482843739
1.30631428700812
0.367120640430334
0.13802935983721
0.0214847986783178
0.319406812078383
0.545276050925717
0.743888876332801
1.10745456230345
0.106387028895098
0.208770268381152
0.98175054111165
1.45436551764465
0.245702640123429
0.26362381424031
0.152351527857805
0.0434456615976359
0.645200045403232
0.604981433728997
0.715921932103418
0.927454945667055
0.132706596875995
1.06445636111386
0.0649356186145727
1.17936269362477
0.647398262572089
0.451740984060437
0.206853755786306
1.0895794753685
1.38885384495296
0.369687375840358
0.10696727835727
2.03859052059944
0.243695620679704
0.65444093260714
0.805551684321358
0.365408124632082
0.210262355470585
0.0321738482044976
0.244329259665371
0.257130248599101
0.910702130606574
0.535655705104836
2.04564618692813
1.11006129376091
1.52162720814746
0.875060528763511
0.592178416556793
0.498796715563226
0.189767640613532
0.546312462554855
0.175552370739847
0.503803977778467
1.18238017776427
0.760884778255086
0.556801414045373
0.823878657491377
0.909795548335217
1.04908659640875
0.721192328468572
0.166735237147143
0.292234651302651
0.353014785306491
0.124288094141502
0.231313381873281
0.870273198730537
1.0335136246389
1.82309039095286
0.614311803007213
0.729870287245585
0.982615897822824
1.0310436064343
0.725168156222757
0.274223502066139
0.573100713484635
0.167804934148004
1.00766805946732
0.627715264076734
0.172155048260164
0.503004369535714
2.55690804251809
0.145748891440307
0.351047253587626
0.22191842600341
0.946333546961412
0.351547388431348
0.420071772914672
0.581054141628262
0.2232497151682
1.24933591564112
0.755066214122346
0.446193986511494
0.292184672373801
0.791155540508674
0.408319378365262
0.242913463391121
0.682707939642088
0.495962585191926
1.79553912571532
0.347204736555886
0.432462321407712
0.107996258176127
1.85957787463732
0.21886749283404
2.92259096234743
0.764310682840317
0.240711283626759
1.16678862490259
0.47654969331029
0.725502926340097
1.24888653473731
0.0292937582167676
0.163422233665655
0.945373707860233
1.55946914323535
0.136180938706838
1.3627827788393
0.182756093404323
0.683498580672275
0.734779518478465
0.919470173119781
0.825178427098384
0.508370187755165
0.368415822022481
0.296976688430746
0.602978478038862
0.471182920480099
0.209897695653519
0.42783049905048
0.462020945842975
0.681174167758005
1.10037075140239
1.9354656610228
0.28104761678086
2.20979743928598
0.645222048565418
0.183191777745499
0.142791803632144
0.12630592329626
0.119890134479496
0.250963374495746
0.117376578780729
0.362075563544778
0.239827283484076
0.87698952073117
0.324364491102412
0.289824984038806
0.0867292182980688
0.71003601329603
1.1576746322643
1.27634318778312
0.701049737997156
0.10309033384697
0.248053714259399
0.484441929461371
0.34036243418553
0.886503560582681
0.451339317986135
0.904886550022002
0.687406166260535
1.56339944502835
0.151662887049562
0.546515740759375
0.459203694289144
0.528547662569318
0.767834958366825
0.319585951870732
0.353857150064532
0.146325713063993
0.0102801105261559
0.842230870751711
0.0737282647923461
0.0234746453465209
2.57016524227003
0.491497390405919
1.05463272173062
0.83526350503249
1.00245888417325
0.311907358238541
0.417527108367406
1.1428056810846
2.02504877674037
1.73444829460595
0.299022236186882
0.635942147387568
0.321778214460309
0.702843056408409
0.554194759726041
0.232868537179436
0.408779569595247
0.703475058974323
0.445045555427518
0.178353104364122
1.50840778252943
0.574954654809887
0.484686696644946
0.0308545306395088
0.583513447309192
0.235003167120354
0.21602457561258
0.606503410817407
0.25332235480955
0.0980514003639651
0.430293705746363
0.944844527651921
0.50216002708269
0.143888177072724
0.39617635902771
0.25311047554421
0.335436526675637
0.460073665157692
1.13472817192147
0.226394481370331
0.355661699652142
0.650571635421896
0.0966085561327017
0.128490534550253
2.64344874635024
0.646040835321791
0.704742985908311
0.411015106313613
0.390831292224262
0.636436719075818
0.269632070417875
0.159521322910295
0.502913923134497
0.177642404623535
0.210955695695306
0.398101305569031
0.060274398660757
0.498013414012249
0.343341060079858
0.31072282221171
0.0686549785245874
1.50103077869868
0.123955811808379
0.690570908731198
0.598764498085697
1.14643937118841
2.13531187918196
0.643748021988541
0.150252224083306
0.787780043256849
0.53223335387544
0.721596787338921
0.170498086749144
1.32597178806682
0.534482784328396
0.67993478769632
0.780632309807672
0.613091807124414
0.257705537136619
0.425948717021482
0.958777214012438
0.767885604974174
0.331995647343373
0.318557410798041
0.822487543587293
0.491623213099065
0.268161638232908
0.0994835294459244
0.501248482643659
0.455880050147799
0.14487863833284
0.36332654226076
0.909944059944253
0.864872192935886
0.731802157169186
0.138822096657483
0.0893562754661402
0.687822729282319
1.59506504593185
1.24325247763272
0.0355434840915937
0.193625997233999
0.917579780028673
0.429281208078485
0.205149951036851
0.892204598763446
0.782984272905504
0.871306134044063
0.150235654739927
0.704061085514955
0.08504905547602
2.47230836827767
0.12053146205852
0.707252089774597
0.85129587010758
0.117860596475077
0.690156125237492
0.217659684989687
0.171837573955394
0.901002571601894
0.463514091713802
0.589328861847848
0.607179363931031
0.370114078680393
0.312037471413367
0.597041404544651
0.563223966224023
0.175964457684439
0.466107255099773
1.24302573222294
1.41380690430681
0.465875497130469
0.358840807179577
0.317737726216118
0.228205843101063
0.341548589681217
0.984201057900405
1.65860363044147
0.696944682198025
2.09312845269206
0.103532626547536
0.675817783798856
0.588556615155576
0.580533794445933
0.204269213541171
0.644198967749092
0.570860734869155
0.439949998439756
0.222314045956411
0.0610709410283987
0.802668319314769
0.245923142305904
0.267023004257268
0.423540526460131
0.349997222230243
0.914470568976097
1.29503554152612
0.476011568027277
0.855495793978441
0.0991039841242462
0.964607889760538
0.715573621967507
1.24041063578971
0.811186405163
0.430201020388993
0.0448600818381876
0.0503163113057953
0.237503282934719
0.210062682333717
0.309952808764154
0.418357961170548
0.390356346321645
0.233375016689577
0.0805016288341965
1.25116693687701
0.873951358629747
0.0900308887008702
0.618989413911074
1.49420000935215
0.719677544403244
0.195090036611198
0.334878454734783
0.225499077934656
0.286960516660294
1.72013952466852
0.70305697038837
2.25044411895103
1.43136365249092
0.0591185947996608
0.337345876914221
1.39974039533591
0.399259462315621
0.132106372197966
0.136070413540184
0.0583487055356206
0.280451333315407
0.570725217527441
1.15775724160329
1.44404455077034
0.657343347584196
0.0603112625015934
0.464563798961408
1.6196534969525
0.0427193900378088
0.256460287082561
0.0788538541650496
0.26572295746234
0.0844088697735737
1.27528014151826
0.124577039240683
0.539494465804938
1.49862304608864
0.610712076239616
1.8660535055605
0.541799154863304
0.289872139219127
2.16954709217723
0.114460713811254
0.590895247862898
0.10711892538478
0.231600629171663
0.339317147496653
0.584167219737685
0.1314452861748
0.660614339649289
0.460692495786694
0.383188351669508
0.717023161658999
0.330907732938145
0.164572809649344
0.0703101606487523
0.495153060964991
0.0408864449853044
0.021673991796715
0.236140541811138
1.66653835633503
0.785545083266558
0.910313488425715
0.529409962048995
1.01363659476635
1.38177325926851
1.48582244555612
0.112963309060685
0.70458102293965
0.468283169441102
1.14832243950436
1.32501401408413
0.19237167374211
0.57141576198372
0.714277367509833
0.709444973817722
0.243403407408227
0.875266006147729
0.137525355301138
0.366170366894371
0.346616266755485
0.818196799441593
1.50753695696727
0.264355916321862
0.617292844835779
0.0992940356147802
1.56712551853435
0.508992346896346
1.27876175283744
0.742374986915575
1.91853901129261
0.207746467611556
0.555740697888518
0.0480374323206589
0.237625581439645
1.64934095541912
0.0547302417183657
1.0660051505931
0.0537428033866341
0.734613606708115
0.212781446853452
0.10445892742255
0.627917705260419
0.486288098819658
0.445870575767695
0.601180365115437
0.151957185243871
0.581611250508083
0.569026756228307
0.658198352179837
0.293149492920958
0.683765145433405
0.121392003697156
0.343226453077443
0.257076689132602
0.218567215929239
0.751716629248327
0.848909471562344
0.387434796455816
0.719184980857383
0.745824473057327
0.458804127369459
0.859431868160253
0.690175637264477
0.321576813245831
0.41464367778378
0.65500818265578
0.200032080440454
0.443413476155519
0.2284417348645
0.162460944593921
0.568983273230029
0.210732473579136
0.135553054284827
0.12752217789495
0.209735819572979
0.735033071480037
1.55732929544385
0.798089053496412
1.46871899672865
0.473060377854862
1.04264818894098
0.671436679559435
0.308449940295884
0.0648378342113423
0.368282080410586
0.607029701085203
0.36639651747975
1.54908887232437
0.337268194637873
0.748164958381505
0.696999853793228
0.270995202884731
0.455653058835476
0.53248345299394
1.4197733833799
1.54941917054291
0.401037947509469
0.319657190234868
0.399096503668894
1.24302473414578
0.150774139254688
0.674006034947443
0.636490206161363
0.491001867453899
1.14808626272155
0.286640641470466
0.344751494461467
0.0939689668923809
0.276971708010571
1.07350611466906
0.563749671977346
0.0777538339934697
0.0527631541986844
0.217553344736127
0.267145489921788
0.058261369354145
0.334600363136905
1.56412164471151
0.588257289874185
1.09073730437548
0.363646846556394
0.426713937826893
0.804914367870791
0.886921300231107
1.56126855079199
0.162344833987501
0.41961543391891
0.24189671082579
0.213787728460916
0.331481765278222
0.968571861101174
1.60472497511758
1.56711691338753
0.58858492784211
0.0499845659652391
0.059779763801959
0.147006180026233
0.149175696727263
0.687077742697371
0.200415289235084
0.25567663985392
0.75562350994279
0.347233742974512
0.703860893682229
0.595565579128881
0.795687709953914
0.0464448203979198
0.0285312986137806
0.234643860770696
1.03699736245196
0.493710178559271
0.875505388933271
0.409248664112424
0.284203889218488
0.313024732021291
0.559784957281592
0.175407055733493
0.221009381310608
0.83027517625138
0.0172332736774553
0.290010091398255
0.40763850397399
1.71837631830879
0.125122762035787
0.241300064747834
1.58027593152901
1.70744946617365
0.297855220840832
0.2467005221175
0.0107041040865224
0.437121860644046
1.31643741535157
2.93303209659506
0.898048287294063
0.188966104629707
1.17045677712414
0.207722268072887
0.317125243878947
0.412888317086617
0.635652558918932
0.252261327847377
1.89868216198712
0.22864143147379
1.67751512472447
0.0623433466721546
0.541774427930984
0.0566890253948221
0.874365332755369
1.30710661113809
1.20021634478816
0.0474724210700281
1.03493749502255
0.340632444700364
0.920452928113084
0.706224958735613
0.18806148612489
0.420337216116262
0.326520999319783
0.242684097197863
0.163501751957565
0.575539608138816
0.154604358103578
0.117491903637269
0.606361655915868
0.201002032166084
0.706423411838929
0.667225083692029
0.150517740912886
0.365943370355127
0.327969535282194
1.1443660367847
0.513542874546562
0.512849028865833
0.678414721013031
0.140716621046671
0.554012014975887
0.511835384665257
0.985312515133237
0.0784869508854865
0.666063261680749
0.284102428352985
0.690516796589255
0.483838379879606
0.79128158266394
0.886290699009521
1.31796926014532
0.477507252267736
1.50044474130099
0.363619703429854
0.53263983259045
1.58451601736439
0.798563096006255
0.555699124808456
0.285391492188945
0.98726258688978
0.407682079442412
0.445555503749717
0.267900835612848
0.58083230978322
0.295063683948365
0.0621877789994061
1.44740076663401
0.366792294696147
0.31280705588392
0.463552966916621
0.669294143011082
1.66258259215226
0.234113437617202
1.18093588735888
0.17203801025706
0.280856751492171
0.25635562350748
0.163297050174871
0.0681801808382563
0.329803055194908
0.17789299558395
0.298567821645987
0.227072106665471
0.715003605944329
0.393714702842814
0.592765917420886
0.0639948477665392
0.271235370195605
0.609296861849805
0.175002703946702
0.833859049820581
0.242444900432577
0.339805244204881
0.780677575209756
0.0253202443825861
0.0777434926692407
0.362876231898071
0.415094758773867
0.799798303749571
0.204872140931882
0.708834852216021
2.79751089756359
1.58163839540303
0.458419758419031
1.50045237469376
0.186764166388844
0.817789018598111
0.369149779482708
0.223828451123022
1.45276121717116
1.69517509939508
0.388108338896906
0.100013496347578
1.36196348279035
0.335938583559606
0.555613569789601
0.5409994299415
0.529642227996609
0.590688366230105
0.0248878295596083
0.104861243918649
0.232796014157434
1.82583805568399
1.72400145326909
0.91658087900522
0.255096303948118
0.10368765979135
1.39545360499606
1.11009047905617
0.366069303273902
1.51537588927674
0.218479557551516
0.56030128637615
0.525665960794419
0.045679173684051
0.568564335780992
1.63251095779458
0.0758052607559113
0.665506723003786
0.441238364907238
0.249015177894201
0.495858559049356
1.12864700645556
0.354866390928044
0.0816841896078229
0.123147462269836
1.26889530173802
0.123888223932989
0.172684720187075
0.0225053877088031
0.239693227484366
0.396689084565403
1.20194941795386
0.0501863673364459
0.559894908315526
0.822231830713364
0.670173898212791
0.444371595888124
0.621164825831384
0.472414777912552
0.798226443380473
0.134394901623025
0.245278611774896
0.417587756120769
2.11838677016532
0.095198839416107
0.147829244168205
0.765064080991685
0.596739210742889
0.941976415303664
0.48500987619069
0.631838569017145
1.55624723140321
0.502474539854938
0.359891857821394
0.388933190688477
0.391971042486608
0.801091829770167
1.33125758939801
0.798632760409544
0.191487129719254
0.556888207575487
0.129216313755511
1.0051189903181
0.31082929487887
0.290119012076246
0.575852920611067
0.294780511255473
0.817265224405445
0.69841249147868
1.32273399712898
0.40494302503487
0.41547677756004
1.94522276506223
0.52067042463629
0.239991019570916
0.0829217621631933
1.13366538152808
0.379685299952695
0.5734746542952
0.272814298196234
0.426935990528095
0.634990556285408
0.371490562765409
0.259355807952343
0.967921461869032
0.663307384587822
1.27836267411304
0.459501100767715
0.784225778918605
0.513204277104845
0.487209205322582
0.914890433704693
0.653732117615665
0.0729910950854433
0.470769820982465
0.533793734212837
0.0367483729068092
0.785474421843514
1.19089774306043
0.560848918755592
0.356855085071615
0.373468559969223
0.211826466004291
0.450964835230477
1.08224108929236
0.588025747124203
1.60083908141793
0.841421883625541
