7.19312688223221
8.49568651670836
5.60364553087074
7.73614189733932
8.6862539196697
8.24900400536305
7.94211557061189
8.04464567651497
7.58846609846732
7.26023799729838
6.05132974972979
6.21173095789084
7.11462315665295
6.89258568262798
6.28344478339224
7.6649720759491
8.63568862709673
7.19296159012697
6.65940958391216
6.14324805455293
8.42578297492053
8.22456345393503
6.55007032734015
6.07401485177837
7.68716843732263
5.96132254615817
6.12023616430775
5.69198098569636
6.21292920782132
7.78956255646347
7.03114788176275
7.91997072022295
6.24262646419677
7.05501673625213
8.108318659623
8.43283213291343
7.9631893801077
6.13786208840764
8.03109289159185
8.75428613687434
7.08950895678543
8.16069538632306
8.44099505482924
6.65721847616881
8.58273934756804
5.8609431469016
5.5086869976314
6.39679396361268
6.34469959461992
6.60663208802512
6.44744478565251
7.61819640973656
8.67485692706786
6.4989880849654
8.18105410452049
7.17017897836639
5.97359203348672
8.5997060894705
8.2614217053278
5.65594426115102
7.63728104824661
6.95672850314485
6.64316265869777
7.96610733977553
6.62075165394483
6.83863613357268
6.45575000713213
7.83098976938063
8.79289302466981
6.42901435432186
6.40820282570979
7.20659746158817
8.42695738779945
6.03375816964429
7.44697000218854
6.60316819332255
7.64302487887788
7.26789609458869
8.27765811751194
5.94873350364932
6.04449370894479
6.40514665420583
6.16250517690277
7.68373098278393
5.5590218017827
7.51693384766503
6.82765939793845
8.52977995099844
5.81983612358718
6.98427722241422
7.62464808764727
6.85208803110287
6.17614640409765
6.09125637322275
7.89976507080978
6.81024699221719
8.70406670220905
8.7808145565173
6.74329364452207
5.91608031123969
7.18185416210801
6.78566643310373
7.37969065159984
7.5085568016419
8.28894738474333
6.23974100996513
6.12570901149588
5.91614101282222
7.26862330938229
7.25052327040409
5.67997298134307
7.65505371643758
8.57957118157549
8.33829900408049
7.50944828181322
6.46431217556314
6.45557995714195
7.51748109977476
8.09396367217986
8.38657726919244
6.01411601586233
8.44695511530436
8.21300560866489
6.7509013493345
5.9521294853539
5.94782500125085
7.14189860304874
5.73976456145689
5.56443149278447
5.586391812885
7.22577730422087
5.61078236918938
5.78929309902224
6.61616686953604
6.91419301868977
6.51396214049866
6.52516259110662
5.76979475586971
8.06322332442383
7.28633872426581
7.08883791109786
7.52242390397564
7.61429906819986
7.98302220681846
8.37340133600278
6.40489243860998
8.30710590561283
5.95169481092471
8.74645589564211
7.80597891944564
8.42698254127485
7.45593663250279
7.74074208648575
8.53672445952563
7.53357401198055
6.3089724716684
6.4248429178379
7.33075911911755
7.17207351489622
7.01216833196525
7.39282673362128
6.93497829202031
7.79214207221419
7.04170933267077
7.90502776858442
6.87238582701754
5.66040616830575
7.35491804160507
6.04611605356945
8.73794137340156
5.99274616850866
8.6149114425389
7.30257198310738
8.12632618740179
7.86769187016639
6.66646646312157
7.26586321669644
6.4650837960343
6.41030429970404
6.95508221882386
7.72367396549774
6.92617959608141
7.28204185300079
6.49410981079262
7.46843133063652
8.71127289647112
7.38276959925246
5.73022450407081
6.28066675341223
7.66504236916312
5.60524536996376
6.47071936560412
5.68719408716207
8.57051333782212
6.73579673380106
7.59656988576124
6.94539221122821
8.00858236656993
7.60323090457883
6.27303975996943
8.63570690251607
6.29813071799038
7.97845324811033
7.80047089058382
8.07714438794954
5.80987519567577
7.81129748556415
8.62949246671288
6.34529512205029
8.41047516211193
5.70964033716209
7.04240353324754
6.28332523721476
7.37781278312996
7.78616220311739
7.96514260895978
7.66235306649982
6.37644745804962
7.92443887174419
7.86782231509648
6.96637625869988
6.67311328588449
5.92389003919842
8.78144312179102
8.4870142489243
8.45158131482866
5.83943953802398
5.83938062332294
6.49499052018559
6.21151740362603
7.98607016055083
5.66790053782588
8.09474589275154
6.05151954365242
8.21596676820783
8.1891532732096
6.15013169016552
6.98126812584275
8.01924378677061
8.1906685736653
7.05281312480385
8.27247595824878
8.1684801819644
8.16498101415025
6.59779289174153
7.40825230709886
8.64013816494241
6.63524262448261
8.11747075381314
6.43526847289982
5.78140734229273
6.37308132753417
6.95079858329547
6.77133090670335
7.52160794794798
7.35786236990606
6.99422049795
5.94080942222766
5.67504163547906
6.30963145006073
8.625368206941
8.33097015056909
7.73112073281711
7.75820727511522
5.92694413241918
7.88127380686321
7.03557119795629
8.18657538789887
6.24864878925944
6.44221537388602
8.19428328597322
7.26616974860758
6.53401518441695
8.0422549797907
7.39456943119798
7.85785506527204
7.58090613263795
6.94060804060198
7.55479934684482
7.37482825368216
7.22337234853238
8.63454347373907
8.31498791832309
6.86270904829965
7.53689039172907
6.05533806257223
7.49887101504474
5.64878071597619
6.47595080190381
6.67644519535012
8.18262894298695
7.83148240347761
8.18936290689074
5.78342174051856
7.37178987829107
8.51094073938201
6.81297334378949
6.84343496728099
6.2754720825361
6.55032490954447
8.12405309219377
6.9615221730856
5.80642075983733
5.71108758010663
7.92154093804991
7.06690270742731
8.5052264882019
7.73248260209724
8.00176335581191
6.86175996589565
7.22012998563854
7.29428636799203
6.84845189205165
8.26133507397916
7.38448940743047
7.75707476204767
7.43965179105686
5.71705036894763
8.24320343393624
7.135752325746
7.25536755453041
7.39121976416534
8.76815041024764
6.34033188937943
6.66405982852365
5.7264462315495
8.14093985084507
7.91143391945523
6.50452148246442
7.16756566455212
8.50476084835371
6.55839133583326
7.30025170898367
5.92835191544982
5.66749349832142
7.27973587650264
7.44958321649716
6.90255896809055
7.351391449291
5.76540789445964
6.3480355858877
7.32465591762651
8.20404200313975
6.7602179666996
8.34759201328479
8.51036014908406
8.29290387237972
5.87999009037853
8.0775990480812
7.65150436674797
7.46884106840051
8.19148067301997
6.94474801517971
8.23193368363811
6.04015896166652
5.72313148455994
6.93593033584453
7.1270072573416
6.95056348114724
7.95659846523638
6.80551236533426
5.63603280676647
7.63719429312823
8.4749812381858
5.57691913689134
6.65914019636688
7.55064816062164
8.63523909301296
7.34122262467034
6.74532561173433
5.51377413456741
7.60046843767022
8.58558051824351
6.19569457571503
8.24297876921237
6.28555869316722
6.83927096652824
7.88611046240948
5.90905716531533
6.84659519606652
7.76983294900336
5.97071258671772
7.1601656844978
8.21813386400745
7.37310259970036
6.20785248694333
7.79637867697031
7.57253893021769
8.46818990494378
5.64281899192034
5.96611390510252
7.06489130808005
6.70220646999552
7.05803483225758
5.99758558314472
6.13866948153592
8.23137162574569
6.66107524148919
7.46367662649629
5.90806240469696
8.49827649874103
6.0577042926465
8.461563288478
7.71837958393859
7.49127466745178
8.69609550662355
8.79584642551148
6.4507714809276
7.66055725261176
7.06907262111074
7.11976098169551
8.68992987282941
5.50731212429234
7.04833457014509
7.44663022382359
6.45566329798758
8.07984382443053
6.99642309267016
8.36543417072865
8.18891641668823
6.59314108005367
8.61413845617167
8.70904197466099
7.69856100809206
6.57803633758462
6.6785881968626
7.48837435650785
5.80727590011015
7.55190471902712
5.84153038278947
6.48929468811091
7.39423209479956
6.43564480267334
8.19227311701929
7.15591354598179
6.43117492619865
6.46311580150985
5.59400472508155
7.15366034867771
5.68490302722702
8.06572578179035
7.8922722766193
5.75875978030345
8.74385651420121
6.39722800334475
6.03514976658553
7.88666132755814
6.3576648648091
7.45564780692353
6.16691357487889
8.72402671917037
5.92048849864179
5.73796150609957
7.98311182787221
6.5816931476373
5.57403323131508
6.09548163780738
7.92952364009722
6.14548401142368
8.30621365227963
6.53497493198727
8.46118070041178
8.77489784244938
5.76644315008693
5.83751796025774
6.96430716532435
5.55922008138456
8.27245555007258
8.33681978960104
8.25048466217993
6.5010110535735
7.22484802566114
7.14708379728399
6.31139969464884
6.90660096563597
6.43957238337422
8.11491905887605
6.42799713962736
5.6899413120176
6.22442164270336
5.84258048428133
8.79202081409351
8.04974695471556
5.65994764985643
6.56611762567454
6.47336965490957
5.85740070673295
7.76675456803862
8.17567856654971
7.34307052574268
7.80701962641623
8.63886978571622
7.85053064221549
7.98080310570085
5.9102784875828
6.11616499589834
5.6547791903761
8.18491242525003
8.43196600159691
5.63153606235162
7.0069502097951
6.23135374884687
8.1030253097196
7.90484255330582
8.14522749511519
7.44868056861104
6.26391867382198
6.49771086603666
8.15540409318076
8.08739665578127
6.91019844505241
8.08930460399275
8.01371789399107
7.70430062678806
8.14590776893787
7.41736085696964
5.51230227682299
5.66660747129588
7.51076391597511
6.92521014619692
5.56948358484318
6.94183668480681
8.34795877692725
7.45891528864841
6.83497068610916
8.71164167059272
6.77255073797071
8.66296366927581
6.80838494246022
6.03044413966501
8.32826011636387
8.30265918778326
7.61981087504099
8.49404227792586
8.36714292153575
8.49143042967444
7.60646832349908
6.12779501656475
6.99296655576535
7.56421810144495
7.96427669179289
7.15349100107862
7.17008838898619
7.7782142484621
6.91436033489169
5.87107861109605
7.62649585035835
8.75284779325041
8.03860703233945
7.13198201307989
8.65489243175042
5.9398516821821
8.19220360098696
7.87884157665995
7.02877915902565
7.91545899178069
6.0756619789615
7.90620205861265
7.57883033238588
7.40789667403678
7.80021664995982
8.59760712411048
6.21638433967817
8.04074393031462
7.80684216916843
6.182309262897
7.27252727476211
6.68049801154779
6.37814259394331
7.364209092415
6.16069859012943
6.50023001435753
7.19246846111015
8.23509119702592
7.62781635709345
6.61043204641979
8.45713674669132
8.0177397191058
8.33948141526936
8.17328685098148
5.94310290952737
6.40682172140738
7.15771876157991
6.97604414963518
8.78584425115492
6.32097501310654
6.77399839742877
8.65753878628744
6.47903485401178
7.55917839348182
6.13793365772809
7.77871805669476
6.19718573889384
6.97844874472364
6.24132536840007
5.90116390054203
7.1393791230363
6.44209428654969
7.72990190760662
7.64895406269192
5.90135752366074
5.82790699006254
6.18502957338083
8.34331874489886
7.76644717840427
8.65583833998171
6.31173815553671
6.51895474965281
8.45376514249238
7.69000185033674
6.3015085315907
5.86942011759398
5.91930243598171
6.74617454816094
6.19851756682547
7.8013933840258
7.90210087362961
8.30465812754831
7.11583318161227
8.07802345624437
6.96171154355725
8.59203375483422
7.94086406195004
8.50926179692581
8.17044977049551
6.0653615737157
7.83156255501545
8.39194710426953
7.18684059558604
7.36593549981758
7.73938304604592
5.91473411551505
7.8493773060384
8.53319081063491
5.70827480354635
6.30790558685062
5.52152640555847
8.55251627547996
7.17805227850047
5.90534812468138
5.52820691845187
5.87203246884615
6.36096493235156
7.86225376114015
5.90989706902183
7.44147714866822
7.51524191760012
6.38867103824654
7.7909471045897
6.30432241053813
7.39554226544644
6.03835303612392
7.73669713076421
7.77822147933357
8.18881407166941
5.91347613386261
5.72198779319178
7.64637722144879
8.24817076112856
6.89203479241226
7.9958349016742
6.47951921902896
6.82974587404376
6.21240851475541
8.78100685591524
6.80351053721802
7.78095816017873
8.53320973267301
6.59704804930487
7.56039396920788
5.95600401599054
6.38007591068651
5.9085606330094
6.50045289891987
8.34600658901473
6.10125396927155
5.95620560706785
6.77279133879303
5.82184345912746
8.64568866400147
6.29968657047358
7.19704383786426
5.56273676335204
6.80601670584801
8.01513089900674
7.74007685500492
7.78038670288207
8.16285348531387
8.69548472384009
5.81805880557238
6.70463306679219
7.24541333605205
6.69228053354964
7.7628702289259
6.79171171816462
7.11586255498285
8.01573245083542
8.78177339215157
7.12548698196187
6.47205324180767
8.27437250713479
6.35464390703321
5.83670444213844
6.02300735334306
7.20604354148921
7.87071797853672
6.53181860703477
8.33842432841964
7.20726621658664
8.73021327903754
7.98962973540545
7.74295273870416
7.36913031615319
6.98182530239233
8.28098923447583
6.01973786000288
6.78067027968509
6.95163119287385
6.74741948723507
7.77358831823682
6.61084673925323
7.43922492589225
8.47316011412154
6.85075608516722
8.59488576669483
6.64963552533441
8.14307122180382
6.45557767853861
5.71006432084677
5.77351503246544
7.6689647983268
7.4005950722304
8.59989590884623
7.27803761757946
7.38379422891705
5.71463223862842
8.65898266064462
7.69184234497709
6.45051902331843
8.48073585013502
7.28446906882564
8.09221619852128
8.46910430397273
7.041127765567
8.17682478883342
8.57935462871573
5.64342466096485
7.49470357658652
7.14197259511113
6.10375603912613
7.26574029714055
6.8174230654202
6.89465034877795
6.72252801690329
7.12142571671087
6.47291293232837
8.3267242392842
8.10401110010322
7.1160613136142
6.88494349411794
6.92390811850375
8.76041951172459
5.95045705081074
8.20314186870182
5.65765540646863
8.28340477843096
7.54195823987719
8.38699387991532
6.51218647540592
6.13898378039303
7.60118340410849
7.09381862985381
7.88097988471506
8.16129643905239
7.12055481291315
6.10893266335346
5.95347390239884
8.7454276286789
7.10845089770232
6.66360253905986
7.67047768924524
6.64345713633116
6.72982711520077
8.7436832076316
5.53666624457568
7.61479975039109
6.1408949592285
5.95635880498691
6.01148099837142
5.94310235895217
8.28493460513065
6.48357892793568
8.46745784224543
6.23655025942337
7.62391164967987
8.01287877536712
7.84583023399457
8.20876750087245
5.9780634682569
6.57752066885774
6.47169485351126
7.43731453082579
7.62548980353094
8.48954315747032
7.57348549459967
8.50549865520025
8.73467348874418
8.17474139529613
7.04081354139978
6.54602081796582
6.20762062613457
8.71275617964034
8.39764250854197
8.74284930471958
8.31733983396356
8.63107669485918
6.364672819186
8.16239672209501
7.94180473461717
8.36839166429459
6.92287278317927
8.78625429920909
7.3286591218298
5.78139904979449
8.122635462858
8.51224802682499
5.94481508187174
6.1899936230668
5.97330296982225
8.7521384709848
6.11417234636407
7.00702958182557
7.56738463626784
6.64136718500434
6.32069778364894
7.60011475160087
7.96083580809857
7.14118600182787
6.2384973708736
8.57949780090141
6.94810188795905
7.09976747311971
6.66672701323047
6.28365418953981
6.2636153654252
6.32957795776028
5.60961771630602
6.58707593616703
8.76408135333794
7.13204995711356
6.97039245814234
6.88347120539328
6.02661972923638
7.14038493772494
8.71723658006518
7.89480064763757
7.32949142131758
8.22556122182868
7.5643504827782
8.22139712321423
7.15355285868175
6.2827654021093
7.59492422834641
7.16193546865201
7.65461728523028
6.35686354459982
7.81557962667635
6.68796930861372
6.98186436135308
7.82339688003667
7.99831675039215
5.90264625319578
6.07292137166785
5.96312793589828
8.12581695535229
7.78678040518339
6.12353848439776
6.98847332765807
7.98840226237296
7.49488349271945
8.73972979352405
8.11639980196152
6.47069383113756
7.61307402278297
6.61581046447118
8.60197746948513
8.23025386492841
8.0025700984698
6.16852235247696
7.45686076261877
7.20312793197909
5.65770651884378
8.25930239565657
6.39343271430226
6.32284040381919
7.43417047678936
5.50200167296188
8.07428288280234
7.97538912903068
7.46897856355151
7.00790828721812
8.67214230291058
7.61374105617182
8.07392847415572
7.70047963541378
5.54586684161615
6.3673973204681
8.10553648411922
5.81791686599253
8.02004959918222
8.18303025958213
6.9444155990286
6.20336874166681
6.3965286025756
8.26349027188818
7.87043953039375
6.67924622336139
8.67434345944437
8.52694042683656
8.51279586460562
6.13125148958468
7.88454853507286
8.10588138641025
6.35148631151526
7.25754269874189
7.66300106866052
8.76611516472401
6.65708327753789
5.55335192966364
8.38203303559279
6.88344609059677
7.27215097350541
6.64029262976848
6.19373504134616
6.02661987448967
6.15231672644313
6.09888524183321
6.54860140119111
6.94250182863732
8.29684589969284
5.70143083829659
7.54277388680785
6.96527070698195
7.07308397938771
6.3944110450706
6.2020113473983
6.91036289546441
8.62341084611107
7.42969692753932
6.2873883958679
6.18346286986407
8.66904388985696
6.26607562246927
7.22463339836939
8.59739687380505
6.2465066304553
7.90172567759619
7.18827853831612
5.9589260086451
5.60338247890002
7.07472127725948
7.38809929543942
6.98872348833933
7.79443189911975
8.62425297928224
8.54457911228642
6.52743284222283
7.62927380934731
7.39762799419588
8.25155311846228
7.80809718602881
8.75255838865381
7.86541260658114
7.96619961044063
8.00302694884393
7.6565407567818
6.66852191533497
6.64973105049899
8.65972900103657
6.01760493888835
8.76252518991007
8.46012419288501
6.30373416863703
8.60852258226317
8.69661448384998
7.73791681447326
6.12522742149608
8.32360126998553
8.34380409845106
8.21072863010066
7.46453357881487
8.34882919951224
8.05243393919105
6.53780016933726
7.8264809370926
7.88995945378833
6.67965518927412
7.2305331353866
8.51562322431143
8.17779348936899
6.66703644665262
7.11882685831451
6.72008190527411
8.17503264032797
8.1260290522289
8.18409014490538
6.02239782386414
5.55091643084021
8.78234906872018
5.76983179190155
7.77783108406537
7.30304715551677
8.63185316378019
7.31133438107179
8.115151970059
8.08524771819658
8.4641316474007
7.39877079312103
8.65027989978519
6.68622137938777
5.9385764195388
7.07678402305545
7.86457228696347
6.33119683968433
5.56509808693826
8.10549625403993
6.89545568948439
5.68372646068671
7.38977062415833
6.91230949918576
6.8996682982959
7.105059422694
6.49829255139371
7.79080931683018
7.92844061142774
8.44540415965173
8.593109313223
7.78699981276973
7.5929710452376
7.2890952008772
7.43859049051472
6.1387751363325
7.95349196732374
6.55837716183614
6.52689091230248
5.69698293079653
6.8509560200752
6.75004636263881
8.75033509125091
7.25056730365
7.17158624744428
6.8515186813815
5.95799187982747
6.59157264335494
7.55479097369215
5.6067513935694
6.73184954345117
7.7154136448014
6.83689016252151
7.12823958824257
7.98126494674285
7.9697631271339
7.50679866135063
8.70063715815423
7.74691466542242
6.67747836989913
7.74115428590319
8.69675153215113
6.28335525126785
7.734273741863
5.61887790113262
5.57742315019296
8.304736736802
8.55686187669036
6.99190794030002
7.41585882026095
5.60419007587183
7.40859841687786
7.36837072014771
5.96433330220199
8.49118276469243
6.72250726826497
5.60169066991932
8.37499587826077
6.90893606893404
6.05698838162093
7.25345278888456
5.8969119770709
6.862451654859
5.91253136503509
6.5010126466083
8.74678651966854
7.40335657193498
7.97264863416468
6.63548608224544
5.60414240460538
7.23789011821979
5.98030345025083
5.96412481460134
5.73318884195134
7.89537537691827
8.12151356612633
5.70271084026584
7.54656672065755
6.54034222256823
6.99569392155293
7.48233048778393
7.27317201245839
6.90228337470821
7.3221548778663
7.97415540113537
8.58752271657453
7.64471255492028
5.76687700918091
7.50055384358313
7.29721109592223
7.53137696090791
7.51814391918254
5.72617172806964
6.59827417014995
5.61409777320814
6.46527769496821
6.56482997408029
6.90483883363384
8.71430590934883
8.25518732352627
7.06370389035133
5.84447531924959
8.45394098287322
7.84859132956222
6.20848831229444
6.94062119222475
7.3724994294125
8.54476323763481
8.16813267493126
8.37472885127504
5.86016070063931
7.570455641856
6.76960981095575
6.12097202965855
6.89434568477687
6.3972904836901
8.71869169316588
8.55755262358166
8.76955359631154
8.41266689139794
7.58020126654553
7.50320843475735
5.76615743015553
6.01740593318248
5.50452498666007
6.01422748702271
6.00875474019588
7.0981728227566
7.5351695548258
6.83559011404724
8.54594421265545
8.68567839022316
6.63108481345624
7.18428700658074
7.61956794839033
6.38909171363
6.31391883047236
5.77918750706804
7.46673820727881
7.15570440066702
7.76898932980603
6.1598538684938
7.48888368699004
8.187147217414
7.0230784537629
8.35319246262741
7.84914678251904
8.79378689527226
5.96620282924051
6.16264360826142
6.86201347073618
8.50224266749309
6.23817867662957
5.55318726940501
5.54418768390424
5.56264726239734
7.97789672058652
6.03960451716694
6.25675391803139
6.20041661448829
6.06755755785837
6.63807441535027
7.8574061113779
6.63233190487215
7.92521908612376
7.30986917710231
8.01811680391652
6.64031071895591
6.95774825582079
7.68282477189852
6.21988988522291
8.54760986092656
5.78849137038421
7.4982697404909
8.48615705190996
7.785859732931
8.50734874303322
6.67406096081935
5.72649517442708
8.59759063399916
8.24433430491855
7.37702393563051
5.68322977746454
6.61324961002819
6.82881282468895
7.57559129532312
6.05156636680235
7.42858778031813
6.43776368223007
6.33729238027737
8.14257460607774
8.79096670635122
6.02208092826242
8.60500369412855
7.51051536779296
8.77563241234021
6.30537866182998
6.84931696169269
7.49055341426308
8.61091897944318
6.47797243536346
6.17526099746297
7.08015259864546
6.73610051072776
8.05110371100302
7.27629770445898
6.56595522211839
5.57228649802194
6.83467822067814
5.65705062424576
6.9753314077126
6.5714934466174
8.6807038468012
8.0773378520719
7.22522332594796
5.88259911181077
6.82813295338267
8.58171303272867
6.42930831824322
7.29608760269793
8.51129670346608
5.75956548964057
6.43503878772335
6.909705424704
7.00706761539447
6.22585144557428
8.57484771951605
7.58410167676321
7.26949470409273
5.99055986180363
8.69829387789495
7.03900942391355
5.71007589367203
8.28342543465914
6.1116286969769
7.85664242995041
8.46024242370414
7.06821424911898
7.40757011629481
5.94211086967526
8.0909044650655
8.57661470320508
5.6598974122769
8.69452533901739
6.11260005398082
8.42030513855457
8.55736457589646
7.14444791571103
7.4801557294287
8.59972993619491
6.36119786956305
7.52679500741959
7.47924348047622
8.31251934146195
7.95686403119478
8.1566195162742
7.31915293981046
6.95454800689822
6.56748901897314
6.57696907093405
7.13350141057388
7.89945130326665
8.4336789916757
6.55341972859076
6.55916961890142
8.68224460717107
6.04477265264503
5.73109179438509
6.90326775722753
8.30658741097816
6.89096287936065
8.68714774333639
5.80368560171205
6.67811159165275
6.72593785829891
7.48979982874656
8.00039724110754
6.01481676735966
7.77238107479935
7.71560913522793
8.49972025535045
7.34903244526517
7.7112818910738
7.53051114140766
7.66940292949067
7.41030948424492
7.70704473935304
8.39389235427192
6.89951730932586
7.5605650521154
8.01598032762191
7.006514768552
8.60427628239381
5.87449157378768
8.15015211347675
7.10480582973531
6.93281961492313
6.25290678398021
5.69235730778616
8.36475153074937
5.95023308343275
8.79072089201818
6.65125383860913
5.56051365645509
8.73442828053153
6.14369168262923
8.64229231802573
7.93456232358504
8.14446198060086
8.2926442610049
7.92546557049165
6.99424260424485
7.44242865175627
6.32333985689421
6.68096134539669
6.61316955576869
5.94335267065426
6.33759531559469
7.44734060984007
5.61859098833746
8.31966472989966
5.61325521492627
5.84244244180397
5.89854948994941
6.54872456453085
7.81002608401711
7.85775774962637
8.25566535051167
8.52885216607248
8.06900216601235
7.10972599067396
6.56003629601587
8.01211782271457
8.39657983155617
8.26569883834725
5.82288014617407
6.88143811670941
6.00240262455755
6.84763136806328
5.70119054663375
5.69351019074489
7.75329632665925
8.5897382125354
8.15412668133868
8.60384629607059
6.68307089227734
5.85241874223065
6.29130584595175
6.03887264761169
6.22048535822399
7.32838599598306
8.24390765097217
7.810298583392
6.30730861446668
8.71833425054797
7.13580115388897
7.0456471653125
8.10933391413708
5.63292128350473
8.39919501935859
6.50695630160193
5.61674299486648
5.75151378175348
5.60691762401167
7.02117669261108
7.46669265646267
8.7782577453316
5.51528315458057
8.44604567354926
8.68697318871306
8.40792531506326
6.70324501897678
7.39266090707519
5.90129458032827
6.47627992388139
7.58327878768596
8.15692620256741
7.39135865686949
8.24853641361307
7.48164482949068
7.46294558163874
6.51533039511324
5.93859257438068
7.49810496738916
6.3819702256624
7.04125249316637
6.69915891521432
8.62618871231864
6.08524984127741
5.68002720633596
8.20847396583429
7.56214656356594
6.62859470156473
5.68809305467586
6.85695155429152
7.34551484531845
7.96866349933547
5.94386376214322
7.06135962521678
6.71690426858641
7.63184799952703
8.66319194602903
8.22202936606597
6.9011612453373
6.67742481609791
7.20563882167919
7.29123267637818
8.53341860666374
8.31877140176518
5.56604230205809
7.95543912849572
5.86514873163461
7.80891530297437
6.94457001163266
6.87238111303655
8.51203734971853
6.32652226963896
8.00082308703733
6.89797282302728
7.62321466992708
6.66964547726202
6.53107075137297
6.30707636004723
6.37749252010441
7.68266239294689
7.18216141397472
8.68007891145393
5.58551707539082
5.53346898696433
6.90369562988465
6.69241540391902
8.56627008046855
7.15812563937892
5.87182143738319
7.5072995720893
8.02758575671236
8.64759960735366
6.49984233487633
8.47019652942513
7.08747289661433
5.81697201328072
8.1530479546005
8.77538189636176
5.7290747401834
7.90752838920553
7.56345415975921
5.53053376630708
7.6188750222508
6.45125062704439
7.54857941219001
7.57245324686045
8.34570252260441
7.95424354552274
6.26937945422389
8.09102639636155
7.26743745424559
5.50526861615606
8.76202156464761
7.26918391257577
7.18201525873521
6.3956528597772
6.09817910253156
8.72983594264244
6.95101086204097
8.34045846088016
6.3070768568676
7.85926209542051
6.88090632403867
8.40560499952052
5.91881015085644
7.03719819843464
6.81726932046901
7.52246266901442
7.78270302940567
5.77378917962634
5.7310046646538
6.41383475411608
7.43053672357397
7.62604693782881
6.13083314442904
7.60803448714597
7.8630054343576
6.39261773111798
6.94494396520308
6.06179094924003
7.41751586383213
8.40576961365395
6.97098769534372
6.58232798448093
8.14248061682252
7.88447494431536
8.04211084842867
6.64596262613528
7.50702825688835
8.39079501128197
8.69899474101082
7.92786018017009
6.08301508821916
7.71812655663605
5.56099984682128
5.67616082423163
6.73694835738227
7.14911711976172
8.11664742024754
7.31393855004893
7.7414056992904
8.59049865360784
7.35092608611188
5.73606258643794
5.60385088314408
6.5503524532635
6.53043009320683
6.58254618793001
7.79765836195481
5.75290262321514
7.72898705847628
8.69139184288571
6.07420117111705
7.8929051950353
6.34455589762764
7.57611882691258
7.75110546025638
8.62253756361814
8.41891505569042
7.66802111969278
7.99997538570184
6.5756068911365
6.51479655614182
6.75642828362354
5.99243172651846
8.58087781434251
8.79243585123275
7.56559656934646
5.78195527167989
7.53194320052426
8.0914820107645
8.59179519622661
7.77615469673139
7.06090486740725
7.33914204109137
8.7597513882202
7.49557861979556
8.69203292069459
6.20345517879003
8.13089339280535
8.07177023984755
7.53970116481531
8.4042559837403
8.43904697577437
8.42919851514976
5.64709762194619
7.25133920550027
5.78938296963441
8.51321338341671
8.47473533222866
6.46266957099224
6.20678749384993
7.96952043618098
7.12176062822762
8.26400046766881
7.36353846670133
8.73167802234781
6.70573206800585
8.38909391787125
5.86642103492439
8.42157216843543
8.39008422318001
5.86450956311595
6.74723498479648
5.77452476830485
6.76687759532103
6.84907273861662
5.61404876214012
7.09577313046042
7.33674810311517
8.49974528429099
6.64709836489253
8.49227676257064
6.61601342931878
7.11531166680919
7.54360121246969
6.84915530991478
5.57183235123117
7.00616905707379
8.65724191532585
6.10102356001212
8.46567284903074
7.40388541433565
5.82839444545935
6.42487456496789
6.79821269008974
6.13269652165385
8.61945726557406
7.66925852182593
7.4237578015175
7.78512980764107
6.61125364617376
7.42510200219698
5.80049331149492
7.91056858470842
6.72020149619004
6.20073919120801
6.55542500418013
6.06962268968015
7.853803436271
8.36680681760969
6.85825568930567
7.03060400000077
5.7994545085911
6.67719244932211
6.08410257929082
7.63336244975293
5.69699529972164
7.23054577142948
7.88868797307732
7.74950512436143
8.33894669361927
6.82224729812843
6.19643321577254
7.06956354533139
7.88867866645751
5.53769358586526
7.41810365522184
6.15315469505383
6.27802277392613
5.64945560780096
7.50324096692433
8.59277667083131
6.134912231831
6.18896724739025
7.78045944763519
8.49002854949773
5.73009667710232
5.59233154212073
6.18379506165066
7.44242228087339
6.50197999559938
7.79861621462497
6.67218978227471
8.4358498812195
7.79706657226362
6.0093063000518
6.74087476141749
8.57083939399808
8.28220926803447
6.88388966319716
6.48507164428775
7.18986613284921
8.33946644964666
8.77552696649874
8.49606922146168
6.27585001275646
7.62724333431304
8.53117714944705
6.08445964791046
5.76641452785307
6.45160476547775
7.18625473803089
7.57343078750887
6.09966610954845
8.29249606499697
5.73581236352301
7.10542249491083
5.75409372699106
6.51076664140001
6.45687134353719
7.66399571481597
6.90463566262963
7.53916684728834
5.54194350185468
8.48862183073833
8.73098940669045
8.56820481925494
8.32686461601135
8.10456499357358
7.95992764185381
8.31709501362667
7.42656802355946
5.97821271803095
5.61039454848193
6.78137325420385
6.90951653049284
7.19225044977355
7.95715010911657
5.82770715898665
6.81441353055941
7.15052750756161
6.57964495466859
7.65445229480176
6.73452381530663
7.81285480497008
6.69323984545296
8.33940349558351
6.86024274992616
8.60172064743645
5.76925615262959
6.46284416225054
7.47072940374
8.26326078607424
7.03382011052631
8.11992470434785
6.80625250564772
7.45516892323568
7.90027441204836
8.06410224081749
6.8595765746916
6.83361518519072
6.20736334437309
5.96859143624825
5.75800946860492
8.02170961092678
6.44049516611391
7.97402876528287
8.27271989434427
5.89954247967105
7.54497290054936
5.79027384753553
6.7206890019283
7.69968682134536
6.4907931886192
8.43676392811227
7.07270363930099
6.4346734973935
6.35922674905028
6.84314861945142
7.39788255327058
7.72626743026013
8.64705790525432
7.4453926044908
6.34416228972158
6.46632607586786
7.97454153566479
7.99605395860989
6.83124001174034
6.5171695011557
7.56192507955124
8.18457921822226
5.65439156186304
6.37210414083489
5.85873189255675
8.31171756371004
5.61653198930244
7.68662746870211
8.30386273817485
6.43016521637527
8.27298585541348
6.15292968631914
5.55166394381342
8.24960347877842
5.96749807034887
6.57891593626059
5.87205891786705
5.98304696325224
7.34126642779196
7.93432024055599
6.36303031987583
5.53516859638134
7.89561671064472
7.7011434756711
6.4738338565598
8.01929728228422
7.08790486227501
7.26792876774251
8.42587971134773
8.11380148963255
5.650615770349
6.67527020306189
6.37522406621432
6.74168847681336
8.7854530823808
7.26789526829184
7.88966784856921
7.63741155666712
6.76016480114743
8.24056178329192
6.908232543192
5.66605380021088
7.11759668430108
7.21129496415189
6.5893315376697
7.61550287001204
7.70485679796278
7.77728781401659
6.1659149439056
7.25173404219438
5.92027401530604
7.3423628741261
7.86078239621928
7.82087650603952
7.85471519349248
6.90942909015133
5.79552335407872
7.40921451134161
5.57040987528768
8.29535924378864
7.4179831080316
6.12771402872434
7.71577364627347
8.45217055725618
7.54732057486351
7.00711903810493
6.68461523847937
5.98275329625421
6.96798740934308
6.04695542586912
7.03084413004898
5.70012042204801
8.25729297791624
7.80598727148596
6.88874916500733
5.92664359275556
8.09688427921694
7.65522204715684
7.43854081957301
8.6847224997139
7.23729010556313
7.87624059750333
6.90701774375993
7.47381106868422
7.22578196146253
5.91839196623644
5.53482240908926
6.14993548089889
6.42821758308076
5.51505693818727
5.93533002689922
6.73806332896993
5.67542158245249
6.4875629089405
6.12439890320608
6.76954192947421
6.30163207306223
8.24571074945231
8.4288691754556
7.35695551300831
8.64403503144377
6.49674002724172
8.7006639213811
7.24742063525532
6.83711094101287
7.75952182984481
6.9023478331532
7.98199115644953
7.02810221849623
8.13263075727579
7.45421043051527
8.75932545807743
8.03688396631196
5.60022626271541
5.99581837018411
6.37728590087604
6.42417816112124
8.1754662724814
7.25386661140319
7.10593533858916
7.15237277803028
7.42444639990843
6.50039712555873
6.4447127579839
7.51849843892295
5.72648927822675
6.14142841778865
6.74171752931024
6.67545946853235
5.71674494635925
7.13523396957905
6.31154535370362
8.09807767775331
7.07583063934058
5.79905425066713
6.25109874466336
8.67662353354502
8.06233854365145
7.15001118496226
7.5947795586794
8.32689263602727
8.0512189902126
7.91300163373082
7.75987992578823
5.84697437119689
7.78317299489064
5.53702276338213
8.03258087043353
8.48141822261555
7.26867348606358
7.76896519008786
8.47395261852094
7.35193371392958
8.30094769432297
8.39604532448444
8.18016795383213
8.5538049228115
6.25661605607423
8.45466029267924
5.88216571475303
8.36906947385665
6.8819879827504
7.02129623330988
8.57082404417082
6.35204549446635
5.7726145826117
7.32422174931297
6.45446983984308
7.96659266441603
8.18593880731579
6.63616425657685
6.92155320390103
7.80780755260386
5.57434337052922
6.07007094011204
5.53076041018125
5.81521949469738
5.638689303322
8.67881767599103
8.01585011740732
8.40660410467528
8.27187514475723
7.03881901576512
7.4369017671563
7.84077433737761
7.95219554308216
6.15406432034367
8.3710199776016
7.39408038594107
8.50982599023352
6.45267003820697
7.70298452544847
8.20237764709717
7.89396696993599
7.08938354917655
6.55860725139813
5.66344099216105
8.37221824936277
7.25927916818398
7.72904906405071
6.69097709070919
5.76309535971294
7.44882498902302
8.53170983630438
8.69040314590075
8.34063134240073
8.11596476013449
8.0515353017147
5.89529450980837
8.35834811714068
7.83287188119283
7.11572468280456
7.5922524917047
7.17649270738011
8.08678360928883
6.86910356623983
6.52660762164095
8.28036276331532
7.67718306779623
7.39844377069651
6.28274571578574
8.22088879502892
8.72180564897992
8.33929744674947
5.90878607172154
8.23065985708705
7.20363838854867
8.76921726211551
8.66237512173117
6.22024372608099
7.95741810686771
8.35008051478649
8.10551826374942
6.4941334002386
7.74137545782531
8.15847905718186
5.72569726297809
5.7438531142071
7.90239285605782
8.4843539600408
6.97068820664846
7.78477949598733
5.96056472685526
8.22160934896073
7.40390280932182
8.0281482079038
6.40984634454048
6.44354441901837
6.38826071407494
7.13350548246578
7.02093470580238
6.91331870941994
6.08387034373337
8.24359969113582
7.02277462402435
8.18613317435794
6.38498722390873
7.33422196691098
6.66375803056426
8.67138844332333
8.77912636509834
7.17336239578845
8.7834607103105
6.88288668314029
5.72501639838058
5.92860225770377
6.28245773606901
7.40974450800453
7.04451200355829
5.59210601978413
6.46278443071838
5.53890908037232
6.46594119876019
7.93410790114273
7.98704422236682
5.65281137460365
8.48509318569428
6.79566874240036
6.54311666900492
8.18174166163055
7.38868986056326
6.74967301885662
8.13597135022906
8.62068999094179
6.06705686593347
8.14565975044502
6.70069870943434
8.71362202616929
6.64192499678952
6.24210498839061
6.62060893279424
6.58922561660495
7.91409165345977
6.34340003382052
6.69694772193325
7.56646626556905
8.27478146268284
7.58779109854639
6.67294504285234
6.96557954813549
7.0289649550587
7.52656669223005
8.607939054932
7.28471421224271
6.23443601044286
8.6644280268871
6.28564325426962
5.82685750762174
6.55530837163093
8.49794126155849
6.50430539412899
6.71401863072364
7.3315844037668
8.43637614305124
8.16402499373295
8.3190666011753
8.38770552665318
6.21815068005766
5.66813292768503
7.88066583579784
5.91612820047246
6.82663915863954
6.39595219620287
7.58627093793737
8.30293272976113
6.03209514335895
6.0909511005824
7.41395337343116
7.23436608839304
6.69259012901348
7.20536898224301
5.60883781756622
6.44740183082011
7.58118232339022
7.8066708573729
5.50177178183648
7.68180432918392
6.16802310897831
8.16928889056224
8.45248884413623
6.1973122460993
7.21308301870075
6.49351716556708
7.83853673828556
5.51097478599704
7.20692264608972
8.3745526473678
7.47459889283868
6.40300938453451
5.61208595914103
6.28116575372832
7.25117322572109
5.75384814299522
7.9869832674439
8.60024846987057
6.15781891203154
7.81137029642754
7.47741651478954
6.35405757836506
6.73087814066011
6.13625877817592
7.51689250510238
6.67396204522383
7.19694904770981
7.83200178859371
5.67572469222283
7.27111049602316
8.02659046644475
6.61786124497834
5.51119351216453
8.01362180900135
6.22945973193669
7.77954608166573
7.19223594604607
7.15995724856723
8.07067690620723
8.21656071324728
6.89677810208161
6.76238394850246
7.97934969663555
5.53290890593288
5.56291606762626
6.27857251911998
6.46534896545663
6.66710105222464
8.08561751399217
7.64847407112908
8.55702154394769
5.87687469272418
6.94686966033926
8.60493319463255
7.79023609304658
8.02583450857348
6.38938751512451
7.55108189871041
6.48916933317052
6.18932883936435
5.87459834010117
6.49952257837347
6.39134718891535
5.68154472586125
8.5027530013916
7.47496375983869
8.44412956731469
6.90489880852842
8.75896578024116
6.77532808865751
8.28913001603918
8.52123024726275
8.35188565760211
7.74552137709373
7.52346996843683
6.37705972548818
6.22325999944209
7.18401981326505
7.70088321933116
6.37549316945777
5.71248617511114
8.42561640254018
8.4070983739465
7.89069167888917
6.12182935513553
6.34578759835419
8.52751234096119
7.31186460914989
5.66276386360789
7.82540336786768
8.70738851781463
8.05615438187284
7.73656557841902
8.0177861504247
7.5723115776916
6.55458442864291
5.94244582767056
6.21942586619694
6.53938910658038
8.06649772373088
7.57377792779326
5.79798166147162
5.52591200181106
7.93332509621256
6.90050335731682
7.80188378141716
7.71412383707953
6.74473935455276
5.84333837818206
8.18072665632263
5.92288426522652
8.56063283034157
6.6587254438917
6.39365576739284
6.2256839599882
8.73941937363636
6.09653442082081
6.03811355896766
7.77763802701234
5.8593101968447
6.79539574525545
8.66707343098405
8.37922101307062
8.40439917431519
7.25473987185567
7.05156184998821
7.84474814709374
8.16874928497723
8.41322281052732
5.92588614989932
5.88697907295949
6.74099419984937
8.31653766360076
5.73359588123467
7.61006271191453
6.46214433763043
7.15129169174774
6.62313264243135
7.43733981844367
7.55694383049209
7.47087338790415
5.6777722568107
6.82682778776149
7.94840812809092
6.53430564964981
6.29253320395096
7.72368329003917
6.32739478799966
8.52399350960011
7.99642984646026
8.01073506685319
6.12579537186145
