0.17
0.126416382711666
0.100046465570415
0.0958284655179177
0.0980505397281535
0.104303984434079
0.106932796708131
0.105092702494132
0.151592042308369
0.149753969432608
0.10477630056126
0.0917043581353754
0.152497964576466
0.107844455723051
0.10671861231312
0.134861988148219
0.0806348389096481
0.240014034095198
0.0877431064534352
0.105704055462869
0.0811962759115875
0.124186601717605
0.199806783603205
0.0894471246819164
0.177991196422804
0.100844342280536
0.140665388189724
0.104039836714871
0.0705444104894618
0.115023717897624
0.0873679624907812
0.104130054424353
0.119226663937379
0.0783605997629556
0.132089658198284
0.16014246114129
0.13237893760801
0.107233053190485
0.0833148203122787
0.091625312569734
0.0953636283977305
0.0813874264428863
0.0784862428439429
0.0942080245783186
0.14535016771555
0.173396510611685
0.158907860400821
0.14670269249567
0.15088571050954
0.091198282627964
0.12611551571136
0.250159010148626
0.14094715983704
0.148971218892243
0.100226707788596
0.104730195633071
0.0863561727925808
0.0911449157454539
0.133542727009252
0.115819945645993
0.198801132867323
0.105420304504704
0.123939012655898
0.157635910551389
0.200073379629781
0.122469762858392
0.0956683008344961
0.127395198964339
0.13871067452586
0.131276004590821
0.194093608820346
0.113365191981602
0.123072969551615
0.0834837025368163
0.122176069987663
0.162909198810074
0.140101604940802
0.13051215602729
0.191272638667167
0.163621479836415
0.0997360042201662
0.110036982650888
0.0949821214198677
0.146926273655507
0.0825002402286545
0.162720568008451
0.0946319536526191
0.15449356704342
0.181956646297433
0.171358338291105
0.195433077369583
0.0861318698021856
0.0883909498066882
0.0622204612102397
0.0870946069584184
0.139142074692142
0.0883568872626605
0.0804189928781452
0.121139114528159
0.125403798024437
0.120003542027963
0.109331860466594
0.243920638811672
0.0839301268138626
0.121954811808478
0.101737262268627
0.101133777462925
0.124206226239728
0.0742107858861157
0.0581153282987179
0.0942460801185273
0.104289065841387
0.110949291120678
0.0730549362541886
0.0752677820131226
0.103968982855249
0.109383303397998
0.0971566639822958
0.14022344117135
0.0589183338606753
0.0915327963528531
0.113587717954981
0.115152867473638
0.0968923939494646
0.0643795051383375
0.0973096225537491
0.103054704668773
0.09318667116963
0.0866365835323381
0.0702979628656319
0.125647958824281
0.10778055228359
0.0797289251372634
0.0934838589810771
0.134346659337898
0.135990680093052
0.11526365527501
0.0920993028843212
0.0725081679514093
0.0745549900501679
0.101308143783449
0.183217218371176
0.0931871233865115
0.0965526588026866
0.07840564734066
0.0893119721311227
0.178616376543358
0.154579980990852
0.133859471275259
0.0935407817492614
0.087152637908393
0.0873405628959186
0.108175504291689
0.232989576035537
0.0910059008327868
0.141879786327174
0.105232303119105
0.10420135166797
0.150816620593529
0.135042753447124
0.114259997639465
0.0768557486378285
0.114811063218773
0.0570115528225066
0.0688273384012187
0.115570289469178
0.184610624938409
0.0748612641696125
0.12000882009879
0.0603434238176799
0.0624759981163186
0.121477486988494
0.134285383573497
0.144219481938278
0.109834178302239
0.0720769426153602
0.105764161270884
0.0963820755411012
0.118110071387109
0.130247644123554
0.0918673121632193
0.113950884166323
0.0746174609638018
0.0729570211314309
0.206786806863938
0.14257026496654
0.10333432038314
0.131212553926423
0.0873518084416785
0.0731237721631097
0.113557415191649
0.191867568671289
0.149893781841385
0.200730705957669
0.126153846922353
0.0782229280210158
0.132542788887081
0.0683370374572794
0.165758410047297
0.0930863003320095
0.199470564139368
0.151897683203155
0.0845940951747075
0.104211774085108
0.12782211824812
0.215358773937847
0.0992666275661829
0.0762787786756085
0.102554045186615
0.0896692235668052
0.213839510072466
0.0794204255113484
0.171103952904632
0.148010092217562
0.11705256845697
0.0767222680106354
0.0804065177867596
0.0718824938685702
0.147294980215829
0.0691723966755458
0.115319951113419
0.0996118257838092
0.0766774572394033
0.114496419382066
0.157645898694659
0.101937088332231
0.0988632976920347
0.0781104991230058
0.107283402405226
0.161562517211028
0.108535405013445
0.0807681274145158
0.0773492139604843
0.117518752377452
0.071685239313918
0.0641213836884947
0.0937956203487795
0.11821619780769
0.126992888894572
0.148530504532995
0.170565021054342
0.113797105177661
0.174952239811813
0.175041369226919
0.136173217391631
0.0784404067679498
0.142170913348162
0.0836168892746304
0.150341805156612
0.120259256391823
0.0982840606650111
0.0666297475290647
0.0759039697107949
0.119392144919321
0.0807602023288263
0.0857726421057351
0.144389173652709
0.112718082074576
0.0993097732597715
0.172688347518797
0.0712618811179464
0.105833701777599
0.0712146156540877
0.0877535906516964
0.209449166950013
0.129906788502025
0.124694309178815
0.0783431923636034
0.117093633816821
0.0896737646404145
0.0722456392011016
0.0896839909695533
0.123431165506845
0.079109299539926
0.0718302391830051
0.0595231496033893
0.139863510163165
0.0949309518735637
0.140378476108066
0.137930413090604
0.100384188477946
0.0801013138816275
0.136510852591661
0.115265946676275
0.119160635432087
0.092819269663807
0.106094385058166
0.179583225337293
0.113810492596728
0.138509715760323
0.0761911433099509
0.11727530174852
0.121825632986491
0.0636970008396106
0.134938360446803
0.0731871365299079
0.0780044239118973
0.111291999816766
0.0754394968183038
0.11434512280795
0.213799521805025
0.167465033025227
0.108036944193641
0.0644475779615797
0.0906192403322885
0.160613129561535
0.118931609897817
0.110751660291495
0.117984877607132
0.113037864342447
0.144635487703791
0.122908319266874
0.189229830363588
0.169788351633212
0.09741130652788
0.0929333662959811
0.0750861252708724
0.152374056138485
0.114546958939343
0.0878425106350092
0.144945950641913
0.0731323383792278
0.0933271154896857
0.0808719834087146
0.123978247896478
0.0607306143086812
0.0921352088120536
0.213271639958496
0.130383563914422
0.171965586872711
0.123731468517534
0.141707421615119
0.131527293163178
0.173575017248874
0.0875251829931853
0.169987094955173
0.114121890477538
0.130418696154581
0.077128612933726
0.0919787526587821
0.103132386981918
0.102839051581012
0.103450078062456
0.0738995182901711
0.0688534467359103
0.114060811211653
0.0971655816575201
0.102250336680154
0.0826754794747569
0.110206822618847
0.0750470890281692
0.101066404210418
0.105569803160009
0.104865700962342
0.147009521659332
0.104247621308295
0.115366631617677
0.110869446800173
0.0739882321648222
0.168094117775324
0.132315966440484
0.125098399118184
0.199157165939207
0.146241036397742
0.217361927494865
0.147849529335702
0.124188286596124
0.134105738944458
0.140709681056826
0.0983150714423996
0.120901577104596
0.0806903235350047
0.0894078192529575
0.10152832294053
0.176018361687307
0.108724737086582
0.172329476358939
0.223345588431713
0.0762313287277812
0.150513648675156
0.182868770610233
0.217875969510004
0.200342965970543
0.176463163034599
0.0799667972598486
0.132971593983363
0.139542452150384
0.120696861368043
0.104367008831106
0.198665380472089
0.0991537933927144
0.109992770188218
0.143944682189719
0.154789739865304
0.112299124022478
0.160430079643449
0.114781609398426
0.112882031295602
0.0886265682627919
0.115852834063949
0.136599314999075
0.0635298103802369
0.0948129256502112
0.146823690367822
0.118034379935473
0.0839697963349562
0.089269112360503
0.139688761569521
0.06189646419625
0.0724331440074532
0.0782488621665157
0.100394645173216
0.0729720284676275
0.168716939740817
0.18080532532631
0.11686319259382
0.1071672995965
0.0765634497619285
0.130540278795963
0.166695727774565
0.133345211536988
0.103464975375326
0.127993292911936
0.163282476025326
0.176156424362469
0.0928190652771627
0.13818287562887
0.148822654740556
0.0771075573166969
0.0909067465097635
0.104826167506884
0.0964015194994671
0.10176374022613
0.14162541749953
0.101627204027942
0.121958633410902
0.149647024575038
0.172264478217826
0.0749036713199619
0.0941155232321033
0.174314397379002
0.194984505199284
0.111638695549062
0.0802771102613575
0.113691361634164
0.109185979471643
0.126607697782776
0.0799007040267683
0.0903058057159206
0.0801451766579807
0.119790346983426
0.0932645044504627
0.0787619001740627
0.0768800286570192
0.153018974350711
0.213844836216517
0.105300143367645
0.130126429904778
0.161632644339785
0.0953027299882259
0.10192079760047
0.109073065884409
0.112085159755771
0.146179614788345
0.13918688292263
0.090054772423509
0.0823675645710457
0.128705576679882
0.0962311471748319
0.0737633759959732
0.109414704643955
0.0799959716085723
0.102925426037935
0.12628131993871
0.104865439753554
0.0986944056482844
0.0713410754662222
0.0893868319613799
0.0885590598179161
0.0828019733662962
0.151082012746309
0.156906788870466
0.0987662289104529
0.168169375500095
0.148487095492745
0.0870541330139255
0.180966642884148
0.161446555458869
0.0826203710703481
0.205178147122993
0.17530894231338
0.114829038892021
0.14622117306819
0.09638837726506
0.12409540185549
0.126718917751095
0.172221085200485
0.0613522291500226
0.061641215311766
0.12248876565717
0.111375867718873
0.115249431866452
0.105388573085418
0.217747148622352
0.125002080175843
0.160807567994427
0.142003770071277
0.104009716968187
0.158463498417763
0.150878338602326
0.0900491050947168
0.161118110774062
0.0810700469590743
0.0813535467639633
0.145344481501241
0.138546231538263
0.10535156114003
0.0995026566208921
0.156547368500854
0.161348730498566
0.117671345366869
0.125128683603948
0.0823166867623946
0.0964529831745999
0.131211965819308
0.096398282934171
0.104120518678093
0.143143735086468
0.161636185569043
0.169223419118227
0.132454363082784
0.112808371004831
0.113215000068859
0.0868650642929108
0.136401995883436
0.0785210099655089
0.093043016977551
0.185028148154373
0.112142007764115
0.109810141260199
0.10780147897531
0.0743583416700853
0.0727986176031536
0.0682295217596874
0.160521365819409
0.0964363497214112
0.0935688942421187
0.17620719158578
0.0802079514126543
0.214956836678637
0.107976528589757
0.242816420127995
0.283432444316617
0.113036783031851
0.0711316704352015
0.100192497535752
0.134237828712896
0.106616759103616
0.111177522988215
0.103580535796403
0.0906245534724065
0.100847220141595
0.0862106294949403
0.074543731339824
0.0878231279858631
0.136860298619145
0.13221060511489
0.130579491239031
0.143740320429553
0.10027814692922
0.0814855304028241
0.108298243644934
0.129927783346292
0.102149989277086
0.0682151380465263
0.0733137723196531
0.150134365873679
0.198763773157074
0.0696024168327696
0.104397462535957
0.0947695179854151
0.0637878821846244
0.0804221522145268
0.109918246973468
0.0751781283568216
0.28268293113188
0.149333443291674
0.0922319293250509
0.0872605530216198
0.117635439275231
0.0927010514249189
0.107092408075026
0.163902879326029
0.122298523968681
0.160884582860626
0.0915976735536186
0.106299442462958
0.186106094982922
0.141545822396084
0.131091591250684
0.088111536230937
0.101937181217273
0.164374463708411
0.113525570768828
0.108326501769347
0.0927720217764167
0.0786517706589864
0.130001127100237
0.115007091498437
0.112481633870745
0.095153050276915
0.0703871769160783
0.136039597717734
0.0974605020019446
0.16426420924371
0.131841765063618
0.142003081966206
0.107877942275847
0.214917383764632
0.092644853300002
0.109177462934843
0.0807125418074335
0.113400092679583
0.133819664261968
0.0754190317869319
0.0619938973700165
0.103756518880408
0.0762871902813704
0.139334007774359
0.149096758316735
0.0689532697911116
0.198956681289574
0.150954882896208
0.158152919590668
0.150132843996629
0.0862562544090045
0.0907480214677402
0.0926947371362995
0.115699853079392
0.154898865495749
0.141986058328689
0.0740544697894754
0.0653576583360467
0.102794158517094
0.0592832309757896
0.0611775772196214
0.115543119158829
0.109201682946242
0.0831602429361215
0.0727849354871565
0.103966721767527
0.12600856422192
0.0799970582241317
0.15657163877841
0.0859263968826823
0.153086535485318
0.087495349173751
0.106838703688824
0.107583001570702
0.0829084596176194
0.102839898795112
0.12527449482968
0.142142209359123
0.128129120622691
0.14989493463423
0.0870205349936757
0.0727758390970467
0.17511567270371
0.106302140577974
0.0879363229172038
0.116865876567246
0.10163771011644
0.150955512173339
0.172299559390866
0.111136308053628
0.129305191266949
0.114046370252768
0.117892854169454
0.0784300457812354
0.0951989786162666
0.147387346248543
0.152417782461118
0.0832215131675016
0.161966603048396
0.13098492239114
0.103952064845603
0.111458406933764
0.135168600920999
0.12758296003293
0.139263990049401
0.105684965785192
0.118247021289903
0.126869974172294
0.18980767473964
0.0754797874990295
0.112772127437438
0.11443695673055
0.091770854990049
0.0907291845315745
0.0838211613151281
0.0856851462912635
0.123694430364272
0.171671015757862
0.111845036099184
0.126241689362634
0.13899342073329
0.100485760868667
0.165554703061472
0.100923643158066
0.0806496001944382
0.135485387578006
0.191647802697098
0.106575515011216
0.0952668535846026
0.09745869008349
0.100308053724837
0.13212294732369
0.0693923660181626
0.178537716839263
0.130662607512091
0.195795083808867
0.0922556622346799
0.151713081617288
0.116485670075582
0.129294322602675
0.109990497613654
0.094612054217245
0.113398924929559
0.147198448544442
0.164266578381228
0.0871353868376923
0.0941694044543316
0.0912124391278332
0.0815030597831048
0.170390320788744
0.119315762185838
0.0912516123257477
0.0856017283740426
0.130962377722078
0.0999831192673585
0.101140197385332
0.0977802438865082
0.0713956838716454
0.112710933422572
0.0706373167899424
0.0799296821326474
0.145380192364021
0.121232030811983
0.10793573251594
0.0924862111731737
0.110263499011856
0.166155180942498
0.065965290636344
0.121498066865791
0.12120138696901
0.0869170577144259
0.144913918208526
0.144466707059431
0.0804387178704595
0.146430909027809
0.1413952002645
0.1375300489996
0.14806115142613
0.111083245595376
0.114072354877403
0.203061640647383
0.105750715619391
0.141030794228451
0.106168499036621
0.076603391752259
0.114811774197412
0.0774748036617766
0.0839202719086962
0.066808694198474
0.195731710973805
0.0657710803151912
0.11066232627316
0.102535693914444
0.134997000519735
0.113909521098002
0.107342320851564
0.120776205762584
0.0816507250511352
0.127379704041153
0.11848391570654
0.0958601677695312
0.156158399502413
0.153814200424971
0.11890438280291
0.101644130822977
0.129512933512486
0.109819687310278
0.0930076818684283
0.139318877279762
0.0960099768025525
0.12838170570352
0.102028166558699
0.0878745394274513
0.107579011124376
0.139375191850123
0.140418614629113
0.0700681964057956
0.0663774166582355
0.0928415522952405
0.113618751390505
0.116897749455497
0.148144806608416
0.0873109988602833
0.0718379935340468
0.100593643106723
0.0966272522997775
0.247420955631217
0.0881634002726457
0.0887854881234739
0.0953608782896466
0.12538949943554
0.0607034303969826
0.070738064711988
0.113794822831102
0.0764153727749447
0.137649586695705
0.106861252362451
0.142086426281964
0.143608311597202
0.0896949499756395
0.144162783613573
0.137004054169987
0.167671306972141
0.136163384682412
0.144651688889446
0.0989129104753574
0.0872851805420501
0.148745609019716
0.118285656233384
0.0928561010550085
0.187076187094721
0.12378403853385
0.111133264832347
0.101466044757782
0.106309611798384
0.184367905875715
0.141990068278882
0.0714846910469373
0.115184077633773
0.0753327357780795
0.149361336378646
0.158997842514181
0.13984655019857
0.0754329398445744
0.0870926134311752
0.0918575428056441
0.0564778382568042
0.0910759768439622
0.0978666866919467
0.143295179913532
0.103975056657064
0.119932225961468
0.100332792020517
0.081128555685761
0.120853450526874
0.109130721935069
0.116119230262226
0.0629209563500907
0.150523359487896
0.0941464253173249
0.0822140280098781
0.120688698695781
0.0720419184447857
0.0990671936145362
0.129442476761922
0.0846266588150891
0.139589220053047
0.109828358269086
0.0985171411281538
0.169842761946278
0.102858395168758
0.102457989166642
0.177398480191293
0.0706912421039056
0.16177185560931
0.171457236073177
0.127118525412437
0.111393867844216
0.105592396065903
0.076454413128208
0.0869319166114694
0.0745701759970303
0.0875197822036365
0.204499665961393
0.217778567844878
0.152251034297708
0.310872561004276
0.185388500433866
0.112932129907444
0.159231295204078
0.0723714711017035
0.140054799770889
0.111086501430177
0.1529241964496
0.108303857571739
0.154335994250657
0.114726811474285
0.0673327230876011
0.0692899771197434
0.118395015863214
0.0898218585118309
0.175058248436555
0.124068247468039
0.161370048196518
0.09440893165407
0.0862615824589856
0.126564110018795
0.183205848117656
0.108472434018931
0.100956242936455
0.11269049394036
0.0980081514367986
0.169121612151744
0.151041048320249
0.127752660803637
0.149078858422927
0.216397878350928
0.0862446620371338
0.0830866047948759
0.13218897133942
0.103653182829412
0.117658279146807
0.0662273143955906
0.079580580196489
0.0849188797771363
0.104197112330196
0.199884386159284
0.127636541153102
0.111810341288505
0.102463404741306
0.117908126299376
0.153644459891817
0.113957479568916
0.153473735874748
0.156665307531098
0.0898862559064023
0.120101564984235
0.12733439314333
0.18066107513796
0.212975440197232
0.132199375679898
0.149044993744264
0.0917204147138239
0.11331793308844
0.0973770922642372
0.128780121947268
0.0659514928615385
0.170452905416283
0.275401315712436
0.1026198754901
0.190896767841529
0.138277176307241
0.128118362378542
0.112259043666269
0.196539521285842
0.105848421786137
0.15778859351989
0.229553980043925
0.1867974976866
0.111718990703459
0.12718573744692
0.0963508213305856
0.218492642717269
0.119614629795066
0.0874037185201652
0.0727713498881494
0.104795740028017
0.156948166771433
0.122627316575677
0.0977396948303441
0.0701166649248576
0.0728619758799236
0.168316191265905
0.195016428854499
0.0927393294774593
0.0692019545743759
0.129312996850116
0.0822590127709669
0.17191940823161
0.101271026650299
0.13825842339515
0.199681660733857
0.11977986700025
0.130090684728262
0.115571906176729
0.135432395278675
0.0931797729859728
0.157558067776876
0.198259059687034
0.112164317017194
0.160915015263299
0.0952718551559304
0.128212956007873
0.0706499026571466
0.103725443102284
0.10674691668755
0.164480318296627
0.131896185290195
0.123332256056152
0.0893740637623414
0.105063009546813
0.145367047981101
0.0784294572507519
0.145847608568828
0.128463649234277
0.0928141872311779
0.108204788447354
0.115811705368633
0.107181044529979
0.0633427412377797
0.141213833445717
0.0692609069616687
0.0918692364277441
0.0855138707570938
0.143610952769391
0.103014785650331
0.0774011138941162
0.101216385830514
0.10536579879263
0.191520570639702
0.0965877333692114
0.182091150476884
0.151593894180952
0.11447809671167
0.138050110094112
0.0878411951328096
0.137439461918616
0.0847539019043906
0.122028979044506
0.135798736525015
0.0910386599483962
0.115943143408758
0.0822045471985024
0.0754398050851632
0.101693893531044
0.0981404898083888
0.192005315909064
0.0964041909618364
0.126746565396071
0.155374816299994
0.127185903215095
0.107592090467694
0.151121444397474
0.191290945008543
0.115578327791842
0.149849889128675
0.186693702576735
0.198246203522805
0.132468648141881
0.217012251736845
0.0890970136288082
0.179232794498516
0.0916099245451021
0.115491668284189
0.0847620300888697
0.113561812870517
0.134081129578394
0.147681750833555
0.0998990718670358
0.113859933899186
0.153128730983285
0.176727292648826
0.137242276627808
0.0750062149332792
0.104911358800796
0.0633807271074939
0.111566133551392
0.119918211626624
0.145690792351223
0.0847044188225058
0.105751588322804
0.127010800905451
0.0722668018880179
0.105129004407133
0.0692004380465261
0.0798211937958187
0.117122205679995
0.0846154740524027
0.11237566540641
0.077243563193202
0.137006935973373
0.102179349059796
0.0564320933407192
0.0961885269387615
0.138504500619132
0.0831406623590963
0.116101345175068
0.127099000131985
0.205555244060224
0.0875366094461932
0.13447201988772
0.155019620360007
0.126109823846827
0.0930891113396124
0.136352906879158
0.138819182943659
0.185284215391395
0.24525059958156
0.209275964672624
0.0967339398812541
0.101871369235174
0.102150797064312
0.0770199851258865
0.156722517560523
0.115442184995453
0.196838652009348
0.136540140176936
0.0999605451467492
0.0746166579043147
0.0793623861589772
0.13749024033973
0.0740621455664107
0.132111091516574
0.115827335286216
0.0848803219770287
0.120666112218572
0.148200743071462
0.126746761941789
0.124987992836635
0.0990562137384564
0.113204757141426
0.133838802937661
0.0943274006616512
0.174000167153143
0.287528839462373
0.146942851201252
0.0964406537903579
0.100770194178914
0.168174385845357
0.12630607248954
0.134477180679183
0.129230074196818
0.132207113585775
0.214741807805618
0.199826439606092
0.123531880722807
0.130766660279894
0.0970604145729728
0.13095478435669
0.0786401479800986
0.141997342025871
0.160607110710896
0.173159318227968
0.0911327950514793
0.067264970035165
0.110569765188307
0.0901584610249901
0.0818680388781646
0.0941780816523258
0.171346674035832
0.132644555977064
0.114581034535298
0.186073909130068
0.110609215354165
0.0769809011778424
0.114888503709861
0.0916158732797609
0.114241038708738
0.225443867973684
0.0636949386645273
0.0777806523183461
0.129699643715222
0.0897636894882964
0.125894237336912
0.221314294936501
0.112171918333157
0.191223224775689
0.12127768226734
0.135914728247198
0.085132794633758
0.110425847867867
0.0772469231388676
0.148934309384425
0.225746236351721
0.150750904441773
0.0921221403618668
0.111097981026293
0.102495869468169
0.1760630662961
0.0805163460258747
0.0792554982471085
0.0651477756940617
0.0662013755768499
0.143310906072771
0.188189293302175
0.131481743892765
0.10274078023746
0.0786794897737852
0.0738977470680194
0.139112040734587
0.147638170574275
0.0898617289724018
0.113969011700441
0.0773421065549033
0.142363034535423
0.0948410281658308
0.23375929130497
0.198757883031439
0.074366861275301
0.0766019788448967
0.108485446628637
0.110392634578028
0.110944499438999
0.0795350604409076
0.0906800820129207
0.105135593219149
0.143385567971347
0.0999966849284452
0.150736867406171
0.142616735514504
0.082256397623375
0.0943801124898114
0.0985183017437579
0.125658520344964
0.084516928890812
0.248515942082834
0.122889310041548
0.110946216517662
0.0925448190794253
0.170603282766687
0.17853544883377
0.120708856102868
0.167402878610704
0.0880240109531923
0.105490849683571
0.13597238976417
0.101111419800458
0.0980957244208502
0.114824129094546
0.0798477894682298
0.145123431885554
0.0955061748303636
0.158862239923265
0.137325978568524
0.117903328711448
0.141602889239838
0.143258029128756
0.116412156678804
0.121301177844456
0.207250661906018
0.0968242420220265
0.101759352754603
0.170673228053
0.0725856430859516
0.158611883825233
0.178040299554855
0.146507650174773
0.0804121624438397
0.0932417830167315
0.0880064701206206
0.0861992566153897
0.136743015153372
0.0727728468976247
0.10952209668796
0.155692480411384
0.0902955944906512
0.138450794757211
0.144771144532645
0.0808527665221402
0.0930261837688663
0.0994942473302326
0.134942151010065
0.0838358492488138
0.149332990825544
0.125568159512133
0.0812597578061288
0.0822035565548303
0.0734172759414147
0.125296875363355
0.0828579731538532
0.0708476700953586
0.127662528764574
0.157897674135959
0.125547648202992
0.133089149518929
0.0751716711499077
0.0764034253445055
0.104224695300263
0.102518624498697
0.0709060467843139
0.0832351300567446
0.0842449174376781
0.102084698233726
0.0989216788048093
0.0823398148817969
0.133163880546971
0.0712140942641366
0.0611401028146632
0.0674472916007178
0.0771004615297842
0.0980718722659357
0.101184730389347
0.0955134108841569
0.111827554770942
0.151023863436914
0.121295544510666
0.166171361470867
0.102235262116325
0.12249742541212
0.0769865414328735
0.133317881181292
0.0990873177014955
0.127580944536585
0.139826238404265
0.121287064670097
0.0814381254995127
0.239598682689398
0.164236083434452
0.331104143141667
0.277537597361613
0.0673547644602096
0.108783230726856
0.0673948305843285
0.133461046132405
0.103430396764202
0.1148455652007
0.148972091704981
0.198373993901343
0.149873685415834
0.173805542620943
0.147570096199647
0.163513217516583
0.177280299949384
0.147149537043682
0.122411111125029
0.115706522153535
0.0780111684695474
0.0840446444319406
0.15863441478049
0.102334388012228
0.0907822604183899
0.145816917079814
0.0944118164667637
0.166550179261936
0.0824815107202539
0.174939308839701
0.0734943418879558
0.0942504157921113
0.113825074878011
0.151124664722781
0.0882969848889072
0.0866938106492594
0.100595343074634
0.0966605663528119
0.113258332440259
0.0765362738975541
0.0634063340360094
0.139199168849749
0.0795537964298084
0.0874257601092313
0.149133772518247
0.113058307010254
0.137215386247834
0.118807838392443
0.143555539811854
0.0863306072406413
0.108374990559149
0.125960144102222
0.0818043354651523
0.0700707185842863
0.0816094953103811
0.0927478875271192
0.117445047682857
0.197975415912821
0.104931830676621
0.0602765765652176
0.129310759322752
0.135713277054871
0.136615851056638
0.11556868472564
0.10063211044148
0.174809995001549
0.158483189340565
0.114633236001043
0.124408999120373
0.20544963700896
0.183647028177146
0.0688752393638456
0.0932078410436081
0.0753552178544438
0.0689429836303552
0.107034556522505
0.0949755769732184
0.182018743691655
0.162678647543293
0.15421922167729
0.188324627408048
0.0770787696345185
0.0753651447649457
0.175161047263355
0.0682846553225638
0.101747676310303
0.150982116332808
0.15471165482163
0.155272824731081
0.0693340196997544
0.0941474732724443
0.147601798523302
0.175323971903333
0.132347281186613
0.104951836725195
0.124534881262299
0.0963807770302756
0.120568325510984
0.126105009459937
0.0721820169149948
0.0979593551665344
0.123232017600621
0.0914452919275455
0.186764180900579
0.101802602705746
0.0879407780825135
0.0653888172946249
0.0809974355601878
0.0689705814069008
0.0806867718057854
0.0979114281453009
0.146983672183881
0.137625786608856
0.0812573748943697
0.09421938492018
0.114735553005195
0.0930834473709629
0.110148206691455
0.204794839354922
0.139367896875648
0.0807007969574565
0.0705513785532899
0.213741628912292
0.0795522012784181
0.103443541455059
0.0814568635667487
0.111394292566371
0.132878977684774
0.10118979908141
0.09107593308696
0.095946192593824
0.0903430774249687
0.0943735132992387
0.0848316319819616
0.127745815289481
0.101378149952968
0.164606754171436
0.125762704351049
0.130869375990734
0.148217599482195
0.122649784453154
0.15341127249716
0.110157238508314
0.0980091056626902
0.0637902121953542
0.132686590630404
0.0698851836180854
0.118128744920363
0.0995155959679481
0.124230254146616
0.13084473613722
0.152995482784176
0.164243479424001
0.112594464448999
0.196076238895807
0.121739059435107
0.112081889964275
0.142745523606292
0.116907761833463
0.112851459573475
0.0952423248982923
0.0874775580599721
0.0891879697117373
0.168548850591805
0.0906203155072038
0.108788308360118
0.09187787355827
0.161180642521757
0.120905932287142
0.113600407821748
0.117636069464176
0.123868466654105
0.0733621130891716
0.101986027024774
0.0659309099999018
0.130046154225044
0.0934231534473356
0.0782245703973749
0.114388984424017
0.0830023305973809
0.0871003942776562
0.056225331475533
0.136653509778021
0.216673874221313
0.102112214224258
0.0743817608617201
0.0979824420585553
0.0806726585005143
0.134835100645616
0.11366225305467
0.0778056229108186
0.130954866209043
0.0708289424223101
0.0980394313858995
0.147204203577386
0.109833557721806
0.129478540775692
0.0842635955473578
0.147912484522527
0.0785649944252288
0.102080026654208
0.118259873942415
0.152877100476774
0.0913596349064359
0.131893339264912
0.138498249183716
0.139856218389406
0.152861585738164
0.163804652652323
0.0920280795141176
0.0851128102764071
0.0729837524031167
0.111838487970525
0.183661508607589
0.155297657586403
0.125092621044836
0.121409065503332
0.181143917107272
0.156598566122873
0.107910939456556
0.129068609602593
0.0995044130568544
0.0730411559290114
0.162999872708079
0.136460357143165
0.111338544752165
0.141737639056297
0.129573715416664
0.0786074197891642
0.0666625415267267
0.123205376996659
0.101395874290854
0.174528936595451
0.19669665437413
0.22464651251677
0.0859016836494202
0.117054773985472
0.122589188900111
0.10453109949497
0.14115937192408
0.128576812803593
0.143294087692375
0.141831564242599
0.0731932500706094
0.0741125100935211
0.12639148441426
0.0780435835634602
0.219548120014481
0.125210365762665
0.141401164577885
0.115779028422842
0.0752053675628885
0.116117847752296
0.107202722806131
0.124870278581319
0.136878814268895
0.083934987833507
0.133404925783045
0.072645573221633
0.0915616487307407
0.144784287880034
0.109736530985832
0.0985038865355398
0.0814038218616778
0.0852794391160575
0.150644661046277
0.0862825279179848
0.0958451217918924
0.125968791455167
0.117920506218222
0.106454036980876
0.125723016334946
0.0581459878959858
0.0948932129672469
0.0745570090163681
0.0721401029185808
0.0810774463615831
0.0831971735141712
0.133782919578946
0.215691758024686
0.0995976970792166
0.112038469532219
0.138168014246871
0.165588431209233
0.14658777111248
0.0818466596805835
0.0620651708971222
0.122746548765707
0.114054526125523
0.0865141163715736
0.108986498781564
0.189515517615857
0.0821082483352771
0.0854388921813947
0.112101668564371
0.128247835145943
0.137920573947998
0.0714758480229672
0.109137300632906
0.147870411709262
0.0736831028396473
0.191697794087208
0.104215755882593
0.149514078532601
0.109049489862781
0.103253882118217
0.151771317816223
0.10207171177617
0.0808708849200464
0.145709023281023
0.0873214068550283
0.109950072862689
0.133798554944257
0.100583632514548
0.0945653308787911
0.0658223047947884
0.085255218491686
0.1279126429921
0.182935416597399
0.158233489971109
0.127771968040584
0.0899106433548833
0.138365058590241
0.0612652901374844
0.146726901961516
0.160519139252098
0.125718011820645
0.0745784889184701
0.104317504568476
0.116294022351043
0.0927888307816874
0.0843711339105706
0.0822125075048965
0.233562952083435
0.112457742939535
0.0724754648042957
0.11775545293224
0.175361080394126
0.0847491886032957
0.101514190889721
0.133794365782064
0.129045833976181
0.121961909065354
0.132444684909266
0.0708750991507434
0.171330039003587
0.153636804971981
0.184324598899015
0.253253948889339
0.1271879950658
0.119669855343513
0.0857915095325464
0.0622341663785147
0.0739548913271487
0.102277281253583
0.10810931028146
0.0991946749092076
0.0886284893680187
0.138408811092855
0.106456799455197
0.124088310994592
0.103001302310762
0.128910249952338
0.170674249344073
0.0926289364329804
0.115657817986332
0.105789218540539
0.0573703801265373
0.101109336350617
0.0981730412864568
0.143303405268961
0.136460235521254
0.0907502087047128
0.132539430686662
0.157859240879824
0.131810784275226
0.152906831516264
0.126776388246501
0.140420386608484
0.0780923524461257
0.147187706220071
0.106256365091454
0.0699203349459001
0.0863309887954233
0.0936091744479729
0.0904948695495129
0.170659393147592
0.125286764486554
0.148279161258533
0.08207367828212
0.109457250348247
0.0718407897985728
0.119385897143481
0.104220514314701
0.0902853537200595
0.0814612232854149
0.134379834142732
0.109272173921035
0.123959934942206
0.0845303989735497
0.0789528204190933
0.0722579149206787
0.0692096084353207
0.0874704086133334
0.129167840821073
0.136191468238583
0.182163794247805
0.0826332419661702
0.128307291196329
0.188573383943093
0.217685757214277
0.135993635677209
0.113398790260639
0.0764989904278251
0.22017059930277
0.0969685696920235
0.0839942083661483
0.114331443309575
0.117352098386187
0.134387680517839
0.0929041130963091
0.0988234555627422
0.143457767917231
0.104996941214083
0.164869471359594
0.0989400783904481
0.140762130687813
0.0998857340697468
0.151664607117507
0.0976799449024247
0.247787780435361
0.0959957947609395
0.0901253767530018
0.124175281168538
0.0789595690419037
0.0913567094534773
0.17321407611519
0.0601847463487187
0.181131085484355
0.10483885306127
0.124462037267326
0.0767923478607678
0.0751786494024789
0.0737509929272562
0.0862729564373514
0.0775478303436826
0.129564852213002
0.0799273366738403
0.102987363100235
0.164239264900667
0.118750335463819
0.0731167952063433
0.107753989017287
0.136352698762026
0.131642539138676
0.120562430991795
0.139942331799655
0.139359363579375
0.0969935006311539
0.0855824843388841
0.0747392853548487
0.171062394273565
0.0738787411360433
0.0640383681611891
0.0820882806447032
0.0660890983843117
0.0598787843408883
0.101229486445719
0.152683527754626
0.141226813306242
0.0966378310009427
0.14068396941913
0.103467024444283
0.146289170894368
0.134488733235092
0.105754014610055
0.100776630874218
0.107222267238508
0.100772490630818
0.125287633906281
0.133849558945042
0.0978992612641409
0.105933015616365
0.112479628529358
0.0800995603588682
0.108719613188726
0.190169240458692
0.094868996574208
0.0978303612829027
0.119772977323183
0.0743042885107234
0.100803837295051
0.0965266547846847
0.136316270148282
0.0993294155577477
0.0941841283052027
0.123447840535568
0.0809891965050647
0.131450675150922
0.110625554731666
0.098687096797104
0.112184333366203
0.111897648125422
0.122274794400585
0.233812050113016
0.0887777079513459
0.111720908080059
0.154092675665605
0.111337965429659
0.0863340745785523
0.179166338021429
0.115284332898209
0.155787559310542
0.140021994753665
0.101589893455955
0.100642804089643
0.186329345509048
0.108248957645486
0.114667161251171
0.0901924553854351
0.066569864843423
0.0820174535498935
0.121272715263718
0.0924732139024257
0.098489638162598
0.119905907071504
0.100485702830003
0.140790441685146
0.0822237266063745
0.108459256347202
0.106849107086868
0.120734399641016
0.135511165550036
0.0847652875242909
0.084075892041371
0.0982059608161122
0.10567120892646
0.192399981070484
0.123554700736684
0.137135726413698
0.109952403767162
0.127975273242553
0.161996561080857
0.0631695559696948
0.107487988597078
0.059802718915355
0.0952398012601037
0.152938932032874
0.10193368522596
0.118903525515271
0.137585393644948
0.0783070379685597
0.137055779942027
0.116512757329009
0.128207124784685
0.184375761172621
0.137389180266235
0.114518409036594
0.0959771650355171
0.0931664245144375
0.0849369504937131
0.105239550889389
0.0819558721812828
0.0800504435445993
0.181414481652623
0.101825332204126
0.139710226104322
0.112353449329247
0.0973520497287501
0.125068725860882
0.102732292697225
0.125209667791082
0.130941335240175
0.167843357768779
0.155555457894144
0.174990559776378
0.0833386042806053
0.117422204986049
0.102374639691868
0.126263657064242
0.124973006659015
0.186700660343636
0.13169366179177
0.112469505795322
0.0713600319315239
0.0944405065414247
0.109546035466659
0.154758108372002
0.120606082826783
0.0780325146089537
0.108086590248323
0.182612104557247
0.128062620026188
0.0846030460158277
0.085912663422856
0.119642302311477
0.1294851478443
0.120487708559397
0.0992845451708673
0.0998061688862205
0.079458092941344
0.0780606428105286
0.100063822416691
0.101311939368796
0.0966281143477702
0.114716716037724
0.100219645569578
0.183141819893323
0.121379589740245
0.133698695454534
0.182237323510981
0.178994041856633
0.168406657331114
0.118378838731361
0.0732353298364764
0.0999483081066703
0.080871398110364
0.0693564112356256
0.103861815304361
0.0865171005907319
0.0876549852862152
0.0650954589711489
0.119831478119441
0.209342054318977
0.0833523940360908
0.0783845617288303
0.145484525156864
0.120624770860137
0.117336425667057
0.0862173083720923
0.0829975563814869
0.121715168989694
0.133262318507401
0.12460740193967
0.116046239521021
0.119095950143555
0.173781069214436
0.139601959096495
0.0702732488141791
0.0733572367176761
0.158337401619724
0.0958414443257138
0.137003396750204
0.115742011881876
0.0915532055147063
0.0755499407516263
0.17406802255522
0.203923730271728
0.121273214119824
0.0651887290838353
0.1486627876584
0.173834318501451
0.093299458267611
0.097761109280678
0.0770850993988704
0.0650087457149134
0.145845264981908
0.0900499640614684
0.0655205907656448
0.145776632063153
0.200353312685916
0.106546722040935
0.0580279691785575
0.0744541445590619
0.11422978797119
0.0721294802340502
0.0892834867722622
0.122124518401825
0.148579393102815
0.140559516150561
0.151144979249211
0.122767090588797
0.140195271850584
0.10156278966756
0.143148564911775
0.137028997276574
0.0945844031128606
0.0867562372305518
0.120663448469336
0.0678923455909643
0.125626531560613
0.132289069168792
0.0734363773384288
0.115281604366837
0.0885425756685106
0.0841794441257048
0.0723484413310371
0.123456233462841
0.181978525773703
0.113240498426155
0.0736382634658201
0.14489882915528
0.0940354985243739
0.076781890804858
0.0899368332089448
0.128951186971622
0.102919640557139
0.146316372371698
0.0927418477054819
0.0657702259162751
0.183889883045386
0.102226221317038
0.153114359349314
0.11555401260125
0.137381608491778
0.191406461800886
0.0854664058379502
0.07956282447118
0.100764773987107
0.171929215452581
0.114133620676847
0.117595767099684
0.081430887011801
0.100761068783415
0.168016732561316
0.0735402452230414
0.147073667447597
0.0860323742637735
0.14720851967612
0.0852574334113335
0.192098437954441
0.108832766188551
0.189307332278995
0.0697676301048425
0.199666738046013
0.10471690956042
0.0833046124659168
0.105578853602366
0.120671189865866
0.0991065552672238
0.068863670971752
0.115268222004797
0.0947429719971208
0.0862732269296522
0.165154446200871
0.148112561653295
0.0664492051491873
0.103219602069898
0.0847071598162016
0.146841289217861
0.0740668847691344
0.207773661348856
0.143743501001611
0.219616093078486
0.100874919525046
0.160826754594051
0.128482374944379
0.0858963905765234
0.0957956927806949
0.122920364972094
0.0868153433800363
0.128682503289752
0.155385567451151
0.105335984446934
0.12763011998388
0.0941542286456254
