0.17
0.151127532374443
0.198268904681278
0.216786721356439
0.181052953380128
0.27466694163843
0.182292504827592
0.190195021660755
0.207473708117452
0.214285432460166
0.204901156952103
0.199971333084738
0.115012322162118
0.173567101981704
0.152736384141087
0.243283840900124
0.294549517682152
0.303957391540483
0.21038292080842
0.14518479566526
0.211682638532037
0.157997310927432
0.220438181545639
0.182102346540964
0.250379216073291
0.202617585427759
0.139189997924011
0.152202719479275
0.294146638313388
0.331485054040968
0.225399452116284
0.227317795058794
0.239578515598443
0.236066849565454
0.16608493533958
0.209034610669886
0.249019959157455
0.187617608649799
0.097665826209057
0.194887052031122
0.245069123356895
0.213471463123172
0.122197132995333
0.208800421052125
0.226606736997603
0.205815437759188
0.263537225235528
0.219702524994746
0.162768401337916
0.243402570306331
0.239755028074293
0.186155064055459
0.240871321428158
0.247462851094244
0.25431144656265
0.284133179587489
0.244290356213914
0.276101789005969
0.199769898088111
0.134069241268515
0.152461276021956
0.259997460235981
0.224469400345784
0.255763964097608
0.180620747697666
0.199470132176381
0.26364771850313
0.121800255753249
0.20686099036782
0.212678088977072
0.168764738974977
0.177534788401116
0.244939319938532
0.254297914183309
0.189807934412201
0.251212060932485
0.221512068350434
0.235679219452692
0.205316551558298
0.206016676883912
0.290385993065841
0.183302166601262
0.200859651335637
0.169307282270104
0.217458809237633
0.158384642511628
0.218008661980914
0.282546188814963
0.203437120329745
0.262745486054554
0.17310203284174
0.274795011004449
0.128360388315386
0.128404149123603
0.132813051353966
0.155802031543431
0.255921903190569
0.163593443485536
0.265109983447243
0.196174409429879
0.162645056895938
0.22466898544814
0.187366046708369
0.22196159972773
0.197333331662483
0.198458782379014
0.25380377464466
0.127912302167541
0.203042390402884
0.310251466921169
0.0808682817721037
0.161523241906833
0.110369893784157
0.234769627626671
0.203564409147997
0.132680622728218
0.229379470457579
0.102499663876286
0.16895795738981
0.282436555729001
0.265648168693614
0.275320684458498
0.250314081797814
0.162847996844246
0.3653620077839
0.228564865951638
0.216575383362479
0.251132417496448
0.277253265156613
0.255733105564596
0.23663922653115
0.240149106191729
0.255313678214968
0.154130107168
0.235717289108586
0.168135868426748
0.207693780446382
0.254000468967728
0.259651583779801
0.327746224259169
0.322186379892265
0.269146341822899
0.253512517035032
0.221887316169514
0.298998576397193
0.197622311701849
0.168004448940131
0.198499731040142
0.160295396106955
0.238756011645484
0.241986321698223
0.213193675627837
0.201597636193339
0.219583768826937
0.262051714076858
0.250981659989697
0.193987785055742
0.249718346322631
0.172620903825546
0.162403127754717
0.236534667388157
0.285019030815821
0.277342554611957
0.278185755349543
0.264308936688411
0.18654174626839
0.132360779403328
0.235303269082036
0.228770105645378
0.190501785372923
0.240483728676958
0.135830687630586
0.15764979579887
0.282964619415775
0.248103003319334
0.329210972288299
0.232173815126611
0.193716229652194
0.174283351242094
0.251854320992562
0.184885119822554
0.280064794461252
0.23660812979122
0.202793332773576
0.253693002226842
0.184929058007721
0.207552549695156
0.171131977657661
0.153519916638702
0.141413259751038
0.219157567369925
0.187778760885279
0.246881374943602
0.155477212977388
0.151372277534353
0.256233977023642
0.237148453228563
0.112358795102025
0.114466711958481
0.204839498176176
0.21368803078909
0.158609021164104
0.23037571205861
0.169763489729089
0.243584306362266
0.290949060573959
0.300653945800809
0.1602223985258
0.211464599702595
0.227759527450995
0.291638428806855
0.273683371378108
0.194943070522726
0.190340797542859
0.203026067029291
0.243255210777828
0.186926690592476
0.216264601186337
0.169095820978505
0.167839174290235
0.221949300843792
0.187089341662512
0.215101987197572
0.106432446453184
0.190660295032066
0.216206155508586
0.142035916128697
0.0989993755160589
0.237186140753057
0.234946279055566
0.303348835171431
0.193282393504806
0.222233814753545
0.226950339844978
0.0769001791746602
0.160801185391414
0.194664517725601
0.153181049648805
0.217311676861485
0.183827980222353
0.228334955314991
0.193499616635393
0.153263907390528
0.217085005956344
0.207307754080693
0.156785705452577
0.122458286239548
0.122016328641592
0.173781639093413
0.127788968093917
0.158062229083396
0.167468542018714
0.259400544638104
0.221689290450601
0.293531421371862
0.368680651853677
0.240334375141357
0.309311722875466
0.210690630407386
0.245487698266572
0.239336694170358
0.219540043856519
0.253355402488094
0.201996727436925
0.281630079533112
0.248510504994382
0.32180386219195
0.24080371714284
0.238944589194364
0.258800625064092
0.261477316128282
0.193584643191479
0.165054993023652
0.161447093236725
0.2101956777649
0.212512621752034
0.221814350829549
0.166826493069156
0.255428593461805
0.226323151556198
0.164299524622095
0.244168206409065
0.221023396729366
0.120178233870845
0.157776506188896
0.153795372584812
0.150236128740283
0.265368466625323
0.20595699333049
0.186549008175715
0.190036717833938
0.199431332531942
0.11173328708413
0.173943670418664
0.264093755188973
0.179595327274622
0.121048420978454
0.158115679914688
0.127410771672665
0.174795047824429
0.248831830909157
0.251851576413662
0.200256774607432
0.166900921105013
0.216634788345129
0.15089439215326
0.18739975451707
0.22937117081123
0.110765693467188
0.151161425666034
0.226082906556689
0.264598353177675
0.152912748735486
0.262474110199375
0.31834361701523
0.330754303167771
0.179822508323991
0.132063325547106
0.237104073093263
0.166735490759349
0.279975606802023
0.259911445337081
0.223458664282045
0.237150233689785
0.196873101514914
0.289051541130258
0.355700154544047
0.131354764480428
0.153786210579821
0.0938887198439392
0.23311743071223
0.225621918343728
0.238474651420917
0.160962761771241
0.182447870370832
0.164806653284194
0.22875591859814
0.22665150513018
0.20261167162304
0.194893430613422
0.104986649407755
0.262257827130069
0.21997279087148
0.26097745446561
0.272952826254484
0.196664053511561
0.17828346496381
0.172659730470039
0.204711036968682
0.290362506086457
0.358858286072666
0.226309656470634
0.218163012158652
0.245343526323101
0.221182536954231
0.203102235136475
0.231632356774381
0.227453653673286
0.152597358691132
0.292379460538218
0.225599251094802
0.176255285036997
0.189879706598724
0.28846076981581
0.28501302248153
0.199850251716063
0.30180521419696
0.267437170631004
0.190731659710383
0.188034581026581
0.273359107228893
0.20914421838809
0.2531231367091
0.16400089302572
0.195005389121381
0.178416238920155
0.222185295782705
0.170168550755827
0.20796891144501
0.186150800971624
0.291936152690505
0.232496297151484
0.237080193044158
0.199668766568653
0.366396090837022
0.257720995544642
0.253896763381286
0.179378745417443
0.177272252234369
0.253662198820765
0.240349539595643
0.294324971964016
0.227713716171971
0.279969029643117
0.281960801747614
0.269067600053115
0.299908043108742
0.217944983000931
0.32103278884177
0.258752058449046
0.158092836900515
0.328068915676346
0.270541291684887
0.199062710472673
0.279300598243388
0.22159574011417
0.202367069810538
0.237237748881746
0.252553984764406
0.245245706408089
0.262212152063608
0.253223843643249
0.266818592182488
0.279693538793277
0.345214057769046
0.280159162455666
0.243962438060271
0.158832057418899
0.246728803056746
0.26953292401559
0.245470314865681
0.184230408219314
0.195620650155412
0.181386551753689
0.263603490156169
0.19730969759942
0.165793025752173
0.248408798024914
0.269270654580055
0.2639657794467
0.174240799058472
0.125633573693785
0.124177356756985
0.266737690536876
0.132603281287972
0.209633913955816
0.168899373601984
0.278130930089189
0.214368397967101
0.18760300368444
0.199003135682136
0.137123984304389
0.147027717319446
0.226724074794586
0.332259577518645
0.205330592321024
0.0965669301839052
0.14816567634289
0.226565755260699
0.179788198228167
0.162384440821652
0.247374529910884
0.353008152129236
0.221145666494007
0.29396962218948
0.17049380688499
0.257411690534359
0.215120770663841
0.190490503255776
0.219986443468766
0.194685214285511
0.180970140290084
0.234471017116347
0.169850029465092
0.171092714078201
0.238814517042235
0.233713391482393
0.288975088985369
0.294353521852765
0.165409617646781
0.203849892694983
0.282413616310137
0.148045474039082
0.155275637363626
0.232795783157032
0.189398890744764
0.25129888671075
0.242780942132979
0.2549619904836
0.268017731234223
0.254573567509837
0.260740425324087
0.234062148122787
0.218783280904197
0.218363441955698
0.121867622199046
0.219634951147763
0.275061548606143
0.271766115558655
0.174860591131471
0.146484039975883
0.230278295392113
0.306163243487293
0.225994818282052
0.294961629577357
0.257272313062299
0.315371671074213
0.262500258843388
0.158828698019459
0.257301941983274
0.235033794330561
0.239356605918382
0.209748630207317
0.148234987316106
0.268540312703568
0.262066838714979
0.288848116881468
0.205656625737463
0.133389349458239
0.202629391720706
0.264667440879746
0.189210182319142
0.305741667286032
0.129573888104674
0.20047552077664
0.193621448091043
0.274569753423457
0.17479799650088
0.124544779182634
0.164437970390473
0.233164424880743
0.142042215028343
0.219852100763669
0.213414994689029
0.13287864394596
0.15955998483518
0.147723536912303
0.170917167267013
0.180389362562746
0.163826707085673
0.237936325986807
0.123058643074557
0.143005765796284
0.139950523855176
0.241652880264977
0.200234561027747
0.20447212778478
0.3032492614608
0.178061920654865
0.139876195341495
0.247935189770979
0.210684905458365
0.137219677391065
0.231948310860821
0.221758987336521
0.253510368812893
0.16028199553494
0.228921109302354
0.205280039210608
0.311999783109179
0.234415542110561
0.175941699345852
0.192516040041697
0.143057178746363
0.236765610470508
0.186094326298121
0.125999635596631
0.155550733801988
0.178961630720175
0.23865453723196
0.196198982128172
0.166059883032138
0.237496892080719
0.185627568961483
0.158893376629307
0.224663062427087
0.171884632021815
0.0971511130754921
0.117908011955935
0.261385446947532
0.218151822930972
0.244390355659089
0.178045400379546
0.25476503197786
0.207362547425113
0.22980446591786
0.190322558475453
0.225449969185187
0.228821363864385
0.265583124618882
0.182869663796326
0.224211022825655
0.224920559717247
0.250499527872858
0.232245000039799
0.273182982793045
0.184236533283604
0.275956749164619
0.277169149431519
0.180986064490586
0.288782888673614
0.220827913735844
0.182789769905342
0.257972724146649
0.222248079307734
0.209044470270176
0.202604386075006
0.130741518148606
0.26666294750893
0.19491577950535
0.261343723026292
0.131699975101946
0.131695124585753
0.126529293930668
0.337223059962877
0.364520242905541
0.257191021841663
0.221575893173145
0.145543018085525
0.179933183948625
0.279971631539088
0.202788703160061
0.326591496867971
0.306255751036876
0.251003937600033
0.21406388890114
0.303718116623759
0.195797298281111
0.284925713631535
0.224829661054093
0.24647717204427
0.336201726704816
0.305291383870853
0.284284640153778
0.162920204363776
0.182514881531399
0.181442787765005
0.180940420911271
0.202496832076041
0.165730423980614
0.237603532548086
0.152547125702911
0.166466756236994
0.289720346903931
0.287341790286416
0.278149086522427
0.205597535181971
0.212022564606819
0.127561439711646
0.263083710697654
0.27968594300434
0.14846472617242
0.202331388485555
0.228401847803431
0.18438059085691
0.167801691292605
0.147130977592672
0.184683903836003
0.28074733422587
0.260825803412175
0.304650224302284
0.191647610961881
0.243835702912136
0.3289695526153
0.244834974760907
0.268691546901975
0.280205413635119
0.198577043268924
0.30499359927757
0.210003993353164
0.152407097057393
0.197973710395665
0.1391778511797
0.277123065936081
0.233252500649095
0.312106689295411
0.20293811726837
0.185168985354855
0.125222690063138
0.0932157500405301
0.148004505697926
0.169378069375055
0.107141019219063
0.25976001385002
0.301355652456868
0.183202040169507
0.291473568437418
0.288230067144063
0.283578868311237
0.206199432632172
0.269832009072738
0.224807542114941
0.271832209514916
0.162381234802678
0.334828359333351
0.156284168510035
0.217770089054057
0.19696103829003
0.213352397026202
0.210991783436443
0.193273871807729
0.216295456248377
0.271370489824756
0.279646040930154
0.238641155310633
0.308594865365888
0.234377006284347
0.243302449392857
0.185983780967993
0.183824175453797
0.213259828157146
0.147503564064025
0.272106234908132
0.207511422252408
0.27212067004174
0.169310384869864
0.261207100973303
0.208842599954273
0.182075766778935
0.149527889410427
0.245344332523836
0.296394578934578
0.191558204987301
0.134724037906413
0.133389179736907
0.194982343168987
0.254596804508096
0.191989469729021
0.192308670804624
0.197126991140253
0.209040020805398
0.133727231995883
0.160667533479887
0.164138672644721
0.231678269185549
0.263675158670403
0.27037169460011
0.16984565552865
0.286421302649954
0.24247820543128
0.270376886382514
0.207144345962656
0.232454986891081
0.279621767778143
0.141314902620285
0.272564231364095
0.246222396403142
0.204700190274338
0.16543346560277
0.184464980215868
0.18386601986458
0.194401666811158
0.193408114981707
0.184093389685301
0.270525547738821
0.164798187346027
0.259706451847852
0.236119301881003
0.144088395666005
0.219770593084844
0.237265851655266
0.201318621080593
0.249798489464651
0.20215747622062
0.193389763590776
0.165613670937327
0.252706399124396
0.212259007024144
0.19717052596722
0.248179733824727
0.15524296623363
0.200927965213928
0.204804663718139
0.208563140335064
0.191917995633089
0.282428382052488
0.225884599343404
0.226924647621044
0.268807937770031
0.242451310075421
0.182405251859648
0.182176262823899
0.210153167276253
0.206170262424038
0.218220652253428
0.224212145272798
0.188065025667124
0.293297096340729
0.180429969940056
0.185588479283157
0.245973548691881
0.256426412549483
0.155690928694166
0.149657696202159
0.228520929380877
0.205685227310457
0.250912504271725
0.210437409836371
0.251137595092268
0.214810645592274
0.144931708276065
0.144449042180042
0.260660864940294
0.195916639380311
0.203153385085029
0.225566200464736
0.235152251372166
0.226059987521928
0.225415780659465
0.137434920367414
0.186175062820531
0.146624660353312
0.236035333468756
0.246185135580675
0.249627517993781
0.231417770421127
0.269830736958137
0.243341010032899
0.240728095321453
0.267240973712414
0.199475528461981
0.216715217584871
0.248420729341296
0.17042275964734
0.21021533348642
0.238522121941542
0.276049765829628
0.104496056518722
0.233627680690228
0.189636862328629
0.173581820315253
0.225775616180999
0.27410421743882
0.341119715540031
0.234964784454132
0.24090654467594
0.258895546125014
0.36973919052085
0.338895889154484
0.181429438042045
0.177559598733417
0.245167561298526
0.178805871731511
0.243618336887047
0.206729266514198
0.266648939654567
0.233930291380423
0.177869997167782
0.225876786216378
0.169295661175801
0.144181746081711
0.198158175740534
0.267892474100103
0.136128151357726
0.148085724780068
0.191871766742679
0.211338477067459
0.144932579910918
0.185491684612782
0.169163184627147
0.150023402354043
0.26322598592959
0.289999800490872
0.159815681478466
0.141312301189617
0.180167762059173
0.184547196836116
0.0925235164928876
0.104058123256141
0.15129951393209
0.129954772418115
0.221748178874233
0.269205800048547
0.257938029939799
0.170209216049402
0.192989620714545
0.194893586321297
0.136219053337076
0.260431904858529
0.151135817537636
0.231215962320626
0.141917896455944
0.150853043094715
0.107379507031178
0.14416912899169
0.186830694081883
0.167792556560083
0.192487745114198
0.280571044767428
0.309219385445922
0.242505847885789
0.198122780958873
0.200642599376844
0.177523506217653
0.17314363531708
0.230385949833948
0.216222776830399
0.2002166460365
0.23673105262345
0.240164846566779
0.200790025005067
0.225333881434133
0.287232367289895
0.278145344925898
0.234626394430758
0.199871691241135
0.244963183975122
0.129298569181057
0.178756202390813
0.285271733534776
0.20878128042661
0.264929032795512
0.27563495864085
0.200952669679451
0.22108094643091
0.233013251656506
0.155343950435085
0.190585060744321
0.161076220731895
0.182772924243132
0.238423954707004
0.276088877166513
0.181536609105588
0.18509234539929
0.205142499467259
0.28614600089993
0.211994663127234
0.147184726661586
0.212513466738902
0.233134272881127
0.234129671170902
0.188688435073821
0.308393875598744
0.28055825840153
0.172376338184366
0.140136546526124
0.255164634871423
0.299731822729587
0.187786263106984
0.24030759762474
0.228143280575025
0.194087492392605
0.130495388035434
0.14113820491606
0.252781169950222
0.19994942770196
0.243230845186866
0.185258163385585
0.212677434295159
0.192376916196401
0.153398299135886
0.235877798007665
0.271672885977211
0.290709721393151
0.256833535252076
0.287946001020366
0.29602999633029
0.296938970318069
0.23435558533857
0.171088175867471
0.184638493975823
0.245013733410281
0.253556165791652
0.25092254933947
0.198263097192463
0.311699933140188
0.244875084298159
0.185355334789888
0.178783887114164
0.224544658005495
0.2264083857481
0.343303065019309
0.219161222463634
0.211730061780377
0.278372883460284
0.262089943910061
0.27437690553651
0.232408713612964
0.219267815109096
0.192649524395555
0.203221230398778
0.216728714962007
0.234394113180225
0.221326873480193
0.207998666942613
0.177539030318871
0.174684319731658
0.276323852313157
0.242417874009516
0.349423958344449
0.235589955424211
0.203350023497579
0.1375799535425
0.222332148951352
0.158336199052588
0.181662030715689
0.248320917503919
0.24143316064052
0.245333905770168
0.181603998742451
0.310080901828141
0.171559333154051
0.210719939601219
0.28719169733963
0.216022117071699
0.185939684095309
0.274820052531138
0.215625634213096
0.170671871853486
0.166455625940922
0.283341882802606
0.21204646740165
0.133262121287961
0.140034110590181
0.198309432980594
0.128578050522509
0.183423602543591
0.182207597109152
0.145373507574876
0.199720728729002
0.149385627019941
0.159884661232244
0.167585844967831
0.214583705140257
0.0893933431795461
0.103057444938447
0.13443342598566
0.276412542946075
0.156409464286395
0.251819044893174
0.215668286098241
0.252721750979437
0.172232824671124
0.107078853952115
0.155439071310688
0.301660188172531
0.240593983997817
0.238338853536703
0.149747963002852
0.198243387168042
0.200023205649099
0.20103141099654
0.276542492280763
0.186060076343293
0.173234241062101
0.221340805646879
0.124929363594425
0.243693105033256
0.306948647788124
0.196658491510483
0.305617139715003
0.235608661207808
0.286281352293946
0.229535310112587
0.314396797864388
0.235893389195767
0.215707209429947
0.235217074397287
0.261805656630317
0.206490109250149
0.303801758227342
0.199325139108865
0.195476269179344
0.225797603000935
0.270336194852686
0.174510619797567
0.254358137206399
0.189055171095498
0.151183417758545
0.260344442246381
0.31587686865512
0.329959325408894
0.324847101685479
0.307539815406724
0.194821053600363
0.195182810632798
0.262339284120827
0.262267049842459
0.19670431984304
0.258556252453563
0.254018026695729
0.178675728793634
0.257656442726563
0.166988555575627
0.121202116478483
0.273639159161333
0.233957906235232
0.254624278030617
0.271315188983606
0.171364869579665
0.311319367707129
0.229501245281224
0.278875121456956
0.219167311572613
0.287152062392491
0.291069976490367
0.27187429416678
0.208039333328838
0.293910852600083
0.371581029727046
0.235992202797141
0.202215877926104
0.24271594929264
0.297656039844868
0.217759441313028
0.267205233061102
0.22896393493817
0.153882519046958
0.352662561585177
0.231763368742663
0.224614908119792
0.250390984303149
0.262716070582159
0.38436476832737
0.256695104415761
0.277527531959576
0.228679943138995
0.248769792873034
0.318081659487055
0.254666328950647
0.166250445048604
0.207104223300873
0.181816087412948
0.216804774981905
0.195369993275119
0.236652659639377
0.270682220231326
0.210037545345973
0.1783875617192
0.22389170604061
0.180758627983959
0.310848676357461
0.174484585980968
0.141802296663095
0.19316084397033
0.244504116599489
0.209037072199219
0.18351688630961
0.21400733688221
0.214004099001363
0.201830432125257
0.317406854632985
0.227960389824026
0.211992402169827
0.147902277140845
0.219131409314733
0.244121270575392
0.254773063430912
0.186616628119943
0.234871397768792
0.182282331572416
0.266710037420945
0.220447845540742
0.124800102232903
0.337153833880062
0.272423989764668
0.30451815850004
0.230004565690181
0.176998425586201
0.181504560327969
0.237224250898235
0.290841295291142
0.292789202877723
0.156789917459792
0.203140989042566
0.0851471279923437
0.233152593953014
0.181810736825391
0.214485294854362
0.189705518499314
0.203062954659231
0.16691265811552
0.187095296340618
0.181706865295131
0.211530874861355
0.305333947260824
0.229704403344556
0.204114356682268
0.194147610129989
0.25734523628448
0.213028368071188
0.273724722583505
0.252718946802476
0.144575713135634
0.189763834540126
0.239291164931993
0.130715695414691
0.213868667703291
0.261089805166025
0.211996876683162
0.132576353663854
0.168605370209682
0.219216018393036
0.172846026448493
0.202101423670968
0.243245082149348
0.282696769481228
0.182091670067877
0.257665269821669
0.275002834836107
0.196815638472145
0.273853146793077
0.19531616342323
0.245336626691793
0.271749198506366
0.161003985793784
0.263980573644199
0.245587706053225
0.26875931796145
0.167812284797849
0.257638966694293
0.288992309626246
0.213285550983617
0.261966947825795
0.203255689820358
0.150692668432837
0.156606323433326
0.149133491531698
0.112146918039609
0.233134747052664
0.128868859788617
0.155255505799035
0.102944571762041
0.184386310446086
0.20257749938081
0.195392318229574
0.145749785002816
0.174742593120643
0.0769778149249464
0.0997241369578246
0.155833526250613
0.169426066329769
0.133703645341971
0.128610181904511
0.207181012900936
0.238093745913327
0.280773914358971
0.152176544505741
0.247839699243493
0.142733444704207
0.176543045743924
0.192939698312208
0.212315043086982
0.186180905589846
0.149641495444458
0.235616057621373
0.144774363006122
0.193267491281475
0.15581284207026
0.212911782778076
0.198987918068245
0.190650879281297
0.178318898789369
0.120015451491201
0.193849763295596
0.175593097750791
0.179983185789961
0.144454330418099
0.193959228233316
0.147611670799088
0.252855847732827
0.184397918893555
0.157000801934573
0.235195296255078
0.221784757630624
0.239471854091594
0.217018643415494
0.203353412253448
0.257374682557589
0.256711268653964
0.147282074538134
0.136294778979284
0.178604003385589
0.195259925480905
0.190409250522794
0.228718264492792
0.178736088487505
0.169134408967211
0.227210118484678
0.155753603767819
0.130483780254862
0.24877808835081
0.313231987668807
0.229616907892888
0.307039731276639
0.225534900860573
0.19691878059562
0.159050168668526
0.222038751273582
0.286541537540869
0.237506743518635
0.170831572509451
0.238363054238479
0.259675595242513
0.194636682748187
0.193720997076019
0.195404966772031
0.13133483677603
0.172874547540445
0.247550919435572
0.156041174812874
0.226709538861557
0.248153480565953
0.272018741728065
0.307148924537785
0.162399148857146
0.191786934854623
0.217823213890655
0.225620303049809
0.274906447680908
0.207449794035553
0.249658857263267
0.165865516632367
0.204035374958908
0.223605996380461
0.235613332715423
0.265852931416112
0.188248214801045
0.177738152716919
0.202153578248384
0.25502446719985
0.293114114658403
0.270229852658593
0.258299749234955
0.226354454438421
0.25237919192757
0.247162922991017
0.286535368580108
0.232384590995857
0.198891080886704
0.230012920938433
0.277071103370902
0.17040398231754
0.271335334948991
0.300594076397164
0.295451949326586
0.187084372791203
0.17427644414265
0.267150419962442
0.208396247101665
0.285308135364539
0.183163934280112
0.197476038356686
0.197823912517129
0.23912418674031
0.293512139471373
0.247847996977378
0.169168685342007
0.164629591279199
0.285313519929024
0.12986478659429
0.112953183725962
0.116003813437001
0.21710035266782
0.176733005994638
0.128868864315361
0.184821721957501
0.199998867713502
0.141848752729818
0.164483633979239
0.128899193558766
0.272640482321581
0.21834396044053
0.157783717506378
0.206004412055129
0.151051016724091
0.105672858696858
0.237384446686536
0.185198013707017
0.122556202071601
0.284177716620506
0.272423946396041
0.213817144494434
0.173145998076835
0.19149615296401
0.237630773967862
0.262486958987728
0.255326250386904
0.255194172036238
0.278731903567332
0.266149970313381
0.165751995542003
0.230554157213831
0.209819220763852
0.199441473817642
0.235891533317954
0.302817277760751
0.232609461075792
0.224722006465409
0.272790772733766
0.25769312788142
0.12763521254011
0.180428830459936
0.146228011541361
0.19234883476863
0.254245975827983
0.213699607523838
0.285746293032187
0.228229928826971
0.270034348369239
0.294850570219319
0.288695479799841
0.253589999473598
0.189196698262959
0.234130467703674
0.230939449941167
0.140988903714068
0.245393062486841
0.185326151076234
0.201758488091551
0.220346581813118
0.245263923911261
0.274062815658869
0.228650791542275
0.213871988429008
0.280406771983416
0.30793673346108
0.161868549507026
0.281665129593063
0.124532117250013
0.168248668962693
0.254059625863073
0.222092438795307
0.263039950320105
0.262887302735868
0.17663607491405
0.281966700190709
0.291678908403753
0.201840019169226
0.260803623558888
0.185327504412614
0.200670199847508
0.119041402969725
0.270102086297641
0.211709183263577
0.196327340295184
0.142909518712107
0.218592786880309
0.245987645604148
0.205795048594261
0.154964257495102
0.202521381117211
0.135290561766666
0.249524533921621
0.141510873972998
0.164719301092013
0.205070699408479
0.155995922750819
0.203563541779942
0.154383310875293
0.130778958902502
0.279434541665681
0.203892477928988
0.286454625298202
0.268935536020293
0.1507988892083
0.275487647041542
0.156554721849076
0.287452845073905
0.186266012029439
0.277194536499176
0.241957233899284
0.258876425106033
0.269993721264759
0.181722148501764
0.25225233152611
0.236575851274743
0.22851038081039
0.156131571151827
0.145347953859168
0.272514548178849
0.190498649749719
0.246394382146424
0.185263299395003
0.182194973164631
0.273613332195158
0.148310620855703
0.182888643595861
0.221297686750207
0.240774751157599
0.329450657017752
0.223377409668988
0.268719082224219
0.245104565998264
0.292164433877986
0.176703585294416
0.226583293349576
0.118091658815626
0.234932968552136
0.272658295578588
0.124218578806446
0.149008180989352
0.199020316602883
0.255577386754126
0.176624328454266
0.210314103293887
0.204755421360951
0.142579537010821
0.129881560418135
0.240515069513854
0.227249703614645
0.272729333170712
0.0886251686048832
0.215415170544541
0.155845269810389
0.188515632702738
0.20105018365514
0.227092555338177
0.230235841741508
0.251328968525855
0.212434989973916
0.159434093747339
0.237921206608575
0.20855095613025
0.170638158455323
0.197194201188927
0.286528963559248
0.225072684270428
0.177216481060404
0.195517650013746
0.136846056054519
0.136043308045764
0.141237704559753
0.165031925544886
0.101263312847228
0.251119464289235
0.168307917203911
0.213109643005529
0.320253102381243
0.164094971510049
0.220287820807379
0.223843499010224
0.180317575748102
0.21676630443004
0.290192688985355
0.292819698179311
0.213118081120054
0.236758511212318
0.122853595036529
0.237543279661774
0.248025503683826
0.281178106063113
0.248529116430463
0.200087477587143
0.162487339041559
0.180524937459873
0.27169354382951
0.367854268280017
0.253619445353104
0.238272126467949
0.225041647540491
0.299044961618122
0.139716541758596
0.238327867981203
0.127658672911982
0.230490011196929
0.288664042041196
0.22924272695412
0.183427413030836
0.158353447648653
0.125259182984871
0.141455795413933
0.194859890991677
0.274889322347488
0.255788551195294
0.247760157274528
0.227686164255149
0.15342314158555
0.210960215063724
0.196585375804802
0.192622352325748
0.211864082236827
0.224131892307984
0.144035909337981
0.149183679463833
0.155918724842993
0.301461417561256
0.207866375991178
0.246351283465355
0.230740258169614
0.243966908613017
0.214000476014145
0.211978706897595
0.187031589356203
0.218689237000898
0.153675235349583
0.132903422186563
0.152772210197224
0.127066490624309
0.182085063930004
0.315776860237008
0.142670139698951
0.116939177349535
0.242681674012463
0.170383634170332
0.147123886205047
0.150693035883691
0.129475432282412
0.141033338864649
0.214320876424574
0.29789463038583
0.284538945865955
0.223984850729195
0.277806584406426
0.245010045324338
0.186766902905447
0.214652686307444
0.215214494039627
0.181293503340062
0.134268341538482
0.260967154137154
0.22695029413631
0.166374753190829
0.120030442936975
0.22951861557977
0.216047475395849
0.207007448015669
0.246212540473532
0.149522867238671
0.227197073163566
0.231786387271688
0.171545173355404
0.199803255159791
0.259094415464761
0.276510628670756
0.100516603478847
0.177911442632936
0.210838184692779
0.258529972934785
0.287043502395167
0.232218761786355
0.246594931645518
0.330936760258819
0.21120528601261
0.174163079565849
0.256591876590773
0.25234435702242
0.2252883533798
0.287775723535142
0.256852507498525
0.266320951668749
0.297388902415702
0.372871839056072
0.29784694716115
0.278406837379071
0.203808696755646
0.231662722055399
0.220357565483523
0.206407282057272
0.163613460814062
0.19574303722411
0.200175951854701
0.208529886020902
0.175528898630589
0.261133483368201
0.192624572605314
0.197205913619504
0.174736244972552
0.157121419562315
0.10527551617844
0.137982943994862
0.205035523588184
0.245914273773865
0.202796030964448
0.227869459833249
0.253385216257688
0.157953378291014
0.214031988372018
0.176868838442709
0.273396296983373
0.268130634153594
0.222143383614178
0.281752274824895
0.269204979025057
0.230855600752237
0.271131264330888
0.199716815417483
0.152140101159176
0.212165628585782
0.228036937152067
0.196771774042187
0.267076115105514
0.283317856357899
0.210322310718635
0.228800344006545
0.258544008374624
0.2526412892109
0.249648059910515
0.228895942407005
0.161084809770023
0.181661504639903
0.109564508440422
0.379631126854436
0.238017625552039
0.159861486111681
0.251844823585715
0.2096597353434
0.182629333086729
0.198366166482378
0.240035424883214
0.313989724112077
0.189139341486475
0.25033388805299
0.235156480247953
0.303387253785434
0.25795081963809
0.209874662814641
0.278642216768102
0.260314809927585
0.224992027117574
0.255331537169613
0.296024062905271
0.30979445516778
0.17354051812778
0.210255578469024
0.1806279516688
0.304057540996151
0.228037178139619
0.261194054501909
0.121019287556261
0.289132562852689
0.312742467544806
0.177981560799855
0.195507762066147
0.194773750594055
0.158610683102165
0.187525802537938
0.230081435296014
0.0660643923604393
0.16417529763357
0.20316814948359
0.197581867300338
0.235550464261116
0.268988166108758
0.263234103439611
0.281474541154556
0.155832123124574
0.23775028534194
0.238193548922693
0.297334080812687
0.210960187003158
0.184679558260565
0.224491296211411
0.201497038666549
0.180609925319056
0.203154445484569
0.210382286084027
0.190001106665959
0.141192265010118
0.199664630503771
0.248693818181106
0.127986259759814
0.268446527867948
0.230626796360237
0.205520824990034
0.154325138819042
0.113988590482956
0.184313682386666
0.300603242860996
0.182804394905492
0.273031145533089
0.225169578113645
0.161006023638996
0.176742205108238
0.19737481027154
0.193907633151366
0.168418832771054
0.108531979878338
0.122005276427331
0.292523784579151
0.232746610146716
0.173928627446956
0.158239409102226
0.153470549394248
0.269693798860357
0.154711506036821
0.136632508879286
0.200242602846738
0.205062068955029
0.106173002257621
0.193215566873874
0.282767705993042
0.247874134715794
0.155146208186246
0.252089310269704
0.178352031212856
0.175787612701413
0.157028002059531
0.254119640479718
0.220496377937713
0.189578277592963
0.127768066688166
0.115151708103027
0.144185064647668
0.127658612668339
0.249470072647174
0.193755696617313
0.26765992898957
0.185308571115619
0.242188633671346
0.208730326209276
0.214408789127758
0.207288378557075
0.213757743498724
0.171459889738972
0.25892512326269
0.179112554679429
0.293196068802152
0.271512847638039
0.142193726364831
0.268494366434421
0.256551584984177
0.227129409784557
0.1642367886119
0.174366413878183
0.145124907785147
0.125192053657557
0.12283762293481
0.183833761278692
0.189618190483196
0.266376627185261
0.161720054854339
0.225716462009706
0.201726300221586
0.276556939073652
0.156236592783814
0.138577368061511
0.208618599463221
0.193704251542099
0.151988818397986
0.233063182054696
0.209115326577693
0.203978789519784
0.261890613373807
0.162739783768549
0.261213717260874
0.233570197555266
0.191500475781075
0.133622106761542
0.258258571879352
0.222944422104841
0.149840740221178
0.139160379279278
0.278710879151828
0.30449743641128
0.262576417716207
0.205624470333762
0.255163218368433
0.195472437728876
0.253392812690664
0.308544533977128
0.241512481554716
0.130811092977174
0.185437241330047
0.201907571439658
0.168046011201436
0.134440551972877
0.241440485709542
0.278569771085081
0.26916033061054
0.250930623765513
0.201395040598333
0.28138725083931
0.134280968072046
0.27237682665264
0.374637703947738
0.206375252259301
0.145263280381812
0.157020880304237
0.115439576974688
0.141730097269657
0.222706681175878
0.266178864360025
0.255194406265456
0.157468836614266
0.162666854670793
0.186977703714977
0.18294903518914
0.250423754849189
0.205692827504274
0.238374680272098
0.20361159400095
0.141574975861419
0.230116760053622
0.168918763911282
0.180535809496262
0.208575698367625
0.191453133046343
0.222907849431229
0.255906776965012
0.29529287165615
0.248879922054171
0.253636408192611
0.253367287925682
0.259452318061348
0.219445638744594
0.153740931800225
0.219891087407187
0.296470790380647
0.19655485119801
0.217130019808471
0.136965527737961
0.226511113925714
0.270865003473816
0.275459731987508
0.21990363614844
0.294650384268409
0.254070418775068
0.145882400738131
0.15527387533489
0.25077110304472
0.268863815279934
0.195671845203641
0.266266876711523
0.210612422399516
0.221414755024615
0.310111421413305
0.172595900136223
0.246019162049592
0.214568541320858
0.305776511443349
0.23695189075623
0.227638773292552
0.310606558492204
0.249291973085536
0.139401348304463
0.260179703644108
0.26807547659531
0.256927012724735
0.299480870881356
0.307508008590239
0.302500976502961
0.283697335934578
0.346187074016286
0.205880924219998
0.168203714377025
0.134449327443123
0.220887215005029
0.272830714974883
0.286320546156412
0.391931497295614
0.308738464984727
0.232193439900245
0.20923967792062
0.22456313447862
0.246883618070642
0.143513804624495
0.195443205086832
0.225341453205797
0.164988362633252
0.115820011421368
0.323640099072017
0.250741659587648
0.224341572597444
0.208401814417423
0.117485462345517
0.180287687956738
0.201620991284894
0.165301877747567
0.205003327343738
0.213203981288152
0.23698187767266
0.319659364838396
0.198624963747183
0.26616781371079
0.224356821576221
0.19579854152464
0.157945829458572
0.218967675619784
0.169216127328803
0.256487129795434
0.265932989180198
0.179083904172448
0.199561743049302
0.209395052058967
0.271900690810842
0.195174527573717
0.163611413480376
0.261903228998652
0.210639680772533
0.149959586773687
0.262098214289388
0.180026029319426
0.226073673898309
0.241723121454889
0.145922731928202
0.240359222829322
0.222129626136249
0.163617068873773
0.216999727675268
0.208157600715738
0.20139767105697
0.248720101840308
0.26866591001964
0.24165863407663
0.197230169124843
0.183192121989434
0.152693553285735
0.221107863098303
0.17367966318685
0.169745983516779
0.232447829054686
0.239468301045257
0.281048820505085
0.149885520766732
0.175635963163909
0.212323195085414
0.239212964605383
0.180733130914321
0.250767926563599
0.205857421034058
0.238773425685176
0.281827869305397
0.234871965622321
0.141071598774874
0.196707329629752
0.108881878117569
0.19984503646803
0.189783562551447
0.285479273063515
0.236185862179999
0.239283178480371
0.166361532439666
0.259917273953387
0.258389847294874
0.115654935142104
0.243020651174117
0.200680512448831
0.237381163068327
0.252076946265042
0.21840336371064
0.25444017550637
0.255934872655737
0.162989348411434
0.167572497406095
0.121421507199739
0.214076264845805
0.159293604863535
0.222903774586517
0.126762840528402
0.172655577972667
0.291022392411409
0.180557243186888
0.18247224323926
0.166544372044418
0.127244387561009
0.12929122290215
0.152744786892014
0.117487225478981
0.361612606735114
0.128224337339508
0.139050773522063
0.124190561754167
0.190897237883195
0.153842172135692
0.177362032686645
0.196058484578162
0.239082985831246
0.18765096548947
0.174519114709286
0.215896403917882
0.310312187269615
0.153105977446118
0.238701843700973
0.260677833593201
0.250296713079046
0.188893631688291
0.245899300559518
0.22254585603246
0.226313284174333
0.196629060545075
0.192783637654458
0.248501287577755
0.252723788225632
0.278886372941357
0.176372790148824
0.212414758503252
