0.17
0.173969267144767
0.182227995939832
0.17191225421396
0.192243200842181
0.159748568768947
0.208871739958959
0.156293653857374
0.164333629406325
0.205862173433676
0.179102255713157
0.196820349194823
0.216067044671489
0.210782342301059
0.157016267234526
0.207898255580466
0.18692545517756
0.214356949188144
0.132275542903567
0.207472702237038
0.158482512627878
0.154996407313753
0.140079655124651
0.190787513004852
0.204873370591466
0.159215672626992
0.176947548029764
0.186934235861189
0.148006404067043
0.22679696048372
0.180395782584126
0.207683753335142
0.182911801760699
0.183874561980139
0.218802616649788
0.154066118831726
0.171582860439677
0.170887107700047
0.195559049927031
0.161251966931292
0.206319716272709
0.200864171513188
0.192739999796745
0.197597823475184
0.185708913782464
0.190972827104873
0.145410109223301
0.204593310866985
0.203152762294664
0.198841171467527
0.193037762754534
0.150772935031749
0.188076534219805
0.208186201158194
0.14946336227032
0.224251037272418
0.140444363186204
0.129533851422558
0.15656697290721
0.198663109872
0.165053203938152
0.189583627586227
0.177530872310105
0.250453064419829
0.163089988037862
0.204270170953412
0.141668262420808
0.150224985086741
0.160322173820941
0.199466685716722
0.145512779301362
0.127840609899499
0.164887256574915
0.15290272621113
0.14041304778492
0.139026338905901
0.172829490008304
0.165189486683554
0.193486015554905
0.218157946865919
0.180541942700457
0.178020260788276
0.197614574844052
0.162042819306899
0.177317861594309
0.190574228405057
0.120683710394127
0.165410910312172
0.202780500863986
0.17202494993113
0.162411311311093
0.199662289624863
0.199665079490941
0.163739334738072
0.175083965186507
0.183710239742291
0.160165292700124
0.178769070455308
0.142037055249012
0.21824697359483
0.177298579478025
0.234385926241936
0.18703445902219
0.164751255574032
0.177393616662786
0.183723466645004
0.180529080111272
0.17493285332857
0.179271772549803
0.177664286565601
0.193255161882962
0.171851790587742
0.169936030412824
0.145648409516919
0.166544204022424
0.178587724079092
0.190176627977257
0.158826048742884
0.175859576732151
0.156107850065913
0.204034526258645
0.159632690872055
0.190328639641228
0.193621558293423
0.213815202848654
0.225527137319651
0.194006610812257
0.221844844064923
0.2038993169316
0.212877992936231
0.178983516184225
0.167521821817929
0.160648814898272
0.192622611551388
0.199991680582616
0.165926815471181
0.233607754356338
0.209447442183032
0.178305495542111
0.151091005593316
0.218959639080018
0.170957659039193
0.180774105483596
0.195453099896519
0.219632945173519
0.219923372489927
0.180493117250984
0.181939602593763
0.157389046691965
0.205146811576928
0.238018955320545
0.153473941652935
0.235043538603939
0.153438261822462
0.157708531523985
0.220334918209783
0.219706387821661
0.195499527218116
0.175613379798576
0.165437687764989
0.154599479071244
0.172207180225871
0.161037131984121
0.173297647928567
0.142272930733735
0.191035514072545
0.242050599958394
0.227343142695017
0.182090997982367
0.170413429404552
0.114359606309577
0.154372583735767
0.195464262731394
0.150203576333803
0.239797700956102
0.232539222187251
0.190667586432121
0.19859246652063
0.192325029208342
0.186142120610401
0.158906083031729
0.207607808263838
0.187094899667563
0.210218945309395
0.170413354327462
0.183871221490343
0.20490254832569
0.183408439813025
0.146764575710906
0.225630420448654
0.165884897541246
0.176315600431346
0.159082689365175
0.209622167855752
0.18121505790524
0.207026209664071
0.149414993324405
0.191016530521974
0.154105259305788
0.18376473950599
0.150639829195172
0.201202950140592
0.150717617845866
0.165097501431493
0.190536975614916
0.18075645312198
0.16193398371531
0.221688021951616
0.13046408673945
0.264589746183719
0.16183894471574
0.189170380468279
0.137844040518903
0.15292773000235
0.183639214658055
0.173208423008545
0.167292123938008
0.196820632238162
0.163679820759868
0.177560869130651
0.195880470330792
0.157269912318809
0.146948945932902
0.116761287263562
0.178746234285102
0.176117022606262
0.130427651799768
0.205557279219049
0.130357692686235
0.22016004112541
0.130579096581757
0.178567373177661
0.150682965013148
0.138242206760789
0.199259687526968
0.167118412151132
0.147825294616875
0.202158906296212
0.232474793510542
0.161888210237308
0.179508202085766
0.174777825021394
0.152916867574171
0.132625628475064
0.158812520596988
0.165696651436229
0.125920844513503
0.206379583673751
0.207136918981166
0.161043110819317
0.154281149797059
0.19971780534937
0.143856659354774
0.169604768481424
0.170000784982203
0.184478026827308
0.151324761507281
0.186601872057468
0.210894377612667
0.211450774605692
0.204125820545522
0.152316763991996
0.167548371402892
0.180539507219696
0.148270811852929
0.159787524605496
0.205463911508142
0.130571791124157
0.131805618619174
0.175156598625792
0.18007594632132
0.174134746933214
0.148646299264688
0.17143738961069
0.132211789916787
0.192827147022962
0.188995129345011
0.226795201801622
0.180901539819543
0.168244118466123
0.130941584062623
0.20080668844061
0.141875917496797
0.165150465339346
0.179112052494538
0.112437073397518
0.13508397952163
0.143508759903736
0.189925476817734
0.155176955876957
0.170975054943151
0.177142640082474
0.167929814816902
0.129347025630716
0.165337055790957
0.211691164369121
0.123368925372163
0.134251039879119
0.195954394942535
0.230882548124649
0.186706010996254
0.129272929196651
0.2036908950452
0.221405712041074
0.185305328198086
0.191924600132886
0.215744641984263
0.1869433673804
0.172636615269302
0.149929689130615
0.190907943827495
0.155532909882345
0.192755704643942
0.175042870759163
0.198068745451027
0.145390643278437
0.208823792296273
0.161127339337854
0.179860017050603
0.139775267465324
0.165373295961222
0.162036883189738
0.210626263528556
0.161249850099153
0.137668481869622
0.162027155549936
0.180745454891552
0.180658399041832
0.169983835483481
0.134444607563051
0.155939724141415
0.167265919150108
0.208140103495637
0.16942403163555
0.149752966491431
0.138461854152469
0.170322462582891
0.142725501993169
0.169240857663145
0.125775436672623
0.184904946951774
0.154648956886429
0.155772143565606
0.188647289602142
0.157035899323561
0.186091765578197
0.188415064497404
0.171170944418391
0.144649872772387
0.133528262586401
0.146648886788675
0.196520836796466
0.181726916678958
0.193013300282199
0.219171103971285
0.205610048956867
0.100754397196481
0.177805306977044
0.192725067058211
0.186968500973173
0.235219300286509
0.21075430742145
0.203911542529743
0.199827793316455
0.229851765756677
0.177087069902348
0.197041905828709
0.190540143432589
0.220870237942556
0.16758198594817
0.179897363341883
0.180429688871804
0.166296334806646
0.21387815143725
0.17116389358227
0.168427292137764
0.177627463430619
0.189128693217977
0.13831676498298
0.166977553000975
0.180947882709478
0.232804398530724
0.20318546079548
0.223824433745308
0.206405782312444
0.223203318626244
0.147778339746655
0.167120585838525
0.213803724134443
0.173314564197532
0.15266029957359
0.200192955629899
0.187769088699352
0.155878445760683
0.203704832053409
0.257378619626876
0.181021845288227
0.179835474593094
0.232134850020931
0.215122592970383
0.17801775296991
0.182693060750782
0.175067282075076
0.173351782056587
0.185008435143218
0.182379808147555
0.174920063177266
0.20665105605
0.21598395602142
0.169834710377818
0.190117777102452
0.132917187024242
0.18187266849821
0.23536035967478
0.169424739405849
0.236217426641167
0.189567280815495
0.230628969397892
0.176869295619854
0.181611737529453
0.175648628028526
0.172423495776652
0.148664211787326
0.180232913440665
0.176862063423858
0.176916130236024
0.163795893026401
0.217418619664296
0.169674462925975
0.209413035642596
0.162869004555085
0.199168631561587
0.182782540668186
0.183150685696686
0.203853860355088
0.144783109376203
0.20479985328168
0.163518518894608
0.149935705323335
0.173407765267195
0.179765034218059
0.17638145906196
0.161495018502649
0.149078543117072
0.138546529525681
0.184985911455558
0.190206250272312
0.187591748195011
0.179876520121288
0.233720936569545
0.162144464303614
0.175570472262559
0.18457328148794
0.138152755832532
0.154317257803562
0.173791082528467
0.176314688494826
0.203720151401758
0.169755338402025
0.19301504666339
0.221678558421842
0.193902752614731
0.219016798487988
0.172140801797521
0.211485598484517
0.160348241544766
0.150842593997447
0.114460020929425
0.164578008333116
0.196072024855277
0.20661872223202
0.189462400924302
0.189967342395566
0.189781105010688
0.171007326774474
0.234870687748366
0.200782062688166
0.211506964550335
0.203446793150415
0.168234625295726
0.182953452959752
0.193315462253268
0.217641823149991
0.156907099014641
0.167137782537181
0.156184122810014
0.177569907497457
0.189648850795629
0.17397326817307
0.138869995182118
0.198077351204848
0.151710685672303
0.194395282415164
0.169661883484169
0.176143225929305
0.201975895928906
0.145880477924048
0.155066420270424
0.176134613473631
0.244503881049311
0.142022169426011
0.190263280221139
0.152934436630241
0.16642121946795
0.243985864372011
0.22360860086075
0.212081995260483
0.202803997631413
0.199205858547053
0.195249024310948
0.176478933413719
0.183775577435062
0.161867821771534
0.148213061714893
0.230070833264089
0.20199848872217
0.211451307198503
0.157648326999484
0.178471458431572
0.174764366245373
0.197192597843483
0.163862705872262
0.205699246361768
0.184019698607842
0.181796208850982
0.192058267861787
0.140479639666199
0.223022410743974
0.210072247942598
0.159008446985304
0.225168049688192
0.210817225740487
0.188027570945484
0.200977958074924
0.182612076912721
0.157285878870421
0.244837173975195
0.167779140026251
0.118059375854549
0.171780390425948
0.159252201721764
0.176356588499552
0.189643823532627
0.227775215317662
0.209174456820297
0.170908725162421
0.237339007143168
0.194944826470811
0.135655672004428
0.140315649746765
0.196947874137472
0.166263948422168
0.20886235008533
0.188119756978499
0.185711385180796
0.183356180867752
0.160055222405034
0.190244534760783
0.162252424754246
0.131533429542743
0.21271908274675
0.193447594678654
0.156657956352809
0.166366143868092
0.15314849367303
0.18001453221565
0.151081946998729
0.153535372479476
0.177807900061887
0.189643950989159
0.167072861153596
0.193750753828953
0.190653762993609
0.183701394067506
0.165611308579022
0.194487640620596
0.179486152157423
0.144596615555539
0.154838399212227
0.197678287537827
0.130416332688654
0.164494068617369
0.185585432226216
0.226422688998277
0.207179096997343
0.116223771742125
0.207986969362635
0.166654468342507
0.156975484409385
0.171627964087975
0.180339751684925
0.221271574377116
0.245773282561059
0.236543811400179
0.180084613645889
0.176243287515484
0.172906779123775
0.140317020734042
0.159393378995109
0.227734187819428
0.162610032799732
0.104825207903272
0.13725240381211
0.188451861671011
0.147966069871324
0.163099195404181
0.145447740936868
0.155362603250364
0.139272442767559
0.116166742498418
0.154039543700199
0.186084727898567
0.204415704538007
0.154410516631819
0.200511048926873
0.168397171114316
0.221005673791142
0.224475375951368
0.206059049143727
0.123829518676751
0.174514454517157
0.245631738436672
0.185352821223618
0.15036908914183
0.192682629970002
0.174899223499918
0.200271678033374
0.141801331266536
0.160787447346456
0.174791351188238
0.167123290814989
0.197468529127885
0.224607570359258
0.221982439011623
0.166344623171454
0.154913527442512
0.15507714522298
0.103737030586211
0.181844934751564
0.212176249368235
0.166114374192929
0.155925636331605
0.164036074606288
0.190354718309194
0.162033879493222
0.164451379132755
0.144625822341546
0.108752382829126
0.142448755979906
0.16167879236352
0.171399326734386
0.185730103539564
0.223757397215153
0.209443364606663
0.212941959227126
0.246762243645177
0.216487870431773
0.19698086879056
0.217306801232836
0.229732622210546
0.16412746889512
0.156429036041792
0.204624544191532
0.182076214024756
0.135460725335853
0.153050872388325
0.209814346922487
0.128727006100496
0.182227238960092
0.188294651611489
0.147256896226587
0.177549341335249
0.175429544082022
0.165661559014697
0.226341401230962
0.221854614358591
0.186471729220679
0.185179986352694
0.161562782850758
0.130163017770847
0.151156411764
0.241895595688028
0.158510099617495
0.218062768461401
0.166443597718646
0.189803134349553
0.199213540536429
0.141229487804397
0.141366304089968
0.179075435430559
0.224196555703112
0.196608550619595
0.184190297694638
0.181483225649447
0.173009992951612
0.181004976202524
0.22011509974606
0.189489621280708
0.178125530443306
0.216900140490684
0.169576508169192
0.221457248289402
0.193212636665615
0.227742217107
0.187665648184485
0.178180971742751
0.177263568672043
0.195202526666526
0.177465391166336
0.167796556759845
0.189687831977174
0.173103368273776
0.201781569502024
0.149396474594743
0.185703944800566
0.183807607434698
0.196132602581015
0.210014584514068
0.224318263915332
0.212995005993362
0.191493250279726
0.217227092622787
0.221076626574506
0.165506996438719
0.185859968149354
0.167977913024231
0.180943840365788
0.171794718039499
0.180286942047262
0.134190730656875
0.182242022137979
0.162817776809774
0.221077379510338
0.18481775872136
0.17170889319346
0.202714028705907
0.200750967029133
0.21687060454584
0.202631160811107
0.142190191181633
0.180981249485495
0.198832223013693
0.150437162991946
0.198894453035426
0.172529298052691
0.177415803292958
0.157818959599699
0.165146393350084
0.183783398099849
0.175224343640705
0.159285183905281
0.177600412370198
0.19780230131797
0.167220636923468
0.157583398627265
0.171935585665411
0.222026139724673
0.175020501701105
0.192786835076445
0.186197688720572
0.204436842412092
0.169302533250236
0.182854067847719
0.172015756499266
0.148845621842659
0.235753106930182
0.173233003754319
0.189499116262308
0.150282262740802
0.226570977483684
0.150646660432006
0.165796929335376
0.224603061830389
0.245556898565508
0.206957200251287
0.181540165753733
0.189157320643401
0.173458068978856
0.137060670310845
0.175429821358407
0.174481797899419
0.166921820365943
0.164138763017738
0.190047232342191
0.158537149874386
0.202547889830212
0.159314138015361
0.204103350476594
0.166284912921178
0.131555490261124
0.227274950579149
0.158766207467864
0.13931104776925
0.180409654463557
0.14838974269322
0.224414638445727
0.203406935344585
0.149425149386362
0.171236958942663
0.205350195997813
0.144462360074467
0.178569020747844
0.175110682919206
0.143319963098203
0.196306053119156
0.14179885203777
0.164851028332903
0.170860132977918
0.160154984503228
0.187288520550631
0.14054291133959
0.205210886458221
0.203677020460961
0.141964049625881
0.141173545161574
0.186245442279347
0.202289926775187
0.188371180481019
0.154223264172944
0.191551861600293
0.189189200357626
0.185222297931515
0.193401393608437
0.144387567298584
0.222413487111471
0.142326660329514
0.171458847462435
0.155303457124096
0.140950818774235
0.199518589855098
0.176252299819998
0.138789505573495
0.178143975617713
0.212625439994523
0.219050294482894
0.192323377254984
0.162055346037128
0.226505217161049
0.232082457429533
0.196598419241011
0.16274784921106
0.189034081199438
0.212565200488718
0.184276644129793
0.164517708524337
0.213877400304524
0.178298955731174
0.213560299517148
0.1847291898236
0.188641165204412
0.173433730825127
0.139710662224044
0.185026057321832
0.156825236331325
0.146428821794608
0.181160129091279
0.140101738894152
0.148134866829321
0.184285836073578
0.189054774512502
0.176526812493391
0.149420178179533
0.219300011955407
0.211383992967926
0.166292255352497
0.139935985129477
0.191418468466202
0.177611542370105
0.152456704024165
0.206382899661083
0.130591741446701
0.151167904098079
0.178838216968739
0.194607678214804
0.191000590242737
0.16144384769395
0.181047772243004
0.167649494924957
0.193191184827015
0.155302736834562
0.15515150470933
0.198699810677413
0.184117250628943
0.219522914715826
0.184641765182601
0.169545670005553
0.238304110854591
0.199468552948129
0.203591625187756
0.183803543842848
0.205465329102619
0.220106623121718
0.170195581072664
0.265241321413005
0.227086797158659
0.156065729519183
0.142462867199039
0.173411006929275
0.199840664302447
0.179044454440574
0.151988376192225
0.202204583730414
0.143162985563512
0.222731614543414
0.203816144261009
0.147509092466124
0.241303806368002
0.19365408466326
0.172013357517682
0.177699018558436
0.219458092066118
0.164113798995095
0.177167202411282
0.189702367207783
0.208229226330802
0.21854522035506
0.223638373377734
0.184082978735667
0.156335843386409
0.184531607111168
0.207615927457743
0.230471084005478
0.191239477482278
0.212574026966187
0.144274307253805
0.221848946651644
0.229386639510927
0.156086687860799
0.161263981297607
0.20712809932164
0.210421384734213
0.222192413545555
0.158552281284606
0.145208948015989
0.173337025256922
0.18521571065281
0.197953992477161
0.22178543179107
0.160229360453316
0.218421351623969
0.185940454306809
0.145347934316514
0.216683660461159
0.169685908029671
0.200839957062341
0.19449840921575
0.214854182996349
0.176661741629768
0.210829145553603
0.183001384761499
0.186710106576128
0.184722033434885
0.145914062891427
0.207618246094349
0.183318981943902
0.216170594800896
0.133053517464651
0.195276695299587
0.160095402304714
0.197352034906927
0.177163958211379
0.200064411576649
0.20450213815819
0.198654600664925
0.208871296595984
0.198700408528545
0.230957041180092
0.160898724437668
0.135781319931082
0.216213161564383
0.146966846635794
0.223759816075341
0.186392641087802
0.180889554234085
0.147433009371857
0.196513728769459
0.196442518517184
0.189966043835565
0.170440066664167
0.185697933329148
0.195971165346843
0.139413512282876
0.188780874815568
0.24755544603149
0.207543300456258
0.235582480111815
0.171502062485167
0.200663928283541
0.203003926520622
0.166474086736297
0.184461145117218
0.143728673149428
0.120712873485248
0.162417189607228
0.181296318367425
0.138034474478201
0.153852728622424
0.16923911573636
0.145174276766181
0.170717579336513
0.199673875682473
0.241410844854139
0.177880367522023
0.17679368868692
0.173306463070424
0.204769456296346
0.215363726464601
0.194211714307496
0.138722307928776
0.175610490049485
0.160955834126638
0.204773358091878
0.142435952089765
0.179636398486912
0.209861518740677
0.190122471395653
0.142465359487574
0.155160270123011
0.185088552928914
0.181429001603692
0.213871945902705
0.174331409129905
0.221806898498213
0.171612826967219
0.185854741830126
0.181021027758083
0.176801321272894
0.125932553978906
0.151188951123752
0.212988549311205
0.191103386185671
0.161679549141769
0.173733544217308
0.173527108998121
0.164246195083438
0.16789916877938
0.170466534532243
0.201560402585463
0.143012036577816
0.148539276223893
0.166932533156754
0.193366427280271
0.160252673850288
0.203034672460452
0.205967429088203
0.163633553769267
0.131073673269522
0.177811249308397
0.192141881278886
0.229426117430478
0.1683604963012
0.209785043669994
0.193231996510719
0.197628587781622
0.173926999898138
0.167959077470195
0.227590938265774
0.206585549202437
0.203066410797503
0.193458627908732
0.179427083979964
0.226754667392985
0.195748866520442
0.194806084209524
0.209232410447848
0.217344074911482
0.168097379114937
0.155648988672236
0.121640824362923
0.208578747804677
0.191736628754305
0.153388871546375
0.182512081777696
0.200011034676884
0.105974764102906
0.204444427510994
0.204144402948785
0.165528863666891
0.209387875752133
0.224264917379382
0.206529226660819
0.2088379111744
0.212734904181672
0.183487191507291
0.20332494269423
0.1795673142847
0.184219049973905
0.180003790518316
0.173941427848076
0.145030566820098
0.226330440463507
0.242057995554547
0.175804759997944
0.200694000357803
0.22995480965661
0.2250125621243
0.218533456244975
0.234429456114035
0.202328687565447
0.174348902646339
0.188912430895651
0.162410931425136
0.210207378282046
0.227498147878501
0.204877557046037
0.180786094758952
0.251546213561195
0.17979839439365
0.232706515276908
0.171321212832669
0.202613232845536
0.234195778306226
0.222220541336174
0.179999937879903
0.196292523719105
0.188664368865897
0.15722610418859
0.184085466085813
0.240337866635291
0.250481452347727
0.195744484411147
0.202256806057377
0.183651001130392
0.18284277532175
0.21790998060063
0.17730266966936
0.195601214815013
0.187473183633975
0.20495983283455
0.204363265977621
0.194334002661321
0.198086743801051
0.22486993052688
0.146337796271239
0.134897384624962
0.216736936929849
0.144947883276534
0.204713054443497
0.233664036999547
0.202414489484867
0.161530491842874
0.18354673960451
0.188631320707155
0.19545160798944
0.18651520256859
0.156786120805137
0.149032693416715
0.239918596690494
0.197763354763118
0.217824390803979
0.221567699299481
0.183917142598647
0.172445970269026
0.197426431837174
0.186628281553822
0.19286882464853
0.213190850946251
0.145979131556877
0.108104777435469
0.168263989392496
0.151161044267053
0.165758862963279
0.166188214667833
0.156358780110884
0.164747842030172
0.143193194845494
0.181790374118595
0.161527204327812
0.179490002363788
0.179397334905461
0.177267716105671
0.205250834016698
0.171393744782429
0.229448300250531
0.207197104426764
0.190820836780604
0.22099609472567
0.178878856872626
0.200521434995856
0.164875634788742
0.131087591734046
0.182180782220963
0.164418265313589
0.181008238034136
0.217471538005768
0.186654445769069
0.150799286559112
0.200460444642599
0.192678986725817
0.173046162792893
0.162792202412174
0.137143431710437
0.155833876099697
0.173514309835442
0.149339921950225
0.15398232257962
0.157672667254887
0.143216318757883
0.178224071840801
0.185988583747906
0.216753027501656
0.162209668156414
0.184505127216658
0.205959116175181
0.215488099290645
0.191604316188778
0.206852158169156
0.178784350389104
0.171862911077489
0.22698510683213
0.186414198800102
0.161442106302108
0.139818074532288
0.190349112411749
0.18798088417397
0.201313571993888
0.13567196111562
0.140839438864318
0.176628937598711
0.196837537878338
0.127043527692485
0.175716881571479
0.122298521590023
0.165490506739295
0.191840184210958
0.19482545545474
0.194026623655092
0.183034415960281
0.185823060599106
0.178200318448825
0.16928517526926
0.18111908389484
0.178782273058193
0.172343645286024
0.146774838048633
0.191678954270646
0.193700677189349
0.163218898600017
0.207693138047849
0.166308018967747
0.20618923764208
0.162086754698217
0.170808107621147
0.172220087387171
0.163244844785541
0.219923601323529
0.132642273496941
0.217018084298268
0.199536530541282
0.156534794667927
0.138834542066737
0.199944837691298
0.185027844058359
0.219041315154011
0.217256583580276
0.177796454261795
0.177972775048523
0.15488762461723
0.153308198567279
0.216737510924993
0.175177787029969
0.19951363998841
0.191286648910339
0.176538703530049
0.214065304174954
0.206686251772953
0.199794843864512
0.182422592578146
0.162987681955881
0.18351338188676
0.176516366875055
0.189816395638952
0.154559539474821
0.215305359632436
0.200656643421007
0.203032133749665
0.162094556231005
0.111450670699619
0.184263183801374
0.163843992794692
0.181351588050743
0.168812728513594
0.173631692060549
0.139867572830506
0.201664537689365
0.170841998700679
0.207076458769741
0.205615458182995
0.188009606121379
0.148944069489445
0.177595628530337
0.172979920430335
0.158917975637317
0.195250436492038
0.156815231387317
0.180201810641899
0.212288032178389
0.23029487441165
0.142248225254914
0.191256089786477
0.214405690327552
0.22441294281548
0.17705149203389
0.19181588164765
0.187478869257019
0.176736750778707
0.162250060062037
0.189105039311703
0.259457813227303
0.217687856704029
0.232019009096391
0.194792965962773
0.210915608570509
0.170377202949384
0.191187211781468
0.171566226471606
0.200140555380212
0.181094221291178
0.174583788758668
0.158330353084821
0.195760247665826
0.154962627488604
0.14391601162443
0.170463421691395
0.14982163078633
0.156608519181572
0.233321637649745
0.201489317424522
0.14242260533933
0.210989977332076
0.220538604584931
0.201682616839646
0.167839049529697
0.224431386401299
0.194393123401843
0.214506457717704
0.188835424459846
0.153419627620139
0.183047220441376
0.183077898716058
0.205732971434231
0.199405543494593
0.182323495947457
0.103404581545946
0.165763285825896
0.127368697284619
0.147319031461402
0.141547801070814
0.147938537217247
0.131611481748339
0.194681590907438
0.180731631419769
0.198309168983846
0.190009495914322
0.190198742885449
0.158547301841654
0.152701252469213
0.140600497827222
0.188459968021826
0.213119494489447
0.213152196683568
0.170985711985137
0.183479429037392
0.165100237809285
0.213975704253956
0.185141384354018
0.100935304226858
0.200829238019244
0.154412560229539
0.204194138285068
0.15787007371811
0.198004803165398
0.194444381047503
0.206004489526375
0.214378813851378
0.179805894822025
0.154106308786587
0.193232003885684
0.185820780105705
0.170634432245497
0.166299942261173
0.189823740281376
0.158217654470028
0.14859217676162
0.156383570032586
0.151024860876342
0.216768834832029
0.148357572921331
0.203278163522743
0.177476482311402
0.20945464004156
0.178510139197889
0.141513239176335
0.149182510348014
0.224135175531952
0.17423701845666
0.169089278144356
0.171229055647651
0.16669158783642
0.2049900849171
0.189372944823212
0.195329070741896
0.20348712962383
0.271638212246961
0.196668119493955
0.176780247393124
0.202077756262084
0.169238425911243
0.159761201753316
0.214581236166382
0.150508092886589
0.210944998391929
0.151427494709676
0.195990620104204
0.203250963757016
0.212037561804482
0.140254676905167
0.192655612385592
0.145641855236429
0.120945140054509
0.243035954372956
0.162999673130004
0.157042111843633
0.179486074028308
0.198298057675778
0.170092009923084
0.16027122084444
0.179346822617576
0.177722223969485
0.197959450844965
0.162082296929658
0.195882363576506
0.178495527256208
0.139370711679756
0.126311176322584
0.19879224802421
0.16845236704222
0.224864272128993
0.209688816317704
0.200338686972705
0.2074762123137
0.16746094103613
0.195453888632017
0.190026800724983
0.155793149770301
0.192213985174781
0.178210245758941
0.218557571674104
0.205455135976846
0.193276111665855
0.186853347139933
0.169205353311587
0.155586562242613
0.173992038125553
0.177059200805454
0.186480085450685
0.159815604803512
0.214523210850221
0.192156876076269
0.176372138489614
0.193125024629874
0.174352606503023
0.228682875542361
0.143589032802369
0.203833216461004
0.181709221231371
0.205206161655692
0.181973142015667
0.156781318908505
0.190043795769554
0.210482847883476
0.179385984062156
0.17973775963149
0.183533679650933
0.19311292793319
0.111705587301196
0.147654201922854
0.200395012946123
0.165314076957809
0.148245669088284
0.219539786390737
0.181216806942599
0.180181574471351
0.139963906285362
0.173272846191033
0.147894128500295
0.178493306410831
0.222030272531016
0.181581199210662
0.183967562198749
0.181288024731906
0.175139414477339
0.149397130362153
0.15881542740881
0.162352246970219
0.238702134045911
0.210375481719489
0.206428486799783
0.169597261455279
0.101956289982992
0.13951260245438
0.228343898542868
0.152661252896761
0.146537210999532
0.163688837826789
0.148355657045725
0.16825059141856
0.167862769129707
0.180803168519053
0.184692889590455
0.181085970546018
0.15394838733951
0.216348363088756
0.160240743403744
0.150604094214427
0.220945737378795
0.180143744922177
0.168875677765692
0.181870361469793
0.183728792853133
0.200693864122952
0.246354419273801
0.150423244928995
0.154798525007032
0.158687019952228
0.17930986224503
0.200309316920411
0.170896625360698
0.179027830873776
0.133096161876525
0.192721632080337
0.194550042323573
0.128694579936691
0.198320556552364
0.168697790191455
0.208387741429631
0.184410773687148
0.171828514464299
0.193680700749941
0.222331412056453
0.206032408840576
0.220388427339101
0.217293471866884
0.158768950392262
0.184148414133788
0.224017817798951
0.175111101628299
0.247325902669439
0.111162055944144
0.182491113224452
0.201876519872653
0.191038707718998
0.206648490770127
0.15942354294537
0.18782297349822
0.166448497382031
0.165414321884883
0.158376649191722
0.224557152033119
0.155490850874091
0.206467260332359
0.156147881329886
0.147354296361318
0.199245566454618
0.190173503811274
0.203673464527735
0.150954441837982
0.145943447068693
0.197710208902068
0.223242446839433
0.208314826435496
0.172234524984109
0.203528615408302
0.219427148089503
0.18280195096632
0.142966456934139
0.152787685013966
0.173277252288386
0.187993104679963
0.237611505654429
0.16641067803442
0.19293830445126
0.166284587284801
0.142189498262928
0.205870797132241
0.19535350061014
0.164244682962165
0.168885282055048
0.200426751127744
0.187726067614903
0.166686885594521
0.155038866390535
0.212364655164054
0.158978601143328
0.176420616817448
0.189526846298148
0.214879218073788
0.17585275329809
0.212258080612354
0.206513478400425
0.211556506352048
0.154518531686147
0.165530440104998
0.171752154396405
0.198068464734858
0.203786449203092
0.155570921982426
0.185198628275759
0.163698308080405
0.183320521976393
0.203553150168814
0.16482208757155
0.179224922847135
0.189692812121045
0.180624914193122
0.16431306209276
0.160393850475952
0.137265921896494
0.192376385871009
0.143648082067076
0.211227004077255
0.201866282609175
0.20318324434991
0.150246924400617
0.170823076372761
0.209290172752455
0.14255869399262
0.174336790861931
0.144275709266459
0.124783046471318
0.155591882607636
0.150670876545918
0.206525347503849
0.222114137174078
0.164763532248593
0.210346910383655
0.164921563904488
0.146541243187055
0.203300698401641
0.191467272197446
0.224647227725297
0.203640140300049
0.15823457430523
0.159139024377749
0.230887936752716
0.159586945498602
0.162490981675205
0.243241423033802
0.177574164333004
0.183276373769875
0.178868110712675
0.217162969864244
0.151511676363817
0.138586034562441
0.142665681181674
0.154316822609347
0.205393889361291
0.15884437662726
0.156988969567826
0.16683738631419
0.189035391404502
0.186987981675331
0.2025736444458
0.203115888472285
0.150581814448
0.231255698395734
0.194021353874528
0.164180588074329
0.176587504548971
0.174449413385942
0.181574812364261
0.178477925589655
0.164699930287615
0.167714449866262
0.154271184393725
0.185915089500802
0.211868996230719
0.189726260667823
0.192125799452304
0.179848217339057
0.153780338001101
0.128399898455709
0.204192173106026
0.172785259157695
0.182463800942416
0.13626422942001
0.189328719860302
0.181390652575619
0.170512435704208
0.18927866828604
0.213109357063968
0.146604789219962
0.205329905700335
0.14677271848566
0.223974959659752
0.168040269427375
0.178811323651786
0.164663924130454
0.174452422368888
0.184527860481885
0.202100291653325
0.149422911347535
0.133240522359312
0.183409762387131
0.205889822849865
0.234632830771443
0.188301251318309
0.20636198498894
0.217858341389171
0.168549758294914
0.207988838463184
0.198987381583982
0.218661960559894
0.125596662647796
0.189023473481206
0.138681015981543
0.137218942053565
0.181150971731193
0.169169953688964
0.174372726316507
0.186666913307098
0.155611773651723
0.194472420191853
0.212449484955384
0.151652340884526
0.213741905652748
0.164458439493634
0.161593119783862
0.25044548396861
0.212313950002996
0.159936290737522
0.20410239414552
0.16637377130613
0.181437767882683
0.138034981662636
0.209466522144283
0.187814220721351
0.172963943702721
0.124099245260191
0.149816176942218
0.1742735276867
0.186553830480619
0.182705027332568
0.187779071776879
0.192468764452282
0.163164045838186
0.180218118001545
0.185592784791466
0.164572300861954
0.165867994689622
0.168745784480266
0.134623801550864
0.184895894345004
0.20687755403955
0.197493251770548
0.158035945348018
0.143400954161768
0.162354887170945
0.15101567442877
0.139366055210431
0.186365676404909
0.188392611811747
0.157038713202404
0.212340493416254
0.201687397337517
0.187663723983389
0.184597185907073
0.179312044364159
0.124771830793838
0.147873034522565
0.117677345496636
0.175557922998197
0.149118080428298
0.165068796963471
0.231203358402807
0.215506777736719
0.150949506109848
0.162968851831528
0.161638019665326
0.126202223326189
0.14072094251058
0.210720065788954
0.145708594930714
0.174613309705643
0.164194392316554
0.15351477011188
0.17925324422885
0.174392980390787
0.125317271959389
0.162704483376369
0.194701807190811
0.179486009671241
0.15404596809571
0.237472605531945
0.185802567236852
0.199018395082002
0.193292868463385
0.208477983781848
0.156548235140317
0.178972015683362
0.164731646742664
0.143584270084131
0.153479242460991
0.168963382474886
0.200361029326319
0.189541329405118
0.149161398472037
0.144371275173109
0.23675848720169
0.18615815055202
0.189676404558001
0.172047454966076
0.165088673769124
0.155118913507821
0.184390630034087
0.154611644593471
0.134998800901212
0.150039782725885
0.162843884146351
0.177959572969737
0.176314739691104
0.187151828000746
0.191724230228195
0.189366888679082
0.151051590682937
0.217651268654484
0.180610922592309
0.18131423674706
0.236188943325618
0.14751027716584
0.212117854981747
0.203754920166561
0.173866723342513
0.140830485336038
0.219875735777734
0.183167247439839
0.156104700687591
0.1430640621636
0.213018918958407
0.140346227855986
0.208956356338261
0.161986314852937
0.179457628741733
0.198951431461021
0.167374220973703
0.180823747957833
0.211297880296584
0.206927618992626
0.171069471277606
0.160007102307788
0.204642339787547
0.150035971654026
0.180570933324538
0.201170202076663
0.2158612318394
0.199241744347757
0.19110626220087
0.191051215473142
0.154867505050358
0.150049273695855
0.161471279350801
0.176845418400925
0.162962945774214
0.19583441457718
0.184822950175437
0.165447387771889
0.163035241968084
0.144957257149344
0.235326270412606
0.215488281953989
0.173135344942836
0.18740575700643
0.222560563907274
0.189690258140475
0.167861814608783
0.208375258539923
0.159929673616243
0.154957084442469
0.124158874484513
0.188895073719286
0.153253261916869
0.256310631588846
0.174383179240551
0.23526306072817
0.148479435870655
0.180179907616876
0.188617311575056
0.208021330523117
0.201961521888144
0.235422993051111
0.182518934865703
0.202457841654236
0.184731800214235
0.195775993447748
0.16918306289542
0.220110623937766
0.219373631522441
0.160932384422651
0.202362037932783
0.153101688352298
0.135141511870065
0.145341708028689
0.16602210432625
0.197388669190296
0.180288363539078
0.183148225756313
0.207117106392316
0.162485914792951
0.178942667706168
0.163381957018288
0.196508615527202
0.149569613092451
0.189331023552741
0.172276712242052
0.173622993469458
0.136070981261739
0.1890527263685
0.161239173116017
0.154901394343814
0.174495078483385
0.214072092002557
0.206809945863506
0.178108334029076
0.189313033352355
0.195662531929979
0.213113219107821
0.22986144469913
0.202179715037063
0.189723266844439
0.191495073935788
0.202038462619493
0.184126260725079
0.163200430694246
0.142671268217435
0.183551463275188
0.166472847614203
0.161870311587649
0.215524585424786
0.131009752690869
0.205822117178963
0.176800546908825
0.170080025180419
0.155928201454006
0.144127715651715
0.164652977770854
0.174769404014343
0.178767679771585
0.152052714803175
0.129524701803644
0.17431913937002
0.12817885775087
0.203997608185792
0.165634225857373
0.154091490604807
0.140812651603545
0.208522342776104
0.173740945367532
0.195494619679462
0.185856615735036
0.161466454446599
0.213481244215633
0.158700756965586
0.185514341382011
0.195392708472893
0.146160612804334
0.16462857799337
0.186685331533853
0.182897559851304
0.104837151028688
0.164109250132795
0.189334604631316
0.152279621749397
0.106121163730825
0.187499846365649
0.222385156165472
0.120205417837454
0.203925339054719
0.171785810236963
0.137380294428529
0.171156696454668
0.149856625533685
0.128495197351881
0.133345785047095
0.206426940438856
0.177932358204465
0.189035150575121
0.182523268260195
0.188501115072507
0.232796630105174
0.177358168465408
0.223126962731461
0.198099157253129
0.162295355632029
0.204487288227961
0.151882490853576
0.16519486578038
0.186849245111515
0.21654233691313
0.157527024266812
0.21741966433315
0.209841705145919
0.208104214141891
0.171127844066971
0.214012156871598
0.171578673671862
0.177054400408215
0.202262663663165
0.188873072037324
0.210435886115531
0.222941801397212
0.177328571526421
0.171782964924579
0.185376565469226
0.190618228874869
0.198398326411649
0.159655601436675
0.209568058666723
0.176988958296049
0.165620157683045
0.222399074229387
0.179058019161621
0.163310206185011
0.193813455059106
0.188918852049714
0.174164086471592
0.120959986340809
0.149698415144073
0.178059226954128
0.118728323408497
0.192703304842719
0.20650301672275
0.187756565675215
0.147168237818659
0.168166264863884
0.21872169063024
0.168481123011074
0.130997357153551
0.155732510848493
0.171942003551189
0.212223564846266
0.133360387824063
0.135031111328018
0.204747649198405
0.19607248107964
0.15853461540432
0.154356635396355
0.163978179174894
0.160524566740083
0.231170476563473
0.196222160755628
0.156797722868787
0.168705931129455
0.151586910379062
0.174845397136575
0.172788414446496
0.232862110560756
0.169387091736424
0.224269334893731
0.141480890660405
0.187858478264661
0.207349227604689
0.149672829628748
0.134499160007984
0.206406268817053
0.17142611182716
0.205688152229338
0.144703555310783
