0.17
0.120629812826377
0.105037771070786
0.103376306248633
0.109360432753617
0.120488088513378
0.094019057344324
0.127857685983512
0.0933469758013176
0.102816288934272
0.102141620477478
0.0893864763677398
0.11757860737089
0.130646300551275
0.0795091278316671
0.0669003773898159
0.119876692425867
0.136392192395949
0.0997947693313358
0.110279019630646
0.10433049229126
0.108062129859454
0.0924146694309438
0.0913661212959179
0.0873177455254495
0.110641082455536
0.0977713098727702
0.0814786704228784
0.0930553589258669
0.124171680728996
0.104631123609961
0.122838227306616
0.120713124790018
0.10486138132257
0.0974129539356177
0.0819607724538733
0.116321966482539
0.137704612465889
0.1384578302549
0.0968372651441011
0.0826661805515629
0.0825235284782659
0.0937203117802104
0.148674695334119
0.0936103576590853
0.0932015003092036
0.112430361958085
0.147791702988232
0.0952851974415395
0.128913858486297
0.10387785472898
0.101925168385075
0.100947424684049
0.177136951856625
0.109291691696159
0.0976956158973344
0.145199838682466
0.101455891848061
0.0971561796216575
0.0963477385611702
0.102390551320124
0.0868243535380768
0.109257507994454
0.10285095086739
0.0995014100753578
0.094395017543052
0.0807494159308244
0.126628481997481
0.100360883427429
0.145653712498989
0.119550107656884
0.120396283784264
0.124913008139744
0.112326897272721
0.122787153300919
0.0793839659468977
0.0651854115331776
0.118570745226343
0.100385862190984
0.103822086494605
0.0765365470038644
0.0778573431892143
0.101487542068205
0.12122777746094
0.120068678694771
0.125476944398553
0.0771828902623096
0.0976642338071851
0.135265003806303
0.118175712522963
0.083077425876612
0.106222525472544
0.0886830768214153
0.101954524305971
0.106874824983725
0.0943219761886306
0.117866628399366
0.0848872698430357
0.095074014697963
0.137319769501457
0.116884136769881
0.133816938477638
0.113371488953073
0.107327445889696
0.0999328116240825
0.0949738631531548
0.0689606614018232
0.097766334798293
0.100477630321225
0.0707797548687708
0.0760416593561216
0.127808887346736
0.0835148733177116
0.107191146989985
0.0848671600709271
0.0881986975262159
0.104025892829041
0.128746689355725
0.117626987016013
0.0687577505129605
0.106430565232943
0.115320212688753
0.114349635546944
0.0851912544354292
0.117290778740841
0.114649573999061
0.116845072742402
0.0782298850622384
0.124263964328893
0.131413274467749
0.122853173687711
0.104810410055793
0.0885395212234865
0.175676826662925
0.0861658004173196
0.0978490941884915
0.107031680241351
0.118270437480233
0.104930637577714
0.0848025946491416
0.0997716435469095
0.114441710544575
0.0983030590606485
0.151878388770716
0.135121519565415
0.11786489518003
0.149311023494279
0.115565424379401
0.134863554884204
0.0884040208266726
0.110862033264413
0.060165905234438
0.0788164399940212
0.0859182810948487
0.12184287665028
0.0933808584528597
0.0805501346991405
0.0742418766634888
0.0988187274067171
0.10744685750476
0.129308219245889
0.095008707465137
0.122478223012058
0.134092163175258
0.100388295108532
0.0890381558860417
0.0896595711842596
0.0748356520168209
0.104881265028869
0.138364685871167
0.109524954233098
0.0779679940297644
0.079459849263596
0.123091211148709
0.131318791458094
0.123133271931955
0.107457878192076
0.0897275182535234
0.117613877000499
0.118560386975861
0.125258404142576
0.0792760334976664
0.113489892372574
0.108691423466632
0.0977313828481675
0.107682754699806
0.110520710598709
0.114265508853245
0.133266834007797
0.136537142774968
0.113958944342343
0.128540018791303
0.118038001108301
0.100026025051389
0.0637541320415816
0.131614598274678
0.131119719498743
0.147734666663437
0.098912332529522
0.085051070639677
0.0834583511855721
0.133601421881145
0.129233491827643
0.0847074217507183
0.188673819055741
0.10949306969242
0.0862306789440206
0.120593867540528
0.148489017572294
0.0990565679421764
0.0729851168253546
0.0967182027975619
0.0989866554468171
0.0683407120150266
0.0953806498739527
0.0938951520880727
0.0813321189525896
0.10988318259961
0.0986628033271048
0.109102150286858
0.111447903624241
0.125982259380417
0.0903530677101548
0.0900136543760551
0.132797234128459
0.144462125304777
0.127185142437126
0.11002633143558
0.125581134393179
0.112563000126913
0.101630864953815
0.108070417767509
0.104577380788763
0.0714033329495934
0.111968519043445
0.0758091541615363
0.0921884184204849
0.068043247972592
0.0865566808844141
0.139832737501299
0.0930936427552966
0.133106288434101
0.121630461299739
0.103477243600062
0.092007618616124
0.104376920921511
0.117432359649537
0.12130611312844
0.116973919456925
0.103243608968282
0.119875717187823
0.0836556858902475
0.128415895580173
0.0921269904127709
0.126913139163669
0.12141634498346
0.137427265959005
0.161157499136777
0.135544734924149
0.104964281991077
0.106373102950877
0.0863496448766202
0.104522446940938
0.0866172978074048
0.0797063367275402
0.144769768721602
0.0962467887619935
0.111093780879719
0.0956655421122439
0.11017675702464
0.0696076439328585
0.114341584014859
0.118179395804153
0.0842737332706203
0.101525565162306
0.136917455003112
0.0675034821628738
0.0959048120799573
0.0902943101685413
0.0900194796162859
0.072791037478219
0.100659768473352
0.100106756491505
0.103333843099582
0.100221650110881
0.10599740968059
0.0874070598070065
0.107861697561948
0.139030778090031
0.117705086780293
0.112005026343849
0.114959691269666
0.12428367702125
0.130449517057618
0.109495818694966
0.109764949979269
0.0679870409369674
0.111696229901474
0.132845040570081
0.074688963985184
0.0799697576567481
0.138895608040763
0.099100698389446
0.102544030434304
0.11404669329831
0.139097200387448
0.134919004971813
0.109910012575185
0.140004418521778
0.103215078208748
0.11839440815836
0.107906806063102
0.0742476282427454
0.0961072588336099
0.0972271677071427
0.0931911241453776
0.123108341295085
0.127271967355758
0.113558442308699
0.11595900589178
0.125282682060835
0.131029190041384
0.107147282701225
0.130136601693668
0.0994611456857613
0.097414894755574
0.0820144302896773
0.0729923221229897
0.100148408060463
0.0954518009952735
0.0909196789665187
0.0864005872219833
0.101804485767887
0.127095152462944
0.0746226741778985
0.110502699312743
0.124456907293819
0.0970140973420605
0.120943203237091
0.0873398422028673
0.115934432994936
0.123593564090267
0.125714125736981
0.0810661760777799
0.130933461603191
0.119260371282923
0.0935749693282852
0.0885239490265175
0.0971015677847977
0.101882580897922
0.0893477688679296
0.101103938801726
0.108698830143797
0.127880825907216
0.0941542147024347
0.107767105291623
0.0962072485800977
0.104825950443302
0.115518573213418
0.124989824511612
0.0969904416738251
0.137178201998564
0.106386459730931
0.118895741736489
0.124318536789139
0.104509849468324
0.103809245815826
0.111416105597128
0.0890834196010473
0.117622952170522
0.116111643923345
0.106291184706796
0.127404061118086
0.139437276558692
0.0905467703754627
0.0893798855435757
0.118373010952608
0.0770936286011398
0.0961641592528409
0.106214339951229
0.0978319524741363
0.114233543965798
0.127083175759694
0.0942283071296374
0.153876975697557
0.152483660351548
0.0930232785356443
0.130290766682256
0.10271367421306
0.0889419144020975
0.113683578830393
0.110219488700956
0.118653916946962
0.0815366644681986
0.0908674492703037
0.0866544946435033
0.138810204154861
0.110871382781629
0.0855996107808941
0.0787532537301574
0.0950198641850565
0.0725651224441821
0.148757971470712
0.105137806701528
0.0948390755901338
0.158939621937528
0.136189149477471
0.0934410921931788
0.0948496200081345
0.0976193593862944
0.131503038457905
0.0947352216733256
0.0950722280299755
0.14190095690959
0.0874687486104049
0.153244181457219
0.136382112448101
0.126508533364885
0.11378249671783
0.113626345758491
0.127853098415251
0.100553032830709
0.0868877033527742
0.109430579697339
0.0883712925966857
0.118047155915733
0.0922625914001062
0.126253613340163
0.102711999461704
0.143273300600525
0.144680232173816
0.117527305318647
0.0703416303531004
0.112344814835733
0.120552918787026
0.130056229075333
0.0975501302031481
0.13572313296986
0.106331445675784
0.0859372342555284
0.106537433453316
0.121159692539857
0.101636249178381
0.0917172681600152
0.150241839300101
0.151227949868748
0.0880530990192785
0.0864127500307227
0.155295948842485
0.113077923189418
0.105980634793419
0.0829508104626907
0.0947066297612699
0.0625849483231252
0.0952928702296054
0.129100386379985
0.114219765370063
0.111274563552893
0.104139647762549
0.108336938168855
0.090474233205798
0.113626377028987
0.0933768829875626
0.103186377631654
0.126966512670576
0.0950238119807786
0.0960631625551952
0.122157210395879
0.0910494545291232
0.0920226513258697
0.0761009710081093
0.129886087220262
0.136354717945568
0.163004346390158
0.0939742860093466
0.0903163269182872
0.118709324097913
0.127172049496871
0.0956513687026267
0.0845287435583427
0.0821294555942961
0.081955691861297
0.0974420701512243
0.105724910494116
0.0893225378401123
0.10474077040525
0.0839747447536696
0.137450373900046
0.142435306707475
0.0927742955667223
0.0862855983945638
0.0878413280400336
0.0976330377971872
0.121372493988869
0.0782146369051862
0.0916964212683947
0.109424502150764
0.144650944942586
0.108856531533686
0.100762217498356
0.124720127607466
0.124073128395483
0.0946889878896771
0.0728862215355053
0.115642548841575
0.0980740914851416
0.153633966323609
0.118140483130868
0.105688732600977
0.0806305448327957
0.122213413246436
0.122770711336532
0.111081956202918
0.115641163927641
0.124753233713898
0.09312377987298
0.154889504991167
0.140253274777768
0.103802912195112
0.129690341748809
0.112280164175891
0.126298693487158
0.0928885354951156
0.140986901104141
0.132723327712549
0.137814342842522
0.135047129739066
0.100001017787262
0.100407123021934
0.126731155961914
0.116606542041054
0.116962355140372
0.136975205263251
0.0820763813244622
0.139825409514096
0.108884784695467
0.0898015420837852
0.0979674433010965
0.104256542180962
0.0933828959337927
0.113426419152087
0.123455237969175
0.110494719418553
0.0931532976670088
0.0896967183893954
0.133789292957502
0.0869367322622676
0.100142173515053
0.106529848558465
0.0885231544305714
0.0967153507710198
0.104222376634727
0.0919410118295668
0.0939148951791547
0.11109134251978
0.0944135468178341
0.141026122009349
0.139222212110228
0.10823070263165
0.118572645149474
0.0732696026474107
0.115733077532042
0.10826670085272
0.138339680974262
0.127532337299398
0.132254143921371
0.0985828054460415
0.0854068210917914
0.113410787473856
0.0989235615723349
0.099510966202552
0.132686948819656
0.100064904490998
0.149992440523204
0.107769719566242
0.109849709423561
0.0960807183910428
0.0929104441833709
0.0976553189290741
0.120632254794854
0.108611743338572
0.140779977254756
0.128528913639368
0.0912976503695364
0.0864422527184936
0.141660506801615
0.0872708691558208
0.118137956139754
0.123154398502153
0.0998880557502578
0.12578746529264
0.0704051682039154
0.0976395442547031
0.105284245236145
0.0850853240847234
0.120945254156605
0.122828594074109
0.134220629433321
0.108404405874375
0.121888187935981
0.113118133759335
0.112928355933605
0.140003666140853
0.0982474538810415
0.15759226379241
0.0907171880470483
0.102787025003172
0.109474402813974
0.0920690679056783
0.141839205869051
0.0899835683523187
0.130259081899382
0.133513425303893
0.11008561577819
0.112649791512334
0.0995571227422062
0.0968090034967302
0.0840908703043115
0.10725406218089
0.099979279827792
0.0850521605547016
0.10854581981546
0.0999166779887811
0.0783086773411174
0.139327724454383
0.116818190890906
0.0966045418656096
0.102781516416332
0.103273054886853
0.113071948128816
0.16278066319639
0.131212595968168
0.118999688703184
0.0892087182753124
0.147156493927353
0.0905055514354832
0.120328400940565
0.119410154017748
0.141905106690273
0.116318341607113
0.107037748685743
0.130923725783702
0.10725837495384
0.108548916911296
0.0690243489822024
0.116267439685698
0.127589250060523
0.0792157398156322
0.0975316658954768
0.108464013294319
0.139508094385304
0.110926948209068
0.113481888402584
0.109706537500718
0.0981126741529746
0.11566079346515
0.12354254811266
0.141665008241879
0.14252711606684
0.12659798098077
0.126817544990478
0.137118509396634
0.121210717585201
0.082389690001298
0.157180441048953
0.106806314949047
0.101334652384668
0.105485366507591
0.111769684440633
0.0677609550158245
0.108836976909999
0.0730271539138982
0.110045848048502
0.0902728092755553
0.0882102917213804
0.105153592839578
0.120916276209795
0.129758259393833
0.129060040793426
0.0979509658242161
0.0931916111467276
0.138798002144308
0.0750050010509248
0.109651383930847
0.106031444452446
0.0995140270442905
0.146266351924481
0.100422080218023
0.11563855948279
0.100580806687322
0.116225956372349
0.141346931329828
0.113597912537671
0.132823284664982
0.106583043282082
0.1112170527698
0.0907139909022245
0.0834102245817944
0.085445509910108
0.0984438152338734
0.139078855994688
0.110850175913166
0.103844178977088
0.0985482820614138
0.109670605778398
0.103234789753658
0.0753962511831618
0.0772165230284697
0.0796318549768412
0.101440537542372
0.0736108729482323
0.141288172285824
0.139994807001813
0.117652185359531
0.118980209496579
0.0993427903860049
0.126620641958727
0.0976408546157727
0.0777416294920221
0.11389864738554
0.120955470866941
0.114612215137816
0.101487371512502
0.117104330136312
0.120646151938209
0.154777693015176
0.166411100220575
0.0843369489301668
0.134237104867519
0.122131604208262
0.0874121081563059
0.107865679366104
0.124270555918024
0.105108560507657
0.133387892611734
0.119085835748685
0.121999093685045
0.0974374886643721
0.100471496198692
0.156824785825184
0.128759164867712
0.116006933918429
0.0947740134532105
0.0939004364880134
0.104601455689227
0.107539630192766
0.0946965434986423
0.120927340736268
0.0909447995952228
0.0935704434427831
0.107881935228299
0.107883277190996
0.107726653009546
0.134899597798208
0.099671023498434
0.087377882489923
0.103176169124255
0.14112686810784
0.0985844579442478
0.104717981143352
0.0838901445758571
0.0964258007378376
0.114164584777018
0.136696582285349
0.111313865731914
0.132848416646587
0.113557524925158
0.0899439635682504
0.113942272797122
0.0714944129238524
0.131126986376255
0.138170284410454
0.0941532533678069
0.117992160295543
0.160012062087712
0.105414333196981
0.0819991147108668
0.104478947486783
0.11850285570461
0.10421256234507
0.081744714647677
0.13240760063271
0.100761071418824
0.144342302902365
0.0904196764345661
0.0855399062791819
0.117056860504441
0.125737289707256
0.120446152800246
0.0895001038185146
0.0947123039143909
0.104486056802788
0.0831942951760017
0.0975041148216951
0.109903747973933
0.138187137175122
0.122506611819455
0.11650075691232
0.0672443292908305
0.115007417049078
0.136811200409531
0.0849477377860415
0.104903251660763
0.0798821925229818
0.15083462267602
0.0873030010430375
0.132024612610747
0.0833365238506357
0.0951769455940459
0.122397837387678
0.117779659444126
0.0935895547408548
0.144457283068056
0.13158232297523
0.100911453481779
0.103841504334905
0.105173051208644
0.113716410021107
0.102183656619935
0.0828651950056318
0.119479697817216
0.120096499650759
0.106538808188421
0.12139399087248
0.119168430907034
0.120951652755141
0.132496006466835
0.122075261809498
0.123083779055328
0.133131836121449
0.125027243882043
0.12777078754646
0.128335439690589
0.0817941058796686
0.114432821382863
0.0821563840885774
0.120171401309101
0.095523263999414
0.118159771506402
0.126653851332652
0.134767083429968
0.144674639133403
0.130166300098778
0.149683932856862
0.117568267035274
0.113809877221721
0.100760220030932
0.0724793180308124
0.103675394808589
0.101534613565681
0.116285758756416
0.11321050750851
0.0701991194783515
0.129441681224851
0.135375959768255
0.0999069746750982
0.0897200707335478
0.0834588883764502
0.129199832101667
0.14659293729802
0.125974564054334
0.114517874957565
0.113308261321688
0.097857240874732
0.0803343279847739
0.0856395972328343
0.11830447102544
0.112398842266023
0.081722446348776
0.0943814184113561
0.082659272061645
0.112756010606998
0.109083952548099
0.089360632537954
0.163989294083551
0.146574031411767
0.0766296005650674
0.104031986839501
0.107641457531458
0.0869719761146504
0.0743340114648253
0.0795003985388348
0.133947665338802
0.0912726834702243
0.0745930688594466
0.0682603720274365
0.116047453533908
0.0813364215461484
0.111498326719591
0.0982212371885526
0.151919036307945
0.115928109718256
0.133002340655348
0.126115210458986
0.131633974590932
0.119111061685893
0.13681993406888
0.0824755884498109
0.11715937973689
0.109408178651028
0.101890805811977
0.0945016278620152
0.102399327226107
0.0993768600987899
0.0725771175361331
0.0830266711757385
0.0879032695791515
0.0866585050361408
0.12151694756788
0.139258036367922
0.146535546569631
0.121499679215602
0.121547731482542
0.117013951113891
0.128521135042719
0.131181680920613
0.0704147770206051
0.09588446336981
0.145611894982472
0.106511854646771
0.107428102505107
0.113355484898458
0.132349925869211
0.100379610979643
0.103064371013973
0.0738532596490053
0.121871855788125
0.0816055517456603
0.121623284382641
0.125242787647933
0.0966888823950053
0.134820911001122
0.110936658442026
0.165406853355067
0.104113326204682
0.100555989955783
0.0967171038261299
0.0948164652461496
0.105920397105706
0.0948437935867517
0.0963384876286472
0.10180153497078
0.118248125095198
0.0944486661628251
0.0943129172678863
0.122957634940812
0.155751501307725
0.132265021121472
0.116188932284005
0.0719640145054104
0.10550427382046
0.101985583048677
0.101980901002042
0.0878424870932826
0.128654431351357
0.0954475679439681
0.104865205053199
0.117623196261343
0.0999891048463387
0.128051610759153
0.135305665002601
0.112702695413403
0.105279086679902
0.0865236795546063
0.147101414751597
0.151647913551556
0.121706468687373
0.0852397004829264
0.101747204571484
0.122151640727427
0.121651521098342
0.105236246453263
0.154048680214111
0.115308296934765
0.117797813339519
0.140914386833488
0.136161417787195
0.113030509817888
0.0933414763662326
0.104406686732054
0.106046248296068
0.159333332466336
0.138730832723762
0.170616326420965
0.0984859525458976
0.080840408708683
0.143523049531547
0.108646825077955
0.108407136485562
0.123618982032369
0.122602614499375
0.114627033127561
0.0938101558044166
0.139286587895734
0.0913052641330326
0.0906072127313483
0.113355207923046
0.111340678113574
0.14425232183952
0.126319918692911
0.0874526168551429
0.0838676463949028
0.120865446684815
0.11538963930906
0.105723267063205
0.117340413208084
0.107271817103526
0.0582669626785325
0.0998791016128624
0.0931344384115073
0.117667124210789
0.111186463370599
0.0996353973043735
0.093807077606039
0.106628019922197
0.105312237266582
0.131999974952623
0.101360950420446
0.0848119308828378
0.104392748420539
0.100196399425905
0.116626360860818
0.123024963658866
0.0795957713828249
0.12945141893763
0.139227375119983
0.136186064133381
0.114260614319887
0.0843996594216007
0.142283628348904
0.097564523898412
0.0852069994263182
0.0717892918355904
0.0816673492988602
0.121643443969289
0.100433184400671
0.108167363180215
0.0904147118522543
0.126844637326349
0.112375306486773
0.0914967267735396
0.11920841267976
0.117395898274113
0.129529736505915
0.0996177646407161
0.12458802367736
0.0799359831776246
0.139595487918972
0.108964655734932
0.140924904099742
0.0818025926629504
0.117796560882293
0.0934266791402985
0.127749633833208
0.191458194606658
0.158977995031662
0.128939039945467
0.191465531373269
0.143903354665542
0.133391166279093
0.124921147565206
0.131312513240582
0.135699324472653
0.105259955050615
0.131679163552793
0.104810169046094
0.122891173943749
0.112208249839658
0.0763747436786985
0.103895653758839
0.139141433299911
0.0965478443780159
0.0959719279723216
0.116988924898261
0.0799974647441856
0.117064024065321
0.0810786715479992
0.0704484855391624
0.107512042005073
0.143954775655268
0.126527689063968
0.130141899286894
0.110086004751557
0.0844231876374865
0.108947457083004
0.131980830897823
0.0772981383584725
0.129463969097373
0.134208818049718
0.098512019345635
0.0880283283858591
0.169119094046357
0.0978751778378193
0.132025275136168
0.108314553043751
0.111889896021425
0.114853738824179
0.120455819324452
0.105943280464781
0.129855313564998
0.112292440692279
0.123605953903335
0.110031311630509
0.117702294893576
0.100309753691691
0.139160949565696
0.137875069468119
0.144050355701184
0.08346912442227
0.143669823934647
0.115951744410479
0.112212227767523
0.154050256705695
0.124479711175597
0.118869589428699
0.164588746892724
0.120763834129055
0.0886150074962722
0.0934747424332793
0.096084009442719
0.137241893793125
0.134831313360983
0.107644415487653
0.0971757361629331
0.143882475473829
0.125217045571382
0.0804077100523572
0.0854181029572965
0.0889109153513113
0.119577622901398
0.111307634453664
0.119342045075697
0.170064256035701
0.145667677072024
0.0948419381413333
0.106396123967484
0.142918084272251
0.114508576971938
0.0928976089150081
0.135179882412185
0.141505682887583
0.118425320911877
0.117602446319659
0.0970462000483951
0.0835912230294963
0.103006737989451
0.110556408136467
0.114052682191177
0.104420784074213
0.137147376625138
0.122290986916036
0.140569416495259
0.110876375372674
0.12937359657664
0.115461442320891
0.0957711073692747
0.0755073450061922
0.145609903801818
0.117107800450284
0.100567527976136
0.144122281644608
0.0945107976178288
0.135123839585878
0.120768998853172
0.0721338097221141
0.0978656265543969
0.0805091967102409
0.0998868586311279
0.0964982685792396
0.10739561231133
0.153065339331828
0.134346625632934
0.140583723662053
0.0889652622262789
0.142367079282767
0.116160876869573
0.0807302730692696
0.0959290053402272
0.0760942223008866
0.0997566295142741
0.157688213726991
0.131842393359075
0.121466778603947
0.0924864439851724
0.140114761228801
0.0738218204311622
0.0757035537217128
0.113133861992231
0.12455969563423
0.145213504308272
0.0955071312982277
0.0951236397006169
0.131043170938919
0.139568081128965
0.112348406328832
0.125106694714886
0.10872873941732
0.110262577851299
0.119367828814805
0.12976742072663
0.112322042661194
0.09912912536867
0.11056277902076
0.127540629591391
0.107418820854904
0.0687525948508272
0.129325148000533
0.104365064441836
0.0866741533287045
0.117484227740509
0.1143967767042
0.102541728032376
0.182269660576156
0.147416344771653
0.115334223198374
0.0916085434239327
0.0738314721789381
0.146557393403095
0.121422170907525
0.0816154238545837
0.0990099245577603
0.0917951123893549
0.118266167263138
0.0811257134999031
0.117522192751918
0.0921472695001317
0.0828167183413677
0.113562227512498
0.101369192142286
0.0849778458161068
0.112665033997577
0.0698970236509093
0.111446360310427
0.137477062485347
0.0991663890329525
0.0705066865129345
0.14045198768016
0.143290146946686
0.112406079398236
0.14208515404809
0.123237879106143
0.102197542291561
0.105827857725967
0.134759271771068
0.104765892148128
0.122442833287999
0.111599170815653
0.0855887784889331
0.108145509330879
0.126109188358317
0.102824684377035
0.141328989858668
0.147513702429464
0.140239698266476
0.150711813490668
0.113866322603272
0.0994627887651255
0.0905833534168048
0.121015313650821
0.124634456515097
0.124256391807864
0.137655764086211
0.124457566085734
0.103635197203031
0.107183752317857
0.136816425322855
0.12015655142831
0.0984800595001747
0.157960747941438
0.107506443154333
0.0827904054675954
0.100906408284713
0.139701877570639
0.0878651656047015
0.130183752719837
0.122983522668597
0.0929074642149749
0.131835781050464
0.0988187290782787
0.0835040376931492
0.0892959759345562
0.110578008626544
0.151472470489484
0.0774523919855256
0.064809667749268
0.12924705820219
0.0907361229939925
0.115352543014435
0.109613882991798
0.100112228286967
0.0866706312503183
0.130078804993566
0.138586942415702
0.106466321039538
0.12356289377204
0.121368046693114
0.1330381680105
0.128116472271216
0.135002277158441
0.106592879725155
0.104652402562528
0.123791210054975
0.111035348112632
0.13296201495817
0.101677621590576
0.0715443604601506
0.128726816920163
0.0945698432884119
0.0864715936818115
0.138251594557526
0.0878349962443898
0.119324185799911
0.102279574442238
0.146808836507219
0.136815353321408
0.10166660927504
0.14719373261132
0.120106940002535
0.0951012639809243
0.112115111112612
0.0921852875557472
0.117631170176072
0.0733527373760558
0.145483424223382
0.119550112958397
0.0891083983922604
0.0788435596815542
0.123479306109183
0.131772963373974
0.142977980993536
0.110922249908378
0.0876994869240697
0.0679896420349633
0.109230791759384
0.126687736861958
0.111438889112468
0.121508264047137
0.105482753564001
0.0970436735600878
0.0774393440822986
0.190852086425096
0.0695892917788486
0.105350902777059
0.110778786542498
0.110965986649056
0.0868928055151421
0.1047832029147
0.0981359674239291
0.115995480819429
0.127219749856655
0.126491713966179
0.0833465419174281
0.10289099005253
0.106811013457504
0.0916608239218254
0.0927927983388545
0.109777143964843
0.106326125346282
0.141525106546888
0.100162752646418
0.0980273219333532
0.125920119013859
0.134819990237822
0.120669742903719
0.0889845191129381
0.0919686512178813
0.121972252430938
0.0941949838400358
0.11254463725339
0.100882312123373
0.121614809203624
0.125623906857217
0.126671495576801
0.0970466798321293
0.092318583824553
0.130379967473303
0.137688075084291
0.106240141841311
0.09657833908883
0.11754937788153
0.0922924228082895
0.0819664588142214
0.132154797660478
0.0881138163104252
0.136291230896767
0.156910936731395
0.0675289640096616
0.113018268900678
0.104747556670308
0.131446049892788
0.074259148174124
0.0902419197814755
0.10514991626454
0.0825335050877025
0.105312749269791
0.107832722519868
0.0935835962595415
0.119995746494689
0.118384758734613
0.093145381859536
0.0948667527675905
0.107065088899165
0.15081213453181
0.123568729095722
0.113311671312452
0.164471825660774
0.0877596360085927
0.146056477505196
0.126957584291238
0.113193394529916
0.121540751811901
0.101832270466643
0.148784848650762
0.143490678521769
0.118883116350644
0.109051677225205
0.137940513694172
0.138050069839063
0.105945622905915
0.116089887315297
0.100972094979866
0.0897391824982743
0.0842852645183609
0.160661779125337
0.0903604584646174
0.11788180123143
0.131123480458255
0.08395104875159
0.105927507380579
0.094612851190099
0.0954696217105847
0.13556651560618
0.138769366440339
0.0925755371136913
0.157977689741266
0.108216043218613
0.0777486982637401
0.101690988807983
0.137760249428532
0.129771970971958
0.09893999192211
0.111782575240262
0.104141864339332
0.100069345603798
0.158078873098502
0.133567981550269
0.0984925281846968
0.117284559850197
0.0971056025402315
0.0662492691994788
0.111232362959412
0.0853077641573357
0.104001950531407
0.106655009770215
0.0802549046070271
0.117382046622733
0.0928597410980354
0.137492958887695
0.0767813937206482
0.0973633898415237
0.153951166934956
0.108683163046711
0.106753554437765
0.109955537473177
0.128494783226094
0.139101885627081
0.12159978257176
0.137864543699613
0.102727584163197
0.087391865972513
0.111163294215091
0.0921797599008101
0.0947987062122089
0.148288909229013
0.111395868751685
0.094868200353769
0.108082332091607
0.123789196816396
0.142618893739408
0.0796789595171742
0.0884392791753422
0.126481875362065
0.107217810169307
0.131535464375633
0.0869672342241387
0.131387945907849
0.115747346747357
0.0769735156969441
0.0988925171872149
0.112323725545702
0.111215471921709
0.0901887727410167
0.110825200005236
0.113364907718187
0.117109030778894
0.126100547698814
0.115855701921861
0.110440878258564
0.120779642943853
0.0823286105916306
0.123823179434303
0.111993365953486
0.0900285973234844
0.0791946954598949
0.08751515886725
0.1079146809286
0.122971401852691
0.0915338754338291
0.0705649503270284
0.14318587937865
0.144167649677783
0.0817239041797147
0.0944360851432443
0.102191254115891
0.0937940303531172
0.107528604349395
0.109703730848811
0.0721525573764152
0.110350810460933
0.0739167039848556
0.134806326310633
0.115124553322442
0.117971124200993
0.148631039522212
0.10659548154459
0.101866714996618
0.145052561052572
0.115487125007907
0.202032748179764
0.103063104599915
0.0978378664224139
0.14695237712737
0.14192434773576
0.127498703364754
0.110502180444023
0.0925680295621096
0.103018678034505
0.124719998395231
0.121064594605733
0.162622947809684
0.145965676367409
0.101314179054016
0.143023524915878
0.118161316853215
0.0896947418701348
0.124797865482217
0.10127420218463
0.120741442282495
0.0984614569258077
0.113280437518035
0.0957273928644576
0.0991088980337654
0.102830366698931
0.0986633766127486
0.104665836469372
0.097447949009309
0.125052805657511
0.0947962097024766
0.0932843750884527
0.158396021445108
0.107286559539712
0.137177554486715
0.107101717361245
0.129321218607033
0.139638489996476
0.118605308871395
0.0887913993072568
0.165793907640986
0.11387342398023
0.104471115011787
0.0903200011598609
0.115445504280787
0.0786810626917156
0.089839874896544
0.0952775381019865
0.0989672253356133
0.0955695395084656
0.10275264075972
0.144450675790346
0.057001831204063
0.0916643921356477
0.101279261427533
0.0845524508407625
0.0690282583943395
0.0772167719281562
0.0945303068636214
0.135196050337963
0.0998385549090812
0.0872865110797728
0.114311440342307
0.134223311939341
0.0897552033759591
0.115057338428305
0.111047809169977
0.10492030998227
0.0794039985865887
0.13250174159666
0.0977879049603104
0.115754067877808
0.122385627595865
0.121508095606779
0.144326001894694
0.096806997728459
0.089518605487474
0.157553241414138
0.134163140190027
0.150612947420348
0.0848361288818763
0.145208908226096
0.114664972068791
0.115286399887885
0.121531334656051
0.121478560758878
0.0834337998774261
0.152439554103484
0.113925411197133
0.0943644346506791
0.131518396768581
0.105855533563921
0.0889125699000346
0.0981864283663998
0.0849473085195386
0.0925191708996611
0.123309604703085
0.156475743797285
0.0864883489724343
0.0909239460606148
0.102539172486957
0.0960671355634087
0.106585718712546
0.107006054195779
0.0990993097149848
0.0975585534304993
0.0999792380644229
0.11971544279607
0.11505188547024
0.142206578467036
0.137822799365651
0.126255623267845
0.118546437386417
0.127967559954416
0.111410418941969
0.109594913279375
0.13454355257094
0.0851270241461045
0.146465849519469
0.0964483828211597
0.113645186732141
0.125870618275482
0.0924419414406029
0.106604759390841
0.104049727285258
0.170097357134119
0.108013138531045
0.0709353239147134
0.0993954737272515
0.103867748842928
0.0913236758747788
0.0987506413431116
0.107446385686576
0.13795698583825
0.127527586885706
0.0938100602599697
0.109948547788594
0.120873060145784
0.162974550904964
0.108165747563776
0.106638605590762
0.0911473585742719
0.130745471195992
0.126107243591904
0.115246924338967
0.108147220631733
0.109316303262279
0.0860760349460161
0.162958553701159
0.100437491305921
0.12824224439857
0.116545033738162
0.100367114740093
0.112378758481056
0.118930514328127
0.105154921873615
0.0900239694721641
0.122415309904542
0.10163406921485
0.101724783007616
0.126405328224662
0.12844633873339
0.110068220102184
0.0810380332319498
0.106981967072848
0.127797981774793
0.145685043306252
0.109107370048632
0.120127555778679
0.0843209303200841
0.0948288921160144
0.116643159994678
0.151670157294159
0.140208442588751
0.117195069002511
0.126249774602163
0.147268184832994
0.116931349694256
0.0866568204145373
0.129238473343499
0.0732661041117382
0.119424996007991
0.111490010382679
0.119777471932998
0.0796117121696599
0.157872516833086
0.100912200497854
0.0926041260488858
0.112011929879962
0.0965474939017838
0.118254301105896
0.104178782009026
0.098852912730519
0.109907273876097
0.157137860935695
0.072678114018303
0.0865749999800383
0.151208613498665
0.0963775404362165
0.0776865056815586
0.0999466373699599
0.0912799630373202
0.104457948318741
0.0615977249676341
0.104877946945508
0.0897175892201959
0.0945678805389115
0.111906094552531
0.107333997304388
0.104117143967545
0.132197933053445
0.115694763558299
0.10627028626765
0.112048900815173
0.0933932524833223
0.134054854293625
0.100983228821339
0.11064049585002
0.0842535761517261
0.0943047862887206
0.097639333180249
0.127796883288523
0.133154863698153
0.110811810852853
0.113387583644873
0.133294565285491
0.0759290134973324
0.148315771981386
0.126297126520481
0.108261723978299
0.0571130186264423
0.107713734325719
0.119015293576839
0.0916301204733428
0.110387873615027
0.117094478699115
0.116631183355561
0.152812514340309
0.0663007462674338
0.105983127518587
0.0897441566260327
0.108300685122374
0.121614446386592
0.100746008319374
0.0895048290754328
0.0854686407197751
0.107882116254343
0.10518802260955
0.135085000152285
0.112583856283897
0.0954692889282297
0.145038836924994
0.106372849482092
0.120651412324349
0.0713051580423279
0.0852577012668281
0.0940109998748304
0.118211515046788
0.0786238829526424
0.0993943555408083
0.105279350875706
0.098416820257284
0.0926133416422142
0.086806610781054
0.128041148656641
0.0892764235881913
0.153260882787031
0.11007198264868
0.0997740561483223
0.138225753023248
0.118731344758628
0.0935122320777188
0.105122086803669
0.0803702292704732
0.133263134943674
0.123080660458754
0.134588415208742
0.107331712755614
0.100913740530821
0.106721275669282
0.101672807642854
0.123625894907337
0.0863853858888837
0.0796082681029578
0.0911455563695998
0.114833170961725
0.106142912143968
0.140945875386261
0.101863490347848
0.0874441045130462
0.074523426302083
0.0821730155546257
0.102408345902674
0.102066349625721
0.0878519236655257
0.0924326782353946
0.0709179521675467
0.103167177956576
0.139759354045871
0.141112200066544
0.0743661515054117
0.109839579628724
0.0980908117648839
0.105268930502053
0.0886717809794084
0.10531104602936
0.11381363727238
0.126675707291951
0.109635926481276
0.142732178016243
0.0893532928381403
0.0818120173629751
0.128183016979336
0.130559239133485
0.14502810509598
0.0650626797784595
0.108656549147157
0.0944648996491305
0.101606761538517
0.152264612173938
0.135811899114236
0.0795977941291411
0.115891917430821
0.124740014020816
0.102668203344595
0.117093207697101
0.0931391632020442
0.135573076753867
0.10859244356055
0.127154682369388
0.0933001144039931
0.120677396271119
0.0957123857840435
0.119989798960755
0.107044418581594
0.120137467116092
0.117955660549994
0.11053831349222
0.13997533619987
0.15093044083351
0.125954558549344
0.0994432711413102
0.089574548569383
0.126358881467912
0.129084177348279
0.123390383361574
0.129038220474104
0.0791819131234467
0.102369457457911
0.0972044856241201
0.0797697737216753
0.0890224170432793
0.0860735886620821
0.0752349420165245
0.091690770698733
0.142600254452584
0.0936329065322481
0.0898783145257726
0.124580797047032
0.101751829753555
0.12565797265169
0.0928413114754612
0.106004364594906
0.121441776581533
0.113507238792966
0.12602895095754
0.115655289715297
0.09516407940668
0.0748785534798818
0.107918211853851
0.113098165343502
0.104126264139204
0.119267299076841
0.0986078571118784
0.114799206059002
0.112361266319896
0.0857341344331999
0.106464866714827
0.115050160497588
0.103754117732608
0.106863924195637
0.105307730294757
0.104963607921657
0.103230348872629
0.0998742129046141
0.111251257646507
0.0810269128268042
0.0830853056817107
0.0783786268510241
0.0762518654114339
0.147267318010566
0.115823118234507
0.133550763953014
0.117298569204822
0.116523311421208
0.111956664644631
0.0971748009171697
0.100409467385181
0.139330255633723
0.10628432779219
0.114670737440902
0.109065214971016
0.0773151860379565
0.106460936799652
0.133970604357536
0.0862126988955822
0.116369419774925
0.0843181713659575
0.0791930482463688
0.0892109660110916
0.0730137965628513
0.0846250325667374
0.0979506711775419
0.102532810810677
0.0933421230676348
0.0580838213814357
0.093385189666923
0.0930529347623333
0.108756791547802
0.113940186957321
0.0793248858100713
0.097813181936748
0.0824054601021042
0.0773448780513768
0.121435919673217
0.117881057362528
0.0936138214412843
0.0785193077848654
0.107642921013862
0.114924038027297
0.106434392696394
0.118965022486291
0.0639521205979582
0.0772748039174038
0.13511988446535
0.0946101400550066
0.115130923194512
0.107193098395012
0.102366030703765
0.108189680784861
0.100699432945098
0.0659049254478514
0.0921467110544389
0.137650614433069
0.0962951374403698
0.0830532697392878
0.0848613110815313
0.0992890499679231
0.127534245861853
0.0896598132055964
0.108782077613997
0.159872866688797
0.129476601196993
0.0975124249867129
0.100251544214044
0.119774178934013
0.0706775078173106
0.118154582670779
0.103532893500645
0.108173923468707
0.102454461324264
0.112776306805456
0.125098984471762
0.112207178697189
0.118309216050086
0.0912307264598459
0.106569878265446
0.154555549766977
0.100008089523827
0.14300721559076
0.11430660528867
0.155625892825328
0.080148375016884
0.0830641559156484
0.132407481028575
0.13197016306008
0.0960442114080637
0.118282172743488
0.137545025317702
0.129266629778232
0.106487108541536
0.108638648827694
0.124505974117413
0.105366289307049
0.0879259562812742
0.0895552466216615
0.0799752230369272
0.095396730740266
0.146245548761259
0.132812466321669
0.105891809280644
0.11099085041376
0.109971629475206
0.102297074315485
0.13951445828073
0.0986277814586503
0.0961918664263587
0.0852724865117257
0.0720308482964148
0.0731881181336685
0.107016621144021
0.0754438838452717
0.104217229617417
0.107676515993901
0.105805075311455
0.137703920143155
0.117948203839626
0.0845908347190935
0.0889864723357277
0.08801220411212
0.134236709585413
0.10428726388071
0.123180091147038
0.0834118994445746
0.102733214897666
0.0838202814333202
0.110772267189667
0.0801161954669546
0.0927860259922933
0.122140370644385
0.119389169656472
0.0862996207402982
0.15586360013177
0.103025566199006
0.100938656083784
0.104290619212944
0.0964314837505712
0.0779839080772658
0.171057929123459
0.0993614396169536
0.0908522066400987
0.149965078483936
0.0659562966749073
0.0883850599970374
0.101305801865326
0.106732908628282
0.11733730188409
0.0915988769288258
0.109859267723219
0.135679588072618
