0.17
0.207031905206032
0.226549268285545
0.194837193931071
0.200526853658174
0.191289118005982
0.239431499318655
0.197056467611654
0.185408669218423
0.171986099205546
0.225768534218236
0.205478634634035
0.207630661347598
0.215121377880089
0.208415442864823
0.194698895936398
0.163803579030257
0.168955801570143
0.165373730242611
0.172008485041298
0.207403914384294
0.185904459110445
0.165174146890872
0.189039053996226
0.147480274974944
0.222614569491219
0.182602467114862
0.195538689688411
0.219067939652532
0.183199247225151
0.175086637957791
0.234236039102957
0.203356977425917
0.201232518382471
0.207883508569106
0.197131126865474
0.18784177258054
0.231749568684678
0.212746359716143
0.213924347861188
0.169335529072551
0.221564167972922
0.197904844981676
0.185377215150787
0.217553257302969
0.167398373354603
0.137765674450305
0.22044981710832
0.222040126291841
0.229938077690232
0.218807750551444
0.214386947123108
0.153926185178052
0.196486282595219
0.163341634835084
0.17884414546863
0.203502678812974
0.194742523973785
0.226719180505842
0.15804351482768
0.195122680620703
0.187760433027357
0.212254164582452
0.185958875275437
0.206722291819339
0.201872816641361
0.235111556729339
0.215075865327451
0.177078604316789
0.201585975030356
0.231720234858586
0.157787416099502
0.203282372606385
0.214766608666369
0.24736816855433
0.251996008936512
0.200087477817208
0.20675304512913
0.225292274762028
0.209174869331617
0.220291605581983
0.199842618962505
0.201225252703414
0.179444951637205
0.173791813807082
0.204083072023383
0.181306318656857
0.202820412587929
0.181398580770855
0.200749008596539
0.181037840876838
0.250854170639723
0.214577336396361
0.217101398417769
0.159264858963717
0.227948569961565
0.199914797698644
0.188797922889435
0.234771301747371
0.205782051162142
0.206331033804536
0.209136629540422
0.189624928031499
0.190608487862961
0.178351609875003
0.177397428892744
0.166567253626857
0.170613704440973
0.209757967042186
0.212614291726782
0.183051737084008
0.215635125165073
0.206836952609757
0.223156575399354
0.190530032801619
0.229229628371791
0.175459019048847
0.197200353174814
0.18010785007151
0.203362892389059
0.155121541670865
0.20497755885685
0.163183927696325
0.192737154109242
0.229720507561933
0.185913420987688
0.186189787939294
0.180808231060955
0.180613243937254
0.15867936347391
0.160922450907232
0.190432793384697
0.216889835641729
0.200288579611596
0.189428426185587
0.19420340846216
0.157737644114927
0.210642307851328
0.234858749320922
0.192800772120695
0.192040673179057
0.26820253103433
0.229594330612554
0.196548997522132
0.217756018200916
0.1551321126265
0.237958175405008
0.215442953335323
0.223104652607884
0.234113741742128
0.201170152348163
0.190804103475271
0.200128163989375
0.173001426812303
0.216622845153777
0.249236874736417
0.187272798436982
0.217340988151904
0.213573179922713
0.196024462902888
0.200990883012711
0.172769339119287
0.173808802221323
0.181121992135853
0.197449025157741
0.157102396862393
0.156448029319876
0.205412325357411
0.193828547931152
0.156634431781649
0.158892526608345
0.201010545967113
0.175721435392096
0.199498255554949
0.194312068068977
0.219925029017385
0.22861021442812
0.184885613795542
0.211663137197713
0.188741990075802
0.185258907034476
0.161461703874179
0.192683872543136
0.205331815745615
0.177176912979787
0.227992564768209
0.234186968700883
0.211116832914395
0.182996480678632
0.21972338172303
0.219451368868211
0.171799847544738
0.230900985572799
0.204985525922179
0.185733657910016
0.214761918748558
0.180381094469773
0.156414995513537
0.190875653452394
0.163967318844995
0.193813012097903
0.194213835052876
0.213331029501741
0.221305886175995
0.226899987493999
0.196158023009139
0.172765232391694
0.23174525437356
0.198757465218765
0.249264039712986
0.218483324100922
0.198899396811164
0.179963049426595
0.189739636250768
0.217597053897084
0.199463329201809
0.187006719946304
0.216677879146078
0.201385473745261
0.220930220480134
0.174525999193257
0.183665562334213
0.217623485647093
0.205943672415512
0.188423758856597
0.208607741325605
0.187269197724272
0.18616749125758
0.236867018492744
0.171152647873054
0.2048180473172
0.20217758166115
0.186374399816702
0.207217692707578
0.197528441473635
0.231647446463662
0.149402281539671
0.20104022177449
0.226794939929434
0.19942284150491
0.250090568986672
0.228950032619051
0.209596030923698
0.229578890763497
0.153700797583367
0.239906271539641
0.178820764600071
0.217550674678821
0.205885024111911
0.283089346471874
0.167474702947983
0.207910114507567
0.212938891196693
0.188172297775261
0.188839426887529
0.266973825836159
0.217251432859468
0.190530767493332
0.260986066644638
0.187712325120647
0.215937481568512
0.20539209449742
0.229027667830425
0.213518632653716
0.219614142389866
0.214964465947867
0.21694353923018
0.246256670418579
0.218289582772428
0.218240852414163
0.195815291088786
0.176601960109999
0.198687794764499
0.200296489177021
0.196870976825993
0.182269946206916
0.176577897045795
0.177266142861032
0.186850473438843
0.225493807748379
0.227455227275823
0.15492410086607
0.226379907338096
0.169827829028492
0.216610450065378
0.125746652595289
0.177604353180892
0.192179640629139
0.201702165954999
0.195580088631147
0.200946248312956
0.196258712650352
0.2614251254654
0.18588282777732
0.222241445193905
0.174694260805263
0.205981757459709
0.191084835711051
0.176495477054227
0.185199161097906
0.198628006235618
0.20874685959188
0.193383696179135
0.195907644929112
0.204876663663527
0.224665307905828
0.174328759737065
0.266938993347662
0.190633767424869
0.249271797907515
0.238388635122094
0.200668422554086
0.170612339505076
0.231986238574198
0.181059175262783
0.213544006356245
0.205226222267532
0.204667683601493
0.188375012047844
0.218346251707966
0.187946945801244
0.213342873643447
0.194146290893359
0.193515604601761
0.203251544318604
0.223561953357191
0.21174829675335
0.169010030641206
0.177629692456412
0.203098286384553
0.215376954187797
0.221982397665898
0.232401070241203
0.239712959603033
0.204661286115498
0.201279008743535
0.182833873474462
0.193052054269614
0.219362528900102
0.202136488412504
0.201815088890954
0.253154516431076
0.170799277319142
0.222642687760743
0.248783595177651
0.191378552259673
0.228737023001159
0.171454427921276
0.179511791936431
0.171662148671776
0.204143578422279
0.170680843719343
0.243540761300039
0.206332471639153
0.227632375804262
0.206049584387805
0.200016458237808
0.204400971379071
0.253923005664852
0.219857847929687
0.185289464059021
0.247841353704791
0.214670371649317
0.250424750012044
0.211710654362996
0.209473695107374
0.248999842803908
0.157833336976886
0.211078742948487
0.214847951894329
0.20935379871347
0.202535242086212
0.166160361665592
0.207738817284633
0.178525275345382
0.235448698161624
0.228593848088265
0.16137522737604
0.213556643394186
0.161678448924476
0.207546454747183
0.198715225724909
0.216884087925181
0.230404045437727
0.179567004726058
0.229569254806282
0.197515627054023
0.231200748783127
0.215942778392321
0.210822442162439
0.172068028945241
0.226571012085084
0.242362531006995
0.202300440185721
0.236332156112286
0.216174621497449
0.21136781919904
0.218281747244431
0.252905775625881
0.204560420739434
0.206427805721026
0.180794072774363
0.263058726812469
0.212651136132123
0.171492058502934
0.181842656017873
0.201706514520781
0.192486831984571
0.177507136916898
0.204376051427877
0.20229708052092
0.171093784257741
0.21925512233623
0.227326385274195
0.186738294570971
0.188107134605829
0.155731221944753
0.197852269063328
0.210041865264245
0.173211636009275
0.173434408575416
0.262048234217423
0.173098610237739
0.173813307521604
0.218993582254954
0.215428286158669
0.199416480783991
0.22245533896791
0.241908334169635
0.143000195931576
0.214656535382519
0.174945730198403
0.217895007745042
0.219416638904945
0.210180296321584
0.211907608055248
0.190011774894196
0.225415837227295
0.193354068600781
0.131676361989508
0.180847109464578
0.210544885880333
0.205372107674602
0.191525810201819
0.158392320651794
0.181287973545042
0.187923813290297
0.216794010239414
0.211033842587471
0.152652904016536
0.179813223608304
0.221412512717676
0.229042307241331
0.199161779492613
0.226894936146717
0.20835569638112
0.219739286841081
0.214487313309493
0.233132919868773
0.173998291138545
0.203553288704978
0.180872429764476
0.182310543498882
0.180221730224024
0.222134627933932
0.193736066708802
0.181697175501161
0.194012074314423
0.188868186919551
0.19375358376206
0.203518331396629
0.204617398774836
0.226450932843987
0.197940408741172
0.221803213661153
0.202203844482191
0.200115622545212
0.207801024309525
0.206307213399225
0.248203555991983
0.175778486751484
0.235528005269466
0.201909669141534
0.228191077460316
0.189538793308501
0.197632865107775
0.233618815656986
0.180724720536354
0.21472219159512
0.200122274824682
0.213004141918681
0.181604248340072
0.232525896939618
0.181727080800792
0.246233020289485
0.197877812873056
0.180866387936852
0.177614370068979
0.133676993281944
0.167302564292677
0.216855806247788
0.217740686220093
0.23095153605605
0.185510290498086
0.261067836010272
0.215704522046492
0.205982957423768
0.172490365069355
0.203256808070627
0.211857031005718
0.201252224138076
0.164646625165934
0.257459890301286
0.19616872279502
0.214049109787697
0.186095488406803
0.208491422118801
0.185587732548627
0.208357003788727
0.197892494027597
0.228397121359303
0.237928797775417
0.194436677170832
0.186430162759434
0.201833844373728
0.205539545670475
0.218638953384246
0.19530872817793
0.234398595165389
0.186523064588756
0.195785551228928
0.208263976112236
0.146996330294166
0.187128598852068
0.219311162882976
0.223122147329746
0.215191738751169
0.226574884903553
0.234844052202616
0.242861784164821
0.197307112298156
0.23538269657222
0.21340307877498
0.16617708128876
0.206713398930113
0.216190410599756
0.173047158901331
0.197677300524251
0.17201152769991
0.2082837065015
0.225378503643113
0.241871124730312
0.199366320669861
0.176411693289776
0.175197810424849
0.210784457138927
0.19109892849224
0.22865315318479
0.207459272987704
0.185921842512419
0.214324206447559
0.22817223818832
0.176859740216959
0.194289040190038
0.226157572881778
0.239638945921717
0.19100216384259
0.185297487550037
0.229035613890895
0.209428710600015
0.25373106012427
0.207669791186416
0.188441235905476
0.173386145061968
0.215067189856123
0.166700492120811
0.251116475910699
0.242309250577284
0.182072264432544
0.183899154484413
0.162141054887108
0.168867363098325
0.19670441787699
0.183906467763754
0.21580172502128
0.178716157993078
0.2233416827285
0.189823955536074
0.175175900782798
0.247638891575227
0.184514794696371
0.226340527224003
0.209838090995292
0.172598871216319
0.186527973588344
0.218583766938363
0.16446573202877
0.190681810585572
0.213295989167941
0.207476632892268
0.198244901910936
0.195468165284622
0.225904654057362
0.204266141440163
0.200369507133569
0.230902810089543
0.185654833655681
0.186001817771785
0.164683044401234
0.192447502261012
0.226697898131638
0.20052766139259
0.206184981447347
0.225799251848916
0.186956071878955
0.218317676205888
0.225456313599267
0.163818045088758
0.250051539050363
0.231191560459354
0.200164376909502
0.266148810704221
0.242781339302649
0.168549951108892
0.235431873985301
0.220407696723957
0.196077756059037
0.159720079178071
0.178538425051774
0.178101656302604
0.171006161380692
0.174198006479685
0.206595681738775
0.212377569205007
0.165195426321838
0.176286881350733
0.185968787120556
0.182912294845011
0.232436942678716
0.191214737186111
0.189118920560769
0.177306599669124
0.204880414695755
0.196348058636573
0.206767381535802
0.208155160238136
0.19315553134162
0.180156982828425
0.224639612109605
0.21721004160319
0.226445527519054
0.178755217463892
0.192438716932867
0.200720660784817
0.243083755650177
0.188814030692938
0.20662237935392
0.161290471386311
0.20122836696056
0.226122405658619
0.175182242984338
0.183347251011977
0.20738572281411
0.234326257246734
0.211413756398021
0.196832765280371
0.160042286330348
0.182117425147162
0.202769342265124
0.185347044117383
0.229173499666589
0.247483881056205
0.174088723535196
0.17517188432595
0.235345708453319
0.2229652551571
0.222449106249604
0.209648816379969
0.184311577725369
0.269240222159605
0.200628740113085
0.230726861191864
0.20180412750232
0.202745371693621
0.210522669125033
0.155488540714651
0.184489811035102
0.21483833310829
0.210451745888724
0.194746702635692
0.177493228750758
0.259486958489603
0.232204299737917
0.164732677591988
0.215517041488388
0.200738710599133
0.181950729627861
0.184109643507557
0.202151809325501
0.226745020335022
0.196763554368772
0.183252496670707
0.176136670909181
0.214114529520994
0.19381217366549
0.157876073610158
0.187071149359482
0.226490359807571
0.180991371101645
0.162060061976691
0.191369379940226
0.196205047048314
0.236586209430207
0.230050296986699
0.189434840049432
0.254514643650911
0.175233023524313
0.209396284308504
0.315336805179473
0.202253349428212
0.236198401232598
0.189812166402495
0.183556359497117
0.207928417579967
0.196973072407439
0.229366587045315
0.228119378797028
0.217261125347076
0.180394128502306
0.196083280989676
0.210902274890445
0.217247072451028
0.210172300592521
0.223513750079929
0.254706549714979
0.219473914788215
0.179757511991498
0.221433951631916
0.173433039248527
0.215410714149263
0.187757112270384
0.248378148979828
0.222757477259613
0.23188984447704
0.202408385617338
0.1741719517572
0.209341494551241
0.185628980701128
0.215566191981384
0.192615933824917
0.243639137374894
0.187495393008619
0.218302604930248
0.180863494620705
0.13988064447394
0.22238242351104
0.231099623836082
0.166461457559619
0.186077775271381
0.218700768091256
0.177054747671772
0.230173536341572
0.185041124136656
0.244437539038101
0.214824840973147
0.236964784426836
0.225607130849155
0.177159457877057
0.208660625694457
0.185655678451801
0.149762493996411
0.201120071229038
0.205842650819344
0.189735619195989
0.227033552301035
0.216100218808936
0.213123677795239
0.229171480227354
0.199889483098132
0.222122838961668
0.162410211063607
0.194435724217804
0.2377369737174
0.203154146514657
0.159208904646915
0.194328969267468
0.217277412633908
0.191439698171688
0.197651633486004
0.188823131509725
0.236460931761967
0.204615885085539
0.194868812558459
0.238422887262885
0.194396921960294
0.211800624248355
0.202687628349195
0.218749720285473
0.198286076035925
0.263759319444665
0.1999665359867
0.208536370455696
0.229928439596798
0.231186859642224
0.193501052206826
0.238881141183506
0.163395245146611
0.199548682071811
0.221850317899053
0.248302655127782
0.1551099780391
0.210583080801145
0.190770760691412
0.236496053593241
0.16515026663575
0.227499329367753
0.208129230473599
0.204285679242633
0.203936300975852
0.169084150855635
0.194361836884831
0.172255805038973
0.178433234198106
0.211037700134731
0.189863064115233
0.186670970261192
0.230735256017702
0.1554489630617
0.216906164349694
0.183408548852868
0.166572270194669
0.207363176802928
0.212896274614376
0.210637239053508
0.187359161503946
0.177604620781102
0.160323210659507
0.214713647452746
0.234998523400075
0.182169576193362
0.197531521579411
0.213240783413493
0.231084203017292
0.207783602452751
0.204919907649682
0.252424336032263
0.22198675529458
0.189941271661669
0.215304797006922
0.208872874691895
0.179102360681628
0.187618450772881
0.211473852561257
0.169561014546764
0.225558105378485
0.207711226203583
0.226932976512227
0.157820650973674
0.188191554189485
0.174818402823419
0.203216913331922
0.203373299320258
0.157156476169313
0.200619813633255
0.175858894960684
0.187995975358759
0.198085817671466
0.187509351730332
0.193372921679106
0.219982151690339
0.205939588868272
0.191384650917843
0.197263634439845
0.220550695602628
0.208694915265016
0.184095605468328
0.165853386987648
0.256256576900564
0.158799216441139
0.194751649506952
0.201826383891138
0.197671061797488
0.169140900857055
0.187124769903159
0.213402237826798
0.227361598871678
0.193701962242803
0.203531447791682
0.183087434066871
0.216359350819841
0.186961014302229
0.188927493626262
0.1777758447929
0.197928037193211
0.179682629461441
0.19779182908671
0.193984487100561
0.18886919351858
0.154939337619156
0.221007501399047
0.189662814647897
0.186993276522869
0.215409199898007
0.206603037742722
0.211270044994292
0.221680460500551
0.185202387434779
0.194625171987313
0.155279701821055
0.210792507282557
0.166687640188697
0.163897872074081
0.191127170470017
0.204651305271112
0.167956212719424
0.185138784549666
0.166470409180371
0.202922833422239
0.197670975313841
0.180173420034432
0.172008310540419
0.203531533922816
0.195966018604591
0.200842634271594
0.234223048394286
0.179930388888963
0.187403887337093
0.200850630701807
0.199000351402805
0.188031518321591
0.196763073479428
0.17086239042305
0.214885781251908
0.201285051546447
0.203245015021683
0.197396917886132
0.176293079105864
0.217956065768414
0.232817792499742
0.103137558603727
0.206424752240699
0.233233725214149
0.19312741114966
0.217062259519627
0.210517115918993
0.22555603479349
0.212060574238433
0.215883558873548
0.177012961583164
0.139555657108809
0.199909953150635
0.184770204604875
0.215017961830791
0.191468519115563
0.219910858336822
0.225751126596276
0.196155172907124
0.164291593569463
0.202648028265988
0.239777748914796
0.223867957580207
0.222027211829552
0.226868596827385
0.228150829268685
0.191448523628245
0.1759018391308
0.214534392213551
0.238507346056316
0.178459613311584
0.210865870767107
0.209767715434349
0.179550594290936
0.187345504994576
0.16615387895886
0.187589869177425
0.231764541871978
0.237270300932298
0.280664546261108
0.164730131154118
0.181783194185158
0.180155143776704
0.183820331081893
0.255723813015233
0.209215842016269
0.202301446780014
0.274789585720597
0.245681780665016
0.171679486314138
0.167770734253726
0.232787618463919
0.210508304975584
0.236450358936916
0.1557131192156
0.23267394848928
0.20026308279412
0.239438947928406
0.238800731916945
0.288142978481956
0.188500608560416
0.232138848102043
0.185888726260034
0.202162216098006
0.202885616535445
0.184997717241015
0.238066319193432
0.195242697461677
0.182917217481397
0.170649477511274
0.232692563566858
0.166536883796387
0.186271033157651
0.181133071495927
0.156871548127188
0.186687673853773
0.199592033684502
0.220183725426792
0.156160122281873
0.194737888365104
0.162558199064916
0.200556893351347
0.209008236988979
0.22838676689645
0.215101558748761
0.169407386006739
0.197602909366776
0.197436401726068
0.192454404585072
0.197318111683494
0.202148491812088
0.15265935578775
0.181035811076516
0.19673561056064
0.210074987109015
0.206608603072119
0.196208850843184
0.233848486849584
0.232606509484798
0.226808815908769
0.301911889423739
0.237027952097077
0.182157611508256
0.202690771873406
0.212886389261867
0.185178376264283
0.181119442058136
0.194828584555481
0.219270193896496
0.200283358753716
0.214255986608576
0.173454519157887
0.194612099864453
0.225928555870796
0.188125411065936
0.201805260227825
0.204829196847651
0.201157048480249
0.215051472994875
0.185060498585464
0.193857406217136
0.221321999227657
0.18627698721772
0.21748478312249
0.259429517051646
0.199978591784317
0.181126942235873
0.176375572556039
0.182230773242332
0.191182769319415
0.226648614589928
0.217987989890416
0.22706867043971
0.162052687485136
0.179788556488394
0.215870959533025
0.199672958385429
0.193044191253333
0.194316262646349
0.208772506597582
0.150995185967707
0.199227563490846
0.252767413077428
0.188356907880006
0.179180791871805
0.198302755953466
0.160187781509964
0.185972738032387
0.194186263483734
0.226172731561132
0.178273686721691
0.266163472354525
0.201757110795009
0.186864223511023
0.18278289234008
0.226371670458596
0.170965676440958
0.199238767367451
0.168679854814136
0.17085373295161
0.186642606230857
0.203177277118793
0.222158711932574
0.171696436657552
0.1983727317615
0.225990062063566
0.19334298062136
0.119044698367222
0.169466382682021
0.211827022015208
0.212539784585994
0.222214781635394
0.23325027402723
0.196590427800877
0.179380941832186
0.231816535192967
0.175972990007533
0.231697847415893
0.170938422100352
0.195316638550851
0.180361245299706
0.181296455321359
0.173233854004845
0.214159493018454
0.175389298246675
0.227933229554932
0.175770391094558
0.194357730799622
0.181712065227102
0.167917846531954
0.22880881241965
0.198779681281156
0.224623590859154
0.220701245118509
0.164641134894404
0.232972076400398
0.221986108080271
0.198633936767215
0.177228740799255
0.233676378059612
0.222921302837667
0.19788165036475
0.225216877576193
0.20144566343357
0.215548776747601
0.203636428389943
0.164847696054424
0.199496599755971
0.210105008794712
0.22329035554191
0.256972775858103
0.235156622227871
0.185199407445923
0.201861006088035
0.191284968053418
0.256426700349625
0.20802818040666
0.19082990323003
0.188964692281651
0.214326755688489
0.189273215996762
0.171404712545524
0.167746527086171
0.187363434128963
0.174242570111077
0.237736260398374
0.205931917308198
0.187140502108984
0.227818038275393
0.18970316449496
0.20421423304075
0.193431741227467
0.182545132378388
0.192673582011569
0.199722540658115
0.1759044785003
0.20050081193393
0.217562297753129
0.179067082435378
0.197061839228431
0.204821592704824
0.199542224318931
0.175497416823201
0.222269543481704
0.171843084280142
0.208476723284581
0.188588656210111
0.219292488271002
0.161889988329773
0.206409943947272
0.205821187539061
0.160414072141223
0.182824552808609
0.200183959807622
0.202076743442831
0.200216631127703
0.236001696815613
0.21844219457884
0.18939238153606
0.211644075036465
0.172434648843407
0.208892398238088
0.189780046277082
0.16896582773954
0.217829877534272
0.217248357892296
0.170388123940181
0.215134472512978
0.154879594471311
0.236458440090604
0.267256678665897
0.188026909356475
0.25089048869978
0.225953991703094
0.21044759334758
0.225276586632744
0.253649251795529
0.224779788601049
0.227654549290074
0.216569764718063
0.172411742336193
0.208604555876338
0.202793290882724
0.186290657856195
0.159891567050423
0.171134584405365
0.194553155823328
0.203931867126604
0.242435571143899
0.208034327000752
0.1972993982576
0.208837066430862
0.228817859751167
0.203472188269853
0.174000833621977
0.223925300263536
0.184950249370838
0.209134197671245
0.225001669940652
0.282727846027584
0.221350820861477
0.205815930479547
0.229661785057969
0.214516413682505
0.20858992533089
0.208556273157877
0.27641254312881
0.189692518777254
0.213529346940072
0.177000640529054
0.18619073873188
0.185112347306768
0.174805222595719
0.159060406167932
0.248854400276094
0.19367983521931
0.185617471247118
0.213143562559873
0.220051363103774
0.1800543092148
0.208558427013491
0.232099729354749
0.200501712702394
0.147750595510106
0.264188331808661
0.193185030256688
0.214222861119689
0.289046339330401
0.189288385066326
0.165375264027295
0.229265440538106
0.202649755629284
0.22204990204833
0.172915665135988
0.173771269039207
0.169956021319518
0.226154869812046
0.186382943355303
0.238419152567546
0.242603735905305
0.228435480131078
0.208513982693212
0.177828886369407
0.166791550363262
0.190521388915061
0.207360957221185
0.223931905132453
0.143621350169623
0.243611732132403
0.240735802184615
0.188055786293123
0.240714045025642
0.169280303033544
0.207895307343905
0.199916386371831
0.207138793659154
0.201675334455123
0.222221265663961
0.210583590069222
0.256155402862609
0.193515862701545
0.197930450644469
0.188024440570178
0.24560081076949
0.194133295972323
0.197883782620833
0.196334689237994
0.201947455387706
0.189311697960054
0.229609537606359
0.212693378694563
0.209271823882241
0.170819105553277
0.206238699299684
0.214620114285569
0.224589253245306
0.228030720245757
0.230646235496622
0.176628676561016
0.193774991371488
0.196234669943775
0.191431482798975
0.180167480013229
0.205651084319057
0.210260845452149
0.227753672216426
0.252753806780888
0.21254848562736
0.23056635585517
0.176247287116128
0.202798836267438
0.200266248855683
0.151048965372271
0.206245526912034
0.174400713825646
0.195109624541685
0.168891567953219
0.196355394977696
0.235125737446305
0.211560183372772
0.214044289023511
0.223600450796284
0.212738952042965
0.180862864136885
0.18776312536527
0.173007751825019
0.222697852324874
0.200848848824503
0.226359817111733
0.212388972343562
0.188220960035003
0.220360687875709
0.158553589751528
0.177388483599863
0.186329233424125
0.193698292737174
0.248582716825621
0.180729634168271
0.179148050658715
0.246863586632671
0.198104982738482
0.222870934486898
0.181458433861413
0.220108146087123
0.224461357319971
0.204921834772947
0.198609057925047
0.187857079412751
0.17085130789282
0.271887962592602
0.251449482849774
0.247152754644364
0.164808718962922
0.203919838778155
0.203504548971803
0.243676019196653
0.177265227260553
0.18743072115358
0.219205861142611
0.195435358453013
0.231741325487125
0.226764767183965
0.191885708064519
0.178177574045935
0.206089348690752
0.175422841661273
0.215801966303001
0.172798984002029
0.182035344083471
0.208910652444086
0.201085120816637
0.215441894007407
0.246326830677021
0.201200537164048
0.188655002046164
0.143774704708847
0.182050757348114
0.210454051800225
0.168880987585733
0.172813011703411
0.167649236523998
0.225302881685593
0.197673324489488
0.225332055675868
0.227005053777297
0.157915462532854
0.156084554357029
0.20553484961463
0.16351640237885
0.221891001952591
0.204797892511033
0.211150724431653
0.202431184370331
0.195377261414692
0.194862136218581
0.200509481041215
0.170259646977199
0.190621420281942
0.217072558905686
0.268416771562785
0.195157215909294
0.177320242139971
0.133644929472637
0.232417742396716
0.233128946861133
0.210225464908125
0.218942543396209
0.202307387500205
0.198484310790106
0.176669800041293
0.198450100472003
0.163979237547623
0.188188240412319
0.228829870891373
0.221800110993535
0.168360012758119
0.24471602644516
0.169379209406644
0.192072732974523
0.187647783585046
0.211412738071277
0.202412623710631
0.1829790109988
0.206781983586591
0.253296120170115
0.262500618157347
0.227981828241532
0.197578423210757
0.211460684193498
0.225854131145836
0.20700791357406
0.244402400181592
0.220864631063682
0.208770043107376
0.202603188621114
0.229597894031287
0.213922609791471
0.159882241561465
0.192069981285502
0.139631466638918
0.242413024443717
0.179649244863977
0.244721372323501
0.174771295764144
0.225829363675609
0.192548649449438
0.195589505889308
0.175928542169216
0.21598609424426
0.23562152470335
0.166578939906047
0.193486372248937
0.200618483290123
0.205028996052089
0.210354970730811
0.262174760793732
0.233201305693066
0.170008292561224
0.235549809682115
0.221033452070127
0.227330813576692
0.226802055890989
0.267626591090136
0.22613375100857
0.224004065855385
0.190276023849431
0.188338968972864
0.181939140887418
0.200163219701337
0.181629319423464
0.202370619085872
0.228745664231727
0.174440520486926
0.195282157429562
0.283450224007917
0.184562243894465
0.191311561515601
0.214054875322851
0.191401842092309
0.221532343300165
0.198928683099432
0.180001528915108
0.227032106254857
0.242601744677776
0.203051203156621
0.213216932707118
0.171304316721975
0.190105818466286
0.19981740168045
0.185316854389085
0.225771333895426
0.172822281572294
0.224975225280405
0.183940931156145
0.193367397970043
0.20137494166803
0.191263814563761
0.152742348950893
0.220792806763339
0.197009216475981
0.20407089518334
0.228096729604448
0.2140406919115
0.242189773604121
0.236568686738897
0.217908365022901
0.196367135159427
0.203363059500781
0.207902472223348
0.233499961413911
0.22000872006872
0.191654998536766
0.159957685148395
0.179569259290615
0.183093023921358
0.226914175068626
0.219366200956071
0.160866253140827
0.198135351517589
0.259333466210526
0.185037874981078
0.180634427943084
0.180336544139418
0.223071141044024
0.178952724860171
0.215579413299619
0.156271781102645
0.175721792557221
0.188336839510807
0.185945343442713
0.215951301032827
0.182966926221416
0.201145618215419
0.295246147852401
0.204380074382427
0.205032951166439
0.17807820783893
0.1904073070532
0.198837172483238
0.183081862218166
0.23846593844569
0.272949976513998
0.230000234698406
0.216681434612155
0.161233727707991
0.231125628473734
0.243006905304714
0.175168229232564
0.228605952519096
0.204073269323026
0.215345390099013
0.199796543890759
0.219694986111766
0.248237083485526
0.208526608142913
0.219784171329222
0.195772791857547
0.200686940793348
0.213942215208646
0.189167572828828
0.191153819422937
0.201160193480837
0.219845940390844
0.176831527856987
0.221405611524988
0.219864624556957
0.249455682009947
0.241114048516216
0.192862813754254
0.223163643605415
0.186702758389109
0.23594681422229
0.175069112158193
0.178793138582859
0.246028075391857
0.179773052032095
0.243473598158369
0.208349470528534
0.201207605651786
0.186020412546857
0.221488829991214
0.216504296235069
0.205742175047186
0.18485697277287
0.207332611516908
0.195799262167019
0.202417275211946
0.205062688179934
0.238549302645568
0.201193493354873
0.157744624886709
0.22637396464631
0.200635803740287
0.187338816399946
0.23302388730199
0.194563929281899
0.172534075517973
0.205622885959513
0.257383802833464
0.221317530494981
0.154767201500659
0.229837943522127
0.214824005344866
0.182399945015843
0.191026018985445
0.188238230087476
0.157486391993783
0.195327033881327
0.169861285577656
0.221865295789448
0.195455675747109
0.235326647875841
0.147640173440224
0.188570993072425
0.200600866506991
0.178639982588305
0.2177852878959
0.186786848449006
0.200565603703208
0.212428181668712
0.193978733587974
0.223134487445497
0.172171556945085
0.211536982266156
0.273304392690811
0.236048218080355
0.158418196370784
0.187759352408939
0.236799249814047
0.205826820052512
0.201221361188985
0.221864556098323
0.204239037657264
0.197207549850339
0.173533014386777
0.216593072010759
0.232175100320693
0.166123427256228
0.177889934948479
0.254654307925411
0.167709557187502
0.175494741887639
0.214114202169833
0.187617596232598
0.236957786954464
0.222505341145486
0.192005509532342
0.203293699502001
0.223341890506308
0.224710136506774
0.256181712551928
0.200577329484323
0.199402707467836
0.224392338224955
0.268947572131612
0.195269781190795
0.18705857934783
0.211112426150156
0.202193597184222
0.207949103227206
0.194121837340012
0.179084459153599
0.209536600382188
0.236719302914059
0.195948969166601
0.224102856864755
0.219310432250142
0.224644741336649
0.2335197434797
0.174510655596017
0.225157211518222
0.214471417578812
0.254075305053687
0.221619361921344
0.216349109012896
0.213802646641303
0.203086008312798
0.266717097986165
0.258931178891313
0.238893269509062
0.165148164035008
0.166348207570191
0.19312902158775
0.191276476332762
0.205933819830418
0.164877906973925
0.198456831047413
0.170810621543351
0.188106109099556
0.198209649100395
0.193966579230542
0.234079762472987
0.215504527019102
0.168207577018659
0.164918444413411
0.216767407273407
0.181744668039652
0.183157751314164
0.194957271169478
0.15940526319938
0.175038049127815
0.187469124480754
0.152296590653303
0.190308270368815
0.261133061685738
0.283741422317439
0.193979362243881
0.170449537422903
0.205618131845945
0.19822185447726
0.246695016246496
0.205628053409265
0.224536075848867
0.192851314099217
0.212887291730888
0.207230185453712
0.279648635184178
0.151535153226461
0.209605643449432
0.19832044768224
0.204706137971682
0.191312261576486
0.168417631249779
0.178699244257365
0.197264112828811
0.163668227935884
0.191040862622919
0.199634866616955
0.158828752640245
0.201741809524285
0.235254266065221
0.171966369162835
0.20559219620883
0.1764231772787
0.196287052052705
0.267472073982741
0.158453982828525
0.207812686359808
0.197663205706976
0.210970728010832
0.223766178043852
0.20987332345569
0.272694829793487
0.218705156485955
0.184830848064414
0.193697900346991
0.170313662672105
0.219799517223765
0.210812133408984
0.248178773584014
0.17647604336347
0.236037259937678
0.20324808839671
0.184588230031469
0.183461613840312
0.18980459085366
0.166667397404436
0.158078663604492
0.209149231032194
0.205523497045602
0.219306338443945
0.224749378255117
0.183910047315705
0.255656604189612
0.173547797478171
0.212202139634029
0.223111470932319
0.173917204761291
0.194231318644116
0.210470223311288
0.223007447272151
0.192003083473113
0.24788084263551
0.189726575854092
0.217360803620937
0.221089853009248
0.221398088022007
0.164733674256062
0.192606789237774
0.157114241420555
0.225468914894509
0.167036228534839
0.257849818903648
0.174048365513388
0.211383894027678
0.29716807965854
0.277763468215647
0.178848335318671
0.174214020355484
0.186867408294832
0.191130161670653
0.226562036517571
0.241498579863884
0.218823321636275
0.220642046525879
0.179129338903319
0.203395285181096
0.22318648714688
0.194536398839584
0.196481508122842
0.201101299339243
0.219165234018695
0.201837288717639
0.232853425243444
0.280080213389788
0.194618756668336
0.191732359190352
0.21058048036119
0.194857176277155
0.179862199350345
0.159520640450393
0.163081705871251
0.191379643990864
0.194752992163301
0.177496165296691
0.161030412902772
0.196131673489964
0.230515749486552
0.245083602508763
0.220544206300457
0.179669377909499
0.229974422252458
0.200976347388337
0.214013976528598
0.163122227514575
0.187472860788887
0.252461076232807
0.210129422928198
0.209165969780436
0.168112126660459
0.251342972454195
0.189744672023978
0.174488055390066
0.206406339060267
0.232562651440526
0.193832114433663
0.186677988483127
0.217696645719833
0.183129864520905
0.201853353358499
0.179811036163824
0.1876347812838
0.209162784218618
0.188767321037509
0.181297427603694
0.199766760130214
0.183890982620179
0.213393545831929
0.17862113414457
0.183901166708551
0.193695777430625
0.183867614563988
0.227998630123755
0.11715812721515
0.191573916038408
0.231720785018883
0.235267563734655
0.208489183362885
0.17366992239286
0.226176043656826
0.238055228784507
0.160302408281283
0.212630298987645
0.219369000303967
0.226336320933452
0.251443618317945
0.205465698222015
0.225635150419524
0.271502226334261
0.188710226541878
0.206813102691303
0.225940615506652
0.193319929126251
0.23572079246604
0.203549064896721
0.191778959916701
0.205155213212647
0.208486817335059
0.234893999736419
0.182512078387819
0.231271793155377
0.228343085003514
0.199250450030402
0.265676123467641
0.198148983382302
0.1936749077777
0.18296248732578
0.217965273582174
0.27601503103973
0.177462395240997
0.204284153265212
0.175522895226638
0.16444665340251
0.19939539138729
0.206102418910106
0.186363094839031
0.201486350328112
0.201986060451799
0.20572184080905
0.201150512688326
0.212811020854715
0.18066384432272
0.183784750959695
0.220426319514708
0.18865938924703
0.222040929545247
0.175795515659717
0.204910885770428
0.241302327581211
0.199050403558273
0.204088772024164
0.212152404831296
0.226919432544737
0.159708954073207
0.177125447407311
0.228361446066462
0.200801409170671
0.203863626041771
0.188286720821594
0.192746466719417
0.195561157793164
0.206176497170347
0.167286481751594
0.206185652816907
0.175918113740409
0.204829847818701
0.240877010595158
0.233358637852048
0.164560143197832
0.187947135597283
0.205055443077949
0.243313958692217
0.236950483984795
0.246132507489276
0.177332546094743
0.196085958866208
0.143718103328399
0.190992406400476
0.194151445395582
0.179517397233644
0.182836917772165
0.249581915295347
0.192238528838003
0.220680005306224
0.186930401182683
0.198513506994359
0.224719084782455
0.170998010729626
0.205362656470211
0.189447853363921
0.185331011194257
0.207718361132959
0.17861193088113
0.16397720253488
0.184210808759203
0.174337964543619
0.182751755697511
0.168871276106404
0.223698709589302
0.175370881403767
0.143628159121436
0.212897120292451
0.145634993471984
0.203879099572487
0.211601924257161
0.186803060817517
0.161814197318719
0.184502644859587
0.207176545181164
0.22516433680836
0.223018872636124
0.173459078754533
0.15597755569168
0.167162999843407
0.213115936979866
0.198744060303271
0.153778087620872
0.173408407135714
0.239062622856081
0.196969219320439
0.157105270062248
0.204968756550847
0.197076134644788
0.210457175136379
0.146528765497565
0.18664492818036
0.224051759924754
0.224535595092218
0.219636439083826
0.182768878602992
0.16607932839558
0.235235322095177
0.222023565563649
0.191682539217896
0.154202299225467
0.18413543752542
0.23811005053845
0.201697714030205
0.21584739248759
0.197522787299719
0.185990520291217
0.209642128455686
0.204013225661057
0.209976678418643
0.214544000512047
0.198929478022
0.209989469911251
0.212014330895727
0.168604775105643
0.20918650238987
0.229695655188698
0.176942989872889
0.163477621204834
0.210700351932427
0.22077648019354
0.20202292040532
0.213848369897425
0.22985998525642
0.197208725730976
0.178452450006035
0.196904062699489
0.209658871033549
0.22858236377304
0.177924311956665
0.158267605393971
0.212027432265841
0.152316851756685
0.165005498988279
0.186878759620841
0.194541496253162
0.239270179033373
0.220645366254119
0.215034929708293
0.202065897789163
0.215791448182879
0.227516329891077
0.181695747275307
0.181864288013585
0.299525562224192
0.215932918793719
0.201032706375291
0.228115794219344
0.193629042966167
0.219610122320194
0.208097262277855
0.205747087566071
0.176955333077214
0.214462753326145
0.176371712289693
