0.17
0.133111765613432
0.0845947763710525
0.0649831549579681
0.0901243524533009
0.0992808889959158
0.119219951698002
0.0764993517968037
0.109447161123361
0.099727057295258
0.0749972806822178
0.0938850311708118
0.0859892714139917
0.128736814163159
0.0963966315048416
0.114404184806493
0.102163158842902
0.0859733306826908
0.114111395078665
0.0900572960340107
0.0958277048359184
0.121232711967161
0.112725375810577
0.0808336179985734
0.089537660074088
0.0927850457987453
0.0865173464078356
0.0730737991888848
0.113983270430518
0.103119653201831
0.0636651088298206
0.117486384461106
0.0950758089505207
0.0710340874206976
0.0860920155751713
0.134253815465631
0.11008643275265
0.0906583975521723
0.135271661285876
0.111930226744047
0.0823716442071979
0.10169147550664
0.10819532421539
0.100270154946993
0.132318459343547
0.106352128513437
0.0972235818481805
0.130577114701311
0.0917158336119774
0.121855056916279
0.0985720428876596
0.12396654025073
0.0763182515370231
0.105793382403117
0.102800431075234
0.101132671595527
0.0677689206597305
0.0942340577484529
0.112426310169627
0.105755423655347
0.0778941911258724
0.0818409780962914
0.0970472166688195
0.081162314121548
0.0794851682047017
0.0942686152975489
0.104868265934686
0.106593426401233
0.116818070065211
0.0849970869494253
0.100019220266331
0.104921372211666
0.0909896934429118
0.123444890576286
0.075954926721638
0.0922434884686865
0.106026239432954
0.0893067000811073
0.0858972405708063
0.0813489704137544
0.0812126285891972
0.1038807079567
0.105028699402691
0.117917661765215
0.105022364083547
0.0955038847709324
0.0910347256651981
0.0831557766973605
0.10143630119581
0.111881931023541
0.0782553392763575
0.10422284137676
0.0868427423662911
0.0729520004877437
0.0751205065210397
0.0929315364457005
0.0780335518606206
0.107008146386652
0.111297157194076
0.126949300693835
0.0910393480985732
0.0880771729287939
0.0835500719836261
0.0859502080818436
0.0904397837923653
0.0806704815705835
0.0867042935947547
0.0715382807797333
0.0866775776125575
0.129307361688276
0.0885363905695885
0.114649488851159
0.0812136403193861
0.0923590681853857
0.103893140919919
0.0796846112741003
0.103149844546994
0.102382343309427
0.0962154572884479
0.0934976217634364
0.0688743035412772
0.0911104553037281
0.127711846865726
0.0952183285323747
0.0928386293004987
0.0702125542625718
0.097530837397799
0.105001112772537
0.103375866843309
0.103970553618618
0.0842778995192341
0.0780134807765005
0.0762864440779361
0.110027190510849
0.0890506700683693
0.0814655408878099
0.0991278678166297
0.092523171615669
0.114139412913352
0.0894830770851954
0.121157698811408
0.121537436757229
0.102005668066181
0.0939217804134856
0.11412722776978
0.1104371661615
0.0974128693206819
0.0945903000987138
0.0988648190905463
0.0965740648159761
0.085768102259754
0.0872332808393434
0.108486029340413
0.130330586780399
0.0940635688099081
0.0783151673385472
0.114278550238288
0.0770727032065323
0.0880393624690712
0.0646285381158806
0.112764238412962
0.105106008636307
0.100844754300018
0.0818650605229023
0.0924414471859574
0.0911908102091744
0.0798124233209774
0.0814330515773683
0.131793949062271
0.090784944093787
0.104158579028226
0.0932288071997127
0.0926113348852489
0.0723931861929192
0.0667286949322697
0.102858563279532
0.109904620007344
0.106324581333706
0.10905810690437
0.07526129191947
0.1027012360643
0.0803488827305173
0.0970527109937198
0.0966939152980791
0.0902884528143135
0.102792277254054
0.0934274424775281
0.10871075762992
0.0917418892597044
0.115213441912736
0.0892634610175054
0.0806240378891439
0.0855464405500396
0.104941227799329
0.0815401898978195
0.11447873607567
0.0783971482863825
0.105735967378309
0.130034807272389
0.0793943041262238
0.127586227584124
0.106719209424714
0.0846687663031273
0.0998737478636462
0.115246281467035
0.102278840998521
0.0721467690732966
0.0879334593223603
0.0911836115216536
0.0921357262454008
0.0915903126806595
0.0688312039067641
0.0936342646712205
0.0965692550729517
0.104843022612547
0.0954435987679204
0.0955543237391847
0.0809880417352519
0.139488729314573
0.110048601806802
0.103791833286954
0.10438108111052
0.0864027678184558
0.111640093090091
0.105208145759146
0.0871735969618794
0.0980324192048533
0.07918498943836
0.113319550612589
0.109916957915283
0.107298612655269
0.107577202923955
0.110478567965729
0.107040931335751
0.0936676284228097
0.114828322957791
0.105076483690686
0.0807971480546279
0.0949083114071228
0.11489595534718
0.0965908811674476
0.110671918730816
0.0969169905045881
0.104254529419123
0.0957786478204406
0.115725639683747
0.0875108679685086
0.0984777154852489
0.120031997234741
0.0957925948666263
0.113668883192483
0.0719656682933882
0.0969190837206961
0.0889028096688288
0.113951326145323
0.0758385020078552
0.108449602593112
0.0753434805972465
0.0935226465020306
0.0775454652067344
0.0776094022449592
0.112778942380494
0.0744600777145295
0.0787241065208717
0.0987253509914708
0.0851859189667339
0.11163242715754
0.0814250019734328
0.0944399608293825
0.106988114772182
0.0882762832129723
0.113658966298656
0.0823670228499826
0.126063526667604
0.0980093322467039
0.11041761883512
0.0712682094161186
0.0894519101858336
0.0992269141520191
0.109381942513846
0.0733725674957089
0.0962619306776344
0.104754468665215
0.0961817523545195
0.120725832487764
0.100852584149216
0.102273027053604
0.0876165144459084
0.0890628393135808
0.0734101358174522
0.102696089192134
0.102338980391863
0.10388626419704
0.105139375094537
0.101693506958882
0.0735966929464674
0.108177202239897
0.0972535261719542
0.116573278007064
0.0964788463782444
0.102281563553701
0.0981973565375018
0.0864024681037893
0.094641187632066
0.129292556071843
0.0990776802998512
0.102407322138753
0.100304238071827
0.122214675782032
0.113120675074636
0.100472297790584
0.109611323144857
0.106517345567868
0.111598659777549
0.0831145291147342
0.104730824396298
0.121787434209548
0.108074010764152
0.106938001861918
0.0701034155042075
0.0917410921508892
0.0924827190842524
0.107477576342823
0.0966025546785602
0.0802109934630515
0.0743202795935052
0.0991042038761367
0.109741569725928
0.0862234563352132
0.116421555101599
0.0577408038297295
0.0922392194085502
0.10887810801292
0.111197077161378
0.0770591643993945
0.108085485181657
0.0820000322885166
0.0808840193536493
0.113255829626593
0.0852126696491517
0.127687403076221
0.0856861985759416
0.123619198251235
0.108654637776394
0.119368763746031
0.103468763901228
0.0695423155168691
0.0757884773664748
0.103777216105729
0.0873547073082397
0.0712898533862885
0.089954188734372
0.127801952204557
0.114021077908339
0.0687360695652282
0.0643294583936841
0.107717542642036
0.0900765457600097
0.0780912488521607
0.0829571621162742
0.0856654365867049
0.0904367877151701
0.0978838107620231
0.0664292804062594
0.115865171972155
0.0770128777771051
0.091103169858646
0.0936721570159584
0.124665004083165
0.114119746636688
0.0927531926868224
0.107066341728711
0.096758023276245
0.0891391328988633
0.0926423263144903
0.131432916397407
0.108445621862049
0.103954520232917
0.0988960733761608
0.0917180255602129
0.10783089524005
0.0971023231923027
0.0777199893215425
0.0838431403044596
0.10908355777699
0.133036137891853
0.0898651411990086
0.117653930321074
0.074757142242145
0.156085639768409
0.0916975115818979
0.124280882979951
0.0993852325429803
0.0865503309123159
0.0884739915741696
0.113492745543061
0.140413428767354
0.101366494985444
0.112890713737077
0.110032879802909
0.107756434489595
0.108957525192105
0.0987432769420689
0.0959575480194204
0.08725365603683
0.0960414887967215
0.0959389246392885
0.114478533273124
0.101766432107397
0.080341632357497
0.0997094336500669
0.0947140097861277
0.0891317724871287
0.153034174598108
0.126823507619848
0.0908858010498015
0.133715139402411
0.114639420830766
0.116001630630144
0.133932270168887
0.124990858931223
0.121523850063168
0.116624154632172
0.133765248624938
0.0816139019606066
0.0814735880889448
0.08800676815915
0.101082156034142
0.11315599366415
0.126841618553263
0.087784898588958
0.0927960255585129
0.110378393826766
0.0814966513979782
0.0846896355870846
0.0962124217847209
0.1051147945629
0.0771897537230483
0.0906510366221849
0.0974301402090205
0.116627681604781
0.0944301767134583
0.0864443351741331
0.115074225915907
0.0952921126127548
0.0874801936937572
0.0840908769287489
0.0898948065817347
0.0842686547840501
0.0969490137191922
0.123296515731265
0.0969757915465116
0.104188739758516
0.0963486925242172
0.0571571181313103
0.115711454882232
0.105398079016218
0.0994089767759218
0.0906082541194925
0.0969955017364473
0.0973651500956489
0.128632033622963
0.120303788860544
0.0693924652344452
0.0900674829178152
0.0966652727099657
0.119237443687939
0.0728740188543353
0.109904413147253
0.0822724810343289
0.113176846888986
0.0999040251589284
0.130189330523815
0.0894364327616967
0.097959820570285
0.139959309718659
0.0827618090205952
0.110016732777922
0.113244931315061
0.087253083242324
0.0953678180812165
0.0998705858326658
0.110587907774246
0.092397854926616
0.129545373925789
0.103770475121731
0.11316558012045
0.089166677746424
0.0909580842771507
0.0978321879241512
0.0795568292235276
0.0661732228362082
0.100487845638486
0.0765212693511775
0.110438415258848
0.0836204718105845
0.0749725133258417
0.116776896299962
0.097886701040595
0.0915462711155487
0.100063973013733
0.115806868190814
0.141088501945531
0.101011768748824
0.122028341051205
0.0866705613858091
0.0931442469848428
0.110750495627792
0.0768865156792525
0.139410361145316
0.110810967419001
0.134140967330115
0.0836092367521166
0.111294958483464
0.0935707214319404
0.0958767259218631
0.0889266248111075
0.124595504408667
0.100376391791519
0.116721908147885
0.0901868549332373
0.096497388347527
0.117470732026821
0.109493459915303
0.0975664598844189
0.098210457705778
0.0870924026125891
0.0883306420635391
0.0772390989157919
0.0922503765341015
0.106959446499223
0.0971439891773406
0.109125015619514
0.105331025815745
0.121031896485197
0.0999229824603082
0.0973421640325577
0.113408657205957
0.118880136015649
0.105894885442836
0.109697017019136
0.0935487108633273
0.144767306711796
0.0743572096397122
0.108869457078259
0.0858636338041855
0.092790337080032
0.100198148421746
0.0994142421151981
0.071415023656698
0.117025709941693
0.105276127261062
0.0835060682232345
0.0828871187579151
0.0776296137413012
0.0787240387231017
0.0791962803167452
0.102395311349077
0.103433390803612
0.101043877599836
0.124797293677681
0.109189117822002
0.114551946750757
0.0759641979504607
0.0646435172947762
0.106906453671295
0.1068547984977
0.0981099616014536
0.10324562087109
0.0943324040200289
0.100270038818273
0.0986752674538955
0.113432761446477
0.11821445317781
0.117371959195576
0.107884730328012
0.0911396625845352
0.0962403774436247
0.1122642577047
0.104912651781474
0.112943232933884
0.0873211426453743
0.106416264725183
0.109162784638521
0.121378632789791
0.124994552744938
0.0963487923558443
0.111046214544066
0.101678495225541
0.113436719411884
0.101709210104862
0.0947679650268408
0.107729300058591
0.0977318482140085
0.103910479093373
0.107998171987996
0.0793641712679169
0.0840745808832859
0.110680736941301
0.0954295327112158
0.0681736911170624
0.0844398395997307
0.0843936570572763
0.0795837922990925
0.0733311221668353
0.0988995879568899
0.0968221096193664
0.0882805393960852
0.103026929077033
0.0925794037945985
0.124773305293925
0.0989347742197152
0.0992177546418786
0.0897581195619843
0.0964141120395993
0.0859009922877883
0.134783815984152
0.0878358708201104
0.100146040380996
0.101898232360315
0.0988791990566075
0.111974163201349
0.0928758170971446
0.134260252369174
0.112134371580291
0.105685239754658
0.100636849480229
0.0956113506161028
0.0936629733557954
0.114243965106457
0.134886143496455
0.0842177426947672
0.119181632350631
0.123230001833127
0.0723681264389655
0.10591641782327
0.0867754510411979
0.103289699690933
0.102417525385041
0.094876709060009
0.0964240980186145
0.0702556289158736
0.0785613371302109
0.117196087249756
0.0974075679055471
0.0813933668586334
0.115908765115333
0.0972211923472876
0.0996663430877543
0.0749259513067166
0.0815575864329773
0.11404853431142
0.0982861065890728
0.117404373236788
0.0991494978527006
0.0661549174563271
0.0987326931561168
0.0938779640287383
0.119203433634072
0.113347941826019
0.114126373824416
0.110128071949565
0.1251395959247
0.0919181752283464
0.110115236370756
0.0901718127514953
0.0975628164599155
0.100748689046928
0.109003424151661
0.102761889059213
0.140274534829803
0.108441306709892
0.130944090531062
0.0828876468703261
0.0997399418724118
0.0865435349643647
0.118620347868766
0.0953763927135725
0.107955560273468
0.116125520702193
0.129275553040055
0.124349083235864
0.112935118503811
0.0935208707044162
0.144490259231124
0.113417133391459
0.0953984415615764
0.107745879924967
0.104002786411113
0.0966412300026015
0.0996848341473898
0.091725462287724
0.093283991459496
0.0994179349028668
0.104759629201612
0.119752911378517
0.109093784006549
0.0954826001613368
0.0793293359656117
0.107571699345526
0.0961661793221426
0.0875176240503141
0.103838904482525
0.107940074803836
0.112030955249042
0.0964715773366309
0.0908810152118906
0.0975881315515551
0.101943476341521
0.12742380758144
0.113971132568631
0.113561564255367
0.105864120219026
0.0898717011346632
0.0634889500510507
0.0789575001304109
0.118805657031695
0.115134796082044
0.159031405182675
0.0913137482322383
0.0997805695406822
0.111561039641727
0.0901740225052758
0.083147514097694
0.0836225035797871
0.139209281478517
0.0950358147887759
0.109847833576692
0.127485839465417
0.111254451810888
0.150391730927542
0.0836333059581005
0.136096057867436
0.0850154219126608
0.0909777133893572
0.137859881714617
0.118245117256917
0.118395127346321
0.152279698688456
0.0822209768722073
0.0771836921745541
0.0996243193299354
0.0933542737155914
0.108979976997381
0.0860441826905562
0.104809367071874
0.115753239826516
0.0916677523424772
0.108339604418542
0.0972932429863727
0.0941313910015096
0.113077482581043
0.0907752787859673
0.102282715224722
0.111294263293505
0.0925938771919651
0.0989701235848618
0.102683327821032
0.101930370877806
0.119099135283841
0.0854036210130009
0.103573020185331
0.112734806606377
0.136055577257797
0.108256270142597
0.0968665340727692
0.0817801333486623
0.117105978849033
0.0903771718464242
0.0955139041936298
0.093951196159779
0.112012357754984
0.124329827565394
0.0916865366872472
0.100099468775674
0.109170738343425
0.0840600286378789
0.11944916187341
0.0737629834668322
0.0995505462588742
0.0841179579333049
0.096440505331639
0.0887195424008414
0.122469309614861
0.10154030712169
0.0856715570319232
0.0794043320238526
0.0665758770729092
0.109521242747264
0.0965377406902904
0.0966423286969686
0.110964213264051
0.098451378065033
0.102786262814525
0.0949702643837661
0.122236340766348
0.0653600472977225
0.0954009677537846
0.0981749065884564
0.0746700692869116
0.104002089007843
0.108567489241481
0.0923525461141008
0.103306978364968
0.0946963094939631
0.0868166760278365
0.0998672360419169
0.110139303131765
0.102917212304018
0.0718743416970617
0.0781291471010615
0.0934326653354949
0.0907251776828747
0.0836267198713868
0.0989134685454496
0.0899776205969404
0.0879523443479224
0.0979806030704222
0.102158220524933
0.0959091983487168
0.0894440765226989
0.0972843567107811
0.0946146843191717
0.12095761472177
0.0978493320467925
0.0941556444620351
0.13417651476836
0.118379223643378
0.102266527183075
0.0842428056128769
0.0664340590488346
0.0964029241994437
0.0866681712085491
0.110660400820884
0.0959213794236179
0.107723943964511
0.0752869594430672
0.121723032675465
0.119511351178002
0.091291218843786
0.13945867507212
0.0877407243141698
0.0819513181256735
0.0994037795440968
0.101709279957554
0.118397927006061
0.10869844696904
0.0817892718549579
0.0874743051704546
0.105136484520381
0.109827770452299
0.112291562360628
0.0944557194295821
0.0872782838888767
0.114378858735331
0.105447767687704
0.0730626846716512
0.135904046315602
0.101968071303911
0.109351106809067
0.0992900163615494
0.0984001222913977
0.0816181163308649
0.0788339262844141
0.0854215605096083
0.0972569674465864
0.064014498884654
0.0871288898619116
0.0962817070080184
0.100038578493683
0.114487910197795
0.0788983240887473
0.127686189720815
0.102274678642864
0.0777235910582094
0.0779246032178792
0.106490357664256
0.0891016559765827
0.0756164035722819
0.103369510554999
0.108858787214436
0.0931192860195501
0.0872155884347551
0.101846735687097
0.102017702752356
0.0793217873615619
0.078562496746312
0.124248277837513
0.0775278628590399
0.113943833922142
0.103395808098526
0.10843124111598
0.0624858776120466
0.0967539601211288
0.0853111605962507
0.0642724075139962
0.108536887184789
0.0849300876450501
0.106683114220022
0.10973519066213
0.108082532220818
0.103324332087052
0.0894046832088681
0.0879200515107725
0.0918243092059459
0.0861856767354061
0.0927164549385884
0.0806613526970033
0.0975632986403956
0.118812754618262
0.132702671097501
0.115004908086211
0.103775758454907
0.0999205233791277
0.109116004460526
0.104138421359911
0.0854183749707137
0.101773968842832
0.073976055983115
0.102802037891134
0.0865416143977748
0.0762565323277459
0.0840227460247986
0.101853495667872
0.0682179371745279
0.114635492915877
0.103940409704812
0.0842225559631604
0.0997269035666618
0.085847846891172
0.114908343666779
0.0860592537935
0.0857885339109466
0.103085607530789
0.101154658896014
0.0844694847514224
0.104135026030415
0.0980976084092716
0.111132608579314
0.0801790177834292
0.110100976670425
0.122691325498157
0.0980063120760619
0.12011387663275
0.11147261470906
0.090721864696394
0.11374409255261
0.107342242747776
0.109947515908845
0.096579284446951
0.0908593946082262
0.11342395444415
0.107699071172895
0.083451156443485
0.104283647526203
0.0834402973017035
0.112536229027762
0.128199033714351
0.0979963335965954
0.111471415824607
0.111535698135528
0.099674864106347
0.119533183517293
0.112980774102833
0.10002993872484
0.0812910272031737
0.112550646927876
0.109355008901102
0.0849625875845807
0.102024895390553
0.0856161784062381
0.0744708774065808
0.0988535996690928
0.130193916920973
0.119279815182188
0.104537064721483
0.0913502561061255
0.0880386762152639
0.118941166853674
0.0952466485979164
0.11766597961224
0.08985685949643
0.107509910842011
0.120623224228592
0.111648378917194
0.120304460713258
0.0883435959655245
0.113667666866839
0.0683834534001661
0.112980156222644
0.101801935266807
0.118446214487284
0.111885302941511
0.0828253062806103
0.089990403544352
0.105594517417554
0.103230613566443
0.0933007332011913
0.0946359817584592
0.0771135159667453
0.0958138600854283
0.13028363238885
0.149522378870878
0.0980048720126447
0.07593435986238
0.081819649014702
0.101928931808791
0.0762133687183508
0.0878679259340295
0.128876547798129
0.119500838197548
0.113307172710897
0.0961462835999644
0.101743149641858
0.103323392689286
0.0788821582705538
0.076007154228458
0.101795712511128
0.0794212874784959
0.0927500597984333
0.0731443503448253
0.0970414610011593
0.080799930732152
0.0839543858526418
0.140620019178148
0.0849302395838487
0.113201285950872
0.105190737910739
0.0788818093330231
0.102830709020646
0.120612987244888
0.0996173443323659
0.116885834026751
0.0727678599573876
0.102730585138813
0.129053903857462
0.11890139048925
0.140694081888778
0.117539229384609
0.104161071551568
0.101175993478477
0.0931316908674437
0.0945521875022323
0.0751381937901021
0.114269147605176
0.123004651703052
0.121162469288614
0.111297168217932
0.105651553079426
0.0965971916911706
0.0843243129420578
0.120713284423218
0.103300775357803
0.0911339025371871
0.129467044643703
0.133306200702789
0.080862035665668
0.144568116945736
0.0740758754954286
0.12402518355463
0.124690221801917
0.106087877747027
0.125983910494848
0.140623733343054
0.101455012763516
0.0785910083263819
0.101341092852523
0.0881353434304866
0.116722630884375
0.101445987280245
0.122262998147477
0.0902465407934615
0.119167224399071
0.0887690213903493
0.0944069560220051
0.0712634123686197
0.0860689148491505
0.0929090289643596
0.100257602050051
0.086987786693228
0.130090273253704
0.0990834577450582
0.100948187394084
0.131351374265856
0.103858647601245
0.106155803843879
0.0850801649322306
0.0866996798068095
0.111394355788289
0.120444349425235
0.136132467318694
0.114520891957683
0.0864941013597132
0.138792891817328
0.0895801595664355
0.10668355001887
0.0851933076670366
0.076964260272481
0.0888293049818279
0.0779110736065129
0.096101999856034
0.113969415564547
0.0902143935368269
0.0769938076940028
0.123566691390155
0.115898013287513
0.104387384577873
0.0798747356492171
0.110670652740721
0.103042172889485
0.11103527273125
0.103405542519422
0.109362037580979
0.0899480935798069
0.111794185198234
0.0877681302722105
0.0938377833969606
0.0973159493288443
0.120333986845798
0.127508826421881
0.100435451265719
0.083968869229737
0.107976561827284
0.0842640186267923
0.0874472538724414
0.0979514693968137
0.0929161806369883
0.0742749415500442
0.112267150948204
0.0861921345349586
0.115037464273477
0.134747261518352
0.139698199113075
0.111368663887547
0.0913948048938823
0.112934098312975
0.10956718597646
0.0939245375397059
0.103202359126987
0.103571572479769
0.0868951983971111
0.115330704264417
0.107916608253477
0.105464868737945
0.146497096789452
0.129746202541803
0.105330685165497
0.132053626969088
0.0922054664538351
0.119849192843572
0.0823248822209167
0.0875067739638421
0.0955103674041412
0.0839480414313589
0.111267979508153
0.119651471803437
0.0976026359221987
0.103903795317181
0.108632582299315
0.0746073889698102
0.128614642158532
0.125055442052028
0.0969743695288363
0.125546366632977
0.103501431009236
0.11239591805282
0.112595833416609
0.09387249847645
0.117617730642351
0.061751989391565
0.0886621810383873
0.088473080600085
0.104853033324131
0.114342115036148
0.0985794188220527
0.081978481062085
0.0770786722120917
0.0813617975550035
0.0829724216976713
0.112145875486537
0.0985451940901232
0.0985089785699539
0.103470787116738
0.103867423135117
0.118315881302865
0.093950218222483
0.114652372209265
0.100225954864787
0.0674339157235805
0.109942804776654
0.12900685244984
0.147725583940611
0.122144399547051
0.104439362563002
0.0762571662172743
0.104931488507547
0.0941015829961993
0.0878516171867748
0.07711128842355
0.119759358401709
0.117501529474104
0.0891524311510594
0.0827189359924953
0.110166558949932
0.0972528043761298
0.0713485416793772
0.107705456348853
0.0884898175958619
0.076596623048544
0.104656517324281
0.115763054507604
0.116304397204243
0.0811266308294216
0.0930073355538319
0.105788451035214
0.0742796770046165
0.115936277356334
0.080840344550951
0.0937980383364307
0.0812901526189966
0.0972485829362816
0.0709341748364016
0.100781618532336
0.0834069665501274
0.116670170343798
0.0959710490602444
0.113382503886684
0.079432747610307
0.0978973040806506
0.0744360757322502
0.0823814322484748
0.0813937789858458
0.126085432823561
0.118612928048889
0.113805092385908
0.11162556676502
0.0797530575633893
0.119035010981132
0.10799869675196
0.134441136896834
0.114946998960171
0.108407334765446
0.0806698176893255
0.109848194806455
0.105727211235191
0.126378025708719
0.0885872733581006
0.0877772653651945
0.0832480154918047
0.110044591668873
0.123960273199672
0.106257437975252
0.128153476853377
0.108993970038304
0.0923545931586818
0.100106157489277
0.116733781865313
0.121722525211392
0.113553637213631
0.0921677335894416
0.08972165345432
0.0832672110817883
0.0884993754743148
0.10872554702549
0.0849681122080839
0.112316543300379
0.101189682434235
0.0965933268177045
0.0871415757142581
0.126958827527888
0.0925946352154129
0.0716857496901994
0.0853770118247804
0.0953710714699149
0.147676323100492
0.103953728015209
0.0974543300847764
0.0813183601952358
0.0982944025599551
0.10268255361431
0.108380403223981
0.0932494562730252
0.0820290239190252
0.0914964390533501
0.107838529205855
0.0812593122389704
0.0950493048543528
0.122080411465783
0.0825432822733808
0.0908351484971441
0.0953275263622242
0.0904722785831071
0.134694308744256
0.108222905150092
0.107225288262921
0.135646501457878
0.105935476809723
0.117373236233731
0.0865462588359664
0.0950798784520831
0.0741673255883763
0.120064451569234
0.146064098396988
0.113423369482158
0.0837380688996772
0.0878595420271629
0.112282044219846
0.0772251393188008
0.0949338318109964
0.0900581039525503
0.0560906347280227
0.126585869322123
0.084542536980124
0.131432972961606
0.111299895699973
0.129242414038983
0.0807112211973235
0.110842480283952
0.10231789810676
0.144230966678997
0.109162136179871
0.0965917366217298
0.105413494077314
0.119286344835013
0.10168466754013
0.0829699423903658
0.0999539821067759
0.117791129236522
0.13445141800027
0.0974298582939285
0.115286499803478
0.114767371162261
0.118556454161989
0.0985445269064601
0.0978315053669236
0.111163938780024
0.0986753005267142
0.0757606032083436
0.0656747884669155
0.108949491153858
0.0805414940858928
0.104608898370914
0.0906021038470253
0.0889977183991068
0.0820933279185345
0.107646506328517
0.0605475696478966
0.094190858049074
0.102066824053991
0.0928575076526603
0.0811903042903377
0.0870963129261342
0.115006380673744
0.109224734850849
0.075006762452238
0.0879080043314962
0.0760460608880906
0.120163963008327
0.0960444750655196
0.0943317945633743
0.0860489525314469
0.0953666643151182
0.0898579323003773
0.0979813060107964
0.0854359604724371
0.100103357840836
0.0857658474108028
0.0967230091185533
0.11222093701013
0.0763340314551891
0.0926713289969467
0.0954652629689029
0.102936834686837
0.0891935922729469
0.0982881057366076
0.0990140666221559
0.0901375097203809
0.119018247442723
0.106838523248386
0.0925994238452506
0.0853875957407268
0.102380656038117
0.0934563753700434
0.0690006997216278
0.0907904098918337
0.0884154652807302
0.0984746076972106
0.111773379888513
0.113945271772673
0.0864445609954483
0.0910451376401652
0.0802778155694169
0.0973095050853285
0.102560641885724
0.092256186148588
0.126366338281177
0.104310383647025
0.0921526988720964
0.100593500002901
0.11343410027073
0.113876420376081
0.0761438580254822
0.0917816292224558
0.0933391146906306
0.0729595241005947
0.115034876186955
0.118448405339722
0.110545289708988
0.105752976118214
0.10069454902799
0.10188025951945
0.0886715704567212
0.0879840392422892
0.0730140317441784
0.078423173240287
0.0955701270874705
0.124949775133167
0.112578743763052
0.115742276597606
0.0924283622796476
0.090447754007658
0.0970422854687824
0.113298294957278
0.126113844839311
0.119737706243414
0.116765259190362
0.0800990612960763
0.100556526814209
0.107325787515071
0.0939702659789682
0.0890058122780025
0.132034180570317
0.0926211557623348
0.113527665936336
0.101082981960045
0.10234758047319
0.0902695964321526
0.0826269551659604
0.134356433587221
0.0861280268936929
0.0897282739866351
0.0929253391513139
0.0996098167184567
0.105284539171588
0.103711676510046
0.11590884365796
0.0812695487954507
0.102715941282325
0.121400482935826
0.0789246009474913
0.12050872472973
0.100237900492743
0.0999918947133377
0.114019703391018
0.112252954209315
0.0822973395764443
0.0983201958217955
0.0836186159522421
0.0919900724667294
0.08951801289265
0.120049749387365
0.0916781964462248
0.109113798974701
0.0858114227725933
0.0976424142192933
0.127904933692125
0.0959859314554855
0.101868806604896
0.124142978785456
0.122851618639206
0.0773772554277034
0.0927286795753103
0.103345820355305
0.0965756508398059
0.0639240569340227
0.0970723903394648
0.105764692947084
0.0834633446973613
0.11534245270951
0.0979379591069151
0.110384872340661
0.0959276417473315
0.120041957537776
0.100258827064939
0.0878068431468734
0.0974349259035005
0.137407520063671
0.115695077395196
0.0872936740624119
0.080624491717797
0.100010030633906
0.112857973382381
0.0861741358090126
0.0791087412349215
0.104949716607583
0.0749324839070889
0.0857338716790458
0.0759646779373761
0.114036994427955
0.125958915930208
0.101823515639628
0.0838086334538516
0.0971270809584544
0.0916307427674583
0.105683586585302
0.083678074187024
0.118271440533094
0.081798129392137
0.0898387205587653
0.0963126564400888
0.0861449566821439
0.07684906035983
0.105227924076131
0.108504237679389
0.122800078372403
0.109347616124943
0.0934203182026905
0.0943546331395713
0.113507330799319
0.113764326120512
0.101577457506405
0.106645303556889
0.0823155929965235
0.0763436421735881
0.0903692661950523
0.121702037737566
0.102540319454538
0.123623832245761
0.0849757468180628
0.104739958444028
0.0878364010773259
0.101616442321744
0.092756683340796
0.101093514807146
0.0901883676504707
0.0977181149042607
0.120028333726097
0.0884156843721207
0.117689028400121
0.0988443958120859
0.1038121637499
0.139601316196754
0.118383547447913
0.0875596322885439
0.101401035534325
0.0817730512435491
0.109659088395643
0.095062486700722
0.118292155158689
0.10172738740722
0.118831504293295
0.098513930655937
0.0976492906227245
0.10077555277366
0.100303089109551
0.0690150484505925
0.103884528960921
0.10708084901186
0.101914908664741
0.0983921202124733
0.090174173234838
0.103215656696834
0.135463664947592
0.137239261213879
0.0742760581935355
0.0933235534694884
0.0916667504218398
0.130483222785848
0.0995753738792964
0.0915221444259156
0.0877425590009278
0.129732247317667
0.0640944380857036
0.112273688772439
0.074878080589251
0.0782086479641052
0.114171454358317
0.0942742594413903
0.0951669239499128
0.103713417243922
0.110297649529964
0.0796318402407773
0.111533448996598
0.12080942344949
0.0978182499946302
0.0988765517343735
0.0793452278044591
0.0635909681014064
0.0917597948015793
0.0933652857556079
0.0621159011161513
0.0936599360452695
0.124373216159998
0.0899566306663554
0.131869420770949
0.0961707953930267
0.103007276351656
0.0932018821480968
0.0783273149749988
0.108059039373523
0.0899939997231066
0.112007609782873
0.113957474124783
0.0899649569956858
0.0914331167735591
0.0868342036619785
0.109126614754424
0.103496645544755
0.124819018361691
0.112876573279945
0.10936041736385
0.0881010034562829
0.100089580142241
0.104686313401279
0.0765406605951353
0.115026946487982
0.0867843668732092
0.0908278510306811
0.117711613870765
0.168949476641221
0.0809933945686269
0.0938757826407909
0.0810999116349215
0.0921270552433111
0.12018686813977
0.078648630526856
0.109206829672815
0.0825860261669113
0.0934100820339727
0.127448749557385
0.102105653779775
0.125389221324591
0.0837022195702898
0.0822442497476552
0.0697024812032285
0.0940255111381243
0.084186081418314
0.0929848588746189
0.109179278433981
0.124999899619142
0.0916860025026448
0.130416105169881
0.139926830788339
0.139378019666221
0.0789363435669962
0.107114815982918
0.089685432607682
0.0812270323426694
0.0746688061902464
0.0963495651254777
0.101765348222992
0.130485347294298
0.109775355666694
0.0974703921925526
0.0971896909236248
0.109154262522841
0.0894967655872119
0.0993038972604284
0.0975933835891515
0.123510885540141
0.122185220312814
0.0759534640210738
0.124624630635687
0.108674640126545
0.123006595686046
0.0994378562600466
0.116855767733911
0.0954717111549811
0.096675394600072
0.0646250224962728
0.138748116596108
0.0958004417205308
0.127901362598023
0.0925372708078061
0.100453454679414
0.109253133358996
0.0845159235086251
0.128248131314868
0.112872091754408
0.12406944010451
0.0835696085061412
0.0782177233076355
0.0842372200540138
0.0890178725726972
0.127087080107462
0.0970565289843448
0.0999546192897446
0.0865952993611244
0.144391358087523
0.123001794929527
0.0992777127587957
0.0956070717624597
0.0685822878233619
0.102196752650509
0.0674109448493938
0.0796523220674855
0.0994047047133574
0.0907754307606984
0.106067076522936
0.10618158949447
0.12173009161032
0.102241387727064
0.0853145030023062
0.100487345607558
0.117152559173772
0.0899028006268236
0.0709353482035202
0.0728103757820703
0.111478366896718
0.079617885788136
0.1010958686795
0.105957340236297
0.0830204692398637
0.0988680076388566
0.104422616740854
0.104953259179327
0.106186251282949
0.0904610702668765
0.0967443909351447
0.0989249353132716
0.07751389634355
0.0934928134198744
0.129461207235541
0.0961273855332889
0.0872918234803598
0.111218071804235
0.104387197274778
0.116117377856135
0.0897670906940195
0.0813959601823364
0.0989975230483937
0.0944957252111123
0.0885535010762765
0.103342777366209
0.113587337943584
0.0909654774013608
0.0722547256360252
0.0830533597735273
0.0758714957079303
0.0812651071882626
0.0746259449995536
0.123767006294019
0.110948534893884
0.0941949605817196
0.0925992872226995
0.0759676722168236
0.125518949028044
0.10564364051004
0.0960330466751378
0.115227610434157
0.0892348316487531
0.0964314353907565
0.0859173279978678
0.0815657111852193
0.0971056904247595
0.087168690212808
0.0707732456583959
0.0956843876743892
0.105572819315084
0.0844754066112098
0.106683316189782
0.0807405922182358
0.0967295583308448
0.0913840132571905
0.113335886659539
0.0797235093639425
0.083340852850774
0.0876324936103924
0.0974890984460948
0.141483791243007
0.0975894286992289
0.104825050439535
0.0921505618758556
0.0979853649506086
0.105429581750205
0.119057796548025
0.0996718432036581
0.116458633027357
0.0831648537212657
0.0977714956272771
0.0600249943337146
0.0918619037678307
0.0833648066719463
0.0663706786369598
0.0920649369301361
0.128794678816784
0.0894232716151758
0.110482206992792
0.0962370199214341
0.0941128475366217
0.0764629130020014
0.0763723211684403
0.08979641280763
0.0913698017900081
0.0870139887833128
0.117389653612426
0.117755443955318
0.11314837093433
0.142240377981406
0.100305944187995
0.0813134334895533
0.0783163911621373
0.0773344332646651
0.104773036979634
0.0667648254127603
0.0763311959450044
0.105637448989774
0.0898510074938501
0.0707982486067744
0.0830797337695363
0.104363816946438
0.115054110365868
0.0856704522150191
0.114241022862026
0.0934125688210135
0.110895351403695
0.111567874378999
0.074618247170887
0.09069418505591
0.0977322965905128
0.113467829845447
0.0858288129161932
0.109137539928271
0.0821781181036286
0.0831531938367978
0.111432678559145
0.103950735451243
0.0949001845109454
0.098796746799017
0.0708431603121397
0.0838546495802668
0.103657810463655
0.133561854840602
0.0715745699221232
0.100784361684582
0.131936399054143
0.122769860395136
0.106794267614291
0.0872455087114317
0.088919781310288
0.0634338021697397
0.0946129577570042
0.064644218811003
0.128243270472712
0.0865019991057191
0.114885574300202
0.0887130026176906
0.0912342414042598
0.129799475256513
0.127729319710386
0.11266241013046
0.0822725256319393
0.104879993073166
0.089887343267752
0.104666797980734
0.0915517032680594
0.0963003395243311
0.106121335193816
0.075694737681057
0.117528048669855
0.102781605620687
0.118721969973976
0.060631715725236
0.0859235951771316
0.116769038581386
0.130219721799032
0.0931274404922002
0.0899670768471675
0.0807344659892017
0.114322327086803
0.0781711368956421
0.0989802389072424
0.0792885735163909
0.0842242723777986
0.0800647184220761
0.0936583888382268
0.08761565773123
0.090866439371269
0.0920144334674289
0.10554908435983
0.107564062264396
0.12471656525747
0.112519529992246
0.134670633046708
0.0973105184042565
0.0940385506777193
0.0950859816199252
0.117981208668588
0.076879924657389
0.107163426059114
0.106011994928402
0.109378852832641
0.118091038783044
0.0874400113361837
0.0910490108704034
0.106038608064469
0.0659920941737431
0.0950799548350297
0.101481196425026
0.111445699035661
0.106612919814155
0.0999304564253349
0.108627944552927
0.1201280894057
0.100528818427181
0.104296504772982
0.0816165749539124
0.0796907148061382
0.0776261501835926
0.112337500168156
0.0856736635910447
0.100572804771554
0.102207420688467
0.114712713909801
0.0905901896226216
0.0812708822100941
0.0875308228850794
0.109814146446289
0.0872443111408814
0.0782565815006721
0.102120176756221
0.0715734704064988
0.120748635451345
0.0913403473829045
0.0685317311840595
0.0878114190129316
0.0727858094422956
0.0981956867592105
0.0734830585698098
0.101486458205632
0.097295262267714
0.0926257679594664
0.0944211716859762
0.10214651858672
0.138608103242645
0.134901960466826
0.0968907655664219
0.116141701459389
0.105196492255129
0.103382554536237
0.0895924769293848
0.0809847594311951
0.0938892765631883
0.142634878312458
0.0849556148185863
0.0996071343811432
0.11441356419632
0.120419892002612
0.126928097975508
0.0993213889466276
0.120001519776035
0.0858012116692613
0.094026902072793
0.0749478503845368
0.103292287917953
0.0864132014525561
0.0720629265075398
0.115690555671934
0.11349996775409
0.129614129530994
0.122060011540166
0.0888606858737168
0.0890344731183284
0.0755683123044507
0.088692974017085
0.120747997395573
0.0868242908941652
0.0981847283203867
0.133287680484114
0.0776056148802636
0.101439439016354
0.0997154029197878
0.0879856022645695
0.0857172753894843
0.0786680059842454
0.107245286778259
0.0904865644151684
0.112953499187601
0.100079528530453
0.146037693455
0.0960804564114868
0.108374690082209
0.141274330819415
0.091144988212973
0.0826106630123895
0.146112588885702
0.0895531499220567
0.110350448272195
0.110491527452921
0.0948466543886847
0.125963459843147
0.0964331589129824
0.0964876566037135
0.0975319351750839
0.130807850940659
0.104703984238373
0.106078389697863
0.122770107013728
0.079358384559315
0.0949418641159482
0.10647190296481
0.083808313261466
0.118141732664362
0.108907846118589
0.0896796446965465
0.0854174104016439
0.109945387601221
0.100839137547447
0.0854034159717579
0.0713954925357395
0.118577036658553
0.112750594182734
0.101470573978801
0.103121981630686
0.0843973991450766
0.0740893146484917
0.121344569977678
0.10249845296497
0.0806336834131391
0.0864177758741899
0.101266847598867
0.08995574231437
0.116094703187157
0.0686023809633165
0.0854253247474333
0.0666699209478022
0.125318514808399
0.0850768430158391
0.119739505866612
0.103602591901497
0.118616212871176
0.0759399878355676
0.0748126777520129
0.125831116827381
0.0951849190732531
0.0779607057362931
0.0816456351393818
0.132026542789608
0.103057710152444
0.097124289639413
0.101857183305853
0.107923890348488
0.0769235579980198
0.090269657303727
0.0932510009279644
0.104064035597725
0.0881921969672736
0.0932997070144496
0.0907031167216119
0.110191531884827
0.117296610452646
0.105726084464642
0.0974326299202328
0.104863038162689
0.096566848420322
0.0641480247267054
0.110263948501206
0.12901590218577
0.0878770621073183
0.0994056700347601
0.125868192065721
0.0955003510000649
0.130611849200174
0.105114923095986
0.147579343385884
0.0879784267929963
0.0938360006222406
