0.17
0.166684765416911
0.133315793471084
0.153705103796368
0.164589341224018
0.151588963452452
0.142316757621464
0.168380125700592
0.150790168438782
0.144376229444331
0.108664895198074
0.126510191911563
0.185463266855624
0.147480072400962
0.106765627935688
0.112100335781302
0.123711640414015
0.100972446176169
0.152784972154548
0.202052628263852
0.151855961212521
0.0973788121893728
0.154523038795089
0.133838368640746
0.0861785625118806
0.132282376997809
0.125632320918423
0.206832088646794
0.17490976657213
0.128130882247358
0.157278980983208
0.141940190163002
0.114684182290365
0.166527170995789
0.207799353499024
0.0887712130119565
0.0895912001440626
0.152995502756456
0.126653347273928
0.180794121507008
0.120207407237624
0.159850191646517
0.118762679445586
0.173730136617629
0.080010866812685
0.120267902615202
0.156814857117558
0.170258282672895
0.171221345590635
0.143442416798067
0.116849668174521
0.133702193771548
0.144527702546645
0.170583699700861
0.173762436676795
0.126102570310052
0.168418061087256
0.124350870477652
0.114464529286939
0.159222131301769
0.122782938748783
0.0940299897004032
0.228646213335939
0.104907451530879
0.136056763047623
0.151875206200033
0.123262862579897
0.148862568893212
0.132788102389866
0.149169323160307
0.168361826369504
0.107665284136268
0.198660445744734
0.13927771414542
0.137172243003491
0.12583028147944
0.173957265462754
0.111397186942451
0.140722236792461
0.105012001215266
0.143965953749326
0.103729738232282
0.164433281886084
0.128802143055595
0.15397906454859
0.13360605954635
0.106842234893386
0.157545968395465
0.182022102310916
0.125432300244371
0.154985218185563
0.122957054821683
0.0945863515232641
0.180582517228347
0.0895636399796052
0.112949882954298
0.138345929876555
0.111042819745906
0.166232427512158
0.124022758217947
0.121757656782583
0.165272358488387
0.100930833250732
0.105210036979031
0.117962215365773
0.0962536983047801
0.153881616562849
0.16543142492242
0.159971600835276
0.136029576489299
0.130148358859806
0.115591690641427
0.138065412212364
0.153688458257184
0.139696281213765
0.186782832783819
0.159154114978895
0.133471441613381
0.101899543614866
0.0967262613447835
0.159464601720736
0.127689212215767
0.164650114269557
0.200361992309063
0.126417155516628
0.198191864031693
0.12203661218544
0.137260053662584
0.179042848377345
0.143409894374892
0.145961299293672
0.128711407396265
0.146190332300736
0.130207311093682
0.155101835538504
0.164444098432449
0.14739838704599
0.141125070064765
0.0809859859954287
0.0707604170510394
0.0912823562559989
0.11225333051127
0.120668825445694
0.187107976220942
0.123819785874692
0.217595795758207
0.113144610906775
0.159405009569632
0.142217015219031
0.092097736462051
0.122927036173241
0.216515691199316
0.226792657856852
0.136152655450806
0.102875758885822
0.136493563754814
0.141643436909223
0.170713326537282
0.113958587078959
0.119003262468658
0.177719778960882
0.118712721558726
0.164796193089141
0.160211803683594
0.099182884920635
0.094251804225304
0.120293686118213
0.122184218406961
0.0994628587766662
0.0984435651855874
0.13382792554462
0.117407558349467
0.128099409354238
0.12229809765183
0.127833532725286
0.139934898269352
0.0848903008299692
0.109473473746378
0.137998422232144
0.118831255186595
0.107639142376203
0.114613806726464
0.205488477840512
0.131253631769127
0.104989660891696
0.0925533380830255
0.142308130617327
0.0963117699458047
0.124298068012949
0.148060864693707
0.142026598647119
0.130306031628581
0.130063370976789
0.140644234586046
0.159691498440825
0.168364145589011
0.131083493591248
0.162454873716566
0.107313813349279
0.132084495553898
0.154538873358017
0.140011636145652
0.107278709158198
0.136613214682403
0.0822699406478885
0.131502948895582
0.108184116060768
0.101291954949571
0.125552490917652
0.111248313227341
0.164966013549461
0.123158376505636
0.0941461262082453
0.12598251987543
0.136982810632979
0.119543889198771
0.0942496313584433
0.0990081058697319
0.108401760254521
0.149681219356928
0.139233196149191
0.106527069211714
0.156674240840105
0.104652057297626
0.085460484117424
0.108316651868703
0.128378477121484
0.176958443551071
0.115769012263525
0.15709376886249
0.11688984307289
0.18749267168738
0.200675061464921
0.0995908448953075
0.10328917692615
0.114998032947824
0.180891191391712
0.123590427820359
0.119657421908995
0.187255319776885
0.11263686842534
0.143601440077973
0.131839959570377
0.139859800254949
0.126976112636895
0.137917159210705
0.149679382382995
0.153526221941042
0.157194644157514
0.112573076036888
0.111538713046324
0.155311770217764
0.144505845972601
0.160909427841682
0.144321120407854
0.132945535146461
0.118874086119163
0.120875678177498
0.112900637138823
0.0984895678764645
0.144865636255443
0.124240303240036
0.0936899403692529
0.17423199862786
0.0774508754114969
0.134434343813551
0.199679895927572
0.117258066584559
0.156338793585181
0.118651223362928
0.125489267628541
0.15767557057631
0.107199513861702
0.164141615325724
0.11806487112561
0.104723552923198
0.10828832812386
0.122089781459256
0.12436597427246
0.0942404068902334
0.172017853084423
0.0853459844590058
0.103446300183993
0.135400675972928
0.0985353156921646
0.0936760067580798
0.169257634674529
0.132994300451338
0.120286152108895
0.140671641324986
0.144519797863034
0.119987642016295
0.111430595901601
0.161491605939821
0.11298995318863
0.114798441243281
0.130814503325617
0.125839135127995
0.140332458750777
0.143036295364969
0.130337188002194
0.111733448106491
0.147966263559331
0.221028995470084
0.138501525937467
0.117742949975068
0.145445066707189
0.184338481502466
0.0992608153724377
0.159463741665955
0.0792220166346724
0.164991752707138
0.16094002850098
0.099425137642615
0.166517981623371
0.217279292759648
0.149773063488212
0.147541534326231
0.10679587682229
0.15732485295388
0.121492647880383
0.22807554622102
0.186695069427942
0.15011871630842
0.15657838625701
0.168697291003811
0.110980573662291
0.112399932600685
0.138815914771802
0.111857980462295
0.132183226049006
0.0885010148614187
0.125233835447321
0.109000904599995
0.140921835462251
0.157967197420906
0.106458931375178
0.114440330857639
0.164156731224406
0.102397685529901
0.144704533397684
0.172013707765461
0.113098462710855
0.146984182226203
0.0943691955215554
0.121665616014811
0.176897858581677
0.21033238318914
0.0941825082826205
0.147552967021111
0.110324527559595
0.141584844350711
0.131331681746571
0.145367613081441
0.182178529251967
0.165380792532834
0.130900909929355
0.0996567832129907
0.135549938335272
0.152966335782961
0.109748242921473
0.172891898410371
0.138611968860412
0.148545213690189
0.17740652283025
0.142072071213754
0.116753208663544
0.162534792263477
0.0992466836086633
0.216737338177411
0.161150221629013
0.132634489378296
0.16016061375954
0.129926296659174
0.128950110909528
0.170135818726352
0.144718176145972
0.121870010453421
0.137262515193397
0.151074835401566
0.127647879931298
0.188377209317741
0.114139241362314
0.146603336351929
0.213554068412478
0.174197824556836
0.139569634953168
0.15738689872501
0.180875195830355
0.112042785386382
0.111671241850055
0.137973163655445
0.114378916225563
0.161835760687416
0.144982521998489
0.143419671105183
0.197144194123036
0.183814499725337
0.157074409004642
0.116476882803374
0.175136306000477
0.128709235022727
0.155557236441178
0.150915281622988
0.152869834530079
0.145859948925294
0.167783507080303
0.170741476636622
0.171519239972034
0.170270417672172
0.124833639581352
0.122073893148971
0.11358407120251
0.10796740731491
0.139735366151948
0.141004815833982
0.15918575597403
0.175009118294573
0.161218287479957
0.105594804413366
0.130232387852671
0.204568062085813
0.158257316750319
0.210148925115282
0.135547503222008
0.162104021626722
0.18593222369942
0.114746901313434
0.172888075097437
0.2287787821143
0.104911411900394
0.12188942036423
0.0933800860623157
0.133079519174373
0.126156206123441
0.148738715039175
0.150921841674734
0.163506889942426
0.138772855649459
0.135817516902219
0.16726925876483
0.121375088975463
0.126604268798231
0.106845485946098
0.163084663166144
0.192416515714778
0.145790230753588
0.104790381860604
0.132472688511579
0.127930679896234
0.161639502011618
0.106861030000181
0.20438390977771
0.121149187733821
0.136426785518059
0.147262011079311
0.121150808582376
0.0981023165485481
0.149986205685412
0.129192360988859
0.188076856730673
0.156111770226112
0.164502834586581
0.142475865522678
0.144106661698794
0.163007138277399
0.168587842407404
0.11056681355095
0.0997144590054016
0.132212736011541
0.150300737525605
0.116002083519531
0.188094252642158
0.140720240017802
0.156361325909977
0.146148395590611
0.143078441114119
0.120285928525627
0.151851596290761
0.150706042135911
0.097917924626041
0.145119598123895
0.153982389311649
0.125965289586876
0.112514925950821
0.130359722441453
0.113485527488519
0.121055731113084
0.165790020447075
0.0992214103432484
0.169884413037177
0.0963762105306701
0.089186012536532
0.125653818172206
0.129001662332871
0.115550098129941
0.10919900805425
0.123207113077381
0.23071716528841
0.128156095816816
0.160814408791994
0.132720512470322
0.130243543859807
0.110897654166314
0.132902402138471
0.124109024540792
0.159313474344669
0.196380430473436
0.121006914334584
0.172422069952209
0.121486104364064
0.0671613613953265
0.123330454696837
0.149748707575555
0.104426856374317
0.119904846596831
0.164068952458277
0.124272024515746
0.127347604805254
0.157855588252936
0.105773029010456
0.102700340602871
0.174401420711557
0.119799595064012
0.136263775399974
0.107061297170235
0.198591030733698
0.105486531346938
0.124477536877025
0.14351578904868
0.142369119973483
0.1022869989667
0.121115420167772
0.149704162880365
0.0973034038580732
0.154562784345822
0.123198166165923
0.162502495979399
0.14560262996367
0.133359620446419
0.144833306541344
0.12963311500832
0.187758540422279
0.131677741867528
0.14408466001341
0.158738756333935
0.153466492245637
0.12269061206733
0.167361179055992
0.176795896668139
0.126658626134207
0.106989954887858
0.164276036300951
0.124098025337032
0.119603888399739
0.105296057935017
0.124132531217785
0.119210568984931
0.111620313917899
0.110462240527905
0.115757936400743
0.143990382289124
0.129187724651373
0.138489945932227
0.10745667338465
0.140757459623977
0.119044542611694
0.116534737203497
0.11615168917381
0.143630771487547
0.107511146628194
0.103208119233292
0.164178660614569
0.148555921058689
0.100670577485527
0.156635334279319
0.107490145978246
0.167651737313043
0.119672186144099
0.117327788399578
0.112650713672216
0.143277183361587
0.140114593574478
0.123809088784068
0.180904677540209
0.121089299133964
0.126041788911014
0.116835830054828
0.12856721227815
0.145238545426733
0.120124662457993
0.134075991213301
0.122511625984268
0.106330558447878
0.208872540430236
0.128822866788603
0.0993897828644951
0.151744459349045
0.132422421648137
0.163985493051606
0.139791502110998
0.111019171545814
0.190762994009756
0.10274551104802
0.14361674254581
0.120480403091698
0.117554558176551
0.142579646428168
0.16655186818992
0.100152456470543
0.0846661487356509
0.149130243706398
0.171708662786602
0.130265401663146
0.1420482617283
0.0996288359802668
0.141034122697467
0.106618131644294
0.126190197880668
0.133272151745595
0.109479957420789
0.16697494827403
0.123338764819929
0.183044502971715
0.115404372626661
0.0781496939480959
0.105495245348883
0.156661931149684
0.149108850287512
0.158778314518168
0.131154875832865
0.128513057831612
0.123126166765104
0.126151929827049
0.114110615900264
0.126793758005385
0.10381323790825
0.0943095901059602
0.175903304765155
0.167553717640096
0.13886941403562
0.130007563325849
0.116980522049112
0.144992008837608
0.143718671397966
0.127498821147976
0.176077546927788
0.109899720893259
0.165771355342356
0.110589595431744
0.142017818212537
0.141367092961843
0.138923922813139
0.115380741433357
0.15238407797107
0.0860499925448412
0.157736535451968
0.171738107647776
0.170854353031266
0.118923895687562
0.155278699097274
0.123332581823152
0.109364704707869
0.176799706773808
0.129630167743436
0.162397508680413
0.115251081409582
0.139227265399097
0.147672349980646
0.175513585041392
0.11849138309383
0.195635383834769
0.118362687784645
0.115057704100166
0.162443442317087
0.177127593387621
0.157175456232539
0.13774945002433
0.11963256490574
0.117239883341094
0.149998738644312
0.119371234120591
0.165158561351977
0.122823789923557
0.159289107819407
0.154858478345141
0.15995725390641
0.118476222112335
0.168510723790516
0.118477893114375
0.149718223234023
0.154382423384691
0.187932357630836
0.152271967244267
0.0649983208847608
0.143498459395872
0.102282157146916
0.160740192833912
0.139675461268586
0.15834429530174
0.11851711803035
0.138031023279671
0.120269002862454
0.117037451334342
0.139189473108329
0.155024266488426
0.116120444810637
0.109591944360046
0.117653251786639
0.156459797385852
0.134859604419077
0.133782976256125
0.146099187091138
0.0849862839385607
0.177789831782606
0.176349689668121
0.101259596802822
0.115368981795976
0.0993141703661702
0.105211665585578
0.121745482942098
0.108672411420356
0.118171512652863
0.154387389366821
0.0942537694928252
0.110822249377515
0.13360502676159
0.0759355676672903
0.181753190410232
0.125563218878883
0.0800879010297122
0.0948495661796402
0.129414101441804
0.137429381466343
0.135038837888722
0.0900724754641292
0.109451859487723
0.115844500234792
0.152831100276949
0.145704658243857
0.196039377676003
0.13307757807731
0.17637793983072
0.166306786597784
0.119541026505831
0.0964983831995816
0.127735576929461
0.113790278166107
0.127361374653092
0.145520072113105
0.0983996260357386
0.174711504891903
0.123097736111257
0.193619408491465
0.155334657829754
0.0912686411924657
0.135936108822401
0.115441062240207
0.1209800245892
0.178241867679437
0.147482369437035
0.135100077079179
0.114028831996038
0.112828581010395
0.14676136696061
0.109671218573315
0.107996345146723
0.113131109442494
0.0928286364274274
0.0985963258991962
0.111003647606528
0.139077119297223
0.183401013167861
0.159206666162631
0.149388194610777
0.111376315114497
0.139362808802901
0.13683249564118
0.0964359047116337
0.125643612412293
0.177495505054296
0.11263577097996
0.110135971438204
0.104131693419423
0.114713343308285
0.143156675291623
0.124516240356737
0.130087528265479
0.167403990734952
0.175118422102852
0.0954245542941416
0.125868120743221
0.19194396079403
0.116968224193155
0.139120910522089
0.108386604646344
0.170149591333997
0.154760338420589
0.141999145119466
0.127876354207631
0.160058690971859
0.129917516179307
0.135676421652983
0.177708584594151
0.161682439595332
0.163495659514488
0.135856205242295
0.180998606997538
0.134206507709745
0.138875100809046
0.0933686056764888
0.116743637386346
0.177213469891616
0.153176468170084
0.105538824055538
0.134837754081183
0.175594664161912
0.131334246537217
0.0894532766894677
0.138967394536612
0.127494777955951
0.142739291002145
0.121349294688003
0.134695183384055
0.140561450253626
0.141329155503773
0.193318717487325
0.152632098467361
0.0945012855588077
0.148583118744655
0.152170681100108
0.147712015072028
0.127664035049928
0.213051141024549
0.0981453484916419
0.116912684859223
0.146042442804007
0.116560000030313
0.144358004901089
0.106005535529301
0.103467280271553
0.171218834415596
0.225095861801561
0.14168869970166
0.125922497833688
0.177788697191973
0.164144269096127
0.153092032627695
0.120996701955171
0.158646143509168
0.149303030122101
0.137347548413026
0.162722451088065
0.139263533202569
0.089106096050185
0.130032313195934
0.176908713499446
0.173683144765581
0.0956088637380224
0.139066793088814
0.178489229194
0.122952733216631
0.0710481008349312
0.144967985651425
0.168094215054029
0.109214895838909
0.147662807460657
0.116500726958588
0.116138288079718
0.102794567584351
0.131129026837987
0.160660646849836
0.209851600873222
0.160314709933448
0.14154181856977
0.0713665049168514
0.102248405493906
0.0979283518128537
0.12756850046711
0.139369354543046
0.192016441555313
0.171676147247441
0.0948784078971801
0.102717833661591
0.0928355216331285
0.143848524602772
0.15257125580818
0.20903135862073
0.171053660462307
0.118024050730114
0.146099093051374
0.1520239211636
0.15601356574044
0.121649480018722
0.139519443726334
0.145200462785299
0.12231563486174
0.119896329879685
0.144999371799313
0.180618936367669
0.136140442482662
0.146810472637621
0.101549641146367
0.147236780670711
0.163458002484363
0.0901599059591459
0.120395529900377
0.134377818014213
0.119404413695699
0.133944364165388
0.145234655997803
0.135802635005059
0.135389334754232
0.130830061582043
0.120911582353037
0.149569419404505
0.169784601096745
0.0988254993989754
0.108216910056505
0.137846662434495
0.138594355423371
0.107447438120393
0.139370747527917
0.167668937311707
0.138296320126093
0.195536788014276
0.134366552499633
0.134249566001073
0.116645962667406
0.106605661709549
0.144636274057261
0.0971710758350383
0.136350239421715
0.135806139981132
0.113663377790579
0.149749078368139
0.14955777754399
0.172231749607234
0.1381399532681
0.0877189992094204
0.152213688575304
0.170821357371078
0.117817561971358
0.150803390534866
0.125473962252894
0.118462452647789
0.166778914714185
0.138557227896492
0.139104092264782
0.131646653797483
0.12663572715613
0.115870550534337
0.114202999361818
0.144403347316503
0.111084707282943
0.128477465815137
0.158281853450228
0.125628831705175
0.183583288066861
0.160157405890921
0.1703280314755
0.115010037212881
0.197478200635918
0.125090797204607
0.11921570208456
0.162993132154295
0.158516784922396
0.114420539167993
0.0986808143202464
0.120177439153512
0.128720558110251
0.100764898909156
0.120377792356091
0.146092603319208
0.133052482167387
0.143378389761943
0.154691630781074
0.13931104578598
0.223996093713057
0.153137656395574
0.141784961296809
0.139846277274864
0.101517972661847
0.152804686115009
0.106147168943916
0.127045839193062
0.159467064441394
0.124460698707275
0.140124838650508
0.0919924606017396
0.114780511077651
0.123543443466461
0.174107126945953
0.0997340677954548
0.225284524393671
0.0947975101739366
0.145546649138398
0.120569749801935
0.153951521080746
0.119866584952424
0.102258602391297
0.107408087383881
0.11173652506956
0.158234579404936
0.131124204674317
0.142646055490181
0.142626543570496
0.107294375340616
0.157942555093447
0.16870641521496
0.11465753207332
0.175916166686025
0.219546724218618
0.143288058021826
0.151294956573153
0.163466825828333
0.159417601850818
0.16675426087631
0.145171571383437
0.123948620648699
0.11491445899172
0.190726353974895
0.143389856522997
0.0999333354761179
0.117122948815378
0.139563550191186
0.125299685812848
0.219469239636411
0.147039819854529
0.138149141420872
0.0979318906954793
0.170722043098171
0.123025077577958
0.120585623001036
0.119565820318173
0.125009284485584
0.134891530986928
0.169862894686134
0.141228398662957
0.128941732414635
0.127609431759865
0.0969301849932296
0.133633684254297
0.156171830762487
0.134750633359445
0.130103837759618
0.129278042316305
0.110810146206143
0.119262225907464
0.122037488090648
0.119247299639273
0.117195564010077
0.169297336841163
0.155711812855407
0.130852072632712
0.199436186411302
0.116699325031936
0.109028996179528
0.168182185540266
0.124580183348065
0.142137474380213
0.182612947090392
0.161719670332916
0.144220011893457
0.174717615597916
0.120042953071958
0.154936462556764
0.150432608359312
0.18317372070631
0.171168044151275
0.195509238078591
0.122963797008153
0.124812186603576
0.148205801551617
0.137235515723028
0.166765883721308
0.221206153668353
0.126892329172515
0.174253866506574
0.136350158158815
0.164905404891568
0.107968580825128
0.188752154586694
0.103732331713725
0.17033688409512
0.101075634494762
0.162148813612616
0.116247817055428
0.172831765114278
0.129837563405653
0.106000181633471
0.143857604415668
0.13887893208548
0.104342988010728
0.128766175110253
0.0970227748150706
0.113448685679235
0.116276036673507
0.095220267966101
0.172024494259327
0.120823028007479
0.141859276018346
0.156925593487562
0.111407264813002
0.150356241885311
0.153548628657718
0.139117928224033
0.208492650359782
0.157523658518967
0.12319423485681
0.159336636306194
0.0985700884154187
0.110661252676266
0.0864198430113304
0.0928318225614414
0.130502743400893
0.174124888595277
0.108643593204185
0.176383690103597
0.108313702715813
0.148311234356583
0.177622484078411
0.169539276536725
0.169291422000122
0.11193464187203
0.166573234394806
0.146485817615807
0.11525972313882
0.13723752800229
0.186354672333033
0.156873868715422
0.0973591898966298
0.137561969499129
0.165458477833142
0.110704832918783
0.109489758551361
0.0972060483065056
0.102593901086104
0.135241048975355
0.10403362584023
0.149820320433134
0.164727176286509
0.163861808243355
0.0841380510926103
0.0876347413869942
0.135355994915814
0.105077333548378
0.133689996258038
0.133977483947683
0.137889144676581
0.146903866363932
0.0904890329482781
0.146661279480246
0.155530723117776
0.155174486800577
0.134590105464202
0.102505540353423
0.135764328172048
0.130452238647751
0.109865078702064
0.131228261173197
0.117981101268164
0.168183079172207
0.1200072998404
0.147885270733312
0.1383490164255
0.125593548244769
0.132705472567686
0.144199763941777
0.129521511791291
0.151246038593787
0.109531381962249
0.102223186875808
0.160386253383385
0.12070527927401
0.14103980446574
0.169177937055932
0.144044365937436
0.118680611613075
0.101724161723179
0.122586655838229
0.126293418485776
0.139268612175661
0.151233119475826
0.122129597675251
0.098267546049615
0.193454831067623
0.160096705435458
0.154544036411134
0.173097006514395
0.105149200937625
0.114967734787203
0.111131663266666
0.130703846962728
0.121167734070238
0.172517670528945
0.131301902763089
0.1298747177969
0.184953751555136
0.117609185935219
0.101339983675707
0.111934714786097
0.101387021277804
0.139190796790769
0.123381873924001
0.178942591408987
0.153526006357424
0.126285586440002
0.121798714597809
0.131256921246126
0.130826763389142
0.104827034721132
0.116050482284427
0.122090222545704
0.121887605559688
0.125423071051586
0.132939153851788
0.124152337451549
0.105351515212929
0.108521427317018
0.13250163319307
0.153044039464223
0.0855239034822952
0.154275104102338
0.131266589054302
0.130241837967506
0.0901125152056121
0.138322502818614
0.139378472320125
0.123722712617613
0.135846213664336
0.199899803622115
0.168934342933514
0.188515038450869
0.158345949242331
0.106049031541339
0.162231132824158
0.110426704031186
0.13901328266211
0.110268396053807
0.138363154166933
0.147750302182545
0.13956219731654
0.14418521521181
0.117419317383843
0.174473852846578
0.186711892229317
0.211743869179428
0.122864432772626
0.124942049334887
0.119176874521814
0.0908227386504021
0.165866227187332
0.132532904831511
0.123116319871822
0.129712647318771
0.15656662763399
0.147090527281078
0.139168016874261
0.137957877427437
0.0920398036735875
0.178105845504651
0.17626780205487
0.137685535638591
0.107516139461996
0.148967706606946
0.172179779394377
0.145307327502209
0.102309869085288
0.13810389371784
0.157855076133182
0.100964112187468
0.156645590155846
0.138412821763514
0.0885856900540178
0.105557532135411
0.171453098503102
0.141632509596999
0.148383995614969
0.145762838540463
0.143305200857607
0.125850978220098
0.145317585656863
0.130350433747104
0.120123086307864
0.163448995044863
0.18086902737981
0.153748657371212
0.172473506566139
0.18000732425494
0.164275532820926
0.142318774011394
0.120725892260062
0.115489759895442
0.166019567936097
0.137787568372133
0.117340888354377
0.126070053731194
0.188468530173
0.185422750414864
0.116980395762174
0.22047450331065
0.115655369156139
0.134948298499592
0.123511948916053
0.136633842378443
0.136847295962626
0.109185863554741
0.0920215881487594
0.103854748896329
0.138451944629776
0.117733879794497
0.16091678964113
0.099902760194858
0.153478894772269
0.168849068621101
0.153010662788146
0.116378689186694
0.169914330143102
0.119175206273312
0.129551843383631
0.135671069217356
0.178580778106628
0.129647110676803
0.164715364924279
0.196726269926925
0.123700378228927
0.174096236426475
0.107518915600854
0.11531632263605
0.126998409512316
0.183866371131923
0.114217353170325
0.111552451922817
0.109044022980164
0.119852179190259
0.1344102653178
0.135381378935906
0.0980532270484388
0.186773514977287
0.129167745045045
0.213303111197785
0.109030240987491
0.157204504591928
0.135623484559997
0.090007974768038
0.138409893959204
0.148965021865568
0.124312128002846
0.176051448789875
0.100516825459297
0.150905807057853
0.155592843397655
0.145656011171909
0.156455393145442
0.136058915359794
0.125038613288235
0.168580230550767
0.0871989274962418
0.0831044830101425
0.0932734432552424
0.120412600440298
0.105552136473332
0.188492768115767
0.0957691989588007
0.112502458261314
0.128205058974458
0.112778503243722
0.157614664655151
0.160236646825248
0.0733871089339556
0.12671332602153
0.104434060701225
0.186824886080837
0.151808222046614
0.100066400172399
0.120083568267437
0.0890917169659741
0.0993318903526977
0.11304273955355
0.115545456255792
0.118543693453036
0.129886974420313
0.136832940227675
0.0962903647257486
0.130544043110541
0.11702533695014
0.0821371841589259
0.174434290898999
0.137631872192001
0.121856860996909
0.132241447095288
0.164925407346408
0.186858243955626
0.179582704951058
0.135020377842334
0.169716335332992
0.118970702166348
0.103477604541184
0.139460476433112
0.170208681539868
0.146605692045027
0.137393688950309
0.0999842500181972
0.129054563055056
0.202589791731571
0.14824622074888
0.116895891069949
0.16267956761732
0.171302928895479
0.169518037136085
0.0904331527203536
0.166324927298584
0.0975491099335634
0.164487121350161
0.178812831761411
0.153238126260127
0.117544862815914
0.146881509845167
0.192615961139341
0.10851660915062
0.131243679566475
0.109687506688097
0.109663458496
0.0934629746628988
0.166906255344952
0.137826552216366
0.0956247108440242
0.101670562881463
0.133603174028574
0.140568602906293
0.12207097264649
0.161352425747965
0.11416132367715
0.183437024005504
0.176209140639116
0.166584534514478
0.129173071472279
0.0967217052788425
0.145704108300495
0.169083647855461
0.098405370022918
0.106321592680876
0.139197186817995
0.157244038577055
0.142337563717551
0.1494525107338
0.149707889453119
0.152972153026075
0.130632031458883
0.148675981683823
0.162012632685277
0.153331427026526
0.170216147081245
0.107717556902355
0.185592689534324
0.136532899246773
0.141317976890581
0.112586044816916
0.179394896707953
0.132674813500102
0.124009361091877
0.132237405109487
0.134218775434437
0.120700910127392
0.1601175049867
0.161917350185968
0.120042455513275
0.165372785621985
0.197494289599522
0.178599749656535
0.147559813600175
0.113503561512631
0.122601325902519
0.129700103659101
0.137121103831072
0.149203856711965
0.133444093488133
0.131362573390708
0.159185824846087
0.136667689694708
0.162771034779251
0.140137332219211
0.147386220589026
0.140463973827564
0.150684668790306
0.152905607893935
0.202989353106714
0.148651196909286
0.211580735033295
0.188700863756527
0.118894068036035
0.0889895905182789
0.125164802249196
0.133601633221163
0.106585504091411
0.107002928380105
0.16511095398012
0.176440217842579
0.145915974665901
0.107881095737013
0.142491805213599
0.0865372809821536
0.100777024414596
0.122863916773896
0.126017978527058
0.107828085940679
0.150805935804318
0.114117382262947
0.111807652428936
0.10640799211446
0.129060950345655
0.129066522602068
0.1564303474252
0.0896706764140396
0.121318209579726
0.165382167655476
0.162927700594379
0.142850071011636
0.128488666679539
0.162187231380478
0.158807904842288
0.152344809774914
0.160800772987913
0.189443035426145
0.145923107028107
0.190993067042435
0.118698591958188
0.131131420263826
0.205241427483904
0.142700120466808
0.151236701468138
0.128554545486906
0.146416438459355
0.160397737108846
0.126030757028256
0.174063031313161
0.165597693839918
0.171647109402983
0.159750109242023
0.126156636682448
0.123669781371265
0.146612350865348
0.108426546498899
0.0986174268161023
0.113604601043992
0.104890619707958
0.124222531663161
0.113126111274381
0.168028809440138
0.129899589343234
0.092930791899876
0.134661083723026
0.100782563642793
0.12656347531994
0.150371687632531
0.121683806593307
0.139932097586672
0.118722263276737
0.101771537626953
0.131541495538578
0.162886809775627
0.096639168657173
0.105951964368014
0.112654656620798
0.136519455871887
0.140088645646496
0.144775964542154
0.151819339601365
0.101036149371165
0.0944274979960627
0.165129804667432
0.130932631396132
0.121213383639591
0.147843138914551
0.0900694969215508
0.156723131895336
0.152298480765371
0.213671672733384
0.13490095508225
0.131005040549676
0.167834298782689
0.137274914390869
0.11761315986716
0.192369039222148
0.101371232618838
0.114207318481334
0.129326495676335
0.0873417074776817
0.0886103742529166
0.122712370073607
0.107363820129892
0.18936680330207
0.160707064099927
0.110973495110281
0.129687771644613
0.138688253825916
0.0924141227403908
0.12648045098225
0.13371291281856
0.157773316954082
0.157442322687325
0.136229226840019
0.171645408492179
0.113925364951647
0.121257904314894
0.101940724430973
0.120184872376095
0.19857982951588
0.141588128456306
0.184497800944437
0.134898174937382
0.114797166550174
0.131767129277673
0.0971810653261391
0.121820465754456
0.145015516104863
0.119134384994386
0.116570013277588
0.107941438244403
0.123999188753
0.159317098612096
0.166069437323154
0.118887740898888
0.235617343561285
0.099219890172267
0.108126109643668
0.184437031223309
0.200912536794943
0.230514994991182
0.211364056800693
0.150740430325916
0.131137643368357
0.0864013407727775
0.180456471851296
0.189750103316375
0.157347228900154
0.179798529658494
0.136457285249904
0.0905075377045959
0.133763000472026
0.116417781438008
0.118143893234968
0.0641138747649758
0.137072611268152
0.106308100925758
0.11802007473084
0.145943490462488
0.166252321165744
0.157520525788972
0.196809805236926
0.157034103619197
0.164797604907171
0.182276292056466
0.158671960887978
0.168073388343911
0.168298162923778
0.129479672881162
0.13802685373784
0.154484125958676
0.101368874220134
0.142408482525205
0.178557710430817
0.163583881553463
0.134290006827226
0.121764717396527
0.116116522678748
0.101599322094417
0.131843007139216
0.134859206179575
0.135715174748849
0.160071651066073
0.103968767352229
0.146843996139882
0.0921854955521363
0.111878794821951
0.131819221623624
0.191495073441449
0.176728706673896
0.173279658641338
0.10057044445688
0.115509243574858
0.139857543434384
0.154677797769055
0.158273807645638
0.163039600765225
0.139290921314696
0.145380697436313
0.137800495561856
0.183076260304162
0.154937177782952
0.127869152560714
0.141821849214059
0.17539148641276
0.179338159569128
0.162711177102748
0.156881735322343
0.116729055415539
0.144715121679885
0.15983560891192
0.204390593824365
0.146036505195886
0.10490772406853
0.117920513757543
0.107371707581081
0.124244595026582
0.143894666863686
0.181594185598596
0.185789682813338
0.160505741043925
0.130576135426552
0.131651290757087
0.076179589687885
0.146722017450621
0.155530375911722
0.144234789636414
0.127090312336237
0.0960579837598498
0.179072555372804
0.148486464281613
0.129630189286151
0.126209576741122
0.111266301331694
0.0816554194074755
0.198650815106031
0.158716681015493
0.185998915837136
0.160385223428016
0.1334378193089
0.132232340737451
0.119413988184277
0.161722252691093
0.0986852339426461
0.148922113910069
0.134393421004554
0.117381723139384
0.10578364280487
0.141146591156559
0.110293044059529
0.11800687618697
0.129824071151755
0.111381130818692
0.100755296224995
0.118086596762917
0.188944964681428
0.107417270901218
0.164902726702117
0.107648043621154
0.058049422758469
0.1432060163605
0.132768533629867
0.123711390046505
0.12480957115399
0.142424036674658
0.0972839120574791
0.114962520649674
0.117631043395395
0.122221637862689
0.100217560807926
0.14835363132674
0.108225313380337
0.165093008179887
0.162469300679137
0.124878788806581
0.129864087545965
0.148529335883776
0.120211129517131
0.110051736362469
0.110906047306618
0.132026976313755
0.115796667713506
0.0992851770332603
0.100736851472327
0.143093757328664
0.147936024784623
0.119836460066328
0.0937066874337573
0.1359248475233
0.14021323767234
0.173611200857794
0.133804369494865
0.123003710870249
0.121787526689663
0.156236891766375
0.142777845192987
0.127272362521582
0.128597485257987
0.128470887141875
0.143081015184601
0.141826276866832
0.16246074368007
0.135313944870081
0.12198338439847
0.0923868700408891
0.123404606947203
0.184872322645892
0.13798788834019
0.0991800020195523
0.137023276097784
0.166370225806595
0.124359889042821
0.144314395912389
0.148102469269181
0.137191723898047
0.119872776242309
0.113635623673445
0.147962315701413
0.169596048409579
0.121695180143838
0.104134285370859
0.126560233166884
0.186374226862959
0.124907876012547
0.106261291815597
0.124245944485035
0.156566162105214
0.115982447503991
0.145113802291898
0.0759638120963219
0.106248808713703
0.143280603176753
0.102466687379674
0.127804143849757
0.109140610069398
0.149021677303045
0.127261546203727
0.123361337596223
0.0881958151900498
0.114926434968294
0.151495936224301
0.146438734966571
0.110163622161607
0.114153317281093
0.160898367173428
0.140516167696785
0.124063465832717
0.138240355954365
0.132736314786513
0.11848802114425
0.123372592562158
0.0884117227894686
0.204798653650847
0.134162471534907
0.154640165867732
0.171763321207465
0.105829367102299
0.133080694781872
0.149293023867771
0.171837754279998
0.12691929811354
0.127679952545404
0.13064836121339
0.14872625002287
0.134831289606681
0.207036371847508
0.123439335448158
0.1045243127083
0.162278900433195
0.139211921681008
0.125175319757383
0.0907726238308518
0.12242086932046
0.173877633651909
0.1441755710117
0.180339985199932
0.12492634558069
0.105707932134856
0.126645104110141
0.0823244398762166
0.10412676475184
0.121216989342365
0.125262847595801
0.143966425003517
0.121744441959108
0.171204630840373
0.168444617971171
0.132345502681148
0.170190683541921
0.131956378223167
0.144255820502222
0.126111220507333
0.111426041861982
0.23874535204307
0.132812908993475
0.0939695983896247
0.137066216755611
0.0855999787291039
0.157631938749868
0.127544436103949
0.127279092115408
0.149948825538752
0.154095746542914
0.16205754725832
0.160124240884397
0.123785187782021
0.106535699230698
0.118197214829186
0.118342863397018
0.118695457181106
0.129568128260597
0.180796498497572
0.134442605847538
0.122590790668458
0.106542845772718
0.139105610410895
0.122482811178419
0.124207334599657
0.164790445077252
0.0947088208324229
0.124118705079213
0.113414922885587
0.135847487205725
0.0723525348004002
0.135125663933386
0.122489264388306
0.191400402654826
0.132245562518508
0.128878575011898
0.166612079211999
0.178680097603578
0.128865139494329
0.120753872756268
0.110058588399204
0.14954439015442
0.136081765060563
0.107739161408931
0.172470440446551
0.115772127823927
0.148115775765366
0.123983124689167
0.094983978401865
0.109505378422676
0.135916687320988
0.125876491170417
0.113891143894665
0.115188019785471
0.220262913003051
0.0895425934832176
0.133976355382174
0.115953700440057
0.147023195567714
0.177637205720845
0.131420571988318
0.118837056011224
0.140886137297861
0.111724322099106
0.134849955406656
0.130690932189094
0.154040710413188
0.155591144742
0.13817098035464
0.153104996818011
0.125143236232586
0.146343981292326
0.128693009271568
0.182233592560289
0.105473052164519
0.121892124559982
0.147299351484739
0.139578020772585
0.154694986031102
0.144611340575215
0.188102645627595
0.131528795000778
0.13696756634998
0.129442714068494
0.102784890197204
0.143843388272888
0.103387087717396
0.139228564473073
0.113545542998789
0.132244327911001
0.167940399804499
0.139495283133425
0.102129416879424
0.160012747987997
0.157956634576507
0.126428177911417
0.108302573638282
0.206965779435443
0.124098084098218
0.0854354462628475
0.107204392569599
0.120477435167131
0.121356526491094
0.16643994745694
0.147368752275433
0.172289486944693
0.120554718249353
0.131540278017103
0.112777394037258
0.11280453907253
0.163258779125788
0.140446366141908
0.161060389370624
0.20839941801193
0.107415016378784
0.126878902226211
0.125459508811614
0.134409420429889
0.137945406919372
0.158797952615516
0.120166453861551
0.0942576531948955
0.0975443630240777
0.124561831663554
0.105046317534793
0.141337398678082
0.101895673431345
0.112680617149029
0.161450706425159
0.130566060732623
0.137222179451976
0.163180016854501
0.177335724052709
0.110112035713608
0.110998282777414
0.166682764125472
0.0720345922450663
0.126426789758299
0.127092827081435
0.0959550084872439
0.140910202288685
0.186769119914773
0.107751170756411
0.119131711652356
0.184126988654942
0.122977116613113
0.11949744580335
0.128786727065486
0.165832480169468
0.140492288877189
0.15478241030928
0.177758482251019
0.115272954806825
0.147709326307163
0.132593256598908
0.138739281671915
0.121731267451213
0.158043695520703
0.172525078344332
0.177997886633403
0.168907963733819
0.22499704314567
0.145824400931229
0.171160498409537
0.131279038946027
0.123869389679036
0.148092454698395
0.0993458913458837
0.167504984103758
0.123053381089309
0.137389732434965
0.139362942970557
0.208168379336427
0.178968702393687
0.190759617810215
0.1690617856542
0.141912568565441
0.0961722356356783
0.116077712672729
0.117745250007754
0.115818523207982
0.142147492171905
0.135151296891751
0.116271082944012
0.0859976385176087
