0.17
0.0797669532611743
0.1034243657697
0.128433162767215
0.087818606090478
0.0899343637663846
0.0863200297348439
0.0919207700249352
0.0963315794257461
0.0993040104071751
0.0816701765061988
0.0991737942242731
0.127702025088423
0.129582133351279
0.169444468788322
0.0743825787424852
0.0883381918411018
0.2191813170949
0.150034233204537
0.0739911289846264
0.132908070532482
0.100028736052324
0.116914746573725
0.203372583511259
0.1014577415098
0.115807038943661
0.0847692485096251
0.0726042456804625
0.196111515581715
0.277298327403299
0.164425577961326
0.0955557099813753
0.111539413414684
0.0803374580899663
0.070980654388059
0.126225551374163
0.1912494368987
0.141660049276794
0.153266919974846
0.128327987465007
0.127738605287219
0.124896741758171
0.138823861434532
0.131920075296268
0.142960278802743
0.10050954409839
0.0916136750483072
0.136447257443549
0.19047511977227
0.0696578635134389
0.119561326187849
0.117636615567732
0.136864509957889
0.209690364211879
0.192833615909854
0.0807971198493572
0.189577697814843
0.0875639248815285
0.105906231735124
0.105222982464212
0.122188270451817
0.0846651432685515
0.211676289180875
0.0891227048598445
0.0703125749606855
0.126895804857338
0.169925252032518
0.101376701304139
0.150258083774309
0.0858831434175127
0.103287949830317
0.101202211931984
0.115797134824412
0.100057142800753
0.093183617389378
0.138201254757139
0.105967092238558
0.0865426847564724
0.217926122946863
0.0674809727393932
0.0857322288987508
0.138812695256619
0.111481372413822
0.126309993579272
0.138332166193497
0.15034225100256
0.0983300822131524
0.112768232542883
0.0869798545941858
0.148137049706873
0.201771414631611
0.185598293337708
0.0692747421763411
0.111263849286546
0.0914642367613019
0.0990963752815242
0.121968737970966
0.126063636811214
0.0828457861637156
0.0775466383641892
0.10873812928051
0.107511035188156
0.112072823525545
0.0988189373410975
0.0904874384789539
0.0657437996010241
0.231586230710559
0.209662011982878
0.171616180491088
0.0803600555294113
0.115059875185386
0.118237677112906
0.0922115690278317
0.189225136680853
0.132248888697327
0.062427327469013
0.102982725034855
0.216958617159389
0.0938875192132559
0.0688247025005057
0.115144802955905
0.0868064820083033
0.172237738289825
0.185956922767255
0.149708327276006
0.235333532756736
0.129764948929931
0.168741088261668
0.0874830940996802
0.200170060290574
0.158904711441908
0.129607740809119
0.17486573981017
0.0834556069680432
0.218728980656722
0.101328237405654
0.118914470280901
0.186904365266876
0.152678111914985
0.112407759842067
0.0708057916286648
0.146178678282598
0.0719657203260385
0.152665101198704
0.094803754323425
0.136559656027053
0.111726182081809
0.186309430960173
0.115762682130139
0.125991514323769
0.070235271408739
0.105769393620529
0.0668100667278095
0.134260515511397
0.106573421281273
0.219566134787388
0.109537240697403
0.112885414058939
0.151779059193439
0.112678177086419
0.0962288460469957
0.141016855865848
0.10950229026106
0.13079077098115
0.229153722974485
0.165086136248822
0.0638799526253069
0.0809754174661697
0.150982338102398
0.138413350253216
0.157074710784132
0.355966415690145
0.218352431284293
0.171538673692451
0.0812034457005727
0.165986137403277
0.153458262543614
0.119626614125827
0.0871591805160161
0.127169489677032
0.164787892745226
0.0718476542730097
0.130099693413427
0.0886320689856021
0.103400197754224
0.121513849186341
0.1033416524628
0.146798508570426
0.136471344227226
0.102960054719784
0.11247418413928
0.128470114470988
0.09194865816896
0.117313204840571
0.181577277561056
0.175950290610876
0.0867037555241956
0.26529036665923
0.0712597149851608
0.11609874821691
0.16685931250187
0.0775357911776676
0.14184912052703
0.0914705498733269
0.146745569559492
0.0671711896463763
0.141015977181355
0.140747398524056
0.0565005737875078
0.0612255165151761
0.110236480110299
0.103223687519888
0.160081028780413
0.142015288165723
0.138179106586676
0.0706992291883017
0.112182642525937
0.124628675086696
0.0978144990683179
0.0730096944235552
0.219092093114036
0.100014892074728
0.191419335264096
0.203757743382086
0.20139088264414
0.124599162450556
0.10384641828383
0.0833728773409544
0.191417912919847
0.168645303921484
0.173004885145364
0.151386122930152
0.0664986941839574
0.0999166687724535
0.224526103023422
0.0821931154258593
0.158890124393313
0.0816408864723445
0.0879191343989914
0.124133856241844
0.0876475650594183
0.157926105387789
0.0885401490814631
0.164634565262043
0.127794034445668
0.198138711801419
0.0882750699756157
0.102046670044871
0.173803572499969
0.137249729639855
0.12689029061899
0.226422304608266
0.132415637389468
0.110874588883729
0.0842120711740868
0.162813909951281
0.156237691898387
0.238875868786793
0.112503614195098
0.141476368702427
0.137841519014975
0.214694223727466
0.0625237866028368
0.124007756633763
0.0793301073027446
0.0728486105025288
0.0569391612650146
0.10906948223775
0.115704923937479
0.107399684433781
0.116084720194967
0.0817118709715376
0.1463472254281
0.0841657659261761
0.0848851020259736
0.14094305182151
0.101768101082921
0.151791230487484
0.0998323082601022
0.0839429707172551
0.140409449292981
0.0888977371753665
0.151745974690249
0.12960799350576
0.135383793720415
0.081275673301576
0.100599645143554
0.0667752582029569
0.076905615842226
0.149628280769192
0.105989315327388
0.153662056177454
0.127650124835432
0.1192796269016
0.100876107688821
0.0840476721443014
0.204306523730144
0.164782948961059
0.120790598888655
0.128287482249053
0.106513343620764
0.247862425972474
0.135623823219416
0.0739119508442117
0.103911861655505
0.086585482550599
0.155664685907219
0.0983819084913433
0.136123173899415
0.078238722350761
0.146363317501355
0.12561487160754
0.288581162417299
0.327950875308415
0.102285633275515
0.108190361961713
0.160385628366321
0.229668062505465
0.141596877860911
0.0732424610244295
0.150238727280445
0.139668837693496
0.0871660610779213
0.0789017172294081
0.0707272848121006
0.0812028293848431
0.0631699494378529
0.0632616600543135
0.206268799428474
0.0941253429623939
0.149938196763164
0.144589630805127
0.0746602373214005
0.0742537639751494
0.0870381033272149
0.196906046926375
0.135941116156755
0.117180528089506
0.126892640796444
0.123673424854308
0.173956328012761
0.182433674021472
0.115934780138671
0.109638187503999
0.0990557785886258
0.153182291822652
0.195810663233516
0.0984264821423953
0.079969241112224
0.240685738782745
0.0755162111545741
0.0727681689206954
0.143998854965337
0.0580269428512392
0.0749460737169378
0.115362100858703
0.243398155016859
0.151650762706569
0.233624401243008
0.118856818091338
0.19013995802903
0.0977443557535928
0.0913655363818978
0.0955210388190497
0.113097816348855
0.123104589756704
0.102384572583369
0.234359908698904
0.214427271196298
0.129247220911426
0.273555918308873
0.0821631336167427
0.083367325349527
0.133283474776281
0.170103219915159
0.0922202829617922
0.0959235325296526
0.145520158372556
0.116769068734972
0.101102002914081
0.100592374472401
0.155945452435426
0.159897595611532
0.114752441727882
0.253069363604027
0.138161282089181
0.0893267544351008
0.119081678040446
0.132065320826412
0.0704103517178271
0.091280578384359
0.125053869231505
0.106645397412352
0.0985834962629991
0.111298748617356
0.172904212137912
0.217057194321437
0.108255758163688
0.0947484443954298
0.219795127706243
0.163211343646749
0.130206309892811
0.108148643443717
0.17826898245131
0.0628948507972653
0.201610980809772
0.15092421886398
0.148799313658504
0.0787448277573994
0.119130849398373
0.157269994626362
0.239186747293436
0.198461855393817
0.13270488988211
0.0739391043267196
0.247319266745371
0.16476832421603
0.115795197804595
0.0893795616570872
0.14603237007068
0.107855827048746
0.122998536442678
0.147986641882474
0.0993624082789537
0.245930553116588
0.110094849834343
0.0742707665723753
0.115201600678926
0.0758418902724794
0.176464522185954
0.146738111016802
0.091964588861834
0.129277918033157
0.152635481213956
0.0727612244280055
0.176815099970731
0.059722335004389
0.085816733377086
0.14912654201838
0.130241813690086
0.150861108870419
0.0964924718322907
0.200440091180055
0.185918460415806
0.117114379024907
0.147835032410138
0.0928781629008795
0.0670323840782101
0.138074498663459
0.147421387236077
0.181891440790192
0.213605466683708
0.123315111625937
0.133469366929603
0.0956099335960189
0.0975361938612982
0.129814524153063
0.258269722934947
0.119833363116644
0.133510135437118
0.389310828785364
0.111817542416148
0.149679155654658
0.260067569128355
0.12618167947037
0.210051285197829
0.0863588542464033
0.199270766265274
0.182781248473502
0.142780735591023
0.108113723991244
0.0875370389856186
0.215156399869077
0.0896709863096107
0.125989240061227
0.130445833838446
0.18419763356265
0.109783977587411
0.078051065563778
0.208099702426923
0.101555750831164
0.0977457269501177
0.140002127309026
0.088771793948384
0.0848560688351744
0.179539836512033
0.213009916417315
0.122031124153224
0.119601321104927
0.115791543638101
0.136180291330029
0.111697026956333
0.188132359729477
0.199652501863915
0.100961495174831
0.0818147319224306
0.134926514065626
0.101370757933905
0.0815963632412234
0.142626922750342
0.140468790450666
0.150477178347642
0.191443597282126
0.0614891126815493
0.189614195316507
0.0751482434950341
0.142783522194797
0.190564033976239
0.0932015432961874
0.110815826098497
0.179779336435922
0.141909628531593
0.0999948288405098
0.126006344255898
0.121012869013639
0.186876389174984
0.100460124433183
0.113732685769749
0.145318056930072
0.103303095331554
0.196050703334455
0.0944430247478434
0.0562804596167647
0.110400334882673
0.173603810821691
0.159117205561324
0.088182393142982
0.0834453390851261
0.0751975506735372
0.138492529957338
0.150260997405522
0.107510738173446
0.176774872124307
0.11190297154611
0.0962379183987184
0.0710370018439214
0.135194722001679
0.146122296070611
0.0996838423701455
0.107686777459748
0.0718523255275792
0.0657115775647872
0.104243405735935
0.107662906088882
0.120719006937836
0.120774497734578
0.0866475896823608
0.0900610797370023
0.077813723650322
0.131110999315015
0.138646147247704
0.0620432028216201
0.119871895483798
0.0733137308678974
0.0726785288018649
0.127937370027869
0.118089124367895
0.105314165451739
0.138143168733701
0.16758019320176
0.122659770806978
0.194629007920903
0.229131791802533
0.107091740235248
0.0816071563409251
0.115204009629341
0.165995530495472
0.0758592301472815
0.0967311046785536
0.148954949434723
0.10367260498008
0.162369730615076
0.312672233305929
0.0902151795288894
0.177584447208887
0.0695181155274435
0.087384562355524
0.130232138875369
0.108114620654571
0.141012785044675
0.0901722866730725
0.079473076877742
0.0592393665488893
0.078798850331103
0.111042919838272
0.187955486616439
0.189620715669361
0.0703437465341568
0.0705700955097517
0.0889885406171613
0.143415973765203
0.057218630556049
0.0863261564856167
0.11545006284261
0.116310468955065
0.149940823787328
0.131389250697241
0.12334985196227
0.109441081793177
0.0809130240791657
0.107110055783048
0.143416900007528
0.125354249447261
0.122170270849309
0.207424621034891
0.0724915575515844
0.104709566525247
0.137297698358609
0.153235004854082
0.0994597463043579
0.0884824840122131
0.108534034549894
0.171875988858397
0.0789496492083484
0.0635520731889559
0.124078664420331
0.198174848349165
0.101501601771793
0.0848349604035207
0.064262269056413
0.0699305099673976
0.15727677250951
0.253240970445864
0.114938659998047
0.161293221024687
0.146571310589206
0.0947475684577945
0.108634768417402
0.0632497337994371
0.221405158174407
0.122883614203816
0.156250856170003
0.0848798692748821
0.15808106233823
0.0770833941267879
0.0829758694432625
0.127694320489235
0.116784059465067
0.118951774361861
0.148325277475416
0.192329069019569
0.0714980069417887
0.0730382739990513
0.0703992562632983
0.0995788326817665
0.0733455841317781
0.159308458702744
0.148002481951166
0.199915776195477
0.229328522894336
0.181121704174637
0.0921357150579164
0.222986007717512
0.14942865165963
0.0867544991291259
0.102433835295685
0.0746002134976323
0.0800157925513254
0.113958180108894
0.0910221151556894
0.203614071423185
0.0718688754647748
0.105563999081478
0.081233780454014
0.0805784920780489
0.0754640309739029
0.211836689371417
0.20022264620022
0.115519653702872
0.1386447154305
0.0806475503692847
0.199693649732619
0.0984368251326506
0.190967597269699
0.228277453106558
0.135013778229709
0.162074674008515
0.0908205656684722
0.092416965175054
0.223489268570632
0.178245933621754
0.154878554334637
0.11576685162806
0.124337774864131
0.0961236598174017
0.110657719867138
0.149825936222628
0.118082627117965
0.107559339043872
0.158157323831665
0.214852236950029
0.0885388493179468
0.129643984895455
0.158254029766848
0.116182142212015
0.23910896599213
0.0924469572525275
0.126198172847677
0.156848868472391
0.16507123359688
0.12986712314986
0.149694654634447
0.123763160499244
0.0706243302412924
0.0838835971086374
0.0888109179628861
0.0860248982154312
0.153089614326129
0.0670324570225188
0.137568166320003
0.092771363964078
0.0773483303158167
0.141029285756353
0.139955357140836
0.122437573234394
0.084926297133516
0.202025653146539
0.224209722999386
0.145160611254642
0.111429718320288
0.159001183864997
0.0647599449429864
0.105127046178383
0.186325998967433
0.0599633894378391
0.194900263060968
0.155069134515022
0.275956245254944
0.0884170984274711
0.130286605684824
0.0728482142698604
0.150118948603763
0.0585981582974374
0.0563703229874853
0.0696994912609844
0.153795172670519
0.0833300828268395
0.0696112508500499
0.163297426599825
0.231785749657567
0.194139183715967
0.116607033445479
0.134425085708313
0.124408048678217
0.0839313911887481
0.0783509375479817
0.223789317865089
0.166727421581874
0.102800440235627
0.088874444620635
0.102876144318809
0.182094338376766
0.209319713557393
0.121115330891965
0.111160711673861
0.0940527604939994
0.220371107559674
0.100923848283811
0.120257579774718
0.13336483080795
0.128379358796627
0.145079819855796
0.213599704027597
0.109803079263127
0.0772988943505579
0.131137913965615
0.159123051536453
0.103782239397157
0.217409418357011
0.116371575492446
0.142918800843574
0.111943004497204
0.0908943519369812
0.125705691601244
0.14468367129725
0.147474417712112
0.10227416917979
0.179101050973459
0.102457890697442
0.14011268963551
0.103132171101706
0.0891786931895453
0.10830009235865
0.0748031819823607
0.0703550068149637
0.177218089826125
0.0866040622232479
0.132144172497727
0.0997013254803013
0.0995389910415543
0.0989968793300837
0.282956054972141
0.137004050353502
0.194953220837235
0.0834534581337999
0.10982583915677
0.113369319022148
0.0829203865884086
0.107512514961398
0.101102222886044
0.117979146690637
0.104014779085562
0.100882178706035
0.089789797394346
0.0862641204551093
0.0898052529725298
0.0686339170299497
0.118723323426705
0.129325888085897
0.220138230930199
0.134377869799401
0.109978952061843
0.123454304950691
0.199434025919794
0.0769974828985139
0.123182974267261
0.096706971047732
0.123031513005779
0.268825909999939
0.206010792545843
0.0717305085940494
0.20507215680687
0.105573144506142
0.0976265710444119
0.132462721845966
0.175256787377764
0.175941590939351
0.0986690468432853
0.0773752135769717
0.0758078043112724
0.0741055010724423
0.255412132987539
0.10516502219638
0.187498027330651
0.300548985873376
0.113761886051731
0.145485507802669
0.117830970757243
0.154808515759562
0.095286911470101
0.110604744055448
0.0864876271906868
0.185188316576866
0.0775476128706114
0.18563945058764
0.245093475711212
0.117071590297815
0.0790061814563056
0.0952044387415265
0.0990939573195542
0.162009789104619
0.164887864964015
0.155220331861367
0.17188184666773
0.112254322767105
0.0686114383731
0.0807226551414217
0.101447942242281
0.177002447386774
0.103364144754084
0.0807046797785227
0.116919715810676
0.0754311604322851
0.0766344379524156
0.152372838671814
0.0690497995191436
0.141531018984375
0.137278082108538
0.114670222575398
0.066806160109749
0.113159809618694
0.146660422822487
0.291757646428685
0.148562484684235
0.0709912557947403
0.108745681989462
0.062978332657749
0.117505960782251
0.0698982001036241
0.0647806215992436
0.0799387026350473
0.11353961157335
0.0638292581517502
0.0868281042380861
0.0942067296640071
0.111043761017352
0.120435716191589
0.0600863998146377
0.0766905164780818
0.254231569417308
0.140728957235987
0.150613497969004
0.145844201998061
0.254190596032246
0.177367510922308
0.0730390946038108
0.0569435373372663
0.0964803084224749
0.10559472862205
0.130423512723549
0.176877634985625
0.136137816557462
0.0752943614577974
0.194245208925681
0.182671183859184
0.0814615583111862
0.0838865301458028
0.0904580494824981
0.0815897576414332
0.155021821175435
0.109917419449231
0.182094252304154
0.0758594232571199
0.101655369269381
0.185121975006049
0.106749899061532
0.13743463680757
0.150456059676088
0.153647311103156
0.0926205037097264
0.121425184420029
0.0925459457128349
0.0796542880715647
0.0848083729518536
0.128297153305362
0.176506320467931
0.116888571843157
0.138663998538738
0.156130472941969
0.120282870656683
0.149362963291077
0.115197169005706
0.149020709398103
0.14969295206427
0.0810992851253726
0.122881798998832
0.109721441553204
0.187497075076697
0.116682342606227
0.10570620199777
0.255341835151453
0.204865307523723
0.13825324516885
0.12806158065191
0.134236009151913
0.14634514763143
0.218038153275904
0.154166855110457
0.132845488093529
0.168384233262993
0.0846855382207897
0.0892647490328702
0.216740682405018
0.0718064467602829
0.139976573726971
0.152152112541552
0.186039337214522
0.0968886985698398
0.0904061521007307
0.115984367353893
0.154282329037721
0.118541507437193
0.141296228899049
0.13492347451898
0.0624650186209981
0.258286582450012
0.097538618543213
0.135560463141699
0.0759688050629728
0.133715543641607
0.0880216229981245
0.123071994614472
0.095061074981656
0.108847992104712
0.123827054214887
0.130024484533155
0.121269107006189
0.144464479949294
0.116457221616415
0.104890609132204
0.122185626291326
0.116994493416412
0.121053954972292
0.184897561145932
0.0940949483634801
0.0888937159609946
0.10531361645167
0.0844739997644413
0.0914029234643138
0.205635478937567
0.0933823645519636
0.0749636194626219
0.113770839879117
0.125403595219701
0.104194726170167
0.100940440018627
0.102921492930864
0.117944375481017
0.112180050989786
0.0697004660545712
0.0986758005374698
0.143283794126003
0.133028463489668
0.107801695476141
0.0863129902861006
0.0965339367771032
0.14159879141821
0.146747916271254
0.164164809726846
0.0856641916440501
0.116363607475467
0.0598947035442845
0.17024973598351
0.195808819385701
0.182395164566977
0.183138993630106
0.148034804262238
0.0789822204015068
0.189804811118147
0.276708687932075
0.073507902569044
0.0981225647362275
0.118211011815061
0.246182374293046
0.0941391239533204
0.0954361283283366
0.192260009090199
0.173155915253153
0.08766447770139
0.0624316493912424
0.097461996125907
0.113453132905967
0.161506474944535
0.225877055473293
0.0915358036960652
0.15306359001199
0.106801994764249
0.092083525316524
0.118903252508641
0.0767910324580056
0.216287680017578
0.131694762464978
0.116097321475436
0.142758898455611
0.153772628023035
0.112046802155465
0.140445565334565
0.195346035432839
0.0793873260329545
0.117499230344155
0.0632242295417833
0.227509353899631
0.154051396267503
0.098219275726975
0.115322863832348
0.165641528898307
0.0913547503595283
0.155332450567053
0.16856556789762
0.215142778283527
0.172461495665806
0.132691131097244
0.0924696307066352
0.226658461889391
0.179640496191039
0.225862945623489
0.165508430237177
0.109370163987425
0.193686956758782
0.100628396365789
0.0962449644303789
0.110874807350204
0.106358604995603
0.0757038990427942
0.074749760515581
0.0771124046232663
0.105594608815981
0.0991446537050789
0.113815776580548
0.124407412574009
0.261972479736156
0.0952598087446016
0.110729170032878
0.145821186270943
0.0638920589254069
0.0875822645995548
0.091255950696125
0.121746911473949
0.140299829052556
0.0975512727330642
0.120019320212777
0.0795082193038774
0.0863444272424561
0.0915056809969761
0.11516499983478
0.169019629226899
0.0970740739775508
0.137564964131072
0.0708167459786887
0.0768622996620144
0.113524168786774
0.205333657785484
0.0989199439971528
0.171678714555288
0.138340819293841
0.188966309414757
0.130381910243797
0.23430937804842
0.100563195056504
0.15348407990752
0.168191088402174
0.11493659817552
0.123173998210033
0.116298726781503
0.0770446738075009
0.0604728875518803
0.0991946831832029
0.161360102230555
0.113624016985907
0.0886050301930969
0.0696814150537418
0.0984407705472923
0.265313643651648
0.133443175095657
0.106516902246056
0.184045022437299
0.203307857498055
0.0519857051684412
0.0899627042110589
0.0973501161762361
0.142532516516291
0.0993331904905784
0.0911054045927182
0.0871700800077433
0.12231724070103
0.0889315082466404
0.104882104715402
0.09328474365326
0.0585604024256577
0.135690312089389
0.0901489933888762
0.119135374753775
0.159045600782526
0.0785556835988012
0.0849156372958136
0.0690318703555332
0.154991429185666
0.129388759234113
0.253888460841778
0.108225636296326
0.132809937302403
0.0947855235567907
0.0980291564837077
0.145655072826445
0.162398420823294
0.12053301128287
0.0931727196191706
0.155357992299298
0.113705952617946
0.108122522808528
0.0984859260280922
0.201505850234108
0.122001122478673
0.0934422864749239
0.100852984070979
0.0715847213633114
0.115663947932954
0.134324512644812
0.218610383772623
0.112315762899314
0.156258699979972
0.11682504276056
0.15246294395349
0.0629177653362915
0.0951415661221515
0.174178937862774
0.0796871359458499
0.116878331512609
0.115736261966908
0.081740802984878
0.0955204783336533
0.0950565858859504
0.149336247483269
0.0974730363429677
0.140459436149526
0.178250085209432
0.0697293721340757
0.262698252039589
0.287957780666947
0.0591940774553015
0.113503822780787
0.12166870315251
0.0969860663444027
0.113767416301401
0.105528877484758
0.0735663837776472
0.206981172908783
0.17033424569951
0.0901898879601732
0.118819862012187
0.0800232259867742
0.118265499688899
0.160555777179043
0.113051710623251
0.10545634928061
0.0827188948163118
0.137718550715444
0.145964770571026
0.0700758992815591
0.111908591482298
0.144064803994987
0.121715220885603
0.0916931257336925
0.11974104890883
0.111109731849124
0.0801896255761554
0.0592649250896492
0.156577389390064
0.0704935101743638
0.0923328414417235
0.144674971698951
0.111678412004978
0.109330078804534
0.105302628895438
0.0780232424576601
0.0801781915422905
0.134346610421583
0.0744715598981213
0.1237957195346
0.0721617771246612
0.126161760446657
0.0747512856129714
0.143414622199318
0.182478362018209
0.0953590762378094
0.108949795969269
0.153404627638818
0.0820179668971224
0.13238785321334
0.0989730509737731
0.0969165323234304
0.0934904661653444
0.0855083044344822
0.168143565791711
0.181045799995896
0.22033723830431
0.076886635213365
0.10034605087277
0.274046763776163
0.118697482638819
0.131908202696098
0.21453513571917
0.158467864328007
0.114484515243806
0.125087908377835
0.147810762272737
0.0840273520843134
0.0952142737544201
0.0910986380211095
0.133468111944517
0.137335148473917
0.128543556799691
0.103117065743024
0.0815622333916518
0.0837106414361455
0.222542934687669
0.179406835793947
0.176468882908421
0.153826715769437
0.141882593553423
0.182990954599763
0.102611988911756
0.10616354612875
0.0958382003461859
0.173712781428531
0.0916378535510009
0.205200141297577
0.0872939141052298
0.136507931009793
0.11266819850941
0.0936885110133628
0.177355172017724
0.13030893641999
0.108760731644809
0.0807293679067729
0.0976638335383224
0.115755083604236
0.16686884607909
0.11494065171576
0.239146314082282
0.118876594078895
0.151781805395015
0.0890187250356567
0.18058530536442
0.128089209482686
0.112790792829344
0.112224248133984
0.127733322744129
0.12311799073953
0.107371180810488
0.212353457516267
0.121910050660189
0.119382132578813
0.101357911154347
0.146523518997527
0.0810967310631847
0.0772906633714277
0.15071634785885
0.116300880798135
0.117923640577359
0.0893815226578347
0.0926464130855971
0.193802475166192
0.155489269840326
0.115891465093936
0.111162495879939
0.115717967990606
0.142491899584324
0.201321544006063
0.0736423092562199
0.125172271338146
0.194727477699166
0.149284685878205
0.0955186024152746
0.200158038491929
0.109692391496445
0.096075017864784
0.0743634522120841
0.0733803495204807
0.153774328885508
0.0621245384373039
0.128136253139231
0.0770761522843912
0.129665454232247
0.159681390788306
0.139503713014445
0.197757226907046
0.252038589024906
0.149644521596177
0.173898835304341
0.103578922051425
0.14151923185463
0.169023402989171
0.177516709319166
0.141208809693919
0.115616874911967
0.073009105156822
0.100411768379345
0.0767613941014492
0.118760800646356
0.138707772085575
0.113826487384938
0.151758779605773
0.151560639685355
0.195956053616088
0.0799117781347784
0.210716316089693
0.110417278600495
0.21585757052236
0.0773872722806157
0.0613269560926526
0.0929912852766126
0.120782727813273
0.109296243789132
0.13468562906146
0.150372213717162
0.188959788643054
0.0945525136309663
0.0952622414393407
0.117132224019816
0.080216429857246
0.073786105056764
0.180465276448438
0.167512792407241
0.0993295964434047
0.100594301899288
0.090224140473372
0.147544539306816
0.131651766193094
0.203061815147292
0.101720513337252
0.150571398253011
0.126128326299673
0.154184357197267
0.0610794176996966
0.0973284024777585
0.0718305829791243
0.0673006511311741
0.0788137090851425
0.0902552029745687
0.0623557647128477
0.121709726998886
0.0846699768026886
0.0824667258652861
0.157282398625562
0.0781840532497039
0.214748142332432
0.112897131473301
0.232056394284196
0.0661767123187342
0.174982609830267
0.218569211678882
0.125438831699585
0.140430519399377
0.0898029976408859
0.131431312991501
0.0687311981869837
0.065771939929348
0.106583103038368
0.142083309693651
0.0786592162826372
0.0708449470728881
0.0737049882370153
0.0924545128781043
0.0739711915232008
0.167304666724665
0.101053691319174
0.108480257651168
0.134879462841516
0.112521611141412
0.106270962597772
0.24116350473564
0.0656319589613462
0.198436759676831
0.121461973143064
0.0982663019051475
0.182093348478672
0.149853885908725
0.0825761539781343
0.137054714307137
0.167945580192917
0.133720313703847
0.144009200530612
0.191277140735215
0.0848674566884234
0.100543197816741
0.141245085497738
0.196134995735636
0.097682338479041
0.272289799611547
0.0803207637176106
0.0911575406750832
0.151702154720655
0.125154965590104
0.092034134580926
0.168915179519398
0.112729461149886
0.136431432404436
0.148947653986946
0.290737991265927
0.153593351471233
0.0813872207402755
0.0748656775920131
0.0776862495202217
0.110077344563719
0.0593875071135109
0.160010456382328
0.0799112037475369
0.094094601347894
0.15656198126531
0.0905985453932359
0.0998429283276856
0.112353382255497
0.0903936950431775
0.202440978771323
0.204540020507904
0.130826866849028
0.200054194272458
0.0867360095099442
0.229471807649086
0.0820771980087577
0.229827882733799
0.159027180084019
0.133650453023419
0.145426825199923
0.200398799380207
0.218834013142264
0.136594916187751
0.188991976799764
0.135753102223316
0.183042849273364
0.0828969125907245
0.11972382247657
0.0862149976285325
0.0794438591954468
0.0631218943442913
0.143207628018176
0.0820871728822741
0.121329777877829
0.0777471634821707
0.0788183752542952
0.130825155661498
0.141429141898777
0.0961820523109853
0.0978281495744343
0.0755301127966313
0.0653866481678654
0.114837945386465
0.179129213148003
0.0572012624985453
0.07464341000015
0.0676172307546752
0.158572741349793
0.0883520026823353
0.253039832110101
0.131713827473909
0.0708080082343505
0.139805480753646
0.170281046146769
0.113362908012757
0.153998739084
0.188655373941783
0.0904246930516987
0.139561343445584
0.147349448846648
0.122440260968002
0.101792727582556
0.0784229843931454
0.108754448774161
0.202686741417331
0.0706288471344757
0.102409317182202
0.138941963299421
0.209897179187293
0.126600317580826
0.13557755775647
0.0836855714170716
0.111247731577012
0.0744484971874342
0.174803159901956
0.118038661566732
0.142502255936537
0.286280114160095
0.061688761514106
0.0980594148540641
0.123032217584766
0.123090880415919
0.212438300696385
0.175027103908343
0.105989262417175
0.0975147515832875
0.114632768476957
0.149479945084666
0.135116853634747
0.158965218374127
0.187464381889448
0.0973851527371129
0.154937063315929
0.201044500729185
0.217687407550577
0.144116501019632
0.130292757724379
0.0818103273429136
0.0973185652150154
0.137064923508569
0.100215491157417
0.180639683542742
0.0760267154924406
0.0984034899524319
0.141344602012852
0.115170967673121
0.108446357542246
0.0773580375024027
0.0820956591940158
0.0942901641553069
0.190883998464439
0.119718004784762
0.100389630676461
0.185498972866145
0.104894258781593
0.0698201080471302
0.0916996561646257
0.120058539632512
0.240425899127591
0.114852332942603
0.15290462358932
0.227869062074542
0.0944242171290439
0.16500155539798
0.0911654934190404
0.0901634272625755
0.205444750765111
0.201483342194242
0.0832138926619132
0.0876871915307786
0.0684385923496762
0.106246320741001
0.161934473094956
0.161629943478136
0.108622196952442
0.137520829312619
0.178854892773204
0.156963862151427
0.10202226646194
0.279129558822588
0.12814379509669
0.172139212385362
0.0826963414032513
0.080468082642747
0.18442177747202
0.163727989265757
0.0714648844170831
0.099234928186124
0.119077094437034
0.142157937698629
0.120629812115707
0.215170533043513
0.0800051618222945
0.167226116376521
0.102280568529631
0.128878021037228
0.163962887915486
0.0761512797827749
0.132482089757869
0.159124473634767
0.0926896404848402
0.0870347219671099
0.104963566380459
0.0871953069095864
0.0685939077954883
0.13922229808673
0.0647988206969269
0.0914319157057378
0.0653316343797468
0.155964268036743
0.122872099333271
0.08852963029366
0.211774700577939
0.100583532138837
0.108654280752853
0.130593393015462
0.0947282639504979
0.148303263597545
0.194761291214489
0.0937578948838319
0.0808836007758766
0.16684801456439
0.131215024946026
0.0900113245682749
0.0881869180514854
0.0840760543296598
0.0695047636377644
0.118143905617938
0.129648533022425
0.089700372209945
0.158036550399513
0.14701014559559
0.128797472292126
0.131776260284117
0.0924285695192466
0.0911684588754858
0.121198133223446
0.201176048276779
0.149260796678589
0.109979481479551
0.0899058398807126
0.111997312781885
0.11850593648674
0.104751746059832
0.193390212858311
0.130932857187389
0.203378141587118
0.0753284615000725
0.0890738898228513
0.111516669191551
0.0686006276970287
0.127592667675602
0.11680692616954
0.122896150323934
0.141197820591792
0.121415341086144
0.0817385865886854
0.138689579999707
0.152993153635369
0.178563292442462
0.150338838544498
0.104379293680019
0.0792352543143292
0.228435319058996
0.141241124850155
0.0585918973142674
0.107998159557974
0.0940756116536703
0.177176888960719
0.107206637096015
0.141790133408131
0.156106295254779
0.0863499729039336
0.271593541510881
0.16211540769243
0.193749850637262
0.0662257693757372
0.0832770023120086
0.10633584272734
0.130196567264051
0.0837826108308793
0.145431613944741
0.0899853965916621
0.157240663714901
0.0991655221087522
0.131675654136254
0.0915790161976761
0.136662107849529
0.100496461845999
0.101453041232796
0.0926398476897036
0.166087274170135
0.108242157921025
0.0944241927493504
0.0822616844004965
0.117492148054208
0.071172112991389
0.0988033097293301
0.132134720253164
0.153220493092182
0.15611543503549
0.137275043296719
0.181130415219749
0.151363653465532
0.12290709881064
0.0960692987672756
0.104869063617377
0.125791545065782
0.166753182341673
0.188417621110832
0.124968350576554
0.127422602503323
0.108828778910106
0.110742943486633
0.261512629042412
0.12685120752641
0.237111932589203
0.192349661136583
0.134970208247589
0.211645118834254
0.100809368063997
0.128657682625887
0.11439617629334
0.0880347232996925
0.124110387273704
0.151134450086224
0.085741251060493
0.101611982312229
0.165026368128852
0.151966857411534
0.0611094275646413
0.0995256686917083
0.148473137034738
0.0842639751696319
0.256727233254922
0.10217334458118
0.217149149175993
0.0927934290738301
0.116454899195099
0.099464293990956
0.0661844007278164
0.163371126013153
0.153425232358416
0.176705618284207
0.0718951329483768
0.154090892042885
0.113553847966104
0.116033062713111
0.0790131229685044
0.104770244342681
0.123569375365007
0.0877703692232152
0.0730740597782457
0.147374533497672
0.228306143421674
0.13673979121136
0.113469799631211
0.111693749742134
0.131453586899779
0.0922906239904831
0.0760191830424578
0.195891080310541
0.210669430715502
0.0662571917889219
0.160570087509643
0.106776180080289
0.0750742071447705
0.0894040474725706
0.165203504336737
0.171364258491682
0.0897175985398133
0.113489887767312
0.12102970371209
0.102264582590515
0.114529391291153
0.0887612050925931
0.133364378411354
0.0877698926143347
0.0870596866734733
0.191558102573353
0.208353876422859
0.0931959690035736
0.174006528032213
0.153927874145264
0.105405050619316
0.0864105363542932
0.119273643764344
0.103694749501675
0.0745052995250467
0.0891584295763365
0.114239846449132
0.0815920653820922
0.0952302285622221
0.0645820645196665
0.194970394922798
0.102738285744838
0.0676088510284502
0.0861262823150279
0.111099356666932
0.158621851123517
0.0994782535053401
0.112289918577111
0.122035758013776
0.0765081778471426
0.115651921787175
0.0950770112818025
0.166999406235152
0.11205255375108
0.0755265412894216
0.0609840293675749
0.16049978492649
0.0942818761330062
0.125968520061193
0.14462307714031
0.0713577892551458
0.107501002476799
0.136148102122105
0.0838206410525933
0.070818947305876
0.294091928591617
0.116372701744286
0.281679374267612
0.0806037836172894
0.0947973874131986
0.111552576262648
0.0897916043080236
0.141167863705314
0.200811820387216
0.0783563353772125
0.136987896751443
0.129335471465104
0.112893213544533
0.187789453554533
0.090561144650359
0.116984496589744
0.0668297111759783
0.11039670912629
0.146670596632688
0.0830105051057094
0.106403955246694
0.13777274606268
0.0805696535360945
0.0685404992176262
0.172749702635252
0.173807135341294
0.0743938426348676
0.10850679811146
0.178338625934958
0.0620783429302079
0.290182347730696
0.0841539152758726
0.153922314495519
0.150618341344879
0.144420157877617
0.12941887553739
0.139222304429963
0.12943458554761
0.104829623779647
0.215394035439405
0.127983697872688
0.152801969528753
0.267178007643953
0.0724116646460735
0.0700795806930652
0.123492247231386
0.120776699298583
0.257435130370444
0.118737288045806
0.0900321848752306
0.225486806132964
0.191025973300972
0.0872984625761566
0.193024298860594
0.106955418589536
0.150192049637725
0.133026626069613
0.128547394591408
0.0940632608759568
0.164274394147049
0.194915748622753
0.206400107752512
0.089253651104901
0.0793171779942972
0.111715064150681
0.0969799526126069
0.109564455221709
0.186288668623305
0.12745487002064
0.104713217425344
0.253923308302327
0.103560718797025
0.278011590902559
0.0982580991144876
0.134066189845802
0.158458547379866
0.128792147190963
0.180434966416029
0.195272685264334
0.104103884951724
0.138292885495952
0.120482695561632
0.0801570805018608
0.223963685177941
0.171603195586028
0.133775956869636
0.0678520017425539
0.0795531583779256
0.145416134726288
0.104370325458482
0.065288275703117
0.120837001341046
0.0702499562296197
0.109614981515219
0.0868814152612132
0.149589496633104
0.0880454257403437
0.100682337767387
0.246001336470156
0.0997674920997125
0.087313784936083
0.143310646791665
0.0793764407516687
0.153690896772927
0.0915879630286585
0.135806429402685
0.0963033519357511
0.152327512379076
0.249689470823111
0.150894684734154
0.11622475360438
0.184074647245045
0.113454224091563
0.0962466534801858
0.142640943907594
0.0675390103177141
0.0729289713648771
0.154291959664088
0.0710152535836119
0.0780873527429531
0.179769443774762
0.169698284875054
0.086777008030832
0.124689809889659
0.12824467264602
0.0746363178563783
0.183737951498631
0.079991434510595
0.111899480966146
0.225780016660538
0.0986070655792352
0.146617580373071
0.0770553977335728
0.0884198839076355
0.114603628127622
0.10021934155115
0.198351067567539
0.125661624473119
0.141515566312036
0.134829062717652
0.191968765544094
0.127892856306188
0.113915166644387
0.0746236221031035
0.114265686460955
0.113952763247669
0.218322599975313
0.0836808502717949
0.107699045128227
0.0689735137372298
0.161516114898087
0.106765406703483
0.12697031472731
0.130970089227176
0.134294417843257
0.110997911073483
0.0799247696544138
0.0947449060245203
0.109268909134024
0.105154609123988
0.0693083895784239
0.101969220185543
0.0835538411981094
0.158564754998596
0.109885772145025
0.109800696798925
0.104988239308308
0.189908065837397
0.124088375612145
0.107531604670903
0.176150194375883
0.0901489489256525
0.0971817808484941
0.146675900585576
0.25697467012773
0.0816186259710436
0.0900450040084058
0.125984352065666
0.117509647451353
0.186766459472536
0.182331829401695
0.111291206549371
0.0744362662795052
0.175627589901763
0.310388024875273
0.216100826952972
0.0956300280386476
0.0874524736933824
0.0850892136618372
0.155737091714665
0.111479598447039
0.149421825719999
0.137985248846666
0.0795003434861142
0.0899710900929297
0.164054989223539
0.109912075928615
0.0899756191395732
0.0690813535282901
0.0756299994513099
0.116625608848833
0.169092131455737
0.205042994014811
0.138355393378848
0.104447044915213
0.0729078535909653
0.0651117230830449
0.11045390697919
0.185005762955346
0.122414922777827
0.106983427767736
0.0988036796427694
0.0805964944362294
0.207314272228725
0.0681280053403156
0.105497333995583
0.137850294247829
0.0672121627834305
0.109620010603281
0.149261130557739
0.135971681750897
0.0746555686029541
0.0786341002986305
0.10280796158957
0.20038593608694
0.2090538260591
0.103561548655518
0.250559461858671
0.0874670828729655
0.061757111524103
0.21841088105939
0.0792030691222992
0.0771334384003799
