0.17
0.108167701093362
0.0884816422997811
0.177546661750556
0.184406108815719
0.142430419767818
0.170139826066689
0.16493920535826
0.109753832559393
0.112275390531234
0.160523979490788
0.12920792809966
0.138770153836211
0.204948962374456
0.095401660483868
0.0932861055563481
0.118021675676242
0.110914621949404
0.103007007774543
0.106450571946259
0.118420814573354
0.140542291441727
0.108855584614477
0.118563205992639
0.144052772477904
0.135278161817371
0.155915336072032
0.0794445894260434
0.164220323313892
0.213027742180332
0.178563557795514
0.127657498216423
0.110775295306414
0.0955923887841994
0.077937818658546
0.0896580600119044
0.0693553965267584
0.101207612908307
0.107946956362535
0.106535141547832
0.0996968480772167
0.0937657186041583
0.114111336240306
0.159432587160078
0.159117003649095
0.193466832021549
0.0876044657961914
0.0704197041264676
0.0666663363449477
0.10527734068488
0.0942625438669654
0.0700297035100699
0.169352544785054
0.0954359039764426
0.150330602167653
0.116033647681721
0.117008843321633
0.136362260466723
0.22610573486998
0.0637322631973995
0.100776027770621
0.106255225725287
0.126573270527741
0.180945182924606
0.177679403124875
0.0934447458393811
0.111997693004055
0.0650933970384816
0.165194948789719
0.0728391296673085
0.0717659586705959
0.166942501254661
0.0874978250610764
0.0584912525325394
0.0915084844838238
0.132061693572452
0.113452327103144
0.129946857205851
0.168279458641272
0.0845870736327597
0.061015959367932
0.145569843390161
0.10688256278754
0.107583498839457
0.1085154342627
0.163096612697238
0.113972343503321
0.075024592220908
0.145473432721749
0.0903391716348326
0.101398787290013
0.182073358050273
0.198416186884581
0.137093302333884
0.125679482235186
0.1086484122506
0.0759352798872112
0.129318819786527
0.094529729350474
0.093203117923858
0.0713906115145048
0.10667311958949
0.0978927351215889
0.120711372654183
0.131994967118785
0.091735192087194
0.176274127826941
0.0742253242180054
0.0799383602427366
0.0957608708809703
0.0928420493449086
0.125224033474652
0.0954297123666031
0.118192019322159
0.109681163163949
0.110626886641813
0.11999536843768
0.0840435117940962
0.0647001866647614
0.0703955090609349
0.0859173010354924
0.0695887569156471
0.108054600085642
0.228713966018495
0.0846788921354704
0.101691889293737
0.109743828927388
0.114482918570313
0.0768449676129034
0.127629768625209
0.138017501709652
0.176491487043787
0.0671696277368808
0.191083803973846
0.0881620170638829
0.0699705094950243
0.0858421186176092
0.0753919190665833
0.0693071469119914
0.0860041763322854
0.0928201259527571
0.0825574540602553
0.0929588267121598
0.130620949593186
0.11661069336001
0.125111548010416
0.0950694196310436
0.0895445404103866
0.121776828349849
0.150147126491412
0.2014010942052
0.0643894101112544
0.100711229542153
0.0792823308201648
0.103529674832952
0.146575581172692
0.119290628628439
0.0762129137307874
0.0620211549000569
0.0629793908849879
0.0754108420799915
0.109471095401001
0.0771300519238576
0.125790315685134
0.0770725920964512
0.0723012728185071
0.0614748681689627
0.126036285985527
0.147514812129619
0.113935634050923
0.0944990837782353
0.100922461684095
0.122909831520113
0.144514302078741
0.078960576649732
0.0615461681303187
0.144903009749564
0.0667545302826924
0.0734379933571467
0.107697009994561
0.117145579315659
0.145092113198563
0.114247386222298
0.0954018144526133
0.115515095421917
0.0674422761326097
0.111517523597229
0.109475156618239
0.129573887629092
0.0828647424700437
0.0856230426708893
0.141731397499392
0.11016769998594
0.158888969502088
0.119270571827793
0.127163961185505
0.109957636718731
0.0859336460813953
0.168008296142656
0.0886477517858612
0.147414315957958
0.146733532456899
0.129980284798572
0.0939132774263428
0.0685914684675982
0.0838407110364879
0.0679120589843328
0.0931059035975303
0.106625401576052
0.115508839870395
0.0962616038119776
0.213712535944085
0.130533293230604
0.121765658411439
0.0580818918418336
0.074715175262554
0.0664905500614837
0.123971699218608
0.0745617005618345
0.100167474998325
0.152129469583058
0.0908870356092678
0.151109609482299
0.104787359514211
0.0732080323858745
0.108550237278458
0.0862543460960775
0.0733745224814468
0.0853293682241158
0.0811965118981415
0.0754141229386285
0.0876899781709201
0.0650370084940135
0.0904028530472376
0.141457134473824
0.0860577178939446
0.13001161452213
0.11033031227392
0.103696331458066
0.144438351445374
0.145952494688063
0.114102695196621
0.147101512082291
0.14402673717115
0.121031617097188
0.154339044358593
0.138209225089501
0.0993189062520224
0.1758887892289
0.14292699327749
0.0680775034148686
0.103544953754603
0.116774339469253
0.0695649444899717
0.0781595596375333
0.127219164875036
0.058375270216503
0.114960490585817
0.145749652335161
0.114154054766441
0.140710539106424
0.142769944504401
0.170852731402222
0.138919222718888
0.154949747603898
0.130265012810323
0.0774804145596575
0.0807264747030608
0.084887265289838
0.150120099602143
0.0949483610690621
0.0957864296980199
0.117002996263419
0.153177441368474
0.0603950802334616
0.0566687939006798
0.0992077817327295
0.110163175725855
0.0893565940271259
0.160019735354102
0.152690390684164
0.0664282984135895
0.0728164374981526
0.109423456376818
0.0802004604433844
0.082262606585976
0.084434428765462
0.0725307723325857
0.205939563755807
0.0935100333547569
0.10194711716489
0.140585644079928
0.0833231790457667
0.153601182896335
0.218738224491106
0.0861814139059435
0.0772866815970035
0.103895762209089
0.0729576580132065
0.106878635097059
0.0685781025772473
0.122037103351263
0.133374022679008
0.115530137523034
0.0691830828098902
0.0758748498573399
0.0850291963779628
0.0685310163566956
0.076024925344064
0.145368481413289
0.0894485494211431
0.101000203680438
0.0774512117463238
0.0984275607011284
0.0930055568753227
0.110331175699087
0.165774963605101
0.123711011204919
0.0974284050256992
0.144987750672354
0.0801669483005057
0.0851273023909526
0.111102752635223
0.0668356030174809
0.177360942309245
0.0934857729883807
0.228233392887738
0.15159596755793
0.083504678872519
0.0684439505489521
0.108421598311061
0.148024472721194
0.133023372686355
0.0982152580754173
0.0612009013124162
0.0923874143331377
0.101386126547896
0.0823241793891669
0.145605136201472
0.0963962143202801
0.0978991563502166
0.128611448267823
0.0856329792925223
0.0830991251300429
0.155241996365622
0.143789527993575
0.0856188290772509
0.145074266838722
0.167560439496353
0.11030911250807
0.152450966259736
0.0992955739363169
0.129621992652534
0.140696283386951
0.217036088089615
0.105927801298928
0.164821035790146
0.0680221503199552
0.134662519291401
0.126210440820663
0.0675749806879475
0.086543882779468
0.162231294551053
0.0799863037145211
0.130486220897916
0.108208244601799
0.145870318946424
0.106482587688625
0.0626216248365269
0.0916829978754946
0.191551366658988
0.0979967419203162
0.135292016031691
0.135817190940366
0.142036539835753
0.104402518459545
0.0863769772567268
0.114898013832433
0.13856948630886
0.0804099847608662
0.127278544194381
0.182317693928582
0.123159718075272
0.088748748348615
0.0850336952189296
0.18451784236448
0.0691099543828329
0.126320989271366
0.115687499889003
0.0821220563079668
0.0812666675949073
0.119200121812978
0.133616414081161
0.0939752150420059
0.0984606263649632
0.0773012565906908
0.145217998076187
0.155106953263207
0.125123566394509
0.154642424932688
0.151611823299939
0.121610177459094
0.134622676996304
0.082735618800813
0.0989891963049911
0.142776819967544
0.136359259120037
0.114287790618128
0.100945934040049
0.163178148281075
0.16232494398384
0.126953940103393
0.111706497562578
0.1307863891549
0.0766771922662005
0.149774951958509
0.109137157465185
0.203373052340657
0.0912634589267461
0.160978253415897
0.136335841306446
0.125500339717367
0.114242114365831
0.099276912589244
0.117542573234709
0.117232149762776
0.153131966145924
0.0950026735285689
0.0899043034327421
0.0802673061159456
0.138686156553617
0.110537435116775
0.0947738224778619
0.0990618310128148
0.215025033039107
0.0717206815734469
0.157302735684303
0.139900330696071
0.137395710959254
0.131821903937655
0.174010778478705
0.107346591960777
0.209738114852476
0.126363142173577
0.0820837522767931
0.078315797117411
0.0957383061140241
0.15373561054035
0.142035158036508
0.122355371860325
0.100049052903672
0.0893104739540698
0.0705427804685358
0.102889383898814
0.0917227179642141
0.0838116753198683
0.0917891394247042
0.279925003457027
0.102168130862327
0.0740027166632724
0.0649456694789742
0.146072290745524
0.136662090272717
0.067735476470162
0.165019866275899
0.0813272420204474
0.0612856869674302
0.154532563070206
0.140266218027921
0.138052042571148
0.201845950638366
0.101472497090373
0.14479717647262
0.184970559708641
0.17177877986706
0.134105513631782
0.0745010264124132
0.123884059306815
0.139413268563067
0.166424592222708
0.19141821555149
0.0704757537796748
0.0900269790888961
0.100795521876757
0.143939368379588
0.0843333722572517
0.0806178349707202
0.147371085803084
0.0931440568488038
0.106284101738083
0.0921937450727803
0.122046836775602
0.111146234442946
0.084296580443159
0.201328099090848
0.098996533455402
0.073063735392054
0.0882229137521144
0.131744119974457
0.0888546935505449
0.128853786204364
0.0938698679418308
0.110362357333895
0.155198776163751
0.117259290142204
0.14541635890256
0.132509550713834
0.13885756854082
0.0954400152835713
0.119086894459539
0.0884263672629822
0.0979341107396708
0.165271185680988
0.123998154821343
0.117390175135804
0.105262433358989
0.0981847510231295
0.0938718274748954
0.074085263916458
0.0780805770783876
0.115558398909665
0.106515684227795
0.0718802200216096
0.0945099525465496
0.218382856556942
0.120416066439975
0.131820182500417
0.0795401339750617
0.0618768446497498
0.0849567684430963
0.222339747960662
0.092376469518886
0.140716250427461
0.217037457418512
0.167842108677414
0.0745912022949367
0.100098906513449
0.0830573102298948
0.0660212005097272
0.104823036979029
0.119891778733904
0.0935535940661142
0.0552835843342931
0.0645596057726767
0.0917959210427073
0.0802307762655285
0.0969350693066858
0.156432234322541
0.101110119181693
0.0694973383296303
0.106762320186678
0.112897857478247
0.122434561746068
0.0819018605951633
0.15968705420109
0.0588983162759085
0.177338678844804
0.087526312009316
0.131725725615397
0.0707822976377903
0.167008403384357
0.0909951634915468
0.128293119870339
0.0928328484397175
0.14326413934742
0.207194273621057
0.122994623678607
0.0926882175800926
0.0667031939882919
0.093231163399175
0.0552037203393989
0.113178753420012
0.070179980821617
0.0821840283500537
0.085440368372032
0.095285127668344
0.119155071848732
0.0785360923488062
0.093501525213554
0.0623265690755517
0.0876619932274442
0.086701760903194
0.0794051669108984
0.0589514359109402
0.106040501081174
0.153617349203136
0.067450211390258
0.0815923722165716
0.0732026002617934
0.0651960130262776
0.0939035246086384
0.0799725493071396
0.124962103707635
0.0749820606175804
0.190921697892816
0.116770916215412
0.0889235417904826
0.0774863998751703
0.114456089176689
0.123901118109335
0.0806474791685245
0.09382018218981
0.198208988942425
0.116635876903959
0.118873282016683
0.0903888751154979
0.0813713304873525
0.0834391835913414
0.108379459605512
0.127044383586002
0.110326601265206
0.0741189990249592
0.0920110141677445
0.171026375199425
0.19359778431471
0.255483817186229
0.14237069003419
0.182796004443638
0.102592014729502
0.166231923444781
0.215814293591019
0.0990283753079111
0.0870253524067729
0.0757179619008848
0.0757904292073102
0.14255687052775
0.137562416630152
0.114854082024364
0.0822839791385414
0.0753022461724219
0.138437992024554
0.221659012174424
0.0959294943223301
0.102016965273735
0.135161418902288
0.0861868816698688
0.112640980488172
0.125698742276611
0.178189964004589
0.184678892851765
0.0631113954102659
0.0690848060053558
0.0917547719281287
0.117317155299432
0.0820496009704825
0.0843257445561038
0.0760831559977893
0.118130494060237
0.0698586607072807
0.108331855697861
0.153117554560307
0.277871147275219
0.235495943144586
0.105519630160114
0.0849994175107289
0.0964962231685028
0.0751418341378717
0.106630634239023
0.154207432221628
0.158903031539642
0.118444621662419
0.0921102364152626
0.10059323069574
0.0894156148472901
0.0670358355785438
0.085206715611954
0.116722093254091
0.186314805206763
0.0989951947859131
0.145922869020822
0.164161905612234
0.116371995848282
0.0914390013336921
0.100818571212398
0.116366582375358
0.1581676236776
0.140288124915061
0.176370222226489
0.0688519749123706
0.212958496367476
0.0874658220220245
0.13629067221331
0.0957060471336321
0.115226254743014
0.227581279765515
0.0941663601274097
0.114535506538918
0.0937439475116405
0.210194061395596
0.0693605113410646
0.0693549058570637
0.138745654691307
0.0923217894606481
0.101559282192117
0.156066791620429
0.0691411028921317
0.0789711377768191
0.0996750285689312
0.148834964353341
0.100396911785115
0.151452370544381
0.0825500428872531
0.086084610343829
0.0640783347031385
0.169252222626082
0.133749927962207
0.126347160611678
0.10075463026954
0.128368212111709
0.124891730644381
0.11200579486211
0.103163474233162
0.0812287934420601
0.147780394857306
0.106140878396753
0.134305244379702
0.0995012803325525
0.0709020655908606
0.0950174449421695
0.22688932045641
0.127185221496784
0.106150588703799
0.153878208514979
0.107379148731168
0.145241336864424
0.0642695523852446
0.151757707896731
0.152845226883122
0.143235651316566
0.0854003705078529
0.0985485775330305
0.151006237829912
0.111107909011449
0.0596330332916202
0.0946437246998213
0.0600861101367299
0.102479821141829
0.146063708896316
0.09681901828342
0.118205005125255
0.128844046968439
0.150070083905814
0.154114777491695
0.0860721092982869
0.127725543084326
0.16176320812385
0.115706512923029
0.101343491857882
0.0854373640984357
0.0845494272849532
0.0553456076994398
0.135087170332391
0.120569394436971
0.0687459535530737
0.102261784059468
0.126599268861288
0.0894045311934202
0.152059384579724
0.115224885609554
0.108666163884437
0.130155652540153
0.076522787812444
0.160768273143359
0.109859536034625
0.0786550650263905
0.0911221730860409
0.145957567144989
0.106990689596315
0.138816265684781
0.0698611681852402
0.202195093690493
0.0850441222380029
0.118341506438032
0.0648386798029273
0.099568729203013
0.0971964459300238
0.0679708757191595
0.0782268004880407
0.111033986780286
0.0893549461678796
0.0860716263503285
0.169144211169854
0.109110798835407
0.0644533239697264
0.0645123036989326
0.0927457025025109
0.0905255923934728
0.113053397718456
0.148545074359874
0.0796186796433725
0.118169646238602
0.111896362762274
0.0894475858483129
0.0687789291351424
0.161225301667352
0.0774553607003608
0.108593006373705
0.197488734807718
0.0737987514174444
0.0605009406227526
0.0833049962374936
0.0913984632555519
0.0807989534099472
0.0670424932459628
0.132080974811351
0.0764825928110266
0.138400670433683
0.0667254775754416
0.0784834232010439
0.13839498437406
0.123681656393328
0.0678668505018395
0.096988661059245
0.0745325461966771
0.089552972130896
0.171252300779748
0.0820490650348775
0.0730051305069913
0.10693461598315
0.0706932132884184
0.132453168647862
0.10266382190087
0.0918994752293034
0.0733137787651069
0.103560501733228
0.147247071495867
0.086649296143541
0.0793733508086946
0.207324839971137
0.0758541043788215
0.0813659068997294
0.112576800884099
0.112229921082888
0.108749759885051
0.103521124829073
0.0573840454875575
0.0938138537070013
0.112007617600244
0.0983632460126021
0.0767301065171767
0.141213246856865
0.0829017580539741
0.165901431730071
0.12174523646344
0.19874963319495
0.0877783640456473
0.10509236660701
0.092863904263568
0.116629895758941
0.0889565317602935
0.130350125360129
0.091498315830097
0.0827008674468898
0.103485473425973
0.0740049807808128
0.111822774939476
0.125917065614327
0.0687602299948354
0.0860378350986515
0.0780168866692275
0.115743304569971
0.0904515924261731
0.120955365477424
0.119439854844931
0.153229796351933
0.130542333389859
0.108029362663703
0.105214597544145
0.0931835876023459
0.0990543456655621
0.0696326470795926
0.129770017168339
0.109176811430599
0.0619321040706913
0.124709044246231
0.250967074266799
0.104728323084542
0.124944291864699
0.0825573132573799
0.114355188105031
0.0854844516223853
0.115917277919212
0.101054218050054
0.0791880940092088
0.072366187524834
0.105245584257559
0.222487510128887
0.0952904284691125
0.077501036113357
0.118208273663091
0.17347941224823
0.123433198306277
0.179970899106676
0.141265568772898
0.0804061514215952
0.189331911774829
0.0934039169301523
0.129328037450965
0.160279303989824
0.129514654562992
0.166633230032428
0.105543696354379
0.246368927524494
0.108594393804743
0.224106391908341
0.0847260501076916
0.0806558807590693
0.0640758317451906
0.0826423141285758
0.0646740282362511
0.16330944597002
0.117853531765321
0.0990853218650743
0.168195052741368
0.0916489042672131
0.10359350896294
0.0831099289517938
0.110435986928946
0.0919297071904943
0.0714450963513763
0.136898241711104
0.0684980197943584
0.121136681242013
0.0725384578449915
0.107797867121005
0.115641674670866
0.106601525981467
0.100279879333815
0.0704393170087478
0.100248590655465
0.138271094033455
0.132670623168431
0.182526941460646
0.108704929573196
0.17833177075578
0.204624091154736
0.10418388940489
0.0899426628255896
0.113963410989178
0.22761013225226
0.145224539356227
0.0965119865699471
0.0820498843438979
0.0941661805307576
0.107621888741832
0.0723561328159562
0.101389383063445
0.19223811713578
0.0915174880821471
0.0947632223064239
0.106924735187788
0.115847756174852
0.12998151021446
0.131118239584806
0.0824205891362128
0.0685741666795275
0.1222153882653
0.084518346519978
0.141793170879383
0.117105429833674
0.089141140842222
0.168913267865042
0.109012270489647
0.128930696383528
0.0899466466753544
0.115973652801668
0.0617978448954863
0.102101974387085
0.0652788587144851
0.0954054615918635
0.187057615591042
0.0760351250497228
0.159062557227526
0.0940319289424257
0.104850475740674
0.122206826881034
0.0928721454979175
0.0917441280476018
0.0678060214733952
0.0766797662309733
0.137292465889162
0.122629754125733
0.165275812914302
0.0777877563797445
0.100428532682985
0.084836343752351
0.153092457992789
0.100932496303302
0.0787676348155225
0.0826334492258782
0.129646939267906
0.147497966336106
0.0731392733576143
0.149894920740961
0.104098300164644
0.133931059495153
0.145678856654366
0.145605204289469
0.134155959455181
0.110509444641975
0.0973168023144485
0.133025737786205
0.150250476927752
0.127349086047714
0.138099417862535
0.116770475584494
0.110271464125928
0.0752787582039113
0.106744117327122
0.128363882826918
0.105065338308577
0.128812483621036
0.125573336205053
0.122888599537837
0.250252086431287
0.0753800495420039
0.188385829856032
0.0834208657884743
0.0636398885873894
0.0959649444624627
0.090580580969416
0.139252222134842
0.18450285308932
0.0780461998986111
0.0991038908784324
0.0844095040219157
0.099122029302977
0.178423040276998
0.11429197858933
0.088680993469096
0.156475139356508
0.0924634624672404
0.136008795478507
0.122368373609343
0.148958723262139
0.132627641356596
0.119138925584132
0.0779163960081341
0.0618099948400168
0.108013703631231
0.115483342362078
0.101521672517393
0.199824454631694
0.143625065923363
0.0969140930149743
0.0840655411204679
0.0765391506696442
0.119846123188854
0.0985065377850342
0.106315420295567
0.118973412556836
0.168051479846148
0.0909784389417199
0.0924826127801067
0.0822575463734161
0.104998548779063
0.116199666540603
0.184277929293365
0.115509367193685
0.093518982866903
0.138201333728864
0.118584943584463
0.0762377058348449
0.112552637146153
0.106703442005254
0.158428502642689
0.0873255319957465
0.147735029975011
0.145134560610425
0.192359864736569
0.281278254409346
0.100705572717538
0.0992299161234118
0.116657151981453
0.0943119932436413
0.141256993466798
0.0860648641127906
0.0645654315557398
0.170614036448716
0.191021813541222
0.163473993593805
0.0857254404068881
0.164446101252138
0.0648942858666113
0.139299706463408
0.0959964899121728
0.0907078029863718
0.120222368071102
0.105033501659266
0.103610095144928
0.132501784553514
0.070782702465413
0.0711588311405995
0.0993252149268942
0.108432724562773
0.0929249741003774
0.163723842163942
0.130869625740406
0.164148128215933
0.132853461253869
0.0930924669050531
0.202048508795803
0.116330309350745
0.123245161220649
0.0789863017231775
0.199617821085856
0.12322791989229
0.103164868792807
0.0838280961269864
0.0819647805047429
0.210836375865625
0.112208148609213
0.129977549075493
0.203121106635843
0.0929557870500747
0.074754281073818
0.0865286989668074
0.0843870383619996
0.116018400579112
0.101959883921314
0.0776182876265478
0.0863727916890229
0.122274538173736
0.0818923285190685
0.147970291791094
0.144448404808722
0.164160110966424
0.12957880517633
0.0748866305934646
0.110993650550291
0.0793445116323155
0.228863285636566
0.0854367210670008
0.100020723054885
0.16104904795994
0.108359188445394
0.110167131032482
0.166754044345033
0.12973789498488
0.0737315570186915
0.076127032807729
0.186805732059156
0.114589965140179
0.143902374542887
0.0891035966039631
0.112759010591709
0.117193061926536
0.116265625043023
0.110285246325576
0.0847104486577649
0.163265943436102
0.0983323736572051
0.0728245262926365
0.127366508531846
0.096406860119866
0.104171594671761
0.0896422986565663
0.094305593173417
0.112515783771139
0.116402753611683
0.0837142544482147
0.1150220593697
0.0791383344585344
0.124356771023898
0.108324704803525
0.0859440639371162
0.320295311184172
0.148768417481755
0.271894088404696
0.174228480741949
0.139685253300801
0.0974664118674702
0.144719887619167
0.0978002304935426
0.120704655614043
0.213343946598151
0.223815805964445
0.123254600115908
0.130063479562162
0.22039857041301
0.112265077948621
0.0728466916152127
0.0910753431860188
0.115300094366999
0.159797042215963
0.0900991232621682
0.0957460917960476
0.0734465074522521
0.0927560836119609
0.0925612192070924
0.270981757816573
0.145376369198592
0.0732929106506351
0.0873526492106291
0.0944692697254796
0.168700023093646
0.0774588468624868
0.160428048739043
0.149145079820645
0.103626203954683
0.137922026124175
0.207550850786553
0.0871987628741843
0.127491599851068
0.111396544749031
0.0641600857373852
0.137910514399681
0.0848793580591643
0.123691760274811
0.0898333944497985
0.273502950858818
0.08851656215191
0.08458505481419
0.111649736229341
0.199212145250556
0.114780112091605
0.0902907257707443
0.0851127058240732
0.0966349692025348
0.0688833528807148
0.0802851204238526
0.0991853178598591
0.154876841706691
0.13231193962519
0.161291240611812
0.0923352871205204
0.120688755293112
0.0745449848637724
0.11096249630989
0.142415640530774
0.0968634365224594
0.0887396024909131
0.182183741900675
0.0878290452916041
0.136740323970918
0.0958972263454929
0.0781218433397255
0.105083169695844
0.114642522912183
0.0900841681855978
0.077280128274948
0.0744139748268698
0.175478376385046
0.180925438606786
0.160391684888742
0.124572713341655
0.11935134875377
0.141305436520121
0.101383977291251
0.171532105239971
0.101668093541739
0.203233766052147
0.0780230265731212
0.12168966953426
0.0785621103515794
0.112658852598972
0.166886978284225
0.148957423456564
0.10000908392328
0.0680010096901403
0.124582967308823
0.063281676156484
0.0837235897032653
0.121066105120645
0.130437183344078
0.131448147793756
0.0989169002417413
0.124975078067832
0.116798885028728
0.135477993005071
0.164414995161835
0.074916438646053
0.119170451611051
0.179447769277424
0.102219302422473
0.131230850545246
0.0785972234323558
0.0615068468127472
0.0706323372341043
0.0977353913929099
0.12423082879086
0.0651373635233586
0.137139681638592
0.0780470605305256
0.0828160804903069
0.0706283137670065
0.102261614810142
0.0828010074792351
0.0714342542832593
0.0744658556343515
0.0619461683862042
0.14472336334752
0.114494161480951
0.114442388975354
0.173886132227023
0.10591436722307
0.0833765349907207
0.0930674624633017
0.0686857015403925
0.116123530254192
0.166666521752472
0.14368395548448
0.115174386934596
0.101125493352745
0.0764001787593367
0.110540869059837
0.0909990160500559
0.184537215157926
0.14555994785672
0.154564928789929
0.0802900762866427
0.0822654457136887
0.178125819854768
0.120306808506345
0.075086211716246
0.230898226872166
0.109362538860827
0.248812556417371
0.262119628632892
0.147173352307165
0.142154468850443
0.133008234565345
0.132527579323265
0.106747683433865
0.113775448048609
0.104459072166807
0.157344602621997
0.0671400948487362
0.141930563932653
0.128202780672854
0.125297982310703
0.0964737812942494
0.130386541246333
0.151835616883981
0.0878460751475037
0.0963611330305268
0.134760530245593
0.0859927359554479
0.102707343110575
0.0960661505867063
0.0645108179259404
0.0888997915775838
0.0758532615725707
0.0764696585971763
0.062204523999092
0.0889985947116233
0.154843448673065
0.101650444013274
0.141941778747559
0.0843737513983253
0.175148428973222
0.0882711924466633
0.092458552249988
0.0768184744508841
0.0937997775434767
0.0827656292810078
0.129276404736571
0.138202205566285
0.0845622021946626
0.141797121040457
0.0837707288017266
0.0781580609459052
0.0614378113184824
0.0891262222346558
0.0764720479935429
0.134495476199042
0.0794914544086673
0.0983148642064683
0.151540468889105
0.0783895649378537
0.0703851024754885
0.102945749369769
0.106746388536701
0.157773871177761
0.123611298527661
0.0852377229961981
0.0564631829981611
0.1216696303876
0.0663821296901731
0.191949849932615
0.159202305187511
0.116483642920082
0.122969439717967
0.102595671520293
0.105783882151422
0.124573101861999
0.105126899381686
0.14050584244509
0.204027551789054
0.124432225374344
0.0858632456237207
0.0993375471947251
0.0734587163140611
0.0764214707628058
0.100327507807297
0.109578481224322
0.1848720798615
0.129378506276064
0.142431944512962
0.0779928085412052
0.114552989855306
0.218897009121656
0.210293108490973
0.134858896290099
0.0739559431035257
0.179228864705982
0.0883462864648183
0.0956429419465215
0.0694048020803239
0.2335491328734
0.111268197771521
0.136667875871735
0.206251247308057
0.163051250693002
0.120889977381991
0.0690478438241891
0.116104319601275
0.0761127541997588
0.123844846816084
0.183024923985412
0.101075234269841
0.169394638876573
0.10382251760025
0.0944506889927295
0.140594253140002
0.144422830219891
0.13605124432631
0.263864250048093
0.101341162011319
0.0784462108468915
0.0959064458907365
0.0883692961351001
0.0794185306860055
0.171557974850282
0.0908015588678243
0.161058083799993
0.123713230832604
0.10301841958861
0.0882364316259975
0.106965404778836
0.142532784481788
0.0667489996793479
0.12770025625015
0.134637425189731
0.157695620288368
0.0902567715431695
0.0689849072716766
0.108029899092066
0.129800892273235
0.0817183923416849
0.147370238183825
0.124999993742019
0.0966948129722999
0.120254547350268
0.0962320209914354
0.0750095907924722
0.1236505680148
0.107607465353853
0.0944659737597634
0.152226635060602
0.122089481865049
0.105231512274344
0.121944624299835
0.112932789869343
0.0845000573530691
0.111196702172406
0.0993512777437256
0.188357644779423
0.164728382688324
0.197728478429009
0.153824722637119
0.153717972150717
0.0803017336019149
0.0875321757931153
0.0946880336632574
0.118071910806229
0.0851777343834333
0.190418814249242
0.100487014101548
0.159257941009257
0.149285835889262
0.105329250968633
0.0698607006673603
0.0912248201502189
0.0971171463070277
0.117274224817107
0.128545036887637
0.122013735870537
0.112666563074458
0.110403407004567
0.148785416349405
0.0812362849170696
0.0697245434946877
0.097181640951634
0.12443809302221
0.0935477517831759
0.110300687021006
0.0950376638255677
0.180874241613597
0.125201098075015
0.112541005683465
0.100718223701008
0.0946322520841381
0.0973322601737649
0.0863383796701883
0.108994293351473
0.102775326954053
0.143117086940065
0.0993443071957286
0.121514792805624
0.0861757552102106
0.109475830660409
0.117042291834144
0.090619665340932
0.0981420899307297
0.0776347024810506
0.064149981176534
0.111418613707816
0.10376782916867
0.0629063268743646
0.147584111852807
0.0979907676020399
0.11870720821378
0.0885304807998931
0.0999282822650764
0.114744151501617
0.10823234841128
0.0976863389188382
0.0978638302258777
0.075342521039924
0.151173296765272
0.129156386857286
0.212622161973496
0.128759888717109
0.127763175824736
0.102312084883388
0.158543452810215
0.10925909218213
0.178572918276491
0.156716813630275
0.135638366421348
0.111520444084714
0.13546325692127
0.0815550763888244
0.123111112220941
0.106208836471197
0.0802407756485239
0.171268447029371
0.128919967254938
0.174984991485428
0.151089618397266
0.171817184416459
0.150773341584471
0.135213901420121
0.0664696554626997
0.115574709138634
0.169083744403829
0.106688866366676
0.10596052608189
0.109299477962244
0.092359521940626
0.0945036246858615
0.0847224657932741
0.0772424428895258
0.0823363525119651
0.109961025724435
0.1054387135573
0.130326691615296
0.0888749647052536
0.109508240543784
0.115900282427777
0.140583947814621
0.150562622636388
0.173475688057342
0.145783200018368
0.097064900269292
0.108999874099261
0.101494635398468
0.15548548559563
0.0921730021080662
0.138929882980458
0.0681500877258658
0.0811441751523569
0.191850181058158
0.125954166511061
0.117523353214355
0.0865267969773232
0.0908896341385224
0.116987462243538
0.0810655335437345
0.139917537084414
0.0968062123423051
0.103670761501042
0.0768995431041927
0.0800476310216593
0.0782282561355153
0.0720388699624147
0.0672575176361702
0.104503264170202
0.141820009582814
0.141217371313382
0.0926163738758975
0.0798215420523107
0.126915345579125
0.0843076698586875
0.0778373013288947
0.165982824905435
0.185244275167506
0.142932229931093
0.103754208721067
0.103596560349942
0.0722206445136167
0.103029416064284
0.0717496770542223
0.0998755206857111
0.116814141275545
0.105498639091604
0.140836684906862
0.114571770429642
0.161244492438746
0.0883660852822019
0.0931023037596349
0.0785919880446094
0.116300889479534
0.069790304052771
0.0740933204034966
0.0805798272340473
0.141172260930993
0.130174456309142
0.0877403149425647
0.117199815524508
0.110631488159205
0.0821767961786075
0.105719723647561
0.100277713021066
0.147769803762121
0.0838255078323712
0.0888627519062401
0.158601728964158
0.104527295167107
0.105204621743756
0.086712568875817
0.0877730034390823
0.0704459448782688
0.126719869777865
0.0803901943925606
0.0903699250066073
0.164617528413505
0.16503877342722
0.102963404194787
0.0870040547946156
0.0877192030549461
0.0872635792428566
0.172707796410925
0.0913833667040849
0.164295409726016
0.147799633878277
0.145841426117454
0.128453183155183
0.178717269307395
0.0725229268972065
0.121341371066895
0.105729677263164
0.0664098360237847
0.0901547125921111
0.100483467045783
0.13057740124118
0.0969398769964956
0.0746367898226762
0.117135092764932
0.125889059475555
0.0785833744477926
0.137583933053682
0.086383732433633
0.0793548715787988
0.0738288760544418
0.110661251161836
0.186266567523344
0.204779314320785
0.119329366619333
0.101216793382283
0.0853235027242041
0.0928752070011231
0.0968341450991822
0.138732030563
0.112669034582514
0.126883063253489
0.0890993968904113
0.178297286104483
0.113924091125313
0.0914044282012625
0.104941197615204
0.075135236211033
0.0795479086350721
0.110505784375698
0.175676524699349
0.0709209248804306
0.150002095983121
0.126172934573602
0.108570541311122
0.0945628496471067
0.0896720031802407
0.101908366881471
0.133340243933812
0.137793032570651
0.181318649741658
0.0641768110650138
0.114589815685261
0.0836453175698329
0.0783513548983232
0.0798814942471977
0.0661048020947827
0.0949387649040121
0.0929991246945202
0.0931898903836477
0.11728432542877
0.105182952670314
0.0819537980868853
0.109125412624904
0.0768175244592868
0.164065614484385
0.0769409562607387
0.103261438587779
0.0847332330730211
0.125230262248402
0.134260801506427
0.0628317749979745
0.06305045638405
0.0568138163987785
0.0836521956063091
0.200020389682535
0.0976414453546418
0.0771418845363322
0.0855947524519969
0.0854449609341613
0.0951436725969726
0.0699597025931337
0.116697453650367
0.173910256588412
0.116721951781015
0.12620741915095
0.140532983545781
0.0978762063978981
0.131488753164306
0.0818172307340459
0.13718157739818
0.0915771751925337
0.112665690037301
0.0892996084824441
0.0814186257370399
0.105421438632668
0.111822815345065
0.122597851387509
0.129799124226376
0.0974790764517952
0.0954837298600816
0.137451358649613
0.0733325978277772
0.0692856451118025
0.100501575124633
0.0742655280122517
0.0949529181881128
0.0868823995995275
0.13277500865761
0.0892647974328488
0.160402956953094
0.0763433926515013
0.118302826958046
0.127443985632694
0.11392886054475
0.0666801818491113
0.0741973146616825
0.13922934974572
0.087010063092643
0.134171690993132
0.167216729337845
0.100283460813868
0.149271825337931
0.0921792678284924
0.123102142180203
0.112626281294911
0.0760815872574691
0.0998109488118493
0.0806431577870971
0.12002824618566
0.0794065705890978
0.133763302265908
0.0658795960643032
0.109775570949733
0.056807656266319
0.0706850153688975
0.10388286219902
0.0904090154808879
0.0723249149205284
0.119852914456819
0.082687596456394
0.118248418411336
0.125755286686629
0.146339819676125
0.139768027011322
0.123807806383313
0.0778455027268652
0.0635862401890568
0.130325624762773
0.119590263789543
0.083009483290453
0.108034563814581
0.132348885991766
0.109906990380447
0.0909030700138714
0.0669886808330671
0.093594331767852
0.0671442458209586
0.166527721707108
0.202982907569144
0.120951369550701
0.0871585323665815
0.12353343325161
0.0609078762856454
0.0773796878433354
0.105189476552637
0.08991616460715
0.20713976442309
0.0985679380292161
0.0988476607211334
0.0811823929556035
0.1171806927885
0.116043007503206
0.0902922372292937
0.147286826772126
0.156248043877329
0.114108704339941
0.140991832391738
0.124840012712092
0.141651445721176
0.0652867184726837
0.146082682815904
0.130090981133341
0.129503294777521
0.126579373866164
0.0672997840424837
0.0774696252840618
0.0787250029675046
0.107313163422132
0.131346375681846
0.16971206679095
0.0849865524992629
0.144438578222183
0.10303331580919
0.134839654936762
0.111043544251232
0.110028572916726
0.223311162765209
0.112533575373851
0.0908415220574106
0.103351481800219
0.113362576170786
0.132935405366137
0.13045779252629
0.0972703472428435
0.188012623032303
0.126367292078646
0.146481812855167
0.085438389275956
0.187250389661045
0.176565061147181
0.107102299956808
0.082076127009637
0.136110875320659
0.0889118693924942
0.123299477958424
0.0780453398525512
0.160025603309349
0.0877733074888548
0.122457477289438
0.152352977018575
0.110924893296132
0.155391974657484
0.173835725200876
0.128921740983902
0.0640165249301832
0.116899216916635
0.0741842868857822
0.0888515286465862
0.082531101748325
0.0816193374471641
0.135394706136395
0.111953304290819
0.0810591603020945
0.0648889952590222
0.0659333192385496
0.102752832341073
0.152246351021799
0.136570109293206
0.157999492601614
0.114385847271389
0.136413308777797
0.101180618729283
0.104025817194634
0.122279462974077
0.0919759841256946
0.131972797531975
0.137079840858929
0.085227557934449
0.17251182234842
0.149635603264911
0.169788498793672
0.129987036017804
0.0980831935448407
0.0889302467269293
0.19127450543317
0.234570718636669
0.0722494811558705
0.103475734209585
0.114540325946804
0.097849819963729
0.0960522644024975
0.0897149106801826
0.100353351925051
0.125373245712497
0.0847802661514918
0.136501164166597
0.126554479666968
0.185185056305989
0.181618344612591
0.201240242958258
0.1092701571275
0.0983626368497492
0.171386922047435
0.0775096934072741
0.109718928824277
0.0874194180238077
0.0750377735619052
0.149560152729118
0.137806300923454
0.162336433132603
0.0984433135548275
0.156545289473062
0.0880945570928022
0.101252276743604
0.0962853305769272
0.106878567074997
0.17916834384632
0.190516377914658
0.131178577912999
0.12880229312397
0.09112417822274
0.124874572958817
0.16921601111863
0.131189773125619
0.110275723035287
0.093754278012293
0.0694706078270918
0.0867754132549111
0.106703321745444
0.107131869543028
0.074715006138073
0.0849865229276507
0.0767721082081269
0.144736204773529
0.13416705896854
0.092729614552736
0.133357038820461
0.0982985770043551
0.0829490342774274
0.0765475096009058
0.0741511418707132
0.0688677998600756
0.0739329869900124
0.0741226305928893
0.0982742687520222
0.0956618379483762
0.148292238998978
0.0753870024079217
0.156477880868046
0.114082447218434
0.0604055531444667
0.0667177586479365
0.112853378354921
0.0786764606844025
0.167781649119705
0.0660280388976797
0.119472930069092
0.120759623948136
0.112063849446373
0.100241201621754
0.113271708138558
0.104041136864515
0.0927827744350005
0.0884173786606684
0.146677076941566
0.0805953004480608
0.0768983666161827
0.180648793127131
0.0881531070443531
0.102274004796865
0.0709533331200778
0.0878347530684185
0.108830158434804
0.08026267167734
0.0968101746603186
0.125414694690924
0.156066322850985
0.111262968822778
0.124739589050208
0.166686652008367
0.0830714334808013
0.140485535827303
0.0841371780631405
0.131848977617349
0.114498911291449
0.0959981116316973
0.126458150798047
0.151174403779119
0.112091407502368
0.0967088599371708
0.174615790537195
0.186196473716226
0.0995390517981057
0.113037583391009
0.0836511699150617
0.118194993118512
0.0577027356803344
0.0762911201046351
0.150038765643707
0.11389860837467
0.106450028595581
0.130272712684257
0.0942147638467376
0.145058482051947
0.0867764524591284
0.102773319013219
0.0802683159403864
0.113254914124159
0.0877604422663616
0.095877748337275
0.0833530397788369
0.230603421658217
0.209485490050164
0.0974713133035125
0.169992275912566
0.1587648367973
0.0862591802528958
0.177984767880309
0.0747144888520229
0.0736497195124133
0.078803127122851
0.125314599338866
0.0711329407358072
0.0723335746519874
0.125792606850384
0.15609891148581
0.134189442748396
0.080947155791292
0.156921846067984
0.0707716083403329
0.0722068730585003
0.0946100469221986
0.0874664010291813
0.0920540140582843
0.097713959567823
0.0644541233587426
0.0767297498577394
0.0904373020445577
0.104553324826024
0.101137475722471
0.0922658185717893
