0.17
0.167295457181917
0.143913581221376
0.209073315808522
0.114826848310518
0.131843282734077
0.170484125182627
0.213858829221852
0.0956803484224357
0.162966667158971
0.15370344998293
0.148666153273386
0.131771757859194
0.193647945883726
0.182366066928897
0.217747467081489
0.174616536916533
0.149992457240225
0.180496046091238
0.182738219143569
0.16351112448533
0.303189339532346
0.21842165578383
0.20806275612078
0.267113009411784
0.187884152726946
0.217437710368158
0.183420314523866
0.164551568934464
0.207091375846635
0.173845960440439
0.167393089612985
0.178187569831487
0.205025092747628
0.146114076210879
0.194094658429078
0.345762477968324
0.203824993306966
0.282468141420573
0.275939219513256
0.165542138586669
0.15579728696557
0.191907763122121
0.185692857998534
0.105092214307614
0.183754539353898
0.214944087291675
0.216024245507464
0.18170849616261
0.148941001454107
0.160713083414191
0.146515230010878
0.17607349087495
0.142467778068651
0.239958545773293
0.144814252708463
0.134447236953091
0.136629020962583
0.201539403974289
0.172213316241091
0.21556716026905
0.15813240934755
0.203400357335617
0.162061146309455
0.110794657937669
0.146949017848629
0.114254306265029
0.255811529514075
0.155818841302976
0.130175855800144
0.171934479928352
0.163659343159203
0.190249432393653
0.129024972870167
0.176415983402192
0.212354815983875
0.195471977316062
0.180445712522827
0.185380717504439
0.184857294219229
0.130204922489675
0.125624659932799
0.132526600196491
0.156527473961025
0.174543711593279
0.117438580295342
0.248407419996834
0.212546000694543
0.130257597649306
0.22848221130222
0.328338895112786
0.166619051949343
0.177165119160404
0.152017202877361
0.17870327089315
0.153030217224922
0.211660424635103
0.147803156042033
0.192394818436498
0.180391408055762
0.171426760068613
0.138570825232416
0.230635775765817
0.197528670394216
0.209737935845652
0.154874083838375
0.134667660799217
0.13763903666782
0.14899108825278
0.257621941729779
0.123606785196969
0.165089734022013
0.176304764553545
0.186808290742698
0.236827085201012
0.167868983824245
0.132269371264919
0.19256093693559
0.140750400464463
0.123961682043707
0.144089249395228
0.180490083482744
0.16886410579406
0.292692686282839
0.222253591360346
0.207609772157985
0.171803809793141
0.158084731062399
0.218314892792791
0.167040553069038
0.156431921245596
0.270431599032402
0.147564584131078
0.154261017312851
0.23931598449091
0.128205703017058
0.284215224917689
0.233041638219251
0.284766609582027
0.230661417187134
0.227929696543184
0.253535053766884
0.281077532950284
0.243209147988879
0.204717851841485
0.309881501591464
0.162301806413899
0.160608419751629
0.171744263028486
0.224273695804184
0.204230996632145
0.219690646789118
0.152263792855821
0.160585996730526
0.15430452883084
0.169500948426063
0.148739439477097
0.16728593970963
0.346827536326112
0.282952010096926
0.312951142497455
0.28774133915522
0.33068357947091
0.244612870178374
0.196508598222846
0.150761017208188
0.257665490891094
0.191152697143741
0.155211909674937
0.186932952506085
0.109490312272084
0.166871525122378
0.243578518534806
0.140310122221429
0.182293544575438
0.0976562139113289
0.148918862422957
0.111129386126738
0.128758792299174
0.197531868112943
0.114966096881973
0.120575689218423
0.171803783190492
0.124564530764098
0.172539545170668
0.190684265579575
0.167470318530017
0.111298732982314
0.266618277630516
0.222420623203423
0.140089639892064
0.12985804329689
0.131820389204785
0.123979278065805
0.132635822868334
0.0921778553678718
0.306712181926319
0.134205327274877
0.218172375803726
0.148924556669141
0.260134554869883
0.214273143741853
0.125627542371762
0.127919379515918
0.205796751156148
0.221599910400889
0.156493723003581
0.192563062441474
0.169263426004494
0.214698167531718
0.286021578786936
0.148642571093164
0.157755106317409
0.113042899023223
0.229828948201168
0.144516488980381
0.0905890384348542
0.166486424757743
0.260124140875589
0.162665312382045
0.127721336207241
0.103979599972742
0.201859027262606
0.194130104270221
0.143734347304721
0.167662411411965
0.0954615300298812
0.270324284514358
0.277184534384846
0.23486314258199
0.311749173551864
0.296627542323281
0.340382661439006
0.235263553065372
0.114125964092721
0.272769825377743
0.115739180566274
0.163580415046335
0.243975628310537
0.166466983671018
0.287583411964161
0.09238146621415
0.19685974132836
0.215330551530871
0.224156879857435
0.248639455237968
0.154954448997563
0.222115102965092
0.1766911365366
0.164770132466977
0.188693463961273
0.207882509008859
0.17848887372087
0.196200838445398
0.211702398819817
0.260325555598609
0.227541706955665
0.316267362245487
0.14097308657628
0.121866323337085
0.153741313964003
0.125115527218861
0.172311206850954
0.199924707511771
0.170503196661483
0.251734550290675
0.159527859648015
0.220838216988035
0.33246530608755
0.295156170147239
0.174458934800689
0.180233325011954
0.223205309087327
0.229054661749412
0.282918871649373
0.150049875475448
0.266552629465701
0.161806583935837
0.18048126752919
0.214466280193783
0.192110461736672
0.150389309170224
0.149115166028324
0.0949199578692485
0.246827180286118
0.156897519869132
0.223669831770569
0.218139330679083
0.13348030873237
0.117210175227201
0.190179185050091
0.169732314218457
0.190689755871241
0.1274031300412
0.237326699537011
0.152198586741203
0.136155891944958
0.109714838264115
0.204261830825446
0.105836703067292
0.154903607001541
0.150906096565214
0.125603883965263
0.184817515809371
0.125639315768994
0.205258741532029
0.160267387047484
0.217771067741973
0.215397532902293
0.151424159583182
0.0914406800683737
0.209399403414195
0.268994129318824
0.208044979497378
0.235539529991669
0.215272288775286
0.19077457499216
0.280893703396075
0.206755592096319
0.185311820685324
0.0914444860042317
0.248757994247837
0.14046719586422
0.18966004806076
0.0974396645413319
0.176540462944542
0.215687936124155
0.16949231008238
0.240747341809838
0.131637323926593
0.141433717692381
0.184580151160008
0.160287505307061
0.231059482125771
0.217340732521227
0.219010196632873
0.083411899516181
0.13464868041124
0.151695605100421
0.145174578670412
0.132017619905407
0.148410691339046
0.222850512706339
0.144055906338251
0.24781375059287
0.223031221721068
0.177296546418435
0.179357769429725
0.121286971621313
0.174694574189151
0.191904197396413
0.164478186402071
0.169556051677366
0.0886902285177929
0.164985404258451
0.150773563773699
0.159339072048444
0.177796028101929
0.180585595336962
0.167081217581423
0.151952976808927
0.265696295109627
0.310276434259562
0.231296968559504
0.240346092773267
0.167369063741276
0.240197554934915
0.192653170953394
0.199574427549804
0.175394173890331
0.20322597398702
0.159564773144659
0.256188669419858
0.20722333642236
0.150101457499772
0.179257506061118
0.323887273426583
0.273121455004106
0.216212072345718
0.187828802308709
0.164050365857065
0.129040904558783
0.256209610526543
0.142902022585037
0.218023365150528
0.153306004075207
0.117304162622952
0.127805578972569
0.172586512273616
0.24201142894684
0.184428102486383
0.280538238217418
0.12449771109765
0.0818963832834562
0.115928740149961
0.171501790167909
0.231446046874285
0.186230655871057
0.192143524262647
0.167133877277051
0.227253243031008
0.303468337193771
0.293179400905249
0.160345738469331
0.285892157265809
0.2964458319078
0.18185600942519
0.298215177345637
0.146651182430745
0.151073945122889
0.169720267159698
0.185897437894018
0.262258029192984
0.241283786313459
0.299394443445706
0.146370028537663
0.189712923747917
0.132087126445985
0.129083476206609
0.1692822244411
0.179375774824561
0.149414941793366
0.288493049047471
0.219132469122573
0.223902925610201
0.250731299994412
0.203776515495763
0.131368927426914
0.139914589689871
0.155482978550849
0.283961563215907
0.14215478605208
0.27952876462731
0.181882022840193
0.196072206454241
0.20327120224895
0.238065847085545
0.185940785464949
0.260852626521288
0.12323350627171
0.155185905740736
0.14990763892114
0.18578612448895
0.158570816444658
0.136668654864324
0.241100941438564
0.173183730873656
0.207454759967329
0.257667722210091
0.143026590304888
0.33051845174277
0.226742603595227
0.137319615791929
0.198158425434567
0.168040872648621
0.141277248953116
0.117133977332768
0.277088471484347
0.208831160534012
0.145934353455249
0.200950427286385
0.207127388665856
0.24160228873603
0.159304929515374
0.181404289809094
0.229111748688014
0.157547704928414
0.162740310407756
0.222500736630988
0.14605595049661
0.135680842960258
0.086273139942861
0.103845965969068
0.131235523110783
0.256834323436132
0.136653869597705
0.151831570700665
0.295858597316483
0.229691443979929
0.18463109399485
0.240250982463686
0.217586667865399
0.222516373472383
0.213958242000394
0.176005994490883
0.101274917695034
0.18437042055878
0.171109499613601
0.279700307586775
0.203813895074201
0.229923262023928
0.265146546262652
0.175750695889909
0.283853585745486
0.183100970856826
0.222372718508433
0.221540931741655
0.306726989291807
0.261492603733661
0.201590391082833
0.187611736673988
0.124092703266726
0.287336803565853
0.263213036266607
0.145785544972695
0.160439253424903
0.115934458628677
0.148287131293257
0.140887211955957
0.309653166421607
0.218774383933133
0.154990834874409
0.223776810772428
0.143320273583228
0.191808826923011
0.229903397074849
0.0935931733825364
0.161207633233676
0.19839970605422
0.203522330402327
0.264794505122992
0.254668618069076
0.179216683041447
0.242603751751428
0.180397042932618
0.162602038296616
0.177814171239748
0.249895850052148
0.236992836250672
0.13304082169099
0.215411617647049
0.221789007531246
0.256321922252737
0.213060818121084
0.155297525399973
0.182126340788036
0.250835600507761
0.252949207345312
0.248634599871391
0.2089380427365
0.179760073709929
0.207178386042469
0.218191483870957
0.173640059088572
0.156994777435283
0.144647813188917
0.0896029569130299
0.233457868009121
0.171869347931795
0.149816871250814
0.216767340814826
0.325279863855367
0.141988596000548
0.244279644340935
0.304853902597495
0.252252195410992
0.124674975820013
0.202603550898813
0.177744347367731
0.159302783755124
0.106706966426019
0.124891249839264
0.143165935233331
0.25513132712754
0.232853570292084
0.18690724590879
0.106564385302408
0.19082375240814
0.188452032323016
0.151663851999178
0.213591772144936
0.200546876054091
0.103172862811841
0.160820936186882
0.218201910190303
0.240899889882542
0.163705587214627
0.150074213493907
0.126014450743261
0.238779776960476
0.0803002061060425
0.164976101677118
0.246314480795726
0.194848624851321
0.147883326168205
0.29694362883367
0.186777740871674
0.305836493363463
0.188847608533673
0.177321843836213
0.140572426616148
0.113646057137224
0.219498795819248
0.18882759693034
0.177644933108965
0.134192692660716
0.214061982264032
0.157161110163127
0.208808722510995
0.15618756173358
0.169296273948132
0.203327969189919
0.157041763035794
0.165503498267998
0.210260786431456
0.217871421932076
0.269592138144379
0.352663719302558
0.281067818929465
0.157756235207143
0.278590381897274
0.11712715511142
0.225579756754984
0.121207881498142
0.226464038069284
0.253316019389781
0.168458268209538
0.125880714203625
0.232359729268401
0.154363723909815
0.173931034111368
0.197087575595029
0.140724547080439
0.131976301085458
0.209952983364645
0.224106667524897
0.137033599273261
0.169030973814306
0.129123865671134
0.147274033791411
0.164620325503911
0.2661373148983
0.264042352643258
0.254727300944119
0.344650235008182
0.0729051775325174
0.155684904220374
0.130576151924302
0.199788093514076
0.227869364092062
0.144931863646623
0.0995483320391482
0.101344404554279
0.174942362141219
0.246352736821508
0.296240859015151
0.200067857059927
0.205684141502678
0.203696042881279
0.162921785060216
0.304014193454399
0.310751386922557
0.244757829526446
0.186635041514672
0.194427087370329
0.120970261896247
0.129311632629698
0.121234854838813
0.182194404692452
0.125300855379506
0.115106028712613
0.250669173054411
0.181513287233239
0.235468181536712
0.13654305904327
0.148523383461702
0.285895307189822
0.110898147420452
0.145426463913833
0.130504844521561
0.188423371009839
0.0895379915586518
0.146027629327273
0.132922770331971
0.151339604935707
0.162635454420972
0.235282768055397
0.134921512981036
0.12734241576484
0.0908757550568637
0.160393640295204
0.231514803577874
0.115027749848099
0.090210884851306
0.204995630942446
0.153548741606818
0.191170116451188
0.182406803233819
0.189720616332391
0.279817248850353
0.23094082811861
0.158908859232095
0.0982931319236348
0.322645457611698
0.246182758885116
0.233678396565324
0.227748191158525
0.227341434016682
0.177377557641603
0.110791731949847
0.143975189653816
0.195846304910165
0.288338559557555
0.181571375546254
0.260811797340784
0.2224543501548
0.186792277027487
0.260183458342578
0.180533822744551
0.134136542238222
0.263132023127447
0.215524004656654
0.130900959844218
0.22967493114308
0.252429366833933
0.167706174573249
0.10903517050209
0.267966284626603
0.331964302314412
0.212209359383787
0.193105463422252
0.1648858758834
0.109593984639911
0.213973651753427
0.23865131293757
0.259114735575343
0.211167491286583
0.158925632535223
0.224579646836026
0.180651701806791
0.169819601853574
0.270560061805967
0.289225014830082
0.235587992099627
0.181030014566703
0.288655548292165
0.263484998785247
0.120835695615007
0.168854693204786
0.366776338373981
0.199054270602277
0.263573304995554
0.176952063468725
0.269887419322837
0.229424112073334
0.226007000552514
0.142875625064
0.175790339946476
0.20829017925338
0.150742553265827
0.177945886995671
0.113194623531241
0.27888063851486
0.171354760240242
0.157148639646607
0.261004645167316
0.226594729126347
0.176268409415971
0.162346533729536
0.234629503268277
0.190289571414867
0.188826545070582
0.203873289721181
0.191969999029673
0.290307116746461
0.327394182644341
0.255658453205164
0.264676829880207
0.169394606139002
0.184840492893708
0.188933389751374
0.197898120731816
0.170114624287926
0.309694276797002
0.157608225078473
0.159285830655261
0.147817028401831
0.185511142555273
0.203588907717641
0.253098285346965
0.30110155677723
0.157358837145662
0.13386566083938
0.233727392340049
0.19941755017373
0.0935976854179543
0.106408578043211
0.294264960757694
0.132961678261749
0.129171563381017
0.193135052142158
0.133310379815693
0.150553804049316
0.168281203817373
0.289200208198776
0.182125608589165
0.305426900389416
0.246929285525302
0.207706475361001
0.205467773298483
0.187197803925989
0.0769211819654076
0.287819314012276
0.121189119108734
0.144683190631586
0.246311896197802
0.227383396400013
0.230151181360334
0.176723793463146
0.202977087035336
0.182837286960404
0.242863647379313
0.27092173633318
0.235828973956949
0.198052288489574
0.164437039721652
0.220152138323439
0.151258581291862
0.216598162428457
0.155524283512069
0.324645440126104
0.267555663075976
0.255647445935113
0.259802418322856
0.15439509524776
0.129560343534154
0.142408431849107
0.17946713979396
0.112857877762174
0.140745851941095
0.0949236968518928
0.131466504151772
0.143446720640019
0.0978957303421736
0.112227289034604
0.19465121014093
0.122981634589701
0.155912036628989
0.268215791042937
0.176776918906318
0.122931114910611
0.231610186075444
0.205124451842868
0.189987892992743
0.187581325926197
0.207347367129733
0.146884430918144
0.238114246119426
0.159893830732796
0.109405936615633
0.230780800265813
0.219746477554549
0.186635630885781
0.188354193656725
0.119733979421763
0.242283753646337
0.205100457175146
0.238410278699795
0.124946731480507
0.232208887961737
0.148013158110414
0.176186782676704
0.2439132105258
0.243323712205677
0.107465336122719
0.147293696136245
0.169250268152332
0.215304698781075
0.215212565059293
0.177267051119654
0.111851647481835
0.178166853505072
0.163202073981709
0.247271848703666
0.150268503384463
0.115210833453688
0.146686426573549
0.249775445878413
0.261959786724069
0.129128128613531
0.126931870794179
0.183798734586062
0.140270082246695
0.160202838531446
0.250454324722612
0.21286743678467
0.208634708798698
0.212256659145712
0.317423205599915
0.199985059973758
0.0878689347131009
0.212342465323576
0.29817311693117
0.304810325253281
0.255708193786197
0.110152221713287
0.143115122011894
0.0843456853083197
0.202332879069655
0.274322377946889
0.187746481878476
0.114790065965867
0.154284608741128
0.201744491676368
0.123375453380591
0.0771552003866613
0.18807059738559
0.117748994683587
0.2303336032284
0.173475014925066
0.205238976738893
0.105589160867476
0.114059343801244
0.151104182718197
0.118699763669298
0.14275660917746
0.172175992363312
0.194142518939456
0.150593070530326
0.241035344878231
0.115329158109143
0.149798928528127
0.217346934471202
0.221599609106552
0.178132216130566
0.261680788997567
0.256639017836792
0.195093201907302
0.219656070163823
0.176612591634517
0.161360582276495
0.225716375563283
0.145746839452747
0.228643600230215
0.273231627477359
0.17476576220565
0.159643784885728
0.184038885363395
0.242861593285459
0.0998285220802356
0.178202484007832
0.216903468634089
0.144827220772645
0.119925121033507
0.0838078899757225
0.186879361946161
0.205661547139392
0.188684115203288
0.247441680799217
0.207854052508923
0.174806343417663
0.261812413785505
0.215095554817764
0.161029470923673
0.133338917077417
0.184229297242436
0.217630292624534
0.220318643318913
0.129293480973839
0.199510951846584
0.10101966778273
0.124650770360165
0.157342779696821
0.207117034569731
0.15711059277458
0.129202696173282
0.120996043217769
0.096230177477289
0.18373459847736
0.213377571879234
0.10506414320644
0.242047668925199
0.108194634416115
0.170510637789766
0.111526616234133
0.230218146421191
0.188249751998496
0.208737353610188
0.176464806163618
0.122954516178045
0.123807903341946
0.199777345557902
0.165085110583453
0.249053297487787
0.201957762323061
0.227801703661895
0.221199122311449
0.266128405244846
0.278573448927153
0.211215813103429
0.191584591245495
0.235245292779203
0.223166284851383
0.244463918631323
0.189594431806252
0.251147113193132
0.223054214455157
0.120031479348417
0.178991060717942
0.0998036769384311
0.210891675768265
0.205560902973807
0.2019245783256
0.213569119780547
0.213061140523124
0.20379284319867
0.207839167458574
0.178247312571391
0.111140244435435
0.251829063750759
0.205643888829384
0.257241528062432
0.223943265177299
0.110041325137338
0.164414934221257
0.153889450629967
0.149705041736164
0.226802754825099
0.106487038591009
0.13534717342533
0.201929751276433
0.16817068575352
0.176092022177916
0.180344086396392
0.132229946173399
0.126432336735027
0.245438736885893
0.233386008312608
0.197418293148175
0.194202130018058
0.218905776586391
0.115264730658859
0.240443700202027
0.140167805055065
0.230530872346377
0.221737715050189
0.125833099173414
0.198685620578081
0.222954179892933
0.172536426560054
0.123762931897736
0.145367409085592
0.221302383470701
0.161582780561076
0.303381759910758
0.1693630564905
0.153539937131433
0.152748205113529
0.130888176044529
0.20541736738448
0.181595847080918
0.103142121664762
0.231962565678253
0.135919125738454
0.223201758184791
0.175588938703237
0.108341165639152
0.156305352817027
0.119236182082447
0.188120363032426
0.223142465829842
0.299517446150277
0.173839761520805
0.178945956121374
0.197781514583366
0.214307120675334
0.223873590212173
0.192401157422291
0.214844395992114
0.136702069413538
0.189122129872552
0.179547361287867
0.220831473135682
0.145877598116755
0.108972396074461
0.192968146541118
0.218079322827874
0.324283461151633
0.194179824771331
0.219443878173508
0.185174253660559
0.172965475737698
0.125442415518004
0.135741956778995
0.175292664796418
0.221281664152607
0.188064372266355
0.1895972551993
0.14736158255781
0.13374393355885
0.144810649617285
0.141350656585136
0.157816873559476
0.251399120974013
0.277843840412109
0.244256455488404
0.150365613817278
0.218105319776945
0.158591925636509
0.218465692496855
0.173633313853789
0.143301725406607
0.0924427268027835
0.276861018585481
0.165996729563787
0.230563827002056
0.227139473858324
0.281988349955294
0.202946272346832
0.174687015945869
0.212229683395355
0.152789469776985
0.277340889952526
0.202414259007924
0.21672603527873
0.333483338503226
0.219860992196408
0.200354130319585
0.205513893942244
0.25211305264807
0.301600358439226
0.245580298773061
0.12237504854695
0.164964174164649
0.156358182807155
0.193532397053191
0.148083390606832
0.17033292155085
0.166005049270821
0.23168339726221
0.18501724698019
0.12811406773371
0.144931654271344
0.232063036310857
0.230983726530279
0.262887989711863
0.105771959834655
0.248743929980657
0.225973854991846
0.17149114120344
0.276219524567139
0.260157661994824
0.218179286510193
0.246529235284468
0.175744225637983
0.156593280723603
0.148424158766124
0.177718445507384
0.249417503378616
0.36809019630294
0.205913927866228
0.332087685022707
0.227573920879601
0.215943360692609
0.115340641680713
0.109218638770081
0.26227724794163
0.262639096117797
0.192745756015025
0.110696617454172
0.191002900495422
0.170662842890238
0.176908993202266
0.169377451926083
0.260754838288938
0.176306155486489
0.205718970024891
0.219357357917765
0.169693922515272
0.20252379753022
0.235103244551477
0.25623244541978
0.195357517965962
0.182225296167612
0.190719502326827
0.171484932150136
0.105499340723571
0.138641159347208
0.242607522979292
0.205159974522737
0.14637171414969
0.21098762129335
0.168407874510435
0.183760269436728
0.203882515684926
0.110033935691252
0.0629445790872363
0.16842272546656
0.157626541506511
0.224083778291213
0.169875185706023
0.185178692060534
0.128240029918592
0.245811002360664
0.131177078641937
0.111049565777823
0.197646188003573
0.244346918697825
0.156254067719802
0.105860072586636
0.106027481316192
0.139245553958471
0.17157284749463
0.179025067855222
0.191138747998933
0.213057891238202
0.194118464063805
0.241876427824535
0.164286491140611
0.136853698458794
0.184490231335907
0.206016948891447
0.252111011236287
0.113864124120692
0.167565900450699
0.174372652237474
0.202821344078212
0.10232654489931
0.254940664715621
0.178675890053999
0.216203918763377
0.23623585723752
0.286457212901541
0.129606849661027
0.264164382279151
0.199362155230952
0.193056460208612
0.164447416156668
0.10986082128112
0.147520517339891
0.11499915238441
0.2220983056811
0.19302327038388
0.22013799320256
0.24410575057173
0.169475940543419
0.15450013457238
0.171143038144149
0.168719623317327
0.243330078440875
0.176033819376343
0.214871983759713
0.192922772112286
0.146209668660123
0.232037983213101
0.17330246952431
0.154933758583488
0.323108541050447
0.218088486197113
0.247808391121201
0.233814316091391
0.232005120053325
0.146246934021362
0.197894522307596
0.203818579511181
0.17486205306735
0.294913176197083
0.323593070768537
0.228443303935149
0.343335968116292
0.298825756645661
0.232732670646357
0.122219296174949
0.128163399319011
0.193021911479356
0.128857160118299
0.172258429442747
0.223746731660786
0.139938393454151
0.223271480931877
0.126570904668629
0.18540080939314
0.284706433230917
0.183607226090599
0.0893338019337837
0.14234304665458
0.163819041120928
0.22688049566922
0.155923568799426
0.108982444339957
0.27395389057681
0.101541154791257
0.171519073113824
0.197781387310935
0.194271960637472
0.140610853006096
0.182267279956228
0.13877367635104
0.295036829330665
0.224063180714536
0.137582958265671
0.0937227161776655
0.138667676556846
0.141939532930195
0.212386231004141
0.179995289516401
0.236638642786618
0.21352592322771
0.121518674717829
0.210863065030843
0.1216760653879
0.226103025499867
0.16384792027554
0.218108300896806
0.157828557141267
0.159123045023404
0.183940144158062
0.258646121168437
0.273793208366623
0.275158485912869
0.134633764744207
0.173851178008027
0.18183599143134
0.138709166074054
0.133710333408439
0.126765381486595
0.217507173728123
0.133833058388066
0.251556438867343
0.119715495248532
0.155050189105184
0.212384354276882
0.287883530255763
0.19940079954742
0.219389736829352
0.230547236161925
0.207810417420368
0.157555637862557
0.192133616908894
0.235074632260157
0.185687322856607
0.100778916435966
0.218814868709087
0.128312102092716
0.130605815990243
0.145412427992416
0.103148476547974
0.192526591069451
0.21104010744497
0.264770185329183
0.225313217093204
0.170918761510165
0.265165081298833
0.232376237979582
0.0985957838468447
0.181007497279521
0.161805340713903
0.139505020350778
0.260814474682265
0.0966168424012086
0.169410354921655
0.169241680532028
0.166287812763715
0.25484449095448
0.132783015123015
0.161487333828566
0.105635875554531
0.129668179243208
0.207018209278711
0.189445250179221
0.190089115763278
0.187545201826217
0.128821725290914
0.191727610639604
0.143217395053392
0.214070450200412
0.278165174580379
0.290076459507349
0.167980720638389
0.176122106054597
0.1956162313344
0.166279080021461
0.159591514074802
0.184084477439186
0.167721788775528
0.157490152616147
0.195464337936187
0.167740372629117
0.112810923797342
0.168681393948069
0.150270928386072
0.0922112462968094
0.250080856496736
0.325670103407053
0.138754819396008
0.214357958180643
0.16390654724325
0.304187367762067
0.229000186121969
0.309754431956443
0.140907931460073
0.185124936735662
0.129722258635375
0.156908170780164
0.353493981884316
0.200421800962293
0.15788271175964
0.240245957876005
0.254174006285287
0.321413550547564
0.167172392736508
0.149041464192376
0.109320640457476
0.0823327972602063
0.210609003918156
0.183024481425501
0.163789028448912
0.202370431199201
0.114979554282471
0.16501202209714
0.130817726753055
0.107704114323896
0.121203351476532
0.194986929694015
0.252036648634072
0.311423720695924
0.162783714407568
0.281982955549807
0.167884682120963
0.189236784657251
0.187064221410401
0.1388506123753
0.230975761365924
0.109853528651567
0.116279670369889
0.265950399075283
0.137908109918457
0.141788698130167
0.136148137518731
0.103224420064041
0.168106587985798
0.175801781266095
0.196487837710835
0.225550416789841
0.20773080149264
0.195433452986091
0.227104703263003
0.214237636555693
0.201002832342641
0.195433044006083
0.189662919443034
0.155171357429276
0.236309461022976
0.157106085692576
0.30378081809986
0.100326922446139
0.172521970946434
0.184690556373593
0.184746159233528
0.204475700037126
0.200734103292606
0.214548635294859
0.154619069814294
0.130046426475154
0.131553115004687
0.190167602125612
0.237575252212987
0.140309340406441
0.221451735261862
0.212207139809265
0.116562669473983
0.210257549048979
0.189093549462216
0.255438063036286
0.145337191757442
0.189582136872283
0.199176377888892
0.148064830640986
0.116643853639117
0.272149919062513
0.228037543422007
0.185153802871031
0.136382634887086
0.206021593080171
0.366280747489252
0.132374091170727
0.22957937376044
0.278331554836975
0.131675168212166
0.189425351940396
0.186813214316514
0.112799465395624
0.18062104270895
0.151185775793725
0.242294316906881
0.245112122769496
0.300837545339695
0.220286972880831
0.108130200231402
0.171423225313586
0.190880117109091
0.171547024409506
0.176333686700052
0.11708231429129
0.219895784950854
0.160077587862937
0.121510982280108
0.110858324241624
0.22262293401437
0.194299468253603
0.133745532501242
0.114995985701939
0.142708714395948
0.101835953732568
0.103955485083285
0.10347226526811
0.151193909052657
0.219684664835174
0.118487729707234
0.123201545281281
0.252357132157043
0.102507525078712
0.203218264104731
0.154818833226106
0.179354054607192
0.157005540793175
0.194169523406814
0.144639279697688
0.245882144764349
0.178316280615207
0.203946925962813
0.322563746499464
0.236530142316887
0.204256089646524
0.253348097626232
0.0652151576409093
0.165983338404768
0.111307410878372
0.155089734138006
0.163357344592325
0.0982728560621535
0.255808504900439
0.215321398898749
0.177703010843865
0.202317732713491
0.201069533778584
0.280576466339235
0.277365927458211
0.243125409619899
0.22312838896383
0.181087123153735
0.326083885078408
0.251301873405443
0.148071959367623
0.148631251027563
0.257960575964679
0.103595374582395
0.147309050546858
0.17444976751907
0.200710872839413
0.114726998373736
0.126918555027181
0.146043699997638
0.14245615743323
0.17917959963267
0.274104734596377
0.200606699914509
0.177771184186563
0.190515735275043
0.172162324743522
0.260302963098354
0.271662409310873
0.179550136245133
0.261623753471306
0.178905006025583
0.145182464103987
0.200187111790067
0.259478352520341
0.128213656226275
0.168914470926742
0.197416497875328
0.160727357073647
0.122996575266905
0.169162437508584
0.159153944143064
0.193277642851094
0.163028372835085
0.14295308244409
0.278489078294596
0.216258539317058
0.255203994679731
0.162830241316885
0.202005100829815
0.256393934677665
0.1775232445701
0.211491589798241
0.19415529858566
0.201607049538086
0.22365250398287
0.27753406397428
0.166210471669218
0.171043585391593
0.174429965786029
0.185141607511247
0.153936980835231
0.108195071372957
0.194269948101114
0.291862920487181
0.151282540322475
0.17066342968761
0.253417836651405
0.307428060945377
0.13790221309371
0.132900563896215
0.112471940306166
0.1472832823411
0.169844830336462
0.144386233019292
0.126500712836502
0.10223109289521
0.20705217694841
0.157247925113636
0.101092901963912
0.150252601833299
0.125936877610954
0.141516555781032
0.20475096931036
0.210857286089399
0.165718620360084
0.121203074966728
0.150478414017368
0.365009691586193
0.163876695448341
0.130955119882145
0.135006170808274
0.19443387817687
0.136774378671141
0.244047851918584
0.207430847209505
0.275850751607865
0.179670214048277
0.132544637657313
0.130755719947471
0.213028574242904
0.143380824773658
0.0866919487470275
0.216147199954408
0.1584515080684
0.22834697389805
0.147461194134965
0.209371113724779
0.147897373692435
0.133019542528054
0.222212424170297
0.163204930007916
0.239926242890622
0.200905910597339
0.158110741899883
0.211835624600441
0.178299284778534
0.267905298301453
0.19535139464583
0.153940424351231
0.159056624096304
0.135181924882777
0.159425159893579
0.187721317641684
0.152580418453543
0.211024301424147
0.207253876009132
0.1595313556961
0.212486316214416
0.182358652014102
0.225034404938927
0.169403383661558
0.181887588486693
0.261884488556481
0.157911170778769
0.212499052339218
0.161785736481781
0.211662065790069
0.12332736936901
0.239395021183624
0.166216426242353
0.114354147831216
0.221668224370543
0.147522802929595
0.133298316126427
0.221873344755837
0.209099693691524
0.227660512147772
0.223503286753401
0.209762993417226
0.259580062686517
0.128302667164049
0.220400344720871
0.203446048577589
0.208409514157213
0.182934894500991
0.253660882377584
0.220495809066138
0.264698787270029
0.184278464897111
0.184311469263544
0.111563542229479
0.224812930410295
0.240805817774694
0.211925447206455
0.158508028396508
0.136128126338742
0.152214019503574
0.259245090593488
0.213690964918332
0.221144093639393
0.126793004743953
0.170032854870086
0.234956287720536
0.188463771587955
0.311786841362491
0.114381339820054
0.102915762178234
0.222286927380138
0.211650177872295
0.136690447008301
0.102380827052779
0.137502086172262
0.0874621914156306
0.244067167704934
0.207980782186366
0.134856925523741
0.116889653949335
0.362760927406068
0.253162162561347
0.163992651164106
0.187920001064876
0.352031797237337
0.226525002655407
0.203791214367796
0.276895152240891
0.210611788765151
0.179198583071961
0.22124675569011
0.30058622254841
0.302652827167557
0.106056935556253
0.0868878735229888
0.181753191225821
0.177936982227649
0.192853404869683
0.195350723304
0.159331365129889
0.204671297132063
0.199862087031928
0.249712545909886
0.178706504151827
0.106097408316633
0.159353131244032
0.154622941382422
0.164873276530231
0.134351779292798
0.1951302449517
0.199345029356169
0.224967030620867
0.214597727636673
0.147518195619243
0.0910071333256537
0.131245895626066
0.124599702936201
0.123959705781903
0.173036512663844
0.169423690520416
0.168241270590273
0.246242598068934
0.19755396155713
0.138464920523317
0.144791232152221
0.230846326398381
0.359824658893188
0.187829596051501
0.263302013454985
0.316873026626839
0.244629325069077
0.256414518798859
0.161891044247888
0.177417240094873
0.233180946161841
0.160603555148295
0.151039247547635
0.218415550142259
0.224516853272704
0.206564754171036
0.16234271483619
0.245984176408949
0.154807390559381
0.157881923062548
0.171905339504935
0.186436918613863
0.152462453583
0.103249209743618
0.165563956878721
0.18687521701978
0.159117215912054
0.154326336912074
0.231452148658324
0.174868812308659
0.206194147230084
0.177041214156429
0.24142827060927
0.219657432788502
0.166142306362857
0.27107438561292
0.153339990299111
0.161074468419138
0.173269645112368
0.265617287074199
0.27813428737159
0.207975985798352
0.16311819242541
0.144431444006829
0.241298626334216
0.105170650601994
0.252470301547809
0.137587625021755
0.190523433570976
0.234440835924431
0.216795908866576
0.144653777148947
0.161116860296143
0.206595759967009
0.193836463272718
0.159028437951977
0.140418665517467
0.143296530353091
0.166548777482855
0.245491149968499
0.185156882598975
0.203067446505301
0.154227670219147
0.113206857950023
0.185533834278292
0.257367059301786
0.175413958748235
0.184067489726324
0.241480497953892
0.207065369132933
0.15728297403866
0.156534390163802
0.0986563620817685
0.156603509293977
0.205264820137019
0.222546943996437
0.300604312396538
0.128435974728983
0.156090821444663
0.186925482088686
0.260219090883906
0.253471477805553
0.23775625524689
0.169637068229562
0.238324235163109
0.141255497929577
0.160255346333763
0.139278800907512
0.183025782027138
0.205052164777684
0.314232774733417
0.215221671981009
0.197647902583085
0.276256982783411
0.188393059346209
0.212463084854416
0.187798127111419
0.15040014506588
0.200901281812791
0.237673216767928
0.199897239867053
0.160150736854545
0.080388668062731
0.0922619939094143
0.118573901776609
0.105514818191473
0.169271410211332
0.133100817284962
0.256618516087948
0.232290388879796
0.210916118244254
0.232312836895048
0.292218405667575
0.2448594712477
0.114271179315655
0.222667368784267
0.155328435814189
0.227850197148009
0.281877853377471
0.154366947468935
0.154524853265368
0.176389908149802
0.184280120407981
0.282192212535884
0.228691924193677
0.142961406992331
0.152244533783554
0.211699382953311
0.28455498235236
0.202474927599538
0.164260996462805
0.279487591827427
0.14848693236056
0.163128627146789
0.14767898238447
0.164833810062794
0.132128144479721
0.136841568544241
0.266419003114411
0.175799331332544
0.170288786278561
0.131156691518944
0.245653073273749
0.163344119884926
0.154928871753145
0.150783282245167
0.205227555325639
0.178107924503403
0.279075853599238
0.202492825618934
0.152088377941144
0.158824703361541
0.153542364464389
0.104435850283538
0.123073474987629
0.250518431461316
0.22002233050899
0.133732050159328
0.141068628517754
0.148143281676778
0.135913184058768
0.172499391214035
0.237532146948095
0.303896478655881
0.171624698372368
0.185264267316792
0.159504389967058
0.141308937287637
0.192591911248808
0.28506668022408
0.263883738792617
0.231594149325133
0.176425392722517
0.247738242651964
0.224171291267443
0.113819092710559
0.0924369085176354
0.153664449849381
0.119895378579341
0.203711537420015
0.307450810820394
0.129734230710783
0.168910110418446
0.241084286768819
0.182959620832604
0.126851305081976
0.137292771676115
0.167849331135086
0.219403967116414
0.15415642398108
0.20580911629432
0.178566871459077
0.168832956054283
0.136469475361973
0.163245479346223
0.211500885702299
0.175075799126754
0.288712310695351
0.202480705594336
0.222956636707034
0.221816647070322
0.177151245063473
0.267300232935772
0.152768673376618
0.150835436621036
0.178623196563497
0.147745876955114
0.141203546894513
0.118729580544068
0.187280555253901
0.18189827298778
0.16108190198914
0.142814744969827
0.155010914207062
0.310674170934245
0.221703866934892
0.135157016526833
0.145064511260646
0.144443708796247
0.140647294193414
0.239861923282221
0.190069601859925
0.194441018073084
0.335249384525277
0.185631203830514
0.251109490935838
0.255618016534738
0.0948746581560975
0.0873234915833925
0.212290130200848
0.171929376061287
0.284771224268582
0.290287291525852
0.240346187534045
0.318307356012423
0.189283759809173
0.206483429904378
0.245313761205187
0.175588723396501
0.12887956538345
0.231308734954562
0.285716140460832
0.137603202476834
0.284736422238886
0.314996942804555
0.131005144130562
0.143944401405634
0.149899817554126
0.166427427058178
0.238278065325819
0.293244065984066
0.279300818933011
0.255916513727733
0.287755199283257
0.107670687865903
0.118533895755569
0.187276640249106
0.362877776754915
0.135995060537736
0.144537550724533
0.207254047896006
0.252643185430074
0.212544373927303
0.126391436154724
0.116822357711291
0.221344016312632
0.140315791899564
0.0905626320240585
0.112651012858237
0.119868943102649
0.159434424624377
0.148348746713102
0.113640352127982
0.25797657966299
0.244059152518094
0.171942468078385
0.199077915266746
0.232934628159646
0.241890070168047
0.168076305827735
0.15019629327672
0.150540126313571
0.131499060385647
0.204701342388312
0.181713068934779
0.226225103845094
0.237940136382789
0.148493346211451
0.153071547246368
0.116496765381923
0.110360249318185
0.121439730215475
0.199087088986804
0.20720372063973
0.259261670102508
0.272062684564005
0.158016470999397
0.179180783327214
0.289358107169024
0.387967608799238
0.316867177832628
0.225985789430682
