0.17
0.201264620227613
0.0811639566523856
0.11614434562091
0.0730450340676764
0.0960857310510329
0.0984210580585223
0.0975496902144419
0.126618153918421
0.0939478917364848
0.0899186381416542
0.0906338729212885
0.0917205754256905
0.0785078493023439
0.131348656935752
0.0780283771085805
0.101145445987273
0.0987456946766188
0.0753660188920624
0.0940033226059593
0.129823119148264
0.0719177357408152
0.0960545026616837
0.128991208633892
0.114357015109554
0.107110746690141
0.0998617977265607
0.0884839216465202
0.0764117125148164
0.0618705602120241
0.0841966794705365
0.118022324494182
0.10883901176136
0.0712261475552021
0.0847900539531361
0.0706710063545742
0.0862520539219727
0.0808028422871468
0.151896510651933
0.0863922527967176
0.0769152855834302
0.11011083989373
0.0861947705580148
0.142328048968521
0.0869042145517339
0.0993321797657424
0.141119136981307
0.213906596559063
0.12459465112696
0.0889160878631273
0.179702149347527
0.194271428664629
0.110649735720974
0.0898556456919657
0.126580576632198
0.184322513768032
0.0742542040496172
0.0904057625787949
0.0855180632744979
0.103121974487495
0.0715187595206754
0.122748127789386
0.0660528566647225
0.0739550156023168
0.134392155342368
0.0757475266409338
0.0913358146041856
0.0798898814367134
0.078161649149125
0.134336514462476
0.118350860846703
0.18153149597322
0.0989691457928019
0.08874689133171
0.0936891982309825
0.0984268891806831
0.121546844627271
0.111906833790564
0.0776200469896083
0.0613996413833062
0.0805200781124111
0.180473300289251
0.118130614555489
0.228562593362622
0.0768177756143093
0.0890211142095794
0.0854284283460755
0.0813291448438443
0.074687595617667
0.0616900568516256
0.0816236588336475
0.0960018995537712
0.0788484931535294
0.0922493851750216
0.0726713200280066
0.121969631918561
0.095136334900393
0.0953156953564255
0.109763457886393
0.110557499978787
0.152809610409745
0.0940982328466232
0.0762246912757749
0.0783696443049999
0.0783678053902926
0.0836713219059715
0.101760169721022
0.127403558706643
0.153650274707204
0.0974532226236234
0.0970955538097819
0.104734438427348
0.089729682501976
0.0913654321378018
0.11793783528067
0.087247485859492
0.102605668539566
0.0937233007119366
0.0702014866792548
0.0747942280285193
0.108242255824084
0.117121296683487
0.114465726647238
0.0746714646122341
0.0902944709960453
0.132205905655731
0.0867461060860384
0.13945991459449
0.0888093461766912
0.0984289933734979
0.113473568499644
0.115500292943922
0.107952720558921
0.106980768382928
0.0937568881745468
0.132871454386774
0.127470609978072
0.08252310586
0.0810064167813574
0.1480628399101
0.110592491181311
0.0897940388832614
0.121608461059123
0.139175795181252
0.101568251628452
0.123017209991247
0.0857624214549173
0.114337023302333
0.0687470687597367
0.0623466195163185
0.0668090993670948
0.0916296559513181
0.0915736221830386
0.173277062058285
0.111982604571132
0.0798598883266673
0.0776869786801582
0.110496872370388
0.0765804243606656
0.0868606913063376
0.0891952159315224
0.07980629126092
0.0919019926758953
0.142407904166803
0.0944781223699031
0.148200950769745
0.0969111936825414
0.0713214263427216
0.0640674816109201
0.088989912668194
0.153163750587433
0.103331079895313
0.152193972013124
0.0916304779705952
0.0887254366364153
0.094306730286827
0.0827811083206157
0.162712681509014
0.0899164205826947
0.133476689043803
0.075727150226306
0.0746935810588734
0.13607943413066
0.0901552755384448
0.0727585055201096
0.0956135540984328
0.0936392329855373
0.0694142900308313
0.105699247179085
0.118009712471404
0.113053150022875
0.0869254641447262
0.116902459550572
0.0849025863862777
0.0703205013510008
0.136175572026735
0.101358894203256
0.0728158871106412
0.0875973614646491
0.101878812982158
0.0801870309605936
0.0911824284875819
0.078645025119297
0.119873371866826
0.121487840678611
0.0838034682625521
0.124410192758078
0.116508828915876
0.0625342139972784
0.100613903480664
0.0724288864586726
0.115887798915449
0.102708252484029
0.0752027352238592
0.139832706045435
0.0859790018601068
0.11577958860494
0.113475605010071
0.0839722061376008
0.0717914565518375
0.0919584177644196
0.113297971263077
0.143302181841647
0.0770814571139592
0.0695331858977851
0.121560383417748
0.149555440694237
0.104651621535876
0.124575197905437
0.0710680978403456
0.058034768292054
0.0932577580973784
0.127517825236205
0.0703131908471502
0.10341018422641
0.0866808382554294
0.0994662909557621
0.112095468521117
0.0895807027271508
0.0796349643577198
0.100006572580875
0.136517898118486
0.106253458062143
0.0993045891906206
0.0882368608873319
0.0761411299394073
0.101741835275855
0.135546439871468
0.104630616547708
0.0867476427990705
0.126537377044177
0.255071787623284
0.240760160226059
0.117623180817169
0.068839864027725
0.0807381478902711
0.0965045745885722
0.0961481993491629
0.147676785522487
0.0989800230529471
0.0878860314848627
0.0634290212683984
0.119957731754547
0.0893522299133913
0.0600763085332471
0.0973443703819717
0.0636921068469171
0.0964872027208805
0.102062536303871
0.109936454398946
0.0956426331503866
0.0918109945586676
0.138109478273259
0.13678383040374
0.111302894190668
0.0956447830803301
0.0869844036845809
0.137968252782352
0.125582224259887
0.121965107981607
0.0745406945770297
0.0935488659740816
0.129537736084934
0.0801204324421878
0.112042833138884
0.127752278668607
0.0610439127536553
0.0875783339989933
0.0931763492325816
0.105041372722458
0.0801703431362832
0.115451950329502
0.114997673754379
0.079274591596463
0.0874922363332496
0.0988156272802795
0.153669468013823
0.104879686479852
0.0852505797173157
0.0835663948901927
0.118308693191003
0.133055562640626
0.0900939375172906
0.104847929146581
0.0906311716659324
0.0776949591980435
0.157110057059939
0.104011612929684
0.0992946126523781
0.0912710597953473
0.113931319589558
0.0911454408669594
0.0598209807303492
0.113226090012303
0.0812817962681591
0.152897198174656
0.0578163640971391
0.0702162987326211
0.105786686415861
0.106297132873229
0.158119382277657
0.118011201595
0.139298077818864
0.140770814045055
0.0877929796789364
0.0882251843758896
0.106624644472377
0.0973717297883151
0.0883499268209468
0.15568688693808
0.108228242032864
0.144668440290017
0.107678518918033
0.108915854767391
0.112470660881408
0.0779190500417373
0.101000915907112
0.0733138038880348
0.0989570136672308
0.0652038385489556
0.0834493639034405
0.106165988317301
0.097629139024588
0.12037521065164
0.238465794170802
0.113953094598445
0.0906771161684446
0.113730039848902
0.170689825520889
0.124680285995626
0.0805853841322389
0.0895477461058589
0.0679771051411887
0.0884055812016491
0.14159295830805
0.117416884857245
0.147550016105212
0.0882486245250878
0.133341591659424
0.0856655120307141
0.114971241176283
0.0669160498635254
0.0769104288619567
0.0946367117577708
0.13829148734998
0.148936413552506
0.170127669607382
0.11501366980011
0.228164011091112
0.194521024224813
0.135686889860204
0.079913796081543
0.0896922173574124
0.118711362919631
0.159186438933868
0.110375428667972
0.140995102332188
0.106258930988018
0.0982840526839418
0.0800294557189127
0.157407445107907
0.190029784079794
0.097713506326163
0.137508970728561
0.0767587569918301
0.10852339260146
0.178432620194719
0.137911262026241
0.0938227526343498
0.0765477243379315
0.0657139760362595
0.0963198212890778
0.111399507726812
0.101378782392621
0.100505680968206
0.103669361575916
0.0747465983522242
0.103368994667072
0.0805118092874066
0.0978797172630454
0.168875348826759
0.093237755797604
0.0675073633190881
0.215965132389465
0.0927811568965692
0.119136865974279
0.0821472367285742
0.0733382164687343
0.0677956861260801
0.117157338741819
0.0959874378803057
0.0979710083768877
0.079841893639644
0.103046196177306
0.0908506430954125
0.106781474604612
0.0876039494858704
0.125456780435444
0.0856704004933444
0.132088908748348
0.0876932129299781
0.105177564927379
0.121457532457895
0.0992048286770515
0.130361937575231
0.133761920883396
0.107206769373566
0.0859766528007665
0.0822321811576374
0.12004278069334
0.0773747377523588
0.0828245198140469
0.0897835900470174
0.157576681112809
0.0962751012913397
0.102834986620835
0.135025731366511
0.0691082351319282
0.0604009616773451
0.126352540205233
0.151183457759291
0.0978225178923148
0.0759418096587394
0.124116294320012
0.0884746368414703
0.0728094153270203
0.126815239058714
0.126797723659111
0.115670449994233
0.0892190031727508
0.0983559569240388
0.0955828238622692
0.110011046364383
0.125832813822827
0.0687303798903867
0.110184558203301
0.092058492699824
0.103306648933379
0.112824484294016
0.0924383457680109
0.103108565053567
0.0997989517307571
0.116580431418899
0.124132424872091
0.0807970789216111
0.115355308321543
0.111987688357293
0.0734402034580946
0.0710822428638146
0.0776449835290793
0.0976490992556253
0.125114120590086
0.158267989597133
0.116513506777878
0.0797861847803992
0.0742233025804277
0.109352003175567
0.0804493059025014
0.102567597627918
0.0667333384301963
0.0955698735201242
0.103469997742082
0.0662448269980908
0.0674314692752141
0.0761578765247821
0.132724607132495
0.0970279611565859
0.0841414621459918
0.122870787789158
0.146979486277159
0.190556595415976
0.118215952263975
0.0964267797502776
0.0846780893608112
0.102739801491302
0.109595631218637
0.0979868920450387
0.0941580173597851
0.0758772312762302
0.132325552565022
0.0886100066244152
0.0944942045780059
0.0916256864403149
0.0694646576870183
0.0910496639805171
0.102559531390306
0.0776924204408571
0.0881965029571025
0.0804477766956117
0.0829287459042461
0.0942904836412231
0.107650739614046
0.0759432744608337
0.102286075510853
0.133344628175498
0.0750703659673376
0.118009265007818
0.134674853301619
0.0877207251331944
0.101916608437573
0.119117781555597
0.0704663352168262
0.0765766466682296
0.135609714583039
0.0906707599503538
0.076563178923358
0.139493115619
0.152406237453758
0.0954782187521184
0.0849367214303141
0.103180098408378
0.0865749885836061
0.102464410866295
0.0884011650060847
0.0846122214851178
0.152852822241492
0.0842555766051407
0.0947880755771551
0.0654191147001059
0.144482400175262
0.0802383321214533
0.0817289268707038
0.076041116059993
0.0564881388958674
0.0911232581841405
0.173232544869585
0.213723517342218
0.150448578475674
0.164116847667206
0.0822104202046766
0.0777053033933964
0.100643829111703
0.0766921611995054
0.0981960832866151
0.0701263428848708
0.0915061097700182
0.0618628342004701
0.179878003696764
0.159810915706772
0.104024132994266
0.065146288908772
0.0782968435706496
0.0812865834478958
0.0797454600893517
0.0620569611048819
0.0943246428436573
0.119110900195988
0.129988271993591
0.0861466239114834
0.07791538315272
0.082021314949061
0.0793317225135272
0.0644999385749183
0.0570100090287745
0.0887387196562548
0.0691926070988376
0.0962058940595541
0.0973434624773935
0.137735772437197
0.0962655684526168
0.0925122110435544
0.0662318816429385
0.0671261300972706
0.118341904268428
0.0792598094511267
0.0997889501388041
0.0782544845271556
0.0919157557126607
0.104036152729549
0.079389578292749
0.198071189528425
0.0775770526192037
0.101942627077902
0.0957157881349962
0.108081476410278
0.111644362116326
0.0867683998722165
0.075080622416219
0.115517698437252
0.103646092575441
0.098120160826429
0.0877825979943462
0.0892902292442344
0.0587612782464197
0.115478666347229
0.186020449749008
0.217634418680455
0.12213236808507
0.0633971497328107
0.112943012984467
0.154063193666939
0.0879648471960844
0.0873628348265871
0.120067644197103
0.0632368629598588
0.105446141718921
0.101387156493895
0.106632613107481
0.106922119003183
0.10621726846275
0.0696769852131976
0.0887930683281447
0.111035468338595
0.101849544980458
0.108029572234868
0.0821175163706338
0.0681026327865042
0.0972638890937705
0.113905515852185
0.108471885394585
0.144353830401745
0.130104559263493
0.0983421859800387
0.0780735846131704
0.0955789733895923
0.113390748347145
0.09187151781032
0.071326076777448
0.106460072315019
0.0951327516947688
0.0998721947783945
0.0638189037820594
0.0594339190818885
0.110521208816988
0.0666495957329778
0.0655273285363358
0.0867847522253023
0.0648650171876722
0.071505946617229
0.0958109685472152
0.118095412465858
0.0954986787923744
0.0957074554618837
0.0833099978895276
0.106736540642059
0.0822127854962087
0.0940575879956348
0.115870083247451
0.0946012360260513
0.129546811211502
0.104765958497955
0.142775648370594
0.0685444436298871
0.090061046249116
0.135297243774147
0.0818160236692557
0.1522118553395
0.0993940902782945
0.0945686200888721
0.0928917035317093
0.110755747677415
0.100351991324114
0.146893282862418
0.125364594869199
0.242693086740665
0.115160557308744
0.0842163483076002
0.0824263681046532
0.106939559606289
0.0630920416448807
0.0981694617547508
0.0961827070799203
0.0903508667738192
0.12063233004445
0.0713279428891756
0.0956396280167301
0.0995626835437532
0.0705705785205729
0.105649929426611
0.113774195923373
0.0871641027012594
0.103130232823504
0.115000490741274
0.107271814975396
0.0921400284781008
0.0976617590024489
0.105853116648163
0.129349921222884
0.106886300269442
0.0826584629956636
0.0989556223244057
0.129233193391601
0.0774315157845203
0.0913854783921951
0.0789375591033306
0.0934115851696208
0.101790692108961
0.16686847352577
0.124257484710412
0.120770952537922
0.0930365956367332
0.056445719757165
0.0676825916914999
0.0604154298653374
0.0683736506207001
0.10644939951259
0.128919554103824
0.0953065794928406
0.225580620214971
0.102432185965134
0.0945329263594205
0.0609582292246009
0.0834721376914222
0.144585372082163
0.100256821937543
0.0883637535975581
0.121434318362754
0.154095884594528
0.126323422304844
0.115171554876794
0.0754809069821807
0.13363682630135
0.0715268226887985
0.102225919791756
0.0959450934520577
0.120442487216048
0.0840485084846913
0.0849733592688034
0.109080564679534
0.125781214498762
0.149746144770916
0.171532257130438
0.151185124281768
0.118338790727612
0.097318572694773
0.0876629119110716
0.0695104537747194
0.0758801143431882
0.0697110456350311
0.106181320607541
0.13570763217579
0.0984403288670121
0.188910868259516
0.083402729219649
0.108923898810111
0.0761480089589583
0.106120462461975
0.123218794717062
0.122463886591356
0.0886895968253482
0.1031649754787
0.0657078093721427
0.128478017885578
0.0950277580606782
0.079387177028705
0.100275787283135
0.0826660020359487
0.0707996604314104
0.0930630385878392
0.0917132834351547
0.0697360775036005
0.132130709454212
0.0841617992851126
0.0777362318673163
0.109662031799133
0.116354166612731
0.113457721864133
0.0806903443425115
0.0969297171741501
0.14128923816754
0.109144800955066
0.116212042175658
0.0925553955756159
0.0688654443756117
0.0866586482683193
0.132042463792885
0.14372371196406
0.099444192441352
0.0922537894518516
0.102003106538968
0.12308016700398
0.108828045710532
0.0780628211370771
0.0727240900104949
0.113666737461242
0.0897941038162212
0.0850874171455244
0.0778039344002585
0.081963333009042
0.082578751498658
0.104008345351812
0.094389229924726
0.097482787989465
0.0759772387069145
0.179900873718377
0.104362799592754
0.0955558599272638
0.0866123271953756
0.0783060499320783
0.0849871303195322
0.100813900555174
0.127253119278382
0.0649063271773121
0.0744862825611761
0.0979441062385761
0.104521079511467
0.0971170590774429
0.0851619846237959
0.0950098686573363
0.133372995614102
0.115116591673884
0.124039495747911
0.0961899923460336
0.0685894984194683
0.0787820105852707
0.079797171220161
0.105511106336101
0.109434504584693
0.0976381988568478
0.0917046654305738
0.139695694245642
0.0936806304713557
0.0739863845780564
0.115826203349407
0.0622113780211712
0.263062529507829
0.102731568184199
0.075825474922732
0.0937367664741104
0.101990365867565
0.07100723079228
0.0842859367942448
0.116218592548654
0.0758705440879056
0.0769487108426914
0.0737742665110833
0.0949899560522632
0.100766857108672
0.0757129278082915
0.0598761401605634
0.113239833814877
0.0778867304992112
0.148977986174995
0.100162424904138
0.072538195687733
0.177278841005245
0.0774129052950755
0.0730644596702446
0.0859425306633547
0.090972029808487
0.0978566960616275
0.101354740310773
0.0878599775957109
0.122535872373904
0.110461184199273
0.118007633355937
0.0832284080624856
0.104795009292447
0.126876983799737
0.0972088676442142
0.0954635341946296
0.0822077488596153
0.130618382500312
0.105065115936989
0.0822959262350508
0.0756312614212591
0.0784352986680982
0.0795327001585461
0.0726900210155869
0.102916966363077
0.110342444669756
0.107719244112814
0.0716025470442298
0.0691300912418994
0.130333834465584
0.11508127494358
0.0910366219182228
0.094684071306197
0.0827957057069768
0.124220462447996
0.105679331771644
0.0879215671914952
0.0976067213482206
0.0980525101522139
0.0894715201035038
0.0763362010245678
0.107207897182167
0.102459213083034
0.0638961079176265
0.10999856988058
0.094418706961883
0.108094715092708
0.145630708500297
0.110407319026447
0.113729438065722
0.0977264037239988
0.129148494227373
0.0923482184262395
0.139059663199526
0.183209773462465
0.158415060269382
0.0825480544766106
0.0787563068947112
0.110612812720389
0.0740043813153092
0.1043143253748
0.123690413089445
0.110226647878324
0.119564349512814
0.119184273139653
0.0856782030528128
0.101091890795177
0.0941752363693855
0.085086986934587
0.170496470815553
0.113646663943117
0.122149113648046
0.0955188013531061
0.105767698770923
0.132873080952518
0.0951203377933151
0.126949415562987
0.0864924503586902
0.0780155979608241
0.108510444155325
0.0733951019897977
0.129629016084548
0.0927764551675825
0.142766023458333
0.116883918640907
0.111276828802743
0.121715253334042
0.177081420181021
0.132762123128538
0.0973817068742135
0.134937094773875
0.093817394757257
0.111896590281273
0.0843000939704434
0.0925438221090638
0.0685446484289387
0.0950871972090888
0.104749465416572
0.0673811725660332
0.090114649892581
0.0948841095737695
0.128168844357592
0.118023470863789
0.0995784437932352
0.10539900667863
0.134399566720075
0.115679209911427
0.0910473923688564
0.098429219378453
0.0758618641261241
0.097993057570653
0.137037920358179
0.102333712597147
0.106852343586028
0.152655293212374
0.11223008147137
0.128395686404065
0.0741046389941776
0.188934720293879
0.119526489900276
0.102082713546366
0.159646183076489
0.116951717551486
0.113903767290175
0.0999519709237806
0.0911682415043115
0.121453407080011
0.0730867925943618
0.112458403637261
0.0922275969808363
0.067785632619013
0.0973171819965502
0.0997878660829128
0.0849395978432153
0.0944452713680107
0.076735882700538
0.0915213187523583
0.10393910905036
0.086239486719878
0.131943536774367
0.115307983516636
0.139930712888385
0.0791579658139887
0.108436581851258
0.0828603952617708
0.0822837057686601
0.0673740635068421
0.0853039119290968
0.0710600506448096
0.11037839240891
0.117377973785862
0.0728619592055529
0.0703964028435823
0.128587300875382
0.132524724209374
0.100599695015901
0.0999231663837473
0.081339255551314
0.0984245076170041
0.0711483293528668
0.126655197725128
0.0865647334518043
0.0863582527905056
0.0871569677449648
0.0880604326155214
0.0858096775713838
0.086727894884709
0.100999668183998
0.082029424241827
0.119479485658949
0.0936963662745978
0.105271319826036
0.0889857894092201
0.0900800130215156
0.124227188995517
0.0992291275290696
0.0788948095364827
0.100054570021337
0.103610906208771
0.103304964702799
0.0906456491177426
0.117750204006362
0.132179571168283
0.0752049155318913
0.109817376627277
0.0705090151172391
0.108776770895882
0.124531578124458
0.10850419197988
0.103175686102711
0.0982454583824153
0.0935758009500599
0.0870996058512847
0.125270357805975
0.0906683124431399
0.0764307785235548
0.0767158901736934
0.125768354764746
0.0829943656540365
0.0996811683070806
0.102162119883645
0.097817526460022
0.0746450718313936
0.082084738310831
0.0965882416543457
0.0944175684439067
0.0674445769134741
0.0919772949415841
0.0941701953336474
0.207492909087429
0.111137782046078
0.0865728857282812
0.136470773988559
0.0852170745014252
0.107429381669998
0.0966080536300769
0.0839203750346043
0.0803435325932771
0.0849136043631465
0.143523707502231
0.0919751455425266
0.0860986471021627
0.0701681074537873
0.068760908167642
0.0770009805882919
0.0907412159127076
0.0995596783829867
0.103779470970817
0.0657792027284163
0.11671949499774
0.121236950153573
0.0941728234648234
0.0942104043204334
0.0737379151834849
0.0890849907801586
0.102167770086942
0.0906968669044638
0.117704103232595
0.0759042592016761
0.0974896629493684
0.0918233912373367
0.106682121651101
0.121889378295186
0.0829479665711542
0.111385864013964
0.189354702710921
0.114959534694717
0.147823224311357
0.11388035882917
0.0799422630473099
0.0966063018434771
0.0628242146192583
0.137583311365328
0.112012460030189
0.17076654980756
0.0700351539145922
0.104868103391461
0.130604819869791
0.175804588715157
0.114487712890142
0.0929789587987266
0.0869162822372607
0.0861048550104126
0.0687678113284171
0.174356633250501
0.0903065925135891
0.0891350160425073
0.149758849648103
0.07634067280702
0.0931649530828531
0.103065222622537
0.132525784114398
0.0879464032094768
0.0877407173673675
0.101234336292715
0.0896206596364195
0.0992695372163336
0.0918807218701307
0.0794150774292243
0.0743669159170402
0.103140602519643
0.0836269637524263
0.0635060653869283
0.0969943249143081
0.0874452942563725
0.107916061876678
0.0855186476985206
0.107380312760207
0.0625669708495076
0.0967665829659884
0.141523507410632
0.0758649415967456
0.105282614893697
0.0918816119174065
0.0684011544753424
0.0828743583935941
0.0953645240239024
0.0741226391034934
0.0853078803406629
0.0911149729385081
0.0766607884081573
0.0986353735319462
0.0935521544400561
0.0865002640921097
0.120905660310389
0.108685892233263
0.0896079484300507
0.1351312762863
0.111206327160566
0.0618079825344682
0.0594014643861092
0.0926348581849081
0.0922954461035456
0.105026263145743
0.0919454680675941
0.140508198637572
0.108487116298185
0.0816698491184938
0.114654651109639
0.0939181131390833
0.100459729670271
0.0922329235717308
0.0851626787634704
0.093540821175525
0.0946114581265928
0.0832685345986179
0.0816668840061838
0.0824969646369585
0.096041052901367
0.0761150915118161
0.0991998554768505
0.0948959134708034
0.112599472533064
0.0808207162224034
0.124127348329451
0.136662923313189
0.0755366937645908
0.081685792765328
0.183601088092104
0.172749324709899
0.101147491915212
0.0771608298203395
0.0820994933082063
0.0669502539629018
0.173489343497993
0.160815155621213
0.0992164877929195
0.0841384744540548
0.0844010337108027
0.0914172547956613
0.177050294724672
0.0610567388078724
0.108913139167722
0.0706518511966603
0.0913842828054285
0.0780523447669879
0.0970499906849833
0.117349159764768
0.0985057450031634
0.105294159567559
0.0952554254240102
0.0664604049326111
0.174675775217378
0.139600110183143
0.137030502761289
0.081906610352053
0.105790144506214
0.125331338642535
0.102809433652659
0.0852855802996965
0.139734870279362
0.132082221608998
0.0629617771603356
0.100460932975409
0.091197189630117
0.102343021671692
0.0981049030291348
0.0847381787580819
0.0844187522978589
0.0656355308426757
0.0838487092944189
0.0970540156504178
0.116703974893716
0.0927212715609589
0.133393676534541
0.0919753256585757
0.0780498386182397
0.144114876373756
0.0777985464918258
0.0712909166910536
0.0944262455286746
0.0879467336575231
0.106853021139602
0.112577769397298
0.0973222607826564
0.112031272611233
0.144062367433402
0.0731222465604239
0.164739918028346
0.0662560766296503
0.0848847340531224
0.136386620947646
0.0965410465475976
0.100487580013207
0.101262279731195
0.0659741189160694
0.0828882126023614
0.0675344331924053
0.0973034579958383
0.0868033874281769
0.0941721232017093
0.107090297952451
0.0897334829165569
0.106592107603581
0.0809053471408731
0.114017197953906
0.110190965518782
0.0722428278419318
0.108551529718826
0.0873176040677889
0.117754746852783
0.0625805366687658
0.0729457177205699
0.115212259187141
0.137687997192308
0.064456186682563
0.0676815770134862
0.0773438109431237
0.156042070725493
0.0666309537287461
0.0903737354075793
0.0789718214783717
0.133445438537445
0.123459163995572
0.0775659454661081
0.0842793134473245
0.0668510144694679
0.0977145229591096
0.0683077138985432
0.0809188125561952
0.103254955033432
0.112044604093966
0.101980019637565
0.0971106685371628
0.0885966511648257
0.0838720374581501
0.0972525070453184
0.092961601419401
0.10846514984456
0.0825584951626737
0.100017319661624
0.108547286798445
0.0746319596517506
0.102953009227461
0.113256121202928
0.0783731071181542
0.112874266953253
0.0895670504492378
0.0974241492272463
0.191774276078128
0.123169294301609
0.0817004694661474
0.121365924303918
0.0833726645816125
0.0877605785799049
0.155202109105568
0.102073997171549
0.0912109976500791
0.083051966618998
0.122954556418494
0.0938126301408602
0.0702770981578304
0.101950732052345
0.0868816072383706
0.113554952477185
0.146311586883082
0.118554166945549
0.108840597471174
0.0904752245956533
0.0951178246011839
0.0759671334927115
0.0876387305848705
0.0933334463758599
0.0977568914947761
0.0745100083249854
0.0805842040904062
0.148731047717006
0.0972988550611671
0.165106713467621
0.0791663218456061
0.0812580752157761
0.136405127092165
0.068307720220734
0.0913586683985598
0.0819780740179319
0.0941626054087681
0.0906217761666643
0.157662491976499
0.0720481199123099
0.0762015693671012
0.115218318288259
0.0715027216622185
0.117398863839749
0.104523321865448
0.0786036446199592
0.0728318699035229
0.0749911168077584
0.0929958772583868
0.0936649678883675
0.125209286384841
0.152032721905712
0.0592691412748359
0.0840907534151354
0.179271389001276
0.11991657903485
0.0710466957099136
0.0997917050775968
0.0745980782572555
0.103341604187221
0.100066459275702
0.0838037754267523
0.119285819542232
0.164529879421426
0.100716171577854
0.0663613723028059
0.0896528664979242
0.0773699154974472
0.112452182485575
0.117319593685487
0.0901479316710625
0.133864205991967
0.0976595955328919
0.102599826637582
0.070842781289461
0.0956763316785651
0.0855114885361518
0.0829558437270988
0.0892980081500256
0.0866469360553287
0.0993062252030396
0.080619046759202
0.110031975093726
0.0684080796973713
0.0760578955306343
0.116772768976272
0.107191053141803
0.110757036968419
0.11312649376726
0.0733543186914679
0.0947670365690045
0.118001469820596
0.127185536648911
0.133909073480237
0.10081793336431
0.0863749995320073
0.132059250907075
0.142740071019339
0.0965585562575156
0.150350477716333
0.11433653985792
0.0825109250850716
0.0924330530498832
0.0906040346598026
0.133214857307148
0.0678471074095798
0.107516535772048
0.0702939836669033
0.0935543605402749
0.0964354473681346
0.112161755871124
0.075734694040398
0.0881687035440621
0.0683949162325081
0.119964542124309
0.146047069915348
0.105611227030981
0.0864202989258844
0.120699841851829
0.0897422913641426
0.1049169153622
0.0982404135665181
0.150654497047147
0.0949179880993738
0.131722543573209
0.111108908508324
0.0680839166870914
0.13021696291357
0.0946490141636954
0.104057872689747
0.0852916801908444
0.101113811720354
0.107840525034768
0.123357482538875
0.152816125204723
0.0932242248416056
0.12930229597645
0.0884044470687336
0.09524770807027
0.169642105153408
0.0963533272746936
0.0815218454003051
0.126979728910182
0.0742627680601647
0.0927758891125142
0.146178353968775
0.190222683119574
0.158545187698189
0.0730047460536715
0.114933383254898
0.0828593528699155
0.100994862262423
0.112862998513373
0.124618169524163
0.114840551886274
0.133232514572733
0.12620626577817
0.134553559574121
0.095463651230593
0.124207307006677
0.0914021293455082
0.102786703164975
0.146935530394115
0.0806714582418396
0.119669583674827
0.120294485805781
0.128004560080106
0.119468645669261
0.178577395540158
0.172156863203576
0.0922832303297652
0.115932516709992
0.108569888716893
0.0813630764279801
0.0976728462372248
0.0660860327127251
0.0809953297134798
0.0880589204124543
0.119975986616722
0.0688574143641116
0.0970096408447092
0.107443437510115
0.19443882442483
0.099099526883822
0.101098901441365
0.0873550933145863
0.0863099955592418
0.100657703259874
0.0849525250041416
0.0886069554499475
0.0883387375592017
0.0777622858436271
0.0848233886886838
0.0764696973649863
0.0790623731053404
0.097972209329456
0.108895816158772
0.0710068085801184
0.0704731503157183
0.0987869869598331
0.0670729681032346
0.0672348128566172
0.0650546899483029
0.0772287649876889
0.128769624919091
0.164379969604277
0.175686780540407
0.118976793553082
0.135536367297968
0.0940843038182213
0.0598959522120548
0.0769361263459623
0.120236214079319
0.0995253820594625
0.0818824854998592
0.101118679236968
0.0862470798148455
0.0989428927814227
0.101723882671909
0.0763888877296636
0.12799841464438
0.102568813952866
0.145577253295064
0.089811541726442
0.109028578331443
0.103412985500554
0.0615584117068386
0.0767509610882974
0.118495208531027
0.0810243448001502
0.0955108298038228
0.190311719962545
0.153043625699633
0.145632501866695
0.168397114880516
0.110771902679236
0.126496672994148
0.110640882855704
0.191579655331576
0.191394421956313
0.122150420168051
0.090132953145034
0.06950931740824
0.0797664634230535
0.0773264878054589
0.10968479425754
0.102229004593941
0.0998320108467663
0.0856354223999191
0.0888308823694759
0.114716868921532
0.142862398418898
0.146232504166396
0.0811204138814939
0.108125924132473
0.0746413960754504
0.101548643620959
0.140799237677437
0.105401908252139
0.0644674522896065
0.079601846541429
0.13300860316043
0.0751526121348571
0.124001116354454
0.122201091339731
0.127794590974106
0.128484181387123
0.121429546169005
0.109298193161338
0.120479823637687
0.151989235659762
0.0730558400882548
0.076223584594762
0.123075414515606
0.085199439120188
0.119668348979889
0.063022116060994
0.138356102958872
0.104368630097523
0.127905400418977
0.0678463292749894
0.0778677238006146
0.088885522213531
0.0973298289489965
0.181507544721328
0.0951747116083402
0.122431573534636
0.0971344665550615
0.108133287682841
0.0737800806540083
0.10143520287741
0.0931426488539125
0.11013254302753
0.0908057048765536
0.0872632350228945
0.0916668746535571
0.117205776065362
0.105138087427319
0.122987362126798
0.0605027948970584
0.0942914323332595
0.103017222491638
0.0981897762514804
0.111390201893892
0.160653793639815
0.130103225417817
0.167675514611772
0.09182940202669
0.098001952297629
0.10955056012275
0.0966415487213953
0.112426590082509
0.0612577847966484
0.0742452346809701
0.109605882778121
0.109794314014
0.0844621788306504
0.131396955187254
0.0931299245776578
0.158218973496707
0.0863009869234485
0.139386485507773
0.0879023930470648
0.144731868530304
0.122734514458988
0.0814681015982983
0.0864851487873028
0.126688281995197
0.112578775855746
0.0700273101281658
0.0645891439762013
0.0828472613687207
0.100742828207782
0.0837333578210944
0.107614655940536
0.105960680483543
0.0915161449069939
0.0713673498518379
0.107439173792645
0.108212856797334
0.152316094645105
0.0882710672315198
0.111941255094964
0.11116827419708
0.068246641153976
0.119325126507676
0.124975832772291
0.183432187385653
0.127691678562969
0.0940995650601754
0.145635090120551
0.0809486128311713
0.121102176730122
0.139724655448222
0.120417395165696
0.0900336875874348
0.0831049254582466
0.071214945353584
0.0733605971320419
0.0842943663883163
0.0890476487755989
0.0809753638665426
0.0944633753980467
0.102523219392457
0.0637297217078089
0.0916404936855582
0.0892328964439893
0.105226031505263
0.0932027312663383
0.0832746800486626
0.092191883201746
0.126734358924113
0.0916780112639769
0.0671705661118066
0.0635732935330617
0.124827946445725
0.123219054177947
0.0642368861506149
0.0860223719685619
0.0895434532549542
0.145280535005668
0.0887087847126543
0.101503892777803
0.0933262267712895
0.108894439679233
0.103116362609755
0.0674094373867318
0.0820848572557276
0.073324350183346
0.0885113312623406
0.159612748017897
0.112706688841984
0.205659184685147
0.100713595121919
0.116143585700489
0.0826444352395407
0.0762398635432019
0.0739353597180474
0.100702030698231
0.0970243382039295
0.173781896404023
0.162374988644836
0.13098147715588
0.0812590174783557
0.0880609408125779
0.0957911966825258
0.0839297232850937
0.102480331612137
0.0869710687735725
0.0697828588754405
0.0915094063349482
0.107498482796251
0.104166009608576
0.0781341484999312
0.0823973653627439
0.0729319065315262
0.0661842892994343
0.0674475089031605
0.189769050463764
0.111857728572041
0.0804760780078606
0.0676918910186354
0.086546100160853
0.103651739884521
0.138676653452867
0.0888644276010657
0.115427743596414
0.0939013571558905
0.121040032712763
0.0834397039611708
0.0733270907604198
0.127458234203008
0.0969329398003768
0.0801974812338608
0.0802628541149699
0.103872324945927
0.0975951627213054
0.0887842923653172
0.120609810501975
0.0761066876277371
0.0828539464707009
0.10896489522213
0.0641152301892294
0.10278398273729
0.0924453257375122
0.109043299527688
0.0907832666987448
0.0911587914504693
0.0981856270254895
0.0695706356415035
0.0903587728858898
0.185071952467963
0.119057681943043
0.121796252853132
0.115508523176329
0.120263114108373
0.0770373093610343
0.179744153568761
0.113338292888084
0.215043449884389
0.118236604434672
0.0840339588058725
0.124037109471552
0.139515472108228
0.103374958515991
0.107515484603101
0.0831829610403943
0.0805594867575831
0.131210380927585
0.117640209667215
0.104735848981593
0.108068404911646
0.0650178637705392
0.0814230865613975
0.0789270155302421
0.104401592070789
0.0729672127513842
0.0608000087584729
0.101732456595334
0.0849611923667348
0.078672654750429
0.107157536233322
0.09239768231104
0.147034681073927
0.0767615718605174
0.068958534442499
0.107989036037285
0.112721084074182
0.0949926661846698
0.088512461525449
0.130601048308386
0.0805959147191227
0.121545789204972
0.122197835607454
0.132635983963668
0.0920316837769017
0.120246230782643
0.086777877179137
0.0850972472494507
0.079430375455718
0.0781553392036899
0.119585883883394
0.10478547999598
0.106286612151599
0.105466173280143
0.0875183157025019
0.0604566150303448
0.133687475664077
0.0709097026444899
0.0870223354154279
0.13453316635142
0.0820988748272166
0.0920033767865959
0.085239844295897
0.0846745104062674
0.0642031273794698
0.110189067680572
0.126915050415098
0.12030903250606
0.126615358371234
0.0983358674767474
0.0856917364847432
0.0976393566911246
0.0844742387374101
0.108796930587333
0.0729826007361023
0.0686443465665698
0.102246274952162
0.0793075912963899
0.0917570305793385
0.102836916063791
0.117647331750119
0.0921777941473132
0.106284634848674
0.09493573046322
0.0981256876312684
0.0824917670905378
0.07062926037397
0.125974854589784
0.0970596926769353
0.155796976647162
0.134538486934089
0.127688923210112
0.120578828376021
0.140246400455714
0.153683505241254
0.101066909140055
0.088512707691593
0.0722784494131191
0.147105566801965
0.0982595231785186
0.118893796944901
0.0843091196071078
0.117276318962494
0.104510967440867
0.0738773088314789
0.11841099043353
0.099113710346811
0.0850127710934747
0.154942362582874
0.0876557233067162
0.115725897223704
0.0894257628828405
0.0852225969837013
0.0704247177541455
0.116993004537424
0.119689789534873
0.0996212367475572
0.0726948460927197
0.0863753644045543
0.0605430964228244
0.0762586142350433
0.0964607281946129
0.128282688746221
0.0893853097244231
0.081160719942036
0.136476857800907
0.083499918672392
0.148202207664079
0.106351270242554
0.0896731688810074
0.143871466486211
0.0629611364055698
0.0790572614376576
0.0781618321607932
0.0875938668733787
0.081513356885085
0.072543654336884
0.110092666714357
0.0700644134138282
0.13231980323116
0.0948896463254287
0.0954727251622878
0.0960280456066606
0.0994398975739548
0.0890874670013307
0.0642918396733779
0.0619780770385062
0.104696378254597
0.113389606549004
0.120197830923692
0.101084386803909
0.104594231315463
0.120503442405961
0.0958172613816494
0.0717039535010568
0.12177130144273
0.132745575427158
0.111815457527574
0.0835168650542426
0.0868370525093512
0.0648302232415062
0.0696793147700335
0.0848146182722246
0.0820242303883789
0.127546866576221
0.0826735597993174
0.0925488121788486
0.0983395900861964
0.107524351464234
0.0705301617666468
0.106369250650851
0.117835429823504
0.121209854715032
0.0963171598237471
0.113767100729283
0.133628900294082
0.0796953614090565
0.0970879012013666
0.0833780702924491
0.11421937713415
0.0795074188577407
0.0984292479670264
0.117646030629735
0.0821113666491054
0.0815664352175607
0.125591735042895
0.0657579458396493
0.120606350889709
0.110061375109271
0.0901654485664969
0.108790148105355
0.119572718820783
0.0750310856413098
0.0801196743997534
0.109447426794749
0.068099031753422
0.0760730902343718
0.0891899760605398
0.142898483399464
0.115316932638319
0.0917351523271374
0.086212569694499
0.157218821265926
0.100791828382
0.0792282313752603
0.0792447459426823
0.0828172981920111
0.0940856592785706
0.0960224450457612
0.102515179132311
0.0712489734196697
0.106248943550624
0.0690082367495223
0.0765524983256239
0.0749987881659928
0.0932033391880124
0.125489955567646
0.10079387241818
0.118397576208435
0.0929666332157628
0.189197932566384
0.142750123110317
0.105031841384267
0.0982266882165853
0.102818525729687
0.0652837264581631
0.07466077632078
0.165586752022254
0.0972495660988024
0.0886362398354021
0.105515948815016
0.138241327472631
0.0934365842328375
0.114073225308471
0.122255378875884
0.072189190498956
0.0934356592182109
0.11928786088968
0.0991377958606324
0.143773934681368
0.100741144757377
0.0771880623730556
0.0885019537199203
0.095694925960894
0.127834339486201
0.133574597454657
0.133657316915168
0.0868789283396362
0.118079622661519
0.0919624605279058
0.0653761918074245
0.127504981602713
0.11006236441019
0.142976173137893
0.117134041156908
0.100667827581137
0.0909509602808583
0.0871642082905935
0.0715480502948347
0.10845428792194
0.089917301355608
0.103300128502188
0.0910777601209461
0.0718935827235335
0.133641655526668
0.0904859392687213
0.124945598769983
0.129865484794935
0.09141986235023
0.0691552169022223
0.110293977513311
0.116570451929278
0.140465067930318
0.0766515986159927
0.098866721708544
0.196902267338151
0.193285637192349
0.150719536247946
0.0807344280443859
0.100340962769854
0.100590854633703
0.079926479502827
0.183463552221458
0.0700065875412741
0.0864031984144311
0.0986289705252558
0.0765425651644919
0.0842962852356688
0.0661629121227023
0.110929390164131
0.0864536735833835
0.0990502161487727
0.0944012256934713
0.0781822573520536
0.117654734334908
0.0808118770641014
0.0768414226947092
0.0948428841282246
0.0924662570916578
0.105418444217115
0.107635264160241
0.0879452051915957
