0.17
0.0795278542650261
0.119653686857165
0.13076274405481
0.15165836190104
0.120333267517977
0.0919657899628146
0.131646165726508
0.132743982047949
0.0700680178740804
0.120863687852681
0.12809043020344
0.168378761050625
0.111596296307373
0.110586245983241
0.161289559080553
0.125410129639322
0.110841725210257
0.139912875809418
0.138194696524764
0.118066605833592
0.139893263370643
0.129418414362791
0.13062118379968
0.143063485240726
0.147785730072871
0.160424008056699
0.175596367436995
0.140733837012817
0.110849637495514
0.119637101801119
0.132439311466218
0.140263309751709
0.133577182124462
0.147387114253748
0.159431641036269
0.163320314135531
0.154041742336796
0.127058976025578
0.132157896842499
0.117631705494936
0.0969157177567214
0.131618842503983
0.133228736322744
0.18520138214939
0.131019547586827
0.199244069276752
0.136103833737513
0.12355207762584
0.124572544234804
0.135353784875599
0.126030375120753
0.134638621777992
0.103631588684118
0.12897898413981
0.11558923342141
0.15061429376625
0.153410331263018
0.119090666155748
0.132030347867405
0.158800661300687
0.115318350204839
0.123099976475437
0.10543575175562
0.118470191726336
0.113636967601547
0.134423085169265
0.115765925269085
0.111116390839327
0.149023896141394
0.101328108801625
0.139459096840188
0.118026555124367
0.136651591289121
0.0940515261964367
0.147142588153192
0.149660297182998
0.116510406716068
0.149732109374349
0.115314317481561
0.160122075072619
0.174835186885101
0.129098499691436
0.139161519146217
0.102527043600998
0.0831793607044945
0.166357633112038
0.117828126331289
0.131775464750909
0.159454548750658
0.154337177954382
0.126026278341046
0.12407570184876
0.124977580820367
0.134532925027844
0.125146681480656
0.0983508253246357
0.14929401005246
0.100396369824628
0.113377368835637
0.107020820497008
0.136103926243474
0.101098242841118
0.112952584950893
0.0948757194763499
0.0900498758810499
0.125333212949485
0.127138931426451
0.135661403352014
0.0920967328561514
0.122828757009487
0.184557297654976
0.101401124846098
0.0673512649796537
0.113545020445798
0.112793468974208
0.117613247498111
0.123652201709828
0.107599628705079
0.161385147578033
0.156497305895577
0.0963499126259086
0.100057620423137
0.159881106444521
0.150086542716185
0.130489883329024
0.170107014536051
0.148909248510585
0.122932494182434
0.164467723730079
0.123882567302133
0.11731787941497
0.119496606402892
0.118114105756534
0.140609775703066
0.125336511113465
0.135840195914437
0.119777902188585
0.133115772362518
0.09165711348647
0.119489511757622
0.0854644910925839
0.140491357922383
0.108611876079979
0.141916756212778
0.145201110304998
0.123707644076229
0.192033963305016
0.114735284115429
0.146381532699106
0.125373809800261
0.0867337181337544
0.131258643632215
0.132206939885089
0.148712399439121
0.147795097431424
0.145037368487129
0.146717146037224
0.0923126301340726
0.0954922205390704
0.152286442716382
0.115198151348406
0.129403072258339
0.115375204586688
0.126472470869617
0.104563775509961
0.112645907690916
0.111877677916353
0.119717148941252
0.126535589060592
0.148436794046643
0.128397434043984
0.116606526004813
0.101119934114728
0.115565500637472
0.106747031167202
0.152262504840987
0.141533822172211
0.1274489618443
0.113504311268262
0.142773846349356
0.176814737358483
0.10665482043773
0.105666491338563
0.130978756189971
0.123181511376262
0.103283012876794
0.101108884187885
0.100719461889788
0.165150377834717
0.115282136701416
0.178211435453994
0.122689107370937
0.140374556611755
0.131654588618453
0.134350244293439
0.099371094239341
0.124580139537405
0.134970914638393
0.11110067132454
0.175337367913905
0.0920841948761492
0.133858697128763
0.125804872348892
0.136570701173325
0.109066936533343
0.144333128724252
0.16291613920261
0.105960734255294
0.106478212090726
0.104632619968394
0.13440365097464
0.11182785525185
0.140228714216644
0.156542060589719
0.150895294895023
0.163565461235019
0.0865764777296112
0.155990355345953
0.139435162890651
0.0829869821796444
0.124225794630831
0.144427089306457
0.119951744660469
0.106754896089117
0.132019348329623
0.122549569773862
0.0955126466627776
0.115954672149277
0.136971456405625
0.144798444164533
0.104879805578859
0.162988785948121
0.12878066089096
0.117082985210341
0.101603277124814
0.12190362396875
0.105960338391164
0.103661376737646
0.115404319008279
0.135685557091461
0.148751495664134
0.107520468708994
0.119784367424906
0.125111847457114
0.185647780871937
0.121781616683451
0.146971503536822
0.126472766747886
0.143736743537696
0.166251012014211
0.139542144844465
0.106970243777943
0.106427225352738
0.110943389222152
0.130821356954548
0.0997584681519409
0.141693614956856
0.139936051831741
0.0834456561676013
0.0934214557513268
0.158881179199835
0.151169930680906
0.159100427255262
0.187151770385223
0.0953329804801394
0.137761993405241
0.122173285327426
0.154877087786709
0.123406041584072
0.110173855050349
0.081591229690577
0.0860531562799665
0.145318527063973
0.0866151129657468
0.121525242927584
0.0940181311993885
0.113681553886168
0.136619647403267
0.12697078904698
0.129468887293171
0.12661889412588
0.132571217533849
0.091122174152393
0.11699116674141
0.122488110487089
0.102989782719422
0.153530862031739
0.121108167595489
0.121379287575362
0.104597627811264
0.137182227033591
0.131988661694356
0.126833204057751
0.114640578398929
0.114538131425724
0.086706623028871
0.110830413619331
0.13734891900347
0.122190521045766
0.139367788123848
0.0989751271892052
0.10628949451174
0.134781717455309
0.141340861285247
0.084919705403904
0.128580096186962
0.135794656042583
0.12220199278826
0.116257725202484
0.106241000791836
0.182167389976533
0.153849593489875
0.156370035811066
0.154847299239349
0.204691815422817
0.144421166672125
0.072679197169835
0.148691125823514
0.113641050910471
0.0949179247016913
0.122817901891423
0.117048829069226
0.105128874130078
0.10126393640609
0.127821403258147
0.119254092069692
0.153684140485149
0.0851738098644568
0.101703025037348
0.15752655086396
0.133645802256951
0.148017607941115
0.0891330340443663
0.122705308935282
0.103263562952818
0.110029570043645
0.117661404759798
0.161258813789163
0.139320538157947
0.0980993868982705
0.138797138364136
0.117623100171175
0.135049891528834
0.147387235670433
0.164972912870011
0.102706443070325
0.176095951297456
0.142276683287401
0.122767437626859
0.122011462611692
0.151738150646283
0.122521243584655
0.122638198483148
0.0657311985041631
0.127080179746181
0.116674503343071
0.115409848726173
0.144718777154234
0.10471423052868
0.0934221173217793
0.0970115971306358
0.126417344297493
0.115718452861881
0.117913122589285
0.121186335369759
0.120295396079368
0.128343451574887
0.109634239364104
0.123933260492431
0.152847076207769
0.148058217221368
0.138596884583294
0.0985425981883901
0.118690356884575
0.155594608425955
0.170751568345282
0.140662980153966
0.132208603237403
0.164563577702495
0.142993335179127
0.140629440287475
0.125105646134713
0.0979340051257363
0.163948992254938
0.166822292410158
0.137384332906917
0.129474068998204
0.136695873545043
0.174248268348902
0.121400574586692
0.137290558908987
0.168184244793619
0.134832026067592
0.128756408780162
0.108804188966225
0.134815985940904
0.12506192935428
0.18709318789641
0.1264092517653
0.145419828323514
0.0994993988842837
0.112460494865086
0.147282510543373
0.104672149496101
0.146754416901849
0.137956280777443
0.140280558992118
0.195305041310031
0.139172323275288
0.122368634452021
0.140120102562085
0.0806170280556248
0.14239456369171
0.135754827524757
0.156130344905945
0.122869407780188
0.137110711954838
0.12425701350244
0.151766877633222
0.110196686432259
0.0935859978736125
0.117827055349263
0.139056908202707
0.162824555968224
0.123384956833798
0.164241779017922
0.0940850376472865
0.0822590120981947
0.130841541012658
0.124596674546734
0.18260008534248
0.147032914304596
0.12363207117543
0.0957796445604423
0.132867393713772
0.144161987041784
0.0877367343739966
0.104591629637034
0.0970601396907314
0.105710841095488
0.0960758527005444
0.126767910082847
0.129372682291197
0.0902779493569597
0.116885777845976
0.137300826896391
0.145014262149317
0.181711730620895
0.14630945795967
0.127341275592754
0.0905350856781194
0.139598125840725
0.131773849457046
0.159042497323113
0.160679409334112
0.169339352800018
0.124400657989647
0.134421727194282
0.158630796965281
0.167134575315946
0.158787325958967
0.178175637238709
0.142661080935649
0.115799779245946
0.167471605414567
0.133514945458135
0.135406600744731
0.129915576000858
0.10772482373328
0.125152112437528
0.146643710356997
0.131088054594492
0.11146458268802
0.14634938505566
0.103226708373436
0.125983899897766
0.116122681083935
0.134038105856575
0.125377674594066
0.112000871726455
0.0949735582413194
0.114928379092464
0.118674237425126
0.0777461072812143
0.105144415106964
0.149912790889119
0.150854379131798
0.132558710000418
0.182418185568038
0.128697883079371
0.122541593733722
0.149238402639604
0.152194839468723
0.133969961778771
0.0999113870565131
0.148437196627719
0.0681376797164573
0.123629115536958
0.118709920759293
0.147338555219201
0.15957746629216
0.130248977014647
0.143789521497622
0.126403431982964
0.137199480792314
0.101881914990901
0.0971852735437093
0.181928327639237
0.110873519951401
0.153395471704536
0.114307561965498
0.144051244559179
0.115515670519875
0.108122029641767
0.114485181460032
0.12486418044621
0.160393000117848
0.132842497373678
0.136351834984592
0.151940467817974
0.130498196699264
0.116833309526712
0.139731101270894
0.133709680356814
0.106655669195978
0.197654882176231
0.155313794593177
0.109717555753367
0.155019974580845
0.150920092308607
0.131971003244291
0.126305107276872
0.104479454791582
0.134025791489554
0.153211643939247
0.138607780991179
0.10469282776407
0.165992384587156
0.145610333157426
0.109952644732287
0.123419941568024
0.113414323636847
0.156220584332827
0.105911124023025
0.127863457049634
0.139312258572318
0.112542273809096
0.141728593816518
0.102344798483769
0.116651381488999
0.127472709741585
0.119335869240789
0.134517408577233
0.0965539170580114
0.171819987735396
0.133003677937322
0.099602711779238
0.104423983365526
0.15849717543338
0.114725996249602
0.197686479019628
0.168723476634319
0.127261033033704
0.104160703488844
0.17436444885828
0.136074864385335
0.12705741098194
0.0971250722436916
0.150405624714413
0.127858852282159
0.155509327689381
0.107798984060969
0.093869633084605
0.160919332785912
0.174687500634754
0.12464027994567
0.0994968031118437
0.106668494163009
0.121482907875922
0.142233745663361
0.152030745216131
0.1398372060526
0.107921876847311
0.121443376558976
0.0932380138568241
0.0780222277175375
0.123622813925203
0.111263359938645
0.122217637284416
0.108753687723948
0.154753042659445
0.18912282418661
0.13707821835296
0.156825323939523
0.122064659773737
0.118722648601312
0.117458878863914
0.142962469679251
0.113013373167972
0.121087339655697
0.123294254937773
0.117167298980976
0.11452831416091
0.169527381462739
0.126932517155697
0.102757128855884
0.127420765304865
0.125874347940969
0.118123646907058
0.119548993097119
0.175263027070183
0.141839400444297
0.145022653904277
0.151986581926118
0.165136280318195
0.117400559365853
0.0962621172626539
0.139898417359548
0.120390505700447
0.112423573971981
0.174383633900502
0.106135622391665
0.103258624431384
0.103370584177583
0.102210496173736
0.149022528263903
0.162733055387437
0.126644993559489
0.136738297198823
0.123918681399213
0.118742995311481
0.165430557565106
0.173304556301405
0.100513337081963
0.174179236286233
0.170917398591855
0.139496116359708
0.14216982751035
0.132443995717347
0.134598265215465
0.136524735104936
0.147096187027398
0.132635012854169
0.132307463530867
0.104448103081495
0.143011697730457
0.105590466940217
0.155420804795286
0.132744744300214
0.122461000798364
0.118025778666684
0.140270928747453
0.140308669445919
0.138963323633173
0.175003072116234
0.160404303716106
0.130773209786172
0.173479624287355
0.113823023982958
0.162488109558571
0.100133957071278
0.172997529563903
0.168631946256001
0.1729712575206
0.0997303102126734
0.134654189614492
0.0876699018131064
0.166250166417258
0.16158365412106
0.122368960113389
0.157160170935314
0.102333489756688
0.113057048230054
0.107847810977018
0.122155804558051
0.109244673918595
0.163885635184398
0.135911998485479
0.0999509443182011
0.134355350209093
0.146375994430878
0.146052801821237
0.118156897109995
0.122213557270278
0.108568922555504
0.118461709879787
0.139529830320748
0.136350172247075
0.13030696493011
0.138814022715827
0.16720641886351
0.12389567258385
0.11722164878184
0.0939315710915787
0.126331038198016
0.124850177639139
0.105341457532403
0.128389839132327
0.122869640593387
0.173677652968571
0.13659872188343
0.147947614891479
0.147407396409164
0.137097819564754
0.092376093390826
0.151856577127208
0.155429142193456
0.105648769738971
0.112089476975099
0.133995169619182
0.135141844922437
0.142907905154983
0.12799048437059
0.133697870718057
0.13871403934168
0.180986917705922
0.1873293645883
0.162978413524635
0.0965826080349873
0.116440174414351
0.152297083765633
0.159307693564579
0.107785524201054
0.146616699074708
0.165338659855447
0.100780367349866
0.126328740933962
0.159422438606579
0.121634493555867
0.148222823380555
0.14358084900299
0.140747108205424
0.1063799248249
0.106749438041165
0.103534259582101
0.147598909269232
0.137225398192605
0.129836788637086
0.183377796439274
0.149320375540316
0.164706357469785
0.149934086011253
0.127421680122315
0.138393867092842
0.139490763643001
0.122562060552636
0.0801244143041845
0.113035279029763
0.129048630263607
0.156348590518966
0.117071579953835
0.134725796045447
0.173915235846268
0.130370616268738
0.132800474233466
0.115697854562233
0.167013665899312
0.117191053984562
0.110991239498875
0.150997669271459
0.146836091353072
0.127065111669331
0.131827128177928
0.194566187617117
0.123172912265707
0.138102961030922
0.113630672427813
0.123087641842434
0.158257531493655
0.139593972110443
0.116542462874169
0.152181830096795
0.12833117633454
0.122009058286494
0.0983125676921134
0.109026235503991
0.164282455807605
0.147207726404778
0.117878148544731
0.169085620978683
0.164001248572327
0.12106000038294
0.134751454094005
0.107911877766364
0.106375853322429
0.101250479005257
0.142533119594371
0.104767837849994
0.128012145529039
0.139012477078807
0.113932380892668
0.13227636959704
0.168877156762663
0.108137202234365
0.138490019628622
0.0884359028217364
0.0975026094656659
0.154348630176452
0.085761099267927
0.120461450251539
0.127786295443958
0.146100815515049
0.136467036975853
0.136564645087024
0.122614534303362
0.113654461135638
0.105862249895534
0.0984015118009797
0.163491225938104
0.115774293635251
0.143053575118996
0.190288675729184
0.128202897815425
0.111433602990187
0.128407543134878
0.137271915771708
0.140659304230056
0.139794459118753
0.112193309637097
0.164765412477108
0.1260300897068
0.13912921323232
0.127932930856925
0.106868801516921
0.132233717220933
0.116483365355016
0.114623860768298
0.124059094066336
0.185372356040586
0.122960156706439
0.129310115319119
0.121502745711283
0.101691928086118
0.12455057820092
0.110477062799429
0.104098752226042
0.142002213090402
0.136364931557212
0.111104371443603
0.129474533880975
0.151312279092248
0.12305229401963
0.143867603729031
0.162273670502206
0.103695369565119
0.120917179878076
0.135283109986454
0.115586823762431
0.146897040876151
0.166500649669672
0.0964455844806231
0.095745016597038
0.146356489519473
0.178049810697642
0.113438095077242
0.138899847823487
0.0807955926870609
0.145789994551989
0.0906074536079847
0.10000551796306
0.101180043295074
0.149009451406653
0.154783519780511
0.128930666450148
0.141785872521085
0.12669496967136
0.155111352510603
0.129603783606589
0.143130641955334
0.134371916289951
0.113025616926104
0.127611318831488
0.118150287914619
0.130063868095134
0.0815958904324423
0.106592137455853
0.129595604965551
0.115952027592887
0.116702860196272
0.0794964005075829
0.163603162836398
0.146365253309773
0.0933668614992125
0.109797590919887
0.11881988296836
0.106683509430926
0.126914320743311
0.145977293140012
0.119165582678237
0.119976381239058
0.125507708970781
0.14717105506687
0.163992131096949
0.142766659123906
0.144285162841118
0.0988984848676214
0.144990800388575
0.165739531317078
0.13884121179216
0.105222484355857
0.133453722455967
0.104011406917906
0.130591259998906
0.118136248399043
0.109434136021641
0.112646832859891
0.139660591377396
0.112791581826095
0.0999367986986205
0.133314177884013
0.101446818404791
0.114869605011587
0.142195402498003
0.115385369071232
0.117247922785105
0.11510876491615
0.152243429121793
0.183032558443209
0.108201545981202
0.139438759902688
0.118633240875468
0.119249575598135
0.168279151321662
0.127122871927751
0.124820383862356
0.103091901368482
0.122781694641953
0.120548934061
0.127547630099803
0.101166562600544
0.161886500153978
0.122380392972564
0.118410889235872
0.124974321581766
0.121907085797917
0.120909059014659
0.129138328221569
0.113789627772287
0.140598207834171
0.179882758036005
0.177073793650879
0.102775397798083
0.173988906226328
0.14860614711663
0.105748831973508
0.139796450335771
0.111971237553033
0.105008318139106
0.163312236009701
0.179258615530357
0.112157799822789
0.162059448456116
0.126549403526215
0.149324925874165
0.139412249378392
0.134012696787944
0.143764085644749
0.127369321433685
0.192418167144929
0.101657423302439
0.167057092533843
0.135777219613177
0.120899927861591
0.100113991134997
0.0918889642986295
0.130439410341167
0.142377792461814
0.14092443562103
0.112204899977607
0.115534435117168
0.128157790081451
0.144869601000379
0.14670761524149
0.124152520704617
0.115038844375473
0.127690509347092
0.117437316314243
0.133048592711099
0.0901011975477044
0.166901532612862
0.124214777857211
0.133160135027343
0.173024843875291
0.115129354890786
0.142386231851163
0.16829501650511
0.108513925889662
0.157723007028933
0.137230872368966
0.123427073876768
0.144224097819069
0.184358364131698
0.132891852640292
0.177366451679844
0.123447260543187
0.124342034504471
0.0964510294487394
0.107713870509615
0.115264617893803
0.116173056584718
0.113096687271951
0.104952605755985
0.136792508391404
0.123480094324628
0.18064629907425
0.147545689506656
0.115502541729747
0.122607644608873
0.122616213173757
0.152876697721159
0.116903123428397
0.150585477599594
0.117038931828577
0.141608514013832
0.10523379426218
0.12324764269385
0.105312804889373
0.116076719810956
0.106889090253055
0.108787204801205
0.125756536996385
0.106180649937478
0.130549122750585
0.149115045843303
0.120727513938227
0.110820666216416
0.129712050814752
0.104666239005355
0.150393797404722
0.115325896075907
0.149948938090671
0.153081877039953
0.147277976829968
0.114187926011925
0.143865976734542
0.0857983217398207
0.124250365209463
0.166524497632844
0.138815571097834
0.120250339650294
0.151799908142052
0.174272987804279
0.135120056719761
0.112573816610914
0.0932336248716644
0.13804122854556
0.117619694790754
0.167561291722855
0.145748300850692
0.148636107441755
0.146558768636301
0.118271742383224
0.125101571648923
0.174305540076523
0.201697764643562
0.123016414422143
0.181345956477743
0.148330797074182
0.118849321163487
0.117912203630221
0.137750829688998
0.167295516265501
0.11679663610594
0.102679234814382
0.116194524117112
0.183532510390625
0.10179072412184
0.15311770710772
0.151508529161798
0.145700161391815
0.126214286780431
0.12958384704529
0.160994149295079
0.142796938270636
0.118622723076027
0.143785010959581
0.171942207104016
0.163512271381056
0.1415432626563
0.124654581929819
0.133910331288986
0.0914742674574447
0.101868251389552
0.200731445720578
0.202118869682664
0.0933793800940044
0.0949216666874806
0.0924561364758519
0.110825849406968
0.134562950737365
0.119390611034849
0.175228356793309
0.119235944280307
0.155251303602388
0.135118696180089
0.113076206883545
0.15351209629263
0.149458579377014
0.145237300064474
0.175337724807379
0.110426120024687
0.151284943213498
0.140419834476356
0.149024926754037
0.154791678244803
0.116574028510738
0.131451232940403
0.157014937510981
0.162022451984886
0.16853959086489
0.117522775516329
0.145857529523222
0.120871381406037
0.11108740008376
0.125909276812561
0.108061399922093
0.103137732601635
0.10418797070192
0.111657198190628
0.126173255627596
0.128500686437039
0.135808419826186
0.145683324107373
0.0955652393377365
0.141008442537896
0.145897499827453
0.11375311495951
0.136950587181337
0.13479134782672
0.183629581309878
0.108915299698603
0.16135332507269
0.147002082206543
0.138599727481394
0.139349347618198
0.093562877679957
0.149954214326789
0.153346883227521
0.115645462110432
0.157217848712666
0.0820445799484853
0.182541898932041
0.126122557533664
0.116845792092664
0.137417367121092
0.166419585645441
0.176386479548126
0.131917690383117
0.150222086033498
0.120662419748561
0.171375019446864
0.0959438814874779
0.113997809073804
0.108537713365318
0.149785182520165
0.162094646174585
0.134822049381541
0.132412358168532
0.120717358833427
0.11065775163439
0.137976307108998
0.150274741121742
0.107688362903436
0.0957951552321223
0.11132563545742
0.128181000646137
0.149863605151264
0.102558839897963
0.154406938179468
0.1216415688541
0.0953932134250525
0.116581125544761
0.153055872072512
0.137318950172383
0.116350123295362
0.122316731958967
0.15255976030878
0.127110391214879
0.107417555798617
0.120024951135771
0.0745572373414143
0.108661635401526
0.0965400256518337
0.108916834829207
0.123886421701623
0.0857442670048908
0.0936751658445452
0.128368511838023
0.127801201972574
0.111708020636026
0.146456914901153
0.124763552781446
0.109579687674179
0.101011642432968
0.13501389114874
0.109002874423097
0.110259695341117
0.110596635279828
0.148050897236869
0.117406089475308
0.149867335635035
0.0873392850258556
0.106899117737845
0.169292240416149
0.0819378564144574
0.137625387779787
0.0933790007105466
0.128320018972498
0.165608281394025
0.138908592857533
0.110652524723411
0.0942519404218681
0.110660624904254
0.141597696794467
0.161563301414956
0.12754748761424
0.123273742856375
0.141646022055131
0.140359096040568
0.0994930852314035
0.137519487340577
0.10794804926371
0.113850011793449
0.138336798471483
0.12322411071732
0.0975685482374891
0.141722130275388
0.112426234264084
0.139536286819211
0.102705800382072
0.0933023885953078
0.145956998375788
0.139995726757879
0.165228831859021
0.102708988639972
0.157989746679252
0.124454744256215
0.131920953554198
0.10354979888429
0.119392373435465
0.175365433713954
0.153667883107141
0.15556901170995
0.113263962765883
0.113631124759835
0.135716381358671
0.147795499612386
0.137081558689865
0.155204566379916
0.106064127563906
0.116661903641778
0.0932900906941377
0.139927316501749
0.166400109234539
0.188162604845749
0.0801771607409237
0.16691792837448
0.131382072985925
0.125025988200379
0.123559203029276
0.100528583822187
0.108076795337518
0.13808973459082
0.126176008296833
0.135193169451663
0.128694281543718
0.176327848452786
0.173793266987848
0.194777865450704
0.134542160931621
0.124130348862506
0.0957540189377569
0.192541149063515
0.155974199608346
0.102902727567569
0.155481749971847
0.0860957463562641
0.121410078107022
0.129407138499321
0.156699257921077
0.128307564630836
0.103763473904985
0.157193709162461
0.171265891465646
0.112905290539543
0.135852618099958
0.124502163691924
0.126606350029142
0.154902866100435
0.145531644589803
0.119678943043906
0.152542602305712
0.109948516871728
0.139819624966557
0.105502925232775
0.121809946147621
0.139351397537961
0.116866521854718
0.116610233811302
0.147399143860504
0.140499472401575
0.0945120806095021
0.127063932566892
0.163458311546218
0.118295708560524
0.135310069920082
0.14562073711378
0.174088570397953
0.168431315976477
0.154701547212709
0.140863807193732
0.166949005551515
0.156374127135962
0.190266267508799
0.158149928851374
0.121477223549928
0.190604891062873
0.149842703619169
0.142223086351585
0.159226688501664
0.0805046822827521
0.183194891875148
0.112890671356913
0.132805937877159
0.0911837658491588
0.159977490313278
0.165898686583558
0.126846896390304
0.128389259440036
0.110322630691247
0.126979185644284
0.194721876927374
0.106774106626357
0.149602491208927
0.113565045973743
0.141774485460047
0.136277547403391
0.146126671455107
0.124136448533863
0.113907588817604
0.122957172960822
0.106253979957129
0.138106909520634
0.127200131655263
0.107794531298198
0.109129650436386
0.120564430623902
0.0730645403283098
0.116376317196383
0.0993060399199745
0.108115570970304
0.0896185025341968
0.118892909530158
0.137865836551247
0.134972274103424
0.0901715991484368
0.0892438889686976
0.144066286234507
0.0699487437662182
0.128878260330538
0.118767852904038
0.12972832054125
0.121699625465951
0.110323829180858
0.118195055096404
0.144054198211668
0.126950145213802
0.130972678252885
0.167001384729329
0.111502665609108
0.139257906970954
0.123836368230351
0.110627591496351
0.157153856290812
0.139469214858266
0.138574353180359
0.116109790656262
0.11041167638194
0.10629304746738
0.154691121958115
0.116520678392564
0.114088013275422
0.102412365542276
0.126454949546959
0.134178145029822
0.101250032585032
0.0941306253657053
0.128219690887919
0.106462106271547
0.109876264260714
0.143563929689555
0.125554776426261
0.143884386343347
0.139468656114869
0.101768505719645
0.147684506666841
0.114429560729501
0.147486904838455
0.194311098405761
0.142909158496185
0.10292445260945
0.153666469334994
0.127800616421009
0.108425157838075
0.151707077802488
0.117823538226134
0.136517691401733
0.1121492203992
0.124768713732943
0.0897362060041959
0.100165681002593
0.153079667498534
0.192189618155036
0.148765475496488
0.12452105511335
0.115531549309895
0.116157802225787
0.143831987023253
0.123032688652164
0.133171130830188
0.0919083471175125
0.14497284197383
0.108538989921689
0.130312979284249
0.11429773708211
0.0960453378718429
0.144111100002141
0.110055859625909
0.0942821486852121
0.121860021946153
0.102106970425218
0.171506002896973
0.111675675117936
0.127852845892478
0.12503870450063
0.116842235739482
0.143298096463099
0.147901062370908
0.131829438472039
0.1752423312276
0.109594157143036
0.139286092752255
0.160689851030577
0.134572217928252
0.117372409657825
0.181054802686916
0.132555500858232
0.143748693510088
0.120381283330635
0.154972732253397
0.131151252473524
0.130105619280465
0.106715566552771
0.147504427455973
0.12900986544867
0.102224986401183
0.143800911662452
0.129408648025067
0.0946702390569732
0.124336437663751
0.123518612565565
0.0917635037740241
0.123667095461975
0.203749772366072
0.121008473224467
0.173216446598621
0.115445945354082
0.123868046400681
0.191979201504345
0.135281764563834
0.103574610412947
0.157694784754747
0.118470044302502
0.147735745419696
0.137063876731556
0.0861861575927543
0.118158052621639
0.12308089827722
0.123411332421588
0.169072109303738
0.129120176447395
0.134640849867594
0.102856365816747
0.104142846321693
0.169478883946608
0.153168197961546
0.111546727262778
0.119518216991376
0.149456664360691
0.121007476837978
0.138418740781076
0.126681500029784
0.151792085554401
0.112236543034631
0.121834959780515
0.114002630185172
0.136769444120942
0.128700549512403
0.131977909732817
0.116752135108841
0.15565857471014
0.166846703276465
0.113252930372687
0.125169126874266
0.0897187662673759
0.131851002752283
0.130134705628909
0.110449293113319
0.118753794317239
0.139640484776983
0.117610295017931
0.123564260463336
0.138289731349622
0.198199957145082
0.107678468083011
0.113779160757375
0.117488060205865
0.125375706488464
0.138307912618919
0.142753291948006
0.0981454177764077
0.13161974570327
0.141652003973863
0.136384148356418
0.131392790947004
0.119779278226821
0.116868627329035
0.124680182771597
0.127119813453609
0.12262988195532
0.164708211420643
0.102965747533776
0.125491262837323
0.159227028094107
0.140450102281852
0.179352985047379
0.150921170764655
0.150380652370973
0.101131296998046
0.134051817458533
0.122353855591363
0.118187517600138
0.175864811621177
0.154964455235181
0.139791092523175
0.122306984247099
0.11600355735005
0.154165335364491
0.144011042151087
0.178542836737217
0.164626573726466
0.101980745506109
0.189484038777885
0.149531981107824
0.141137225360929
0.118519064366067
0.148849027188722
0.121828464888387
0.113707062961299
0.117777389534307
0.141590260687426
0.138476137716098
0.128725034988928
0.106459542373796
0.143732855417606
0.142605811011453
0.124781826202611
0.138679926469469
0.116196579111955
0.0807977773596281
0.145296102973088
0.110989607204403
0.121557695735128
0.107787361967944
0.129699142836408
0.0786000915638778
0.110392060223127
0.101381117798458
0.0985391810115706
0.0952971979499855
0.129968033295515
0.14933838306713
0.170511491399002
0.12439639670881
0.121727268159131
0.11595573446909
0.144547050700558
0.114245727589994
0.135632037497653
0.120960710870026
0.116137764221123
0.157126176655083
0.145395150173725
0.159636711785198
0.128492865284608
0.162134425173575
0.0896135108237793
0.0817711399247629
0.118103223224725
0.105648416794339
0.0884130910114564
0.174254161874611
0.139898397960937
0.147495846779097
0.169521790581996
0.127843565054315
0.102655904235968
0.106543154884523
0.105374732837891
0.110189054871433
0.158551304097904
0.159853216700546
0.0864372172860197
0.102736664815865
0.0976111525125816
0.153002319723077
0.0945424558149041
0.155620420351128
0.124147264704466
0.142320569966819
0.159582412165149
0.118953408515004
0.146219331295871
0.122378257066963
0.149093566449579
0.115377898530824
0.126045126392885
0.121179395809125
0.131168601017405
0.132618993550528
0.147091868808958
0.0855492090379541
0.097672015086035
0.096677667112809
0.119134713311893
0.104180341585996
0.113429666132008
0.129685728079459
0.126771078830901
0.0940734042786277
0.154693317314567
0.0776459337424447
0.128332927204999
0.0993394594316955
0.0819361558283659
0.165853218225916
0.181321406388624
0.13805132150904
0.128237388943108
0.134052595831273
0.137113238524347
0.118242583370277
0.154142909719273
0.114582807810041
0.126613514986298
0.100432801260124
0.136363969854414
0.132298602808673
0.146039032408832
0.169275282919447
0.137512137479786
0.157422705893871
0.101263105366963
0.131924927064906
0.124181251616524
0.12526487516715
0.119697513126325
0.166711639219609
0.162622518833579
0.108754436873524
0.132452890452384
0.12976748433778
0.150592250595995
0.12232243662833
0.125610603113973
0.124191312889214
0.140463050399613
0.118370079087813
0.136982411181736
0.131504153169791
0.109892585277764
0.103655288746795
0.123847048951268
0.126435702287632
0.136529473367019
0.096646572315153
0.123231012014834
0.126228481844978
0.137543656540596
0.138382086474456
0.0962423508363496
0.111102555889521
0.154542324856914
0.136529594883415
0.13786626602306
0.128233155090603
0.0977103224909336
0.118743946668849
0.1255513786125
0.127091378298432
0.127933520291319
0.136951010713261
0.128390446679755
0.170828157711135
0.184719154379339
0.113624029049308
0.115055680449304
0.137459524644084
0.165026844648477
0.132713394435943
0.120069511586025
0.145997464572677
0.0913399435434216
0.141548869505855
0.134218635130573
0.130222393388733
0.144424841224896
0.158304974585361
0.131519925297611
0.104524653224288
0.108715488353052
0.13568527551676
0.125396337240378
0.11414919132365
0.125719686707436
0.1455040507882
0.130043481354505
0.126259066316819
0.152011141103115
0.124298109461685
0.141107530651834
0.130711310666695
0.13367879075781
0.139388896508605
0.131632386514394
0.0894496578585015
0.11580861253081
0.175840198404664
0.0945815260356065
0.112919249217761
0.102672422878347
0.116728212442491
0.166861811042757
0.147577907317344
0.09350115183873
0.171801103539793
0.12877237237385
0.10498631730886
0.120462607403181
0.108423990043321
0.125359824450094
0.151751752896995
0.116974738284608
0.165165461925898
0.110182082908261
0.0860804453533522
0.126185248085048
0.105422960848804
0.132659545836772
0.0766320864123186
0.125733125962153
0.115701296199114
0.091007062065813
0.0860697547235453
0.138850067582014
0.152088750114801
0.0960776866659715
0.0903284307192085
0.166919183809323
0.192187282123454
0.144048060375763
0.12003129296719
0.118756586303854
0.0784880041241974
0.12097446423646
0.148504799068689
0.132186367193168
0.096193874700634
0.113234151610848
0.122178214711767
0.0834260252361153
0.171053012008204
0.14706739809179
0.130615625722091
0.141595488337797
0.117658001947967
0.148661243787478
0.136220406561796
0.115361185493696
0.161078389567437
0.139323738600774
0.112469667324116
0.150251533608354
0.148222204755466
0.145351066125864
0.132221238774692
0.0961794548318553
0.137390901692937
0.146677206867032
0.170552157372055
0.103596753064964
0.15903636097598
0.133250692885694
0.102353846130325
0.166608548514082
0.188185235262834
0.0988557705087014
0.159013504323405
0.151250514631045
0.0785566850895062
0.0962607009276222
0.148245125922178
0.162536679423285
0.108940194288465
0.0971636294882091
0.125443212645751
0.116596586175764
0.10875933215098
0.143089082216693
0.0935839539909694
0.139770252378886
0.107626223326492
0.156561633226174
0.182535077486359
0.148426890969345
0.116259263224625
0.143132855184259
0.142324719334365
0.122820770020415
0.0910340675986319
0.0950950938021946
0.0843281175385311
0.153054770816069
0.145049806548144
0.140842550926232
0.156445953604877
0.182304822154701
0.11662260027485
0.107907008898334
0.147966535886974
0.11217156183155
0.0822169105383728
0.0967169599308392
0.123301817199938
0.126407206921891
0.16810886725269
0.139405716075029
0.119945808275362
0.154908051626365
0.151486865559929
0.106277661470269
0.0978295842155242
0.134532988074491
0.126757339812527
0.086010502445877
0.0908863511219545
0.155717423024549
0.135010554249269
0.134728265890674
0.0859347547153378
0.129024973509475
0.16197400652908
0.130815741405514
0.141200136049072
0.128615211628193
0.114444034659733
0.119877925249795
0.156953408120703
0.0907187972755042
0.147540469521858
0.118599577649642
0.188170325903872
0.118619123357417
0.0970421396680723
0.151654966370424
0.123866448572778
0.126500035600029
0.135051013113365
0.127400935907514
0.0959115087629025
0.172943166993144
0.117721490346033
0.103377320679585
0.0812127612950084
0.140455167788403
0.162867059431603
0.148791314780488
0.1299759800564
0.138882000675186
0.130597896913666
0.114985746815406
0.085399909825486
0.100483991046359
0.125706951391825
0.132938841474186
0.142154650685833
0.129952782060801
0.130768644543972
0.12301596885003
0.147978154405956
0.13551139419744
0.124171117236668
0.121244601607963
0.136010133916041
0.179721676798421
0.160414157511679
0.109965733415814
0.118376382575724
0.146356935734297
0.135602003728709
0.132568165570431
0.120303991668371
0.144159706893644
0.0980556102475681
0.151921383774663
0.127874846551023
0.130556133988216
0.0995976839572394
0.115030158432747
0.139515037564998
0.145668076273867
0.115916490535311
0.0863531291723268
0.167405222828748
0.175543416333438
0.129128041054573
0.113641136664156
0.108650211662369
0.109742331672039
0.107965442725542
0.134111075156677
0.127131443177926
0.107802398674185
0.103143360139848
0.146043534791521
0.11815250716344
0.185393033554708
0.135862661520714
0.105609477311961
0.121464206112848
0.13918572544776
0.173559640700897
0.109290668671525
0.126456359994886
0.123996016320696
0.0783055981889827
0.109602511608935
0.150712719671397
0.148224014814926
0.136909420567504
0.111451495610794
0.0912105562389575
0.177658624535846
0.15289710295828
0.14603587672735
0.097088435223343
0.102023442987721
0.113074290684573
0.12245266898825
0.129823074542787
0.148895056493006
0.129354353218843
0.107873694828672
0.141326584026585
0.109265755912254
0.136785305776162
0.131868277557128
0.13977192521096
0.155548096539667
0.133600276412194
0.1494192281487
0.157179040755194
0.117537203788363
0.111630692751534
0.0966010381323397
0.130060321685428
0.125929913671017
0.128331422572536
0.085565309621722
0.118814014917032
0.119149757604219
0.116974394353809
0.128913114959403
0.0736953870134056
0.135048547291045
0.131208962992128
0.15847917794044
0.111589260734958
0.139919677130214
0.1589008338239
0.14097470324617
0.139191721001955
0.0950387694022679
0.145849436956146
0.126832334906546
0.109366977237285
0.167685754083257
0.0942455565449587
0.115841049403044
0.1149244817571
0.124983406330501
0.161306022192155
0.127283689346106
0.125678403239578
0.172167648824066
0.124371118122966
0.0690667102162443
0.13305196711511
0.109798349077918
0.107812210433995
0.121463892049312
0.0802883213826499
0.120744548286002
0.132512060172492
0.147638555979551
0.139847959251341
0.135178935156242
0.153097472902303
0.115040429109556
0.134285305299398
0.122425399263621
0.121939612679651
0.1143295142149
0.123801020750751
0.109229915706866
0.134935664830878
0.152004875358699
0.141521453705087
0.101751565240842
0.0885254942958559
0.138380304929668
0.117532617104145
0.112622348963768
0.11343312154596
0.175405430765907
0.1288964855105
0.179239539483527
0.13555322528301
0.102569232092436
0.152133862766747
0.132887375942556
0.130627683136148
0.0923720677827647
0.13361884731254
0.151563238916229
0.129176801088123
0.150924932587737
0.122137002600217
0.132124746264085
0.125370505409228
0.1095086046394
0.145432463304815
0.126817967620974
0.102022830634996
0.136229375772578
0.13923118521892
0.189099081278424
0.120550658180098
0.131455923098376
0.0902763181390632
0.130923677234389
0.145651425684708
0.0983772268198795
0.154425110590622
0.110240521681228
0.195276863363228
