0.17
0.137034304729286
0.152909392878858
0.157018776527401
0.148877823470097
0.168187788193518
0.184079885282521
0.178014762055067
0.191824598961339
0.220757357538332
0.112034979862351
0.138277203990387
0.161468496819268
0.196053123983268
0.210765303651864
0.166162370452461
0.235203199341292
0.188141273997529
0.169378954468573
0.211390517705821
0.220419421757916
0.223554021284438
0.192583589373428
0.210452935011222
0.18174264876018
0.202443511157182
0.200219747592201
0.19826574700102
0.213343239676799
0.155849783568032
0.195622690069651
0.149220704634045
0.185337917556582
0.181006534729007
0.184065917483338
0.224374703361229
0.144141219843445
0.169394180236939
0.182201592098658
0.170332131523447
0.134374978604832
0.192268746332437
0.191582788700377
0.18583340197767
0.171494096255471
0.207786265869251
0.171184778066654
0.112771436530102
0.185423744026305
0.187747869534046
0.199607437567568
0.176922366819523
0.164212771345488
0.151788985972589
0.153144783119743
0.128654667908412
0.194215782381825
0.155461018638492
0.186050597171097
0.174822058394798
0.175749719544204
0.147765734764942
0.139313965923513
0.178185496975852
0.184226418882249
0.161794641756711
0.13642594860454
0.182882489872545
0.144844667008926
0.108690814859115
0.126001783205908
0.1467770003287
0.166777279943689
0.177482573532281
0.184441323267421
0.188412679318418
0.191648664506665
0.169714675581864
0.190143899235445
0.161998452194214
0.149554724309972
0.134517448192826
0.116584902755476
0.218547579904205
0.163050577218757
0.219922654848006
0.196438978629234
0.201905752271331
0.175512514152063
0.199607523526343
0.184916400288053
0.223683871551122
0.170938910112956
0.234469935632183
0.120383447152106
0.131396104114699
0.159122653326891
0.152624680316714
0.203662948179013
0.223587747702842
0.177981247214708
0.215066242888034
0.138579592203953
0.21014001268835
0.169998362541012
0.207383065251027
0.178860617590491
0.171931995360469
0.152564329571712
0.167689914234717
0.170641227377111
0.160843341031132
0.167475338182191
0.179188739108714
0.0999692754118271
0.165366707130479
0.111259244119103
0.180593135462318
0.142248782149859
0.193950891643421
0.111952261586251
0.117694487668057
0.122838292737732
0.179986008896898
0.232360435962795
0.215245046484324
0.194194139504539
0.181980384071146
0.192516154253349
0.201628196488911
0.218181634958418
0.214117234036636
0.20966618972751
0.212780917611189
0.207922631892316
0.236467393104921
0.16789957125752
0.262117426462116
0.196267401481338
0.19914971967383
0.20820477507656
0.178732326170644
0.159598440260717
0.241824194323553
0.233232727620416
0.205275874855689
0.207475231686154
0.171952303524962
0.202243881495478
0.168283568645021
0.212143174858618
0.16308511761103
0.217075584968946
0.18841991531718
0.164941793513473
0.226745949967216
0.260255730945951
0.218955638564209
0.156857823372061
0.148478833137862
0.165252961534296
0.161170189087604
0.111310202403203
0.19822483334163
0.165092675231102
0.204420298576145
0.163998849669848
0.174783335996971
0.181447865764779
0.148508106042148
0.156139197457173
0.120032812700075
0.134799971404535
0.138002581756316
0.190493473530833
0.165867789650487
0.179362190272171
0.190051501349826
0.171564713229012
0.182486124431423
0.147301233070446
0.165036863639427
0.152581224848923
0.184935603194307
0.155620398149721
0.15548449520059
0.155619439189733
0.151314672611253
0.174070913693703
0.196145574602268
0.209044260609571
0.187869265109327
0.154734838233793
0.216421991792745
0.144178584586162
0.180131005039389
0.187586409350278
0.17850734848039
0.212291994451113
0.152582064796695
0.165794462337562
0.180819924792458
0.204455437510165
0.195281649937154
0.166603948759407
0.195193799684673
0.152759148127025
0.188079078749707
0.142582858169018
0.186533265271632
0.174945489402886
0.143625125384701
0.126379267650616
0.178258022182565
0.151193735227548
0.133017789969921
0.135423839020524
0.182314369067481
0.174245773210787
0.145780589026531
0.197235418327716
0.178969982450962
0.181102738377668
0.151662875917667
0.156958563561224
0.131972808838915
0.185267643959152
0.18625272786128
0.152622627856977
0.166473540421127
0.213996825586465
0.193923187118868
0.192224701309826
0.145810845392188
0.144046436607864
0.178054690685961
0.164921664720286
0.128507524720284
0.173207258795878
0.139499793262111
0.18909829802501
0.145036995052653
0.156014341883345
0.161152768988126
0.163363517016147
0.138052255497128
0.121362236860894
0.181454023311484
0.117272197386492
0.170844957354946
0.217113865059588
0.148963331200715
0.134357739689107
0.127934884274089
0.183126116382554
0.135119532832803
0.13795535620912
0.214680042360443
0.189466531501395
0.207705299614843
0.179369765764778
0.217209257944928
0.218459504141794
0.191495711972235
0.188530624791058
0.153354218337945
0.15562827144938
0.145246779047284
0.171909671023987
0.155633070345485
0.18568105770154
0.169315086653058
0.18278662342731
0.191902798286393
0.166255322222968
0.173735532357526
0.192652883973036
0.1871152927555
0.189028959933691
0.157879522222519
0.181197282936177
0.166298900562633
0.168550795736053
0.184040561705887
0.150562549277671
0.155408194587436
0.136374940737486
0.177910002571084
0.125928016132283
0.143186477533474
0.126692749978648
0.124828177569903
0.138830061901592
0.142289288625696
0.203307669533075
0.164505797184314
0.150917368109292
0.171120358990736
0.136521009403845
0.172167282582088
0.222168379234237
0.231877907513863
0.192887828398518
0.165471965268354
0.176845406805216
0.229488153784023
0.121452465553752
0.183092658170401
0.176984133616205
0.142798010919302
0.17527821619935
0.245207711632956
0.20801407812169
0.200297481349638
0.151104228353606
0.157013448316153
0.181053596399117
0.144722367721563
0.197751355765889
0.175184429185756
0.147922844295242
0.198383762375942
0.155893366633912
0.147123568368917
0.137068394353283
0.116665276918054
0.119154133095364
0.141873729026099
0.134907068672497
0.154993139896336
0.189233134060676
0.235094890732769
0.168788406033686
0.174081796623369
0.153557138463786
0.165020195488832
0.185037624741944
0.163425303751624
0.129033809452195
0.14816326661948
0.193842743832643
0.148636693542993
0.198472106527797
0.167946723473846
0.219418292563864
0.182366495952212
0.174400480910857
0.169704006835283
0.198283214876297
0.17971266413853
0.163135032184381
0.179450178381195
0.21633609052245
0.170928216457576
0.160961443297073
0.124728823497286
0.165966403706264
0.158045400930529
0.172486808220827
0.203050747671851
0.127922494348799
0.205878393732922
0.221173258386292
0.206031219505237
0.188097905172391
0.172714739962366
0.19914599657707
0.201118779480502
0.147375768417012
0.208396328503575
0.185894366922923
0.207153550942295
0.227118926542624
0.196187380514427
0.175408346171936
0.14789915791914
0.206081214697557
0.170536686177832
0.215141960647375
0.213035530387047
0.193815775545124
0.178176163576352
0.245745649807115
0.197704081677486
0.205482344058636
0.231159177298322
0.138311036165933
0.222207803554802
0.237020012483252
0.166113966391538
0.172730433652306
0.190300191227657
0.174988627686379
0.22370482078276
0.210244702014806
0.166407448148509
0.214722574037865
0.209132646189535
0.190810746319081
0.179287403168303
0.183052170698508
0.137587009864954
0.208300155412908
0.194557737630658
0.191867213850404
0.200405999551941
0.198118550981687
0.199120444385155
0.183744582950717
0.196445823999398
0.227719757547532
0.198909769302356
0.202123612523364
0.174787017695302
0.204131129932421
0.163603263066955
0.196289600256717
0.154422986133615
0.180229337486402
0.170725194292306
0.164782913526911
0.145881898257729
0.124061221908021
0.194827728093506
0.163056482592777
0.138244146449919
0.200244165305928
0.190303472814719
0.195733904390114
0.212181254998199
0.182981283961547
0.183198304029889
0.187667023686715
0.189150703994813
0.219633934950024
0.194344811400426
0.176825568202546
0.176586898873311
0.175497418216912
0.189787928342804
0.191150799866643
0.20736325904189
0.207016658281162
0.141720363600103
0.206504916845576
0.194514405351799
0.170836842352924
0.181826844855817
0.175854857485031
0.198648944228485
0.204168483389584
0.208904269180709
0.152055804070552
0.226812973195526
0.174641509439173
0.178371450266448
0.167826621852444
0.187005581583259
0.174830379928155
0.159733047409815
0.206175734303923
0.151732407786397
0.138153343285037
0.172285054797327
0.179971147904252
0.166863808548498
0.208838791706102
0.209950303614945
0.197515034274802
0.141587543051729
0.197101692121014
0.215591519180026
0.217735276972321
0.19637370756874
0.258138842155475
0.179502075398399
0.199415576395485
0.199593047537682
0.160335056962164
0.184966338931173
0.140274835796177
0.18151807014961
0.153801036924739
0.128229906814017
0.110720224456019
0.119815091188441
0.169421963306535
0.161750961363767
0.194491482783811
0.189691072886767
0.207900545323401
0.228069256109258
0.225020472527377
0.240573138250268
0.214039139759369
0.174846696227097
0.158543774734748
0.181927900468005
0.210049029484936
0.159341921864436
0.187307896646145
0.226591943979554
0.19521493121312
0.172615547946118
0.205066843677944
0.22481738799327
0.184451867653638
0.177939448112902
0.162933036715125
0.171376156343511
0.127582292685025
0.183287424777134
0.140087049394245
0.151095886537418
0.151883664271167
0.159766319910976
0.151030133184757
0.170464547274811
0.195649055814062
0.16759807082853
0.175932020462681
0.198369612634101
0.208115254129448
0.183987651951634
0.17174635902355
0.205987098792966
0.176150758338731
0.230141386270869
0.205873394253704
0.155257097544929
0.207258145065915
0.180912450172654
0.188837806080556
0.141908312307604
0.159485326592462
0.123641616303572
0.168878002826279
0.175613097720221
0.179812294461574
0.175752990168153
0.137105106370265
0.131670243412239
0.158584190092025
0.195186144945043
0.195566946941563
0.218811030717299
0.195184276035446
0.185289312146589
0.192423847576561
0.196192985492548
0.148638320284221
0.19656500432116
0.164980250165782
0.142570639956158
0.129701774159157
0.16379257144454
0.161991644400024
0.157054039578763
0.197734720921302
0.18925271449074
0.197316431351705
0.172236174897156
0.162820859777577
0.22149562312244
0.196581916591866
0.175458148417771
0.207098388982369
0.136478081903943
0.194740011667672
0.175510246557265
0.198282039225776
0.158691541184228
0.153469078278994
0.135286741098797
0.162144377754302
0.157576403897024
0.122835249176682
0.144854700404014
0.191917579908921
0.172596756906866
0.16238513424428
0.161130086678768
0.179895280932952
0.190451401939754
0.172676074557878
0.20528481587942
0.246236680505319
0.182582666825187
0.191822166507929
0.196353849946736
0.152286019721434
0.159381106472673
0.150251267554919
0.230011925203288
0.193388403284964
0.204215931201632
0.193959319814756
0.190890369482463
0.186861432422605
0.191948125690956
0.133833548814358
0.174531400470583
0.182605159618323
0.204142402903529
0.174600931927979
0.178203755003422
0.19664439611995
0.1212605061304
0.151060551723157
0.131618555399111
0.141883435912156
0.166622855769862
0.164416160941289
0.204142325514365
0.152892368955389
0.20069475174362
0.173596342100702
0.186817680831336
0.21670917700333
0.202822455341491
0.173371275697519
0.200014883828694
0.179088228275798
0.14079841347978
0.190483765973937
0.184853376161038
0.177401224398084
0.187523812904938
0.144697914487574
0.199918921609133
0.150056260934166
0.180375637800724
0.15106918622846
0.172443688763051
0.174188935057964
0.147398382820809
0.138538584275527
0.168507667442364
0.192198605794716
0.226551858294219
0.186810820942203
0.204047765117824
0.155784594907032
0.124471688591731
0.1337439592291
0.151796714473672
0.166195806959009
0.143236394760491
0.140657881685974
0.131890578967933
0.176154656688788
0.198850583887251
0.14366968501393
0.163975679891458
0.155149587485147
0.203744883882292
0.220130636718254
0.180451589571292
0.177587101520419
0.207640809332947
0.222561190134406
0.222000324357991
0.201412315021033
0.187292206910182
0.252918861356454
0.199205992848848
0.184283420814898
0.218009395196132
0.215314300247545
0.1912716152758
0.246334975201731
0.174648078169596
0.22871744404958
0.237294942898133
0.203830785944467
0.19112612260595
0.188956925617904
0.224529926209517
0.1960001788488
0.204837818559684
0.253299616281818
0.168732328806459
0.251893466556423
0.171172016394005
0.170319139089347
0.183048850840735
0.223166773547097
0.203041880953548
0.238819888343246
0.205169880166484
0.234443675658434
0.196859575699053
0.199505928238756
0.197863600300634
0.157425269912228
0.206601740760921
0.208640789399658
0.211121503049108
0.236033056883963
0.196077465770166
0.188855583857797
0.211352987368175
0.173186420331096
0.225121682818289
0.207845197313923
0.22767585903666
0.207421310006229
0.233701293381492
0.180963490976662
0.206244050700251
0.207295956902928
0.18367981502658
0.170890426955677
0.133498204087934
0.171431055873137
0.190787068997011
0.168486888060028
0.156254966092661
0.237613020561847
0.218822713451841
0.142226423294244
0.169650270228407
0.188569518245416
0.161841908056748
0.191174194249083
0.208750408849629
0.168526832657133
0.178433574130893
0.183944777626874
0.196434278176635
0.194723306732884
0.183164671343331
0.135520655495431
0.16123659942673
0.163691744990698
0.204725880184973
0.199156902170315
0.192475035728531
0.169486852422611
0.201524615904689
0.15164070069117
0.219091123075684
0.158760764385793
0.2383226869671
0.21011497300124
0.173336493514671
0.171106383645541
0.166640837113112
0.200688644177151
0.138241665817894
0.18793858873008
0.158665163537441
0.13774624976004
0.217431637317613
0.188689723000724
0.153955471669491
0.226435806628088
0.191243846552687
0.168442586041347
0.162235556120491
0.114992564179405
0.204991617924574
0.196464837253714
0.177816246413003
0.162401699119852
0.231611575372754
0.192925230203964
0.177635055296579
0.138668069180076
0.168521741790117
0.136096697723795
0.139538966152492
0.166839187660898
0.181591245165059
0.137524462189257
0.177068274040892
0.18846970902412
0.197335914800224
0.182156088470795
0.177118282899584
0.125150838185852
0.159262930199065
0.140387599297212
0.15016383671972
0.148747763763005
0.11388040089763
0.12673663520415
0.168515364053166
0.135584302871231
0.180755084604555
0.172561280612913
0.180780300059292
0.208838542665666
0.162590353156536
0.1885815858989
0.147360065118588
0.150180334477509
0.154136974020451
0.15427840256844
0.144483911245849
0.134253444428488
0.152889286752681
0.152983442021466
0.216212229181195
0.209162658933764
0.238685046595525
0.196019883429338
0.256789699753527
0.206842768426487
0.194491553120439
0.160509114470602
0.198795580682752
0.21366139805607
0.18496528975362
0.217048160040719
0.135766171503989
0.160261461392764
0.159560205911477
0.0900680505035937
0.168220965071407
0.153333313964861
0.165903476156066
0.16448349529682
0.196105271922715
0.243575625701237
0.215237219032433
0.172208786330753
0.202105384440077
0.157521859217841
0.154356627682746
0.136139374583544
0.192611169676213
0.197462451545294
0.241195756177072
0.16527524736453
0.214722860496422
0.182585566245377
0.149847803357898
0.146628798903795
0.176076201499468
0.121711083829259
0.133644453194132
0.091967038267531
0.139648638222158
0.151442493210402
0.152951884790358
0.112569190993779
0.110582282072492
0.139045871038407
0.156836771970435
0.153793126598897
0.123236949649569
0.159775078058326
0.178265870232994
0.138054726538006
0.13771761586666
0.126996784914177
0.228668501444591
0.146617674568557
0.198308689912615
0.158954277998614
0.210191950256124
0.205450040054637
0.18466783849678
0.192429730749805
0.182436446591898
0.140090913204505
0.131469026550183
0.159081784803851
0.197497257733037
0.170823786728252
0.163229801191809
0.230086287079301
0.138678712330999
0.201295153519296
0.146068636453538
0.148622372437707
0.136067499977917
0.160647156140018
0.121577996526003
0.144186892212259
0.162825610709716
0.16940476929754
0.137001974004012
0.164664924729974
0.149721676221237
0.167114781678317
0.176414588790352
0.219259326963542
0.1723993214722
0.214363008093703
0.245519147546178
0.146335066012975
0.187708393138447
0.174354216987884
0.201814530529339
0.156043297761432
0.142643674429089
0.137640908574278
0.15491688381482
0.187502478706224
0.214422297053523
0.204103233035549
0.157652424204321
0.118179244163054
0.147387675976562
0.170298963596757
0.146869877405679
0.183385948045093
0.143999039196234
0.174575259594182
0.225720639431783
0.158780426223158
0.187029261024775
0.171062535916198
0.162295057270595
0.158244967601445
0.112856986175849
0.154318679108352
0.147594322346211
0.17936968101128
0.153852571589924
0.175068930869225
0.172916257058441
0.204082845398365
0.197067983128255
0.148042474892374
0.171978887334024
0.13631352621998
0.179646804638365
0.186168705103204
0.142166784561566
0.192140490613242
0.161559545490941
0.163532867863997
0.114814788124922
0.153211629181891
0.147401589528856
0.162671653831808
0.146933697419164
0.142192795792745
0.146764021421088
0.203391255874558
0.206286897232469
0.131441967879675
0.139406790428249
0.120730240336408
0.188443737494912
0.20135010171906
0.190982249422721
0.152695999785087
0.175624466595618
0.124872995076909
0.179082571187579
0.157402157200695
0.234223997252531
0.167576991133587
0.179578145743979
0.22069683619672
0.177519428417918
0.157208953889157
0.17976755603872
0.149158048919691
0.1751315169305
0.183519089976858
0.164712545028595
0.162159189504784
0.159881921367642
0.140386165796179
0.181791997696398
0.162183601751991
0.163643023678277
0.200377839070436
0.157779652407365
0.155834498194248
0.166841103267998
0.185714759838608
0.14941039282526
0.204301912617615
0.186816075548319
0.198640598082826
0.201343799911648
0.151897658581764
0.195277549519434
0.191236941768808
0.200007304576769
0.185454460026837
0.191223355352043
0.123675431790409
0.132652688981648
0.132647312378852
0.204540889222359
0.187225955195066
0.174620533167381
0.152502262778563
0.174165296573569
0.186494982576484
0.157160641704427
0.203872402546768
0.195041232561509
0.176533504312678
0.140440321719164
0.2126639320486
0.165708529347688
0.218918489863735
0.17827255659028
0.184934720955114
0.143300081997586
0.170352773005363
0.172000848703278
0.148248152632472
0.15944597400379
0.186007567269369
0.182835194687075
0.163620130061289
0.171544766559411
0.138130612249189
0.166160649883725
0.107934084826037
0.167290819109135
0.164007637318013
0.161441206831639
0.101266466718753
0.168124115539694
0.1207044298857
0.205013753493038
0.212009612825835
0.187418658586284
0.217591340032997
0.149325754137223
0.155335294115808
0.1652246537772
0.221621571523708
0.212172669688183
0.145621265394788
0.158958224131385
0.176198197685075
0.225946740911681
0.142525444693945
0.143534836417566
0.152004238809133
0.17589537330582
0.219833661950684
0.189397509217288
0.203826988236928
0.206818116395769
0.161703933623397
0.22537332696115
0.148412957319605
0.149607761471936
0.19886080900666
0.134069933085398
0.246481130431693
0.162474636290789
0.125770226605935
0.160929664440555
0.183930263021326
0.196248517274657
0.197995670205275
0.173965239615676
0.19944688900887
0.219017203688847
0.213682743599728
0.193432594565064
0.207942126660063
0.228905899284933
0.232888681562264
0.213670975068578
0.175436506009457
0.213971049170493
0.21952909597179
0.225230405793811
0.188255729080152
0.127861328638106
0.165334824741728
0.148332066443705
0.212365012640389
0.247306626206661
0.229574946630942
0.211830249766832
0.205894657584876
0.173385747093142
0.25495455279214
0.173384949569288
0.137873332299066
0.16161227024292
0.143282992752635
0.159632247372039
0.165449068795688
0.206888028594839
0.191460152284287
0.189118230053861
0.219832300348688
0.234790792853033
0.228222197961994
0.213207849576141
0.200900117390453
0.204503482976719
0.241438878808158
0.215808722304352
0.183147515381983
0.252327541649309
0.186292896657674
0.191906766666499
0.202876279231496
0.24138962733927
0.256277931207442
0.202885425722884
0.20293541217973
0.172883464614608
0.186781857080133
0.194699724215756
0.169641972602195
0.141453156490017
0.141966550588739
0.147660689396389
0.141210900460913
0.173004249836632
0.235422378046251
0.228490040828727
0.203857447394794
0.173461293506933
0.174003085871834
0.177597916675644
0.177030657354455
0.192490582190135
0.175787608960643
0.187363376393849
0.198775007946713
0.178210520319191
0.202806424228738
0.187961387159072
0.211699258952022
0.209025171288783
0.228039111747134
0.163880457083135
0.186361629990866
0.143992940008946
0.14724887567594
0.144152681614906
0.202075923844379
0.217465497827239
0.132640317429407
0.190033404758019
0.166728797202151
0.227096170679111
0.201495324424716
0.197112300585463
0.139888181914564
0.160857222862274
0.189354849547041
0.172762966912155
0.211511553687232
0.16700427275551
0.166231824305794
0.245091472275743
0.196967069437845
0.191573408158704
0.186262907460323
0.170909253148626
0.12201002091866
0.106466989241549
0.168301215028054
0.157883850545652
0.125856700567759
0.13112429067631
0.18702763674321
0.155029673166225
0.220469946525191
0.192615106535028
0.229970215842948
0.153394746750234
0.132497678548961
0.146396751162536
0.182982875263717
0.164159357029542
0.199022146092131
0.155127402887875
0.151718117937081
0.0949944984210988
0.154568842960273
0.151028488166686
0.171799929915316
0.192673169471722
0.158507179063271
0.195698368175818
0.2187516116682
0.152244019727401
0.243166939325956
0.199935941143404
0.221822216152057
0.185878628858864
0.181291774132712
0.178858076624294
0.168379858963557
0.176875660894812
0.187123614822773
0.182274038424174
0.220724141002978
0.218129109972842
0.199758477563373
0.188962036052745
0.197114561009765
0.194735300073443
0.148012135326879
0.131366833063306
0.212807290598659
0.130282496307648
0.201774009506982
0.129966525206013
0.193225241641796
0.164947478117199
0.188928692073764
0.169490637048318
0.192359366613651
0.144042233947604
0.154758722452865
0.188892756014423
0.148533326234416
0.15661335738095
0.161691989540958
0.15376900404695
0.12639406138361
0.173183360820393
0.157966517264289
0.122093517934089
0.155875902892843
0.18948580118046
0.172066348564134
0.172673501701784
0.182850369574821
0.162756598481674
0.139093133950598
0.153545427697064
0.207269592472009
0.161394868923028
0.164221700946076
0.127835861105509
0.188955362946535
0.177550631463363
0.176073923087767
0.157896642743242
0.186506931530939
0.192061370675059
0.169336797067035
0.131405198168535
0.174724994642725
0.223738589202709
0.188218065298049
0.145955130513028
0.169196037604102
0.191205572649429
0.210095422856147
0.237380241400192
0.171457149203454
0.230844878303912
0.21697338997628
0.256494895384157
0.200676833868916
0.182955541477242
0.164978439167335
0.170555225249029
0.191188150371037
0.162130930139726
0.176193783275553
0.209290391456119
0.17476083441672
0.138369849314784
0.161549973348034
0.142561271548931
0.155288091349547
0.118880647869107
0.180912692712259
0.139021228675502
0.18154978270365
0.173343051642109
0.21027069576973
0.174742596611624
0.211266903554256
0.217283468546001
0.188430394763511
0.168709862530941
0.141977677602394
0.140324585256376
0.145930294459906
0.154282222227648
0.212523202018067
0.169949275911436
0.148887174161027
0.182495088767001
0.17254771389748
0.227336195901072
0.172047174938915
0.169184285092504
0.193990107086827
0.194815726598078
0.15300525336858
0.151168983886045
0.223015631850635
0.172095166858782
0.176256329535022
0.170580985778161
0.206306627582657
0.126165162419234
0.145121015082075
0.161019372661964
0.118146470215041
0.229812922698476
0.195304707709253
0.210423292038198
0.214819032927933
0.2197406634299
0.211507964886628
0.22648919107812
0.223320505497721
0.215089058341057
0.244575646321495
0.212823391316323
0.207736153896746
0.181998788158742
0.259842497402568
0.159670863479361
0.17311240481352
0.148785617061306
0.161188140457275
0.112113471572945
0.149025051257096
0.238432980054594
0.202286740746584
0.190192620871596
0.208334439213047
0.193118776485517
0.17287905082114
0.159756684514141
0.160712942006751
0.191336553638863
0.199174441908139
0.151536341608504
0.180617208357982
0.199471856300963
0.233141385132225
0.184651939466359
0.184023652222316
0.152824702643388
0.179023320874536
0.18904575930555
0.160163869485157
0.210526500215424
0.170171713726405
0.165973698454054
0.203168098891218
0.208468615158325
0.195690686707402
0.178303300140463
0.102287756271275
0.137993651515582
0.137900352289972
0.158540727235009
0.167871279537527
0.123005698104661
0.141495789272663
0.176158985805913
0.143929205683159
0.183285982349388
0.154900220321706
0.159331838715195
0.227621514474957
0.171509210238945
0.173399880038227
0.207255803674743
0.155546145189157
0.13087137443906
0.15080248684664
0.17039498926716
0.175455948494009
0.177928125123674
0.16323835402004
0.166846999011003
0.134655516780012
0.11734265042017
0.134823649686042
0.144776947759252
0.172057612073153
0.159938463558958
0.157300277602173
0.137572984754406
0.176511843053146
0.220300596665655
0.130256626024479
0.143426467289389
0.204372648313161
0.191434657288067
0.12991306237041
0.137311474008592
0.16793307819858
0.206522866044316
0.161380681917051
0.1801724736316
0.272998583845567
0.161155686342655
0.163417198141574
0.181994587009262
0.170216878554942
0.1712215353606
0.187578763948333
0.188174402504575
0.171203660645291
0.226113965748561
0.187786634038983
0.182762281804258
0.179571569346022
0.18006373395612
0.151213941222714
0.142806807023312
0.18360477155536
0.161166807467105
0.168680504545321
0.162840110953887
0.169340490726572
0.187174786185526
0.200520862729371
0.166565120838296
0.181452627525982
0.218431978754881
0.257790132012135
0.232515837166495
0.197152181986828
0.16995964622252
0.174785963636595
0.190608652736292
0.227719038902912
0.191632307239642
0.230483780624463
0.234543456131691
0.179376311660994
0.222808922985659
0.187960697938101
0.196826448086576
0.187414127947512
0.222663042724643
0.240908701621455
0.247424443540788
0.215458189768795
0.133476960594307
0.159248665942223
0.202070409693599
0.189787847769075
0.172659536410745
0.217210283387603
0.196454319720271
0.19480831594746
0.166648576769546
0.156259220938458
0.205414827879699
0.185139078959489
0.197822098068719
0.20747161298708
0.172796637575565
0.142214604088955
0.155695060834849
0.14879837218902
0.117658491875864
0.221795075121287
0.108962194610019
0.196862326708091
0.12071577125173
0.180063036486196
0.158539341538933
0.172211089146537
0.123291048643261
0.160160127155105
0.201575035549154
0.177110045667694
0.205202341524773
0.201127001032662
0.160157321988036
0.137564084120556
0.127201185570815
0.123824900274656
0.225038971161443
0.174724885871422
0.165464488099906
0.129838987209526
0.178225439598646
0.136488410636808
0.131010095515315
0.110137682975331
0.16280568701413
0.111807914207136
0.156269491215418
0.219215653595403
0.191380481328692
0.176645082270401
0.155882877226185
0.196145902130197
0.197705077752892
0.137812892051648
0.138425706839167
0.169276177310308
0.175484998068313
0.171668841382539
0.19002223760714
0.139501571271788
0.136858938491387
0.156605731375169
0.189228878792717
0.152952798649717
0.144798121762029
0.14149841331787
0.170898447429522
0.170050925033259
0.165598170642802
0.167925969886142
0.173245363547481
0.150018975597024
0.164433628204803
0.169079912885719
0.146085207950705
0.139982644995208
0.176881846945377
0.186437921501115
0.177962565869263
0.211669319084498
0.195939974076905
0.182740339174527
0.212192618202142
0.198192559966649
0.23349088268136
0.237952464841997
0.17877229475583
0.196303875676563
0.23978583361514
0.201334593138698
0.175866199340565
0.196341852592229
0.19325025071696
0.239385946590593
0.166196258656979
0.142440305939888
0.138464325844096
0.175723465481495
0.194381910821522
0.210911105700025
0.258134441975353
0.167554264384331
0.213011676673394
0.189272691753898
0.190348276104642
0.162926179537779
0.228758167057671
0.191340906233491
0.205061874135305
0.177998298922975
0.205839647504285
0.195400155108996
0.203149657865989
0.226930497623732
0.185416298159941
0.130686488960861
0.157288819282447
0.202740814522152
0.178075900845244
0.187217011111471
0.160429496908577
0.186667449615836
0.16015957777812
0.186269645553689
0.141718626838458
0.144776735725298
0.137162218338181
0.181983962166097
0.151021138766767
0.227158653253543
0.135114826948441
0.233138590523374
0.201873723823857
0.173539909346029
0.232106632731745
0.142976319112349
0.125234690298014
0.125501297557713
0.131072151811137
0.193086991277051
0.175333948244162
0.180188619732361
0.114384960206869
0.115924030501
0.161338966213913
0.193035736249256
0.167592420417618
0.203941273664142
0.189474464048202
0.16026525227112
0.181407063205974
0.217136782442112
0.145944467605958
0.183123923724951
0.121921164616329
0.165291254353877
0.170455101413748
0.159483004244235
0.218016443059031
0.203902750296057
0.125556213464081
0.1342781201006
0.147822444529683
0.190844157637109
0.136278874068993
0.187324335985592
0.168492000730962
0.136701547859893
0.183176180708345
0.165359030832639
0.182739093374454
0.137686160522246
0.122661843523552
0.197126601310163
0.18088038074488
0.139767864425808
0.149896995920213
0.137302312968507
0.184451404343913
0.17219870231374
0.192254073986442
0.177390294226085
0.163911203357083
0.15865397352012
0.15048176041314
0.171692503857559
0.133817718617084
0.15337114547562
0.152817248472188
0.197325259815815
0.173512880304717
0.197800347009657
0.153630477327405
0.184309690537089
0.228380706659107
0.192685755490661
0.214909438119407
0.195049455364833
0.269614907215707
0.196873847427731
0.223015969713727
0.210972794513066
0.253571227899792
0.190073532320606
0.172772730200565
0.178572119491208
0.134183277200425
0.123024372412026
0.154372822096112
0.117547062304658
0.153636074670891
0.168061390555473
0.187763968717146
0.15523620194676
0.194462655686945
0.176705231264682
0.175243037481988
0.189223146232416
0.19722098621557
0.151959059412988
0.154781940573874
0.196360069800126
0.202994134629209
0.181109482442384
0.195476260606408
0.127227594700602
0.13363238491054
0.149907504006539
0.135101744980437
0.196708886964881
0.169196248496126
0.195923800380508
0.170059204758932
0.197954808333782
0.185860075984862
0.248007954188336
0.213570198694024
0.199876332999274
0.138739826568352
0.12763009041584
0.159412303028061
0.19775713387697
0.174743336558153
0.124575780012302
0.155280267838805
0.155978210092718
0.163105014600595
0.183801560786516
0.157882021232353
0.148224736855745
0.164344763650442
0.189493151099361
0.159741234900516
0.110242235234899
0.149454791321642
0.175980268082618
0.189244422652306
0.149562624739374
0.165556115221098
0.151878617823623
0.185622203749004
0.163992685590261
0.200695305739159
0.180966711058362
0.170771749152092
0.149570866064755
0.221075084692106
0.130943327935545
0.128377689945303
0.165792355638927
0.173138771449855
0.183646338734549
0.175826943805196
0.180795857469494
0.172883293580118
0.225212506352851
0.203232867940886
0.176797480390841
0.203000861265921
0.1491182306257
0.181379812761021
0.173531052953686
0.198999944755979
0.169257700090952
0.156805101000563
0.165676277411831
0.188295002834051
0.161372105344628
0.147687139610614
0.196159266472874
0.179857644513933
0.221023798611572
0.177319680738422
0.151604621399188
0.16883691939194
0.187866943173162
0.187906696864389
0.149186595838031
0.098670253257848
0.165199739953825
0.222198923777662
0.138224843418645
0.217904102341452
0.221474366482864
0.158188668783357
0.19692559694869
0.170466678477984
0.144416984290134
0.143613583071981
0.151053573266692
0.173216123089662
0.141414737207468
0.146790192100024
0.0931891764488437
0.14733560884009
0.137752449163327
0.247878157318836
0.173333168217279
0.152522974098978
0.138536108028885
0.164798965161924
0.152352581543771
0.172899176763098
0.173263086213008
0.199981338780639
0.144041202654683
0.175441498591377
0.183989326664614
0.191249324818979
0.155396098242295
0.160220706532171
0.152892235133279
0.154236007243321
0.145056559779863
0.141284502066342
0.183911041842771
0.145058024901937
0.120788644260899
0.132962052727332
0.137854518329852
0.176542057068162
0.172500006939641
0.128051761843431
0.173506552214405
0.161163837478165
0.181792750461228
0.214793084404477
0.11432812654704
0.129529516872528
0.152867341848879
0.161246734591207
0.215991018887494
0.212255950138492
0.147582890951172
0.161485941192512
0.252703549920978
0.137228808242739
0.132389545697701
0.142870310741316
0.204125609768857
0.171529299737173
0.172672543459974
0.165680275271739
0.1190868726444
0.138546203096415
0.165799083751273
0.12652204581171
0.175829380400582
0.159691000579656
0.144317243466072
0.15555603369235
0.168874347571899
0.195786574387727
0.174402072711603
0.192624639630745
0.179074908166834
0.135756068637872
0.200792180209115
0.179771999124248
0.203549037360696
0.179132433834832
0.162314674468029
0.201294647138743
0.134560000736799
0.1824903956083
0.145752705511337
0.161057383461609
0.182749872337628
0.16535492146941
0.156047910248426
0.197286697952248
0.0993098694367021
0.164571304493093
0.148698655412162
0.155561749302683
0.168403892471475
0.152585155908119
0.167228979819969
0.118847182302789
0.155005446746988
0.152895141108558
0.153478021625649
0.165122353578183
0.166009684463378
0.203452299009692
0.205090162248045
0.186344995367496
0.18557607805189
0.192372852813178
0.188961015596324
0.185633231327079
0.222832168671279
0.254012561016527
0.230222609326923
0.213432233131816
0.215026018327955
0.174256317187287
0.159202871814311
0.182859783931083
0.138839200393962
0.149535567152787
0.172570078604209
0.204333092662336
0.172597520744672
0.158486351663574
0.202296078777545
0.199001330785251
0.200427524408614
0.194274119545382
0.142738635286115
0.195963182668571
0.141186816619644
0.143073599500706
0.148774029604651
0.179393821947735
0.165187702554099
0.186239012584119
0.158430888128922
0.143248504385145
0.154766071361869
0.153607119466822
0.195218782147592
0.179597858012467
0.161421630133276
0.146874005237492
0.138892848769807
0.200173854105988
0.167162072952786
0.181201100830674
0.16366431285482
0.194435497843955
0.227060716755746
0.202974934013596
0.228241046164659
0.208092770215308
0.146609221928835
0.13893624694786
0.162073779907192
0.194278167466025
0.172445637701155
0.140809118989993
0.158975783144566
0.154492919477646
0.172857484619772
0.161942105330377
0.18322697598311
0.152105161894096
0.178271645355323
0.19462640497529
0.234441696299383
0.215841101656555
0.164980405297187
0.195853555100253
0.211741227726065
0.188550562458658
0.201235024624
0.191718865444987
0.182343709068931
0.177539388189502
0.180422538857917
0.149658676765293
0.186289382717864
0.160229683878268
0.186834335365328
0.188005819102847
0.205360980662966
0.211504749607836
0.216115076281349
0.236414515486951
0.18490791153151
0.216886815960284
0.161001368936941
0.143480335651135
0.211623020749472
0.189314510572385
0.163368540646421
0.143051067422358
0.166510900433556
0.148972224005452
0.175939041272864
0.139854948623559
0.165867257870289
0.167330420965228
0.216262249638496
0.170959912388604
0.186094371791037
0.155578919652202
0.15387021457644
0.154119994145613
0.131737749378472
0.159779538957651
0.128825708960187
0.157514948589993
0.120300560252869
0.140680165015016
0.182581539721319
0.189568157009126
0.21039988636817
0.20492786820766
0.157906184018865
0.184563144002647
0.132101656909033
0.150482308432957
0.133464601804123
0.146483404130825
0.185874358410413
0.239522792864366
0.225729214491757
0.203338939169567
0.161730899622091
0.147898926014786
0.193407238692416
0.227704272752685
0.233828025305382
0.197727191236299
0.139406381039655
0.175663430717342
0.231051669893588
0.224366316973611
0.185289218125171
0.133102871254227
0.177459327290892
0.198375450395541
0.214955823911364
0.198227845083014
0.15408327478972
0.192954864115453
0.17841021908587
0.181378710842192
0.207073178160863
0.178450851684671
0.169482121446212
0.146444918863929
0.164139733839338
0.182216350459566
0.220622528282729
0.163790657619709
0.162331168278232
0.177085281047366
0.16613104799807
0.164022757965761
0.197780518361418
0.142779375222729
0.118332747858045
0.150505991168434
0.138396410444109
0.158545858143877
0.15562325446593
0.143088374048918
0.17596811262381
0.172594353838448
0.154839733905872
0.187667722867636
0.168636184073952
0.18881213013221
0.187623650593022
0.147705441865598
0.145542962370242
0.148326158979724
0.157428559056553
0.153453374011319
0.18568163064361
0.173884486711189
0.145082414846948
0.146380796848193
0.106621821357526
0.176369211619437
0.11540759396749
0.121097759491615
0.139765430017572
0.187096789250567
0.176294639518206
0.204698078362123
0.187719573887137
0.168017807179895
0.216947191276183
0.193389880941639
0.18963707176335
0.227256520735751
0.233005226663873
0.176441290962277
0.17890512212023
0.167189076136624
0.238333474618728
0.232885159007757
0.191499803700773
0.169230327844949
0.17510894966684
0.164148618962582
0.170058995013875
0.193267765519797
0.160775739370783
0.210694122713421
0.193903765656014
0.192034392338931
0.173494821284015
0.191310511483836
0.197834657667881
0.141676525309027
0.159326036962378
0.198692595982116
0.160691160420868
0.184549929675445
0.184902858627539
