1.65
1.4666984573096
2.20747731389917
1.92374563310642
1.87269609478856
1.3597664725098
2.45866835858387
2.44564773781012
1.24794975104345
1.1488069155965
2.39152591769524
1.93078816308071
1.67078324001254
1.8171666626015
1.52847384488659
1.92070689327722
2.19994296083828
1.68153858903151
1.47840892784475
1.84904787574259
1.76521037242194
1.61951412704001
2.13230486198977
2.09495183211871
1.60141335097249
2.13746400339861
1.44270734800974
1.349589871818
1.95771632794553
1.26387076086117
1.9068174118286
2.356941960553
2.15252227068553
2.26070653541612
1.84369131231068
1.75741754574089
1.23651285386311
1.78450698072848
2.27909490776727
1.91248284090239
1.7535591670994
1.63803214472168
1.68010888955468
1.60079414253864
1.54282900511625
2.11603370767887
1.11993541714874
1.23008344650562
1.55937628568381
1.54649446381492
1.3946878826405
1.68756863577924
2.41674193061283
1.33681670942782
1.49733729614963
2.01189274633976
2.29195659708196
2.0690867057198
2.09207375157174
1.20460535121512
2.43051302573103
1.56156412194652
2.09540861359061
1.47313227218904
1.35623619290787
1.25161310552431
1.79629069128652
2.11283776180037
1.67974339300883
1.55304495968909
1.75872044398018
1.27225191317912
1.84083304498091
2.02196878306234
2.1991966288708
2.06901741643622
2.23231468663793
1.60643332621071
1.49456101606547
2.27327896079769
1.44498263980121
1.28900629371574
1.21972266776166
1.69965541801081
1.90701521136731
1.40403763513349
1.46968988159116
1.3062254626294
2.15572879554127
2.19142426529122
1.90872151233747
1.17341427070379
1.24567416015224
1.93843202390114
1.49723683823085
1.34073168543057
1.64027807234972
2.43910801385497
1.66985189514192
2.15885746901791
2.10391853599281
1.56140357749635
2.29509397396086
1.63764071305956
1.76025137793905
1.90781976988877
1.72958337950694
1.64435477395834
2.14379760293036
1.42111150958311
1.99591411822807
1.87976739492738
2.25479663076174
2.01590115460142
1.56181880926726
2.10670060784521
1.50377785931705
1.63136436974865
1.98210988721134
2.23780710980031
1.91139065824893
1.76437819164689
1.6813640579111
2.25962014846399
1.4861938797632
1.6357483745547
1.1675779566763
1.95824315372782
2.30832920684077
2.26889412256889
2.0714400833434
2.13461655599238
1.81244473666171
2.00031911477471
2.14383193635855
2.01771287740367
1.69683924250295
1.0842815425067
1.59998150776056
1.62023671819893
1.85775403155254
1.80506056050272
1.5390989130034
2.33215839004635
1.24803474645065
1.30348986775373
1.64909902308738
1.87775095908328
1.61383490959166
1.87717458642799
1.47684061251369
2.37816675310921
1.22555948338128
2.17169100349618
1.57579582281811
1.64559020719795
1.32130965241935
2.0138472119598
1.69135706173554
1.70878171671887
1.58363761253718
2.3665316807782
2.16370287754727
2.06668295314657
1.23989490348505
1.90091827279533
2.07135768443601
2.00095940394478
2.3894065380373
2.35650838816432
1.84711580961188
2.29682917006342
2.12765678175408
1.68063624396109
2.4039383779584
2.4814858232418
1.48205076385031
1.56022188226988
2.36208044331028
2.0062013891403
1.26612791536412
2.26600525180014
1.98990431297885
2.01951289352654
2.15292089067886
2.18802557137197
1.942950933731
2.16704950119421
1.71555820459506
1.04677871045046
1.4140299932104
1.83721690802195
2.45010771472027
2.40869208652959
1.49834721991151
1.82517649343394
1.81075879227246
2.33399814984895
2.22179683416408
2.08305401219709
1.60324355816277
2.28380457685746
2.48689796126322
1.66165097593735
1.91284823939691
1.37644115899594
1.45004341062423
1.81139006179236
1.92749100485261
2.11664930292394
2.39474939434065
1.57828675859045
1.48011961978106
1.87765060929016
2.13090334176337
1.27160018281947
1.68190492378035
1.9381958382101
1.76195286349643
2.35312521115018
1.94748359506553
2.17464340044811
2.15716980648472
1.9139302127933
1.55554109036867
2.2574330301932
2.01069100959431
1.84315884798154
1.36015486398053
1.60413899249719
1.94695155909829
1.78490965650881
2.20531847778968
1.99541152089983
1.15464605514556
2.09774343751542
1.5778298206358
2.04674412367687
1.67467718571755
1.90545548476478
2.30671589459588
2.31884707294761
1.8927053662281
2.07253158651698
2.22926808432961
2.04773324014543
1.4722819316684
1.4667259185713
1.67353948513106
1.89752168343669
1.86774439435311
2.22332540101306
1.27324292642506
1.52185853456143
1.75285641301996
2.20469438457641
1.85759280231358
1.5656020849028
1.61078111597088
1.89675445478722
1.43444934814218
1.86322632471127
1.55837581049813
1.17973090940106
2.06416357507059
1.51349524946742
1.75857007582293
2.08461525326822
1.91297502932807
1.99937228227018
2.04594485084802
2.31744659789156
1.28300771635242
1.45996046712823
1.69045253019964
1.0787462549411
1.83774688284483
2.29072774980807
1.86591515571859
2.20128103463142
1.36735427603861
1.29621190151696
1.39978517122678
1.48057493821327
2.22468572906568
2.18971677746673
1.66174509263572
1.6554933562252
1.91125293965967
2.17125186698384
1.67277187512191
2.0302596181581
1.85577935339057
2.38455101328333
1.68206989104403
1.91527057029461
1.15152303811552
1.92366498464493
1.85781020355425
1.73126103646016
2.2843127610374
2.08590176345415
1.59671138038836
1.4502002475474
1.54466238286839
1.75005181001636
1.80875193580029
1.83995894161036
2.02282093377862
1.75913020932076
1.71426906198484
2.1529707195382
1.76274070786823
2.17533622614493
1.88786407492324
1.5577925188155
2.00914554843426
2.0844180248954
2.14673034676258
1.96226624205429
2.07270260771075
1.95752853030115
1.79737051468416
1.27030779310047
1.3497062607603
2.36977340731857
1.45221249716841
1.85712799368006
2.10688095042766
1.96816283217825
1.77467172191896
1.80990105381541
2.02465775967486
1.2350788372861
1.36926196728552
1.56348466724209
1.82005120733141
1.50890307570121
2.31838122020646
2.19205479576392
1.80761206925291
1.285756917511
1.81409446807799
1.47403474371616
1.84861183672587
1.65251936438473
1.99159302142697
1.8352445337923
2.01980219860402
1.85462079360756
1.9767096126276
1.56698053704928
2.17528362111385
1.73808120027122
2.03978420132295
2.16295882439525
1.75243823343792
1.27468034630059
1.47093637594044
1.54416677986056
1.84797460473558
1.52712461598039
2.15164029801954
1.85258927672685
1.79908155525727
2.32573888267008
1.597156465733
1.3527940669213
1.86418094474886
1.79843520650631
1.99702011622509
1.58522402354261
1.83796858240607
1.71226282496886
2.01527143599638
1.61202019299264
1.86067202143289
1.60634820763009
1.72340441044305
1.91583841762626
2.01723682960274
1.49287684696083
1.70489507517213
1.93571932381749
1.65465859300288
1.59470586761491
1.36453505419477
1.53725555080089
2.0344867391842
1.90111761843745
1.27392354976779
1.73493820949303
2.05688598159374
2.08574436429145
1.17702151221349
1.35273767246831
2.12487880653392
2.28395385288192
2.25135037045069
1.87905732045886
2.15555675564891
1.51393282947784
2.24812006624743
1.89754707232294
1.84650874051246
2.19404506927656
1.35766559467714
2.00091752734755
2.19241947868045
2.18358412244399
2.40946519706158
1.95353943158743
1.15929182596183
2.25212031640151
1.64595798908035
2.35184377057129
1.30344507243954
1.8499760443543
1.38125765427253
2.26294202358551
2.22296316907275
1.65985196010349
1.7930024743299
1.91512898655593
1.79698179030037
1.95986022258032
1.70879127254269
1.96392817424003
1.69845073279615
1.70346344732733
1.78601527004418
2.15833150411167
1.97758311982723
2.05128913846884
1.4774139796127
1.69687594035358
1.72970284800114
1.31749596897511
2.27972825546277
1.07664426884969
1.97588818512218
1.98379743382282
1.58773827437608
2.09908758190141
2.10606600355827
1.94280866329582
1.97767899733486
1.93625833458178
1.73320443206729
2.17516213711554
1.90989461716831
1.82813867868365
2.28204000183556
1.86063491922279
2.02300386409211
1.62157958504194
1.7222238969951
1.67427800031976
1.62755088283686
2.19692104554732
1.72736135673332
2.2302078609506
1.59599654313793
1.69216600611335
2.09063354843709
2.0367027557711
2.27494412323001
1.88010411024402
1.86989182010025
1.96235412923218
1.22552883293092
2.40552473652017
2.23415576945795
2.22477451201163
1.19885178051345
1.94343097278379
1.31157083271643
2.0675582928384
2.43918395242546
1.28327213411657
2.03676408275731
2.39559804289582
1.74244978705787
1.886654865896
1.07185083197674
2.37175516111804
1.76510619249906
1.74650283204823
1.96973340032073
2.13744586354631
1.26362255327822
1.40770232986556
1.20814778436087
1.65664478463377
1.98872714757907
2.18394318492439
2.00451241165901
2.21652230247899
1.90993025850078
2.25903403374637
1.91150743818626
1.21343206060618
1.50834976775654
1.4472728333078
2.00537443823913
1.98305052724896
2.29587686222264
1.57882023320871
2.32069073458293
1.99450851725851
1.45887462417972
1.61936123705637
1.89531479094988
1.46833149525609
1.66896644776995
1.72944754847988
1.5521818674051
1.84650176501618
1.63825313359972
1.83034752808676
1.82994996021639
1.71719899414102
1.75283303814321
1.35708037523255
1.44684893164936
1.83190858052796
2.08838195389725
1.67086690922192
1.86428979252624
2.06855042780534
1.29533089039051
1.07670133503342
1.73656024261155
2.35160300114312
2.06051907662718
1.60158011308989
2.17464634542376
1.2156871682806
2.19171559701468
2.25842919018125
2.08246461864922
1.63624679525337
1.49093251142279
2.46811961795471
1.72318374073717
1.3664351385332
2.2941227409306
2.21496678668897
1.26665992709967
1.85870893594017
1.95467538955544
2.09220793537831
1.82248602907471
1.88013225627546
1.99462712628353
1.90992756649613
2.07176124795432
1.91971324421154
1.95387629342881
2.19758144838775
1.88426603789008
1.63874053120319
1.18690214952207
1.45937182389013
1.60470101800525
1.06254387907388
1.99212155579618
1.96522494611444
1.49848989646607
1.42245241828743
1.61854098474886
1.59231239447745
1.53265042415806
2.32933809435784
1.99980065273196
2.09726436593555
1.85341336544491
2.15200906503078
1.13159122201271
1.14433526430013
1.14197760315939
1.40660379390301
1.9412810045543
2.03257564670543
1.44965886246181
1.0995459515616
1.90800918338794
2.36568614328213
1.50353318277388
1.26083876566344
1.13294665811982
1.28925203102918
1.39777556061509
1.62771298967906
1.61528986248554
1.49749183181488
1.85911722867499
2.1353375021557
1.48257429366056
1.85221661240043
1.86205703158453
1.77397799562122
2.09386252935479
1.54249654533629
1.52606958261468
1.69841194828781
1.452098825323
1.80484754078589
1.73390083083908
2.05266392670026
2.18925330928314
1.5847736694373
2.3562475896434
1.3529024402426
1.98748508455921
1.29977765892897
1.78940559779905
2.18064145488843
1.79348709191015
1.45225040613887
1.63372662398296
1.80208113589022
1.27417387273165
1.2566287673776
1.47488116299875
1.96249245090623
1.78823076924354
2.22116724170543
1.85060229161879
1.89256097765995
1.77721034139448
2.14689703465393
2.10326368950356
1.66779185915816
1.91499203162084
1.87820444385335
1.63305328908378
1.89371060036569
1.83062651480816
2.24269242398146
1.49136280693128
2.12892115028044
2.07004236461782
1.89969296708752
2.07735158697839
1.70524151861808
1.89042059807977
1.27924096510977
2.10185952084181
1.9253160267311
1.86153274539306
2.12139470000124
1.99868099564029
1.64541555193001
2.33709029438046
1.88826754356619
1.81706171757596
2.18572279281309
2.27842832270426
1.98676236317712
1.89575476964961
2.26069180437577
2.21605519460802
2.41357751371144
2.11194049731642
1.7133885794866
1.88777788696603
2.29017174340677
1.22783648288153
2.36065561001794
2.36291874147479
1.28775451562145
2.06707530036137
1.44119804814184
1.69563680554021
1.19337423298869
1.67411786420701
1.45206168140937
1.6050261182649
2.39200075962433
2.10898085644256
1.50456680345285
1.43003796245345
1.8204945025126
1.89430007530607
1.22902102834074
2.04597946510447
1.60523265651491
1.58715689642641
1.39204217706771
1.71800404642672
1.2938312067781
2.12203159856418
1.86116692283915
2.04183307640421
1.62037830502904
2.32278356774469
1.89348837478106
1.77287615511061
1.48326099468336
1.5296498280168
1.10757068189815
1.78317188046143
1.57362601529464
1.68859131179149
1.99320721442477
1.76371952910774
1.70384472728509
1.52968245435989
1.8520986516796
1.47868340058521
2.11932637215746
1.40711036575038
1.47333097360924
1.78112249812288
1.56096444537926
2.00493237692993
1.83853389184232
1.5322984012585
1.81735204473833
1.54077550221781
1.99785458023488
1.78027104428459
1.91934404067477
1.9574280196468
1.6912582999734
2.19669217356774
1.95866232926884
1.9064972801278
2.02211171412163
1.71306042792352
2.11712066133613
1.88792721194364
1.98273016305541
1.83956926414363
1.85731441414993
1.41546522851653
2.07189876415735
1.67927868359316
1.91105004123923
1.98118210723454
2.12335207166913
1.76184802553089
1.32070417172854
1.5965009041727
1.63933410891582
1.76304149020339
1.55623784409577
1.58854604502363
1.80018732148653
1.77885066808291
1.7572389771738
1.12805734352073
1.62599304863032
1.98054008662496
1.77600545613633
1.70655302360846
1.65886652054161
1.70775115991865
1.83148573395042
1.19100843747258
1.4698905826913
2.10394910857999
1.85213206115811
1.96354691886492
2.16283289471663
2.06511703278915
2.23050642997366
2.23393682898092
1.29800776164205
1.42190941870653
1.79089971952367
2.36276091053241
2.33072429388313
2.02447367515071
1.21687327785987
1.20975954699879
1.66099483820699
1.81186093252889
2.13398661397771
1.46760402214862
1.79603337287313
1.92641619378674
1.83212334233985
1.81210765002998
1.72732402119596
1.48706539495479
2.25658313984798
1.50886525332166
2.19774171243082
1.61264391307303
2.13436354024924
1.45098269768019
2.12830074368451
1.76690275906884
1.45518314826975
1.69725097799535
1.26718811980086
2.01053934552841
1.83455448472092
1.95632097415298
1.69219678524183
1.59892449875171
1.19683724581886
1.07631352441529
2.4075284661713
1.26407213403413
1.43579345210625
2.03425588373799
1.72485466024264
1.97410926596092
1.50447734339722
2.13726582605549
1.29115620189476
2.14789781407869
1.26074973303239
1.4129698907135
2.24656095337606
2.48826667576949
1.20016589958681
1.34503645693654
1.98000847012437
1.59203005273713
1.67340594938739
1.44341014883842
1.92983676099979
1.26932837221961
1.41659000478551
1.32584582489045
1.84091931588266
1.65818799329323
1.69398292617549
1.46921851808969
1.88615403908224
2.11084669483394
2.22480306690782
2.32473700120773
1.27225129472219
1.9759091560148
2.0910103161291
1.59721014513811
1.79191318862883
1.89001437398199
1.75494241053169
1.94413077645008
1.53351532563679
1.97367328160194
1.77489258592899
1.32785905325129
1.55208940880761
2.1527514023325
1.69307722350706
1.93734614790977
2.31034445857138
2.10326152011148
1.69018475199659
1.52654458390213
2.25002938639718
1.58942926555616
1.83958205642261
1.38663454999752
1.87081070978238
2.0446254231902
2.04041829857886
1.93191354879141
2.05377024113392
1.42088830483038
2.18861262748834
2.23930187274437
2.15571808838951
1.40765901479969
2.04835485658188
1.7315266992448
2.01621905002745
1.68740684043873
1.32564210100198
1.14736074314969
1.81032011836723
1.30176093105525
2.08223515311647
1.65414089157471
1.3814033456448
2.14086176300456
1.76305053495696
1.31132197530533
1.65958629784622
2.10887489602107
1.76860223374986
2.14549223557659
2.13818818809466
2.15823299639698
1.84645542273668
2.42725701683619
2.23306491404546
1.80363047427041
1.52092995794645
1.31660211743218
1.35811638626187
1.95760911541725
1.61487184309514
1.90745981259867
1.98573985433445
2.00495697742466
1.97596314477994
1.77271737804818
1.59944756804108
1.91001665148984
1.84642690646248
1.30765455435737
2.09767674138311
2.0136997586629
1.74457402173098
1.90489674051379
1.86851065181053
2.31033979760726
1.70450503543785
1.40471195074079
2.31326403629312
1.57231102443927
1.57852430057295
2.10292875216718
2.0611815099056
1.29210891333274
2.10289695078436
1.95205499426963
2.14668095842185
1.42460158000009
2.108350827154
2.40369944295873
2.17387162249653
2.09390346754086
1.90562387477273
1.83095935631638
1.50727216469575
1.4693947984604
1.71899143464287
2.3558251081238
2.45950790978982
1.11863375362574
1.8290340509078
1.53594359533992
1.06428611738074
1.21882619024153
2.14031502523844
1.9709214342982
2.41117833803877
1.55487626868452
1.83493721640288
2.25738123363451
1.33270351846203
1.76361801877294
1.68389484045753
1.59297557066703
1.63689721183925
1.78960998586894
1.6090635450015
1.73215910351043
1.75703939089409
2.37138796399759
2.06464315022653
1.95528973414195
1.84004112889726
2.11356665741457
1.46145929743012
1.14209901784521
2.25914626319885
1.95917879713468
2.32371669733267
2.01598574245516
1.81672678767167
1.54081167109803
2.32784671096817
2.44686993279396
2.02497382411017
1.36550394045341
2.017936697499
1.56592454123497
1.60702357881438
2.36851563700675
1.38448441299074
1.17273421810064
1.37543777971588
1.83448823678312
1.51152249620196
1.86096288441917
1.58458903442359
1.15961148342786
1.78627536629963
1.54377741025046
1.67873912559698
2.04204424335846
2.11782376961826
1.72724900500329
2.11506639651742
1.7523820729484
1.75716691711359
2.14426113915041
1.71969917109454
2.11973430025222
2.23052724169814
1.78283404932491
2.09099424668411
2.33011471495509
1.97928028448099
1.57084360779901
1.74840983182945
2.09396068343395
1.91958324452605
1.01036168326133
1.20326603356555
1.8341574713982
1.79264565003162
1.65070472771214
1.90543489296291
2.36010716265044
2.00020386183188
2.12612341441126
1.91577809505685
1.77112919508589
2.08487172009165
2.0920281630473
1.64767840143194
2.15495918038785
1.75491163246231
1.85555111174846
2.3801146691138
1.15453305487114
2.19326089785861
1.11470735604722
1.67662429437027
2.0524014710914
2.37354909965893
2.24340175053074
1.99729281722156
1.87041190723148
1.82560398522132
1.74160456071189
1.56154883682975
1.60683971114264
1.72009279896368
2.19754738032004
1.79890018448869
1.99464811437714
1.86665122115005
1.6979909893959
1.78256460995536
1.6274807125452
1.45675908457404
2.06352504401542
1.28080278968115
1.73140859199968
2.4533927517063
1.00828212335083
1.32702309181617
2.15137096471901
1.37426586593126
2.00765426817034
1.32435180418327
1.7970739427896
1.07320743612341
1.48836944102367
1.35883755272084
2.13829858679934
1.98294020176851
1.27359612011545
1.69150129646681
1.51346564296287
1.70104440260486
1.89788655030665
2.04094390147693
1.3310504938598
1.5955291082819
1.95582539212207
1.71482679435146
2.20127394274502
1.77110872863038
2.04104960212537
1.94529036921178
2.2282641293948
2.09216964871813
2.15464471440179
2.07126080902384
2.16222924506139
2.14419227667998
2.40554998244905
1.85879799610849
1.62361347982594
2.07728919585066
1.66943236104384
2.46683056522368
1.83576634088301
1.72113772356095
1.42669118743903
2.16045559621786
2.39676863050756
2.39052551310358
1.92407821881532
1.35945351759057
2.19723298635327
2.15586565023656
1.61939160449419
2.23716808336274
1.82142913231966
1.4524039173767
1.83906493823725
2.07172718793966
2.09090211347711
1.97621727292607
1.81608216112395
1.91316447242304
1.92604615835947
1.69273068672835
1.77015106926251
1.98863995237357
2.11384704297938
1.38815989699948
1.39146907191419
1.74627738014111
1.96134893336788
1.78590239239094
2.11888974119899
1.33521810041844
1.94483807420205
1.34205292184292
1.65325669167503
1.97448331573359
2.28570290682154
1.6254019433665
1.84917042264902
2.00007410513078
1.73985992933623
1.39548082657692
2.05221498076924
1.58072720537194
1.35733393876957
2.38275432274273
1.17553937057606
1.58797217103088
1.71906224487215
1.95660990883593
1.65149804298165
1.98867475828223
1.69702081798554
1.84788338636315
2.08501656900694
1.78496748670973
1.63896171929862
2.07069319816581
1.97880551402255
1.8910805209227
1.97097747417685
1.97264416790927
1.38297067980532
2.28233143747036
1.90194738548719
1.82837912020037
2.28287722800396
1.64901518486668
1.85691670453121
1.56635984186436
1.83478618639884
1.4566596004622
1.87317559782068
1.92162242779503
2.08548591305004
1.94948934232934
1.47150666875719
1.63028925775766
1.75070799385329
1.05685924548182
1.71739229175288
1.44680723819533
2.15977081556135
1.96234192977541
2.04522554151222
1.88226603974194
2.15288416717533
2.13248672227253
1.94850673992178
2.45500890878063
1.57220990975415
1.08799183537458
1.30250924854745
1.61617828011512
2.18561546937647
1.92014397246934
2.39637148677454
2.34980171334237
1.36138085512921
2.13604227589055
1.89077162240688
1.97625171883314
2.01252682903421
1.84365807954961
1.33349924787227
1.19880682657444
2.21485734904361
1.30164817740716
1.56257730214356
2.08713378066702
2.17028942374558
2.13995730227738
1.92311893395748
2.17987428301571
1.65503398595368
1.38414072112414
1.48257577060696
1.82553386848468
1.91188237185849
2.26508197464902
1.56111681218467
1.12674604774822
1.44868990113539
2.1477344448605
1.76407357290207
2.03291900489804
2.13400639528845
2.2094384721283
1.44781680810342
2.03716284563758
1.42887621328216
1.87935769278422
1.90301494631324
1.61659723993392
1.7079281288252
1.33151457191379
1.69876872568523
1.84554564187066
1.42958371033087
2.17617200913374
2.24907958758309
1.42861022495466
2.17302116294811
1.57300331690383
1.52522631454834
1.64601773842462
1.83466202936044
1.69310376931787
1.7522356051905
1.90322089966277
2.01140433347407
1.81411342232315
1.53416687357749
1.54163460465147
1.73663445920472
1.88421713410664
1.91737059335989
1.97154805651981
1.70598587869297
1.60394658047629
1.74273417145408
2.04618652576285
1.60038143926894
1.84677192568378
1.97620914626037
2.33824625471575
2.01817805485287
2.0115094938016
1.81367678448841
2.21909999662476
1.98381815208893
1.96149978456448
1.96095516388104
1.99652812021616
1.64975525419425
1.7316837276819
1.98372033118645
1.83101395807833
2.15634797946964
1.92495407027922
1.65580611339941
1.94966217638945
1.718362818582
1.62021466316852
2.39453719436341
2.03442483818579
1.93052617947185
1.42114856898696
1.70925181554032
1.60014270033134
1.53138493490408
1.75116344217696
2.00934938994589
1.99500744925838
1.8531665238917
1.44473016708275
1.64188661969886
1.34830507664129
2.38267370048085
1.63664916422167
1.64610697492715
2.00034560058943
1.39488900589021
1.7970934545624
1.92416305029496
1.15068482107996
2.26555786120365
2.21645058030678
1.44505618068013
1.87055815455504
2.03758809844112
2.04599227842834
1.88286888653754
1.5210205585998
1.40496787701635
1.35155247890631
1.85324810072274
1.47710740492905
2.23896190658718
2.31274288800346
1.66480174405124
1.48156360193738
2.09658786233566
2.06157813428491
2.05648636518949
1.23281088712726
1.9194460786405
1.28068881413445
1.72957767321851
1.43392899275827
1.53938375915688
1.82988112450199
1.35430233157537
1.98601696378363
2.09398679062839
2.34584070742838
2.04011631406636
2.10918230626542
1.88020631085567
2.16669472069979
1.68509984311093
2.13393368822786
2.34740002911183
1.6931315320899
1.37705038671538
1.47351120407208
1.61268621387985
2.15171640198912
1.95508151565807
1.50566590574111
1.26748606903697
2.16667704509086
2.04824965544016
2.2106543671741
1.68546675908475
1.47198848761022
1.58176715572865
1.56342645341849
1.22841119528658
2.07450060191861
1.67820638610712
1.47316860336995
1.51609607495586
2.31539974833028
2.02773333973277
2.39106503450761
1.9864977368409
1.47661558294066
1.31494613492285
1.58565668784991
2.3566446788486
2.1267590012932
1.54910632786229
1.64131454513678
1.93451187204366
2.09525664087987
1.59488551898312
1.85472715320129
2.17706264003001
2.378149301267
2.3769679376172
2.33923436277219
1.56989068556407
1.4868961934429
2.39648395944239
2.42058574359376
1.90157641364773
2.07999724545204
1.5027939104837
2.26992422142341
1.18022960387423
2.33219808013027
1.68319429158436
2.26699548234081
1.73646191196108
2.18468728912948
1.83714939334724
1.3635768009472
1.73748549305904
1.15407173373931
1.45976447890885
2.21801603415087
1.48583737634698
1.9360101721051
1.91815951197952
1.56463726588214
1.95689655674798
1.3043412604983
1.56055884201287
2.09259034847236
2.06532623459809
1.79700411450049
1.59054060869809
1.89826849770784
1.5967055640121
1.8278564921306
2.00810498378601
2.02509767031653
1.10649205640576
1.21530388223179
1.72026331059241
1.95674289465599
1.45867548998467
1.67830535803772
1.80378631799227
1.84448725457671
2.18820691724933
1.78792907718755
1.47784214573496
2.1389425686651
2.29100819954935
1.99380890689286
2.27456520567877
1.98011877969052
1.92077432262985
2.1422969858729
1.49582817108905
1.70408386441703
2.14855199984946
2.2515504092489
2.17344139406245
1.97190159210815
2.32307272110869
2.0758289620081
2.0335284938135
1.52386563516407
1.80973347074301
1.71305941565628
1.71250310733139
1.77598515851815
1.94648138924084
2.23268266001912
1.78734384134146
1.42001148467675
2.23722083387799
1.60735925474604
2.36553052422062
1.85466457194009
2.13914681708398
1.72820815348164
1.88112678159976
1.59165603832087
1.83959019672797
1.82697537386926
1.2699259364764
1.5947227012279
2.05710206371109
1.6906755142633
1.5033329086112
1.58301933528926
1.74477466518892
2.3233557153726
1.88977098020719
1.38197824742278
1.38482447365132
1.70260437231491
2.27086777413368
1.60121355941756
1.81628241943187
1.50784991275754
1.81463539494961
2.04226537867536
1.86192285409829
1.94554536868388
1.96788830908384
2.20129366695661
1.83153218026142
1.75596602390936
2.16927748480403
2.12399821239456
1.80766037893531
2.2012044265079
2.24119801340447
2.17110071444161
2.25390029072687
1.51414163876429
2.41875041397258
1.75489262722809
2.24336740658934
1.7274997504077
2.14574603043895
1.57157990375536
1.87406015392662
1.14302577043626
2.0181515569999
1.43677066495059
2.01198506607896
2.31933592036805
2.18298524401301
1.47304466615983
2.08493444255066
1.21852347117031
1.97868660828375
2.23448298429571
1.82868843121727
1.62930844628272
2.22001735143268
1.78340063633077
1.76002848536253
1.99636006574159
1.90552064755406
2.14200921287754
1.73093587328619
2.19973745569236
1.92929976117286
1.95904933016257
1.81149414698744
1.76258008949223
1.30929585789187
1.82172475063763
1.8133668058374
1.62931774969007
1.9955632451418
2.29916220892641
1.48548610209266
2.20620478028325
1.89909998275926
1.9048534617454
2.01819172036116
1.96476270441656
2.29446325561785
1.85686885055169
2.01686901090684
1.69055774276441
2.04337807336795
1.78300004887043
2.1313620806588
2.01087454892387
1.87492814348039
1.76962160121967
2.29660803047105
1.8231623504319
1.9515818098895
1.87737309946137
1.9931131370078
2.26246212594403
1.86095365767565
1.78257308507967
2.00378319994518
1.8195603991443
2.42109470008409
1.36600625660512
1.7669178399633
1.8092248914262
1.24224534735994
1.85018412118052
1.9740197029853
2.35430139471291
2.1206622344557
1.37084704776096
2.46515515598432
2.42290013488713
2.34176091162439
1.86571783153114
1.54131314657454
2.49828381121763
2.31926843918849
1.45017937647603
2.18562895484281
1.72163322304831
2.40840972587505
1.22687835433592
2.16568737733705
1.7907861685596
1.94019221145662
1.42361925967565
1.31749215446612
1.14160680994466
2.41951576524681
2.42067198412615
1.34052432910922
1.55960156470587
2.36847328238285
1.9791154547791
1.72032954147639
2.10128128990931
2.40523607947142
1.68971034090158
1.52111582857099
1.96210009615781
2.02292122237208
2.13039182001234
1.85972709926487
1.83441156668583
2.07170327666428
2.34187568854635
1.39591562573651
2.21168867715062
1.95751601299797
1.34230802764376
1.15473284686687
1.11330237003882
1.82305303581301
1.4154385035342
1.08191660520255
1.33990792892703
1.79989194222372
1.44664403201039
1.33621908883336
1.61330890592792
1.87005008692138
1.80890205545727
1.5940060505364
2.23508864432947
1.47765765107918
1.94327226997495
1.66267914138244
1.76130691633958
1.71725880608128
1.87748585566559
1.69558717857886
2.32953877332073
2.18326961931362
1.82344178185236
1.79700380583777
1.5416865468878
2.18678897625505
1.23724709487223
2.30910861766568
1.85217199169549
1.88388068616801
1.57921303748288
1.19788271279095
1.3516061918205
2.36708903574529
1.35957638052895
1.48882820115997
2.12228310244039
1.16940129885797
1.48402428259278
1.63540460232222
1.36118402717546
1.49621422706301
1.59100142772997
1.52747344664209
1.55907022192806
1.0255580697657
1.26354684204596
1.09253793187498
1.97869744647725
2.19886426420622
1.60200865242567
2.34892025441521
1.65703159282522
1.86052322121343
1.98740480059354
1.47221859859787
1.77839404355961
2.24645180938662
1.70273482997028
1.91821279837498
2.18192321313859
1.53172225230397
1.89722363578762
2.28768426634337
2.33745930278911
1.11216839932142
2.08374227767868
1.78105448552608
1.34160160802004
1.8224111492519
1.68786682064535
2.3063948286002
1.94956119822824
2.39343007845355
1.59094425409334
2.2895546362033
1.65658609269437
1.79922392451957
1.21750233204566
1.76163627535071
1.33323824979405
1.85330928067595
2.23183521794661
1.84309268858589
1.98705881272514
1.66374613867826
2.16432508410205
1.8733906475281
2.29903088496678
1.83391331355318
1.97280886891624
2.10067266130073
2.47955912828082
2.15899997122277
1.68452789337705
2.01808280502197
2.21396833159753
2.1576143067397
1.81899589200229
1.95335297935656
1.95057557902031
1.35405623009431
1.81089073199342
1.87613621527737
1.54330435706111
1.47677443075466
1.41852204843975
1.38006979301907
1.35805035485342
1.51848690766309
2.07254083470261
1.4202211545607
2.10133254437864
1.80524955134391
1.52308800506061
1.66944852750329
2.02682196625121
1.97378591536006
1.85596894794032
1.18478665319428
1.90591439248611
1.76252412100602
1.41993550088628
1.6862178711064
1.77975806770634
1.96902128094087
1.42326293947358
1.40142859063583
2.30894224933119
2.07359345276829
2.08509351795096
2.18361968015015
2.24394407225685
1.31989742015671
1.78222227733024
1.67796697077223
1.63557731367655
1.08896289046768
2.03351010065048
2.12862358037059
2.16245344486822
2.02571831788072
1.87979523207835
1.71273935575446
1.79024415548077
1.89117613380778
1.63450934303681
2.14823355386753
1.96441011700997
1.53521235385194
2.10634914968889
1.86873730902704
1.71480659416027
1.86663163274196
1.95856757966383
1.81743235228699
1.78611998972865
1.71939998296851
1.88884007841074
2.11234104270761
2.1448405272899
2.16500657478294
2.18026483068783
1.9001642038891
2.0946308563515
1.94885018096372
2.11959825974436
2.01814255463772
1.87182157983204
2.31048299553822
1.82425841558701
2.12040535286599
1.93156543349974
1.60978116208006
1.95278376647979
1.68519746789843
1.77262738883337
2.34372338195569
1.93362450320202
2.03646530726313
1.91330817153791
2.01535397628968
2.17379304544061
2.21899215098269
1.99491790597586
1.73805303769962
1.76437218848579
1.7441152385483
1.69317017212518
1.59899443945488
1.69410206745541
1.8636195496271
1.84707572216433
1.62637223708495
2.12675632347863
2.34624685176922
1.91280313394886
1.4359382218601
2.03580763345032
1.80281246810416
1.49477863036303
1.92959997988252
1.52778434856864
1.45647465235524
1.83904266798744
1.95049967568242
2.36598064822866
2.03821618386703
2.13558831663114
1.26892735974329
1.64283227661178
1.36000199097541
1.86246042510334
1.5833487941358
1.91497574658988
1.5935998461847
1.62824878809207
1.28198231420165
2.12334442750935
1.57919349496449
1.8488420297903
1.85251102717828
1.44875439369795
2.13413632084162
1.22128766635218
2.44032276155559
1.93385608092262
2.43706155507231
1.44715477027668
1.89419017092553
1.76969556283644
1.17490269142874
1.73825119939015
1.63578307885778
2.32370141905264
1.76227351153906
2.34376751852476
1.99241099815583
1.97482013530812
1.68805423101541
1.92123637810085
1.35366269536107
2.10948523230411
2.09838638881088
2.1064237854735
1.98869267164189
1.86673792820144
1.74251410686208
2.09736478660503
1.84522170930647
2.13778599819983
2.16035729297191
1.62142541716367
1.5045630660613
1.73576976952109
2.42141049321584
1.32325429706444
1.98001008457769
2.26438772542819
1.71312978964674
1.11072031710353
2.25639869322882
1.75620069476772
2.21397849970819
2.22748008722772
1.83381281051365
1.93392257058294
2.4592621134554
2.02400762434528
1.37955257815297
2.24268522387682
1.65242568445658
1.79653968617221
1.48522946872106
1.66570144153496
1.60858116607421
1.65256000512389
1.44960938928198
2.2900395548028
2.39286841377238
1.57771110352136
1.58463868355647
1.40290643174655
2.28405812950802
1.85753157123024
1.56136850267597
1.80004179767466
1.92012215485875
2.08546086200429
2.02390826876633
1.8748116637207
1.51127952230415
1.46135711749933
2.25885706911845
2.32960523670214
2.03977882971314
1.79944792701095
2.11580981732507
2.07890163521785
1.52034815112832
2.04027130529098
1.84606654629615
1.7718793730004
1.66501904484513
1.20770101300267
2.1952126087965
1.54558230283431
1.9357867451804
2.11178265082625
2.38326392839761
1.94234133467987
1.37415306870762
1.80155416805174
1.52588287456718
1.47881124941331
1.18432736998826
1.76717780284908
2.35460074142714
1.50832102976812
2.44650580178754
1.93976520963705
2.21451798796631
1.87271584715675
2.43635447476446
2.42218215249337
1.96349708622087
1.84793558653123
1.41685407167222
1.25295553232991
1.37778205176498
1.66585596012197
2.22242252224145
2.01153049505491
1.6378766943459
1.55632289443172
1.40523920544886
1.90552452026171
1.70356761596805
2.05438421636223
1.70195808303477
1.73615572489284
1.9255981103218
1.88372765562779
1.78121252221336
2.01443381388571
2.1801571010407
1.91631935922179
1.6079826834279
1.8123313853857
1.77515837646003
1.85399528163108
2.1525293193896
1.752932532254
2.14120539786401
1.5968420614482
1.61656010232783
1.90220381640855
1.84077907200513
1.64457368459677
1.73141857010109
1.75878268418238
2.24841693339889
1.9593794366169
1.51445803249113
1.66799758999215
1.70422264373485
2.25184064459589
1.55090636847006
1.77631842623841
2.19661036573774
1.63244853638773
1.74514365064623
1.96323951281208
1.57573910313177
1.5056802274633
1.39336524662271
1.93720689998403
1.32403390991496
1.91017496735899
1.76202396280034
1.67677721323423
1.4457114203658
2.08786505149599
2.03161708322456
1.80746883431165
1.73101125853086
1.92713457250243
1.57374482407483
1.9452328622423
1.2522474499214
1.99314294051155
1.86965840945189
2.05486258508347
1.90082450560008
1.59498302402817
2.25951965596935
1.93350568673629
2.30213803036728
1.90348530820021
1.28301284533686
1.7938348148709
1.42277535215977
1.97414761607883
1.64878391605455
1.96122262369634
1.65503297341267
2.06214060419963
1.84665227869552
2.16829242394165
2.13415252928481
1.71602345008722
1.59228579356311
2.2767694158739
1.5484223892957
1.95387887176443
2.12535011813556
2.34339098924096
1.80848564851862
1.72035455673615
1.60943607220162
2.36024035623569
1.50307111437107
1.6832349447597
1.67804942042734
1.7775787613041
1.79101400307597
1.25723280783978
1.23057025881344
1.96877916145566
1.47831838733653
1.65942661613862
1.93952672432552
1.40418089426785
1.62164567718455
1.47769759003398
1.1042466632601
1.53282609768158
1.35548145033684
1.7729956642733
1.42782010078439
1.48744891835018
1.69987006365213
1.95851876730819
1.53426427009694
1.58622048279173
2.34195896261476
1.7155922666868
1.47585309146817
1.76680774948877
1.71520239393101
1.73244032048484
1.68555034667414
1.81200600502416
1.67706124535674
2.0555412081956
1.68178892478401
2.07312335469467
1.66694854137107
2.26988164846683
1.94460042060608
2.17184693840962
2.15119799554393
1.83169189283148
2.07395308706718
1.57014422803656
1.47567531659422
