1.75
1.73201249369819
1.70655791629415
2.11991670612037
2.44285947213707
2.48074918800515
2.39651044800754
2.40133320130183
2.43697174109426
2.36270251814519
2.32982198957367
2.03877421784323
1.68860058438419
1.83516601210426
2.14132928928282
2.27305526401979
2.23662125748897
1.8333664113765
1.69732850356462
1.78294182030916
1.79387787922788
2.07612822288058
1.41967046722174
2.24305618257733
1.96414107120891
1.82108154516343
1.6997302008653
2.19567998796889
1.94257331011578
1.62348328062388
2.03860595186216
1.77285720513041
1.9210666754869
1.24577599476261
2.33236362545225
2.40130088974905
2.31568553354023
1.25747941191311
1.95629772919375
1.97320773684765
2.25484558850054
1.93515600234205
1.83148210479331
1.99661738778261
2.44471291966141
2.30158616233197
2.1973167392506
2.03250248367879
2.11908384543999
1.70373196799998
1.92451662977842
2.39215413507117
2.10611485958084
1.65608814517667
2.26099646166514
1.93289864704518
2.3917750046441
1.42095352272227
1.51571115962592
2.28336792881296
1.83346577824718
1.44772185383498
2.06173892588353
2.23714980490427
1.970799070171
1.83938701858197
2.18595304263486
1.49385006576088
1.65179733953336
1.64191963191747
1.52805194444092
1.36540482810832
2.07319832822775
2.35020443416981
1.95230098437947
1.85670566934406
2.36279391577445
1.76530139091487
2.29126526212711
2.48687276611881
2.47817941763745
2.00034895084059
1.49273131841553
1.42304793189443
2.30978935356352
2.15934168751384
1.60937095154813
2.4780511648242
1.69042720450243
1.06842810448549
2.45219294879352
2.2951791719345
2.2509477518601
1.77491171702203
2.43179322915258
2.46492375392508
2.11617391860235
1.91440360244367
2.20881881613828
1.94534448495879
1.64921666608222
2.15392292766733
2.39770020716773
2.01006041548762
2.36857095406931
1.95798484368664
2.33182012618279
1.68353166133463
2.29498370733838
1.99577417380133
1.89391047966187
2.15480630142382
2.26676362453203
2.07452215376694
2.1842369124655
2.17137630904243
1.49556428157444
2.13368988618195
2.00784656333843
1.9797102669618
2.09582817019309
1.92255854911237
2.31047192186018
1.98405055017988
1.17966046120585
2.36658014540086
1.89927522021096
2.01092923100504
1.93673897183481
1.94094914618978
2.23545068690711
1.56279970576787
2.05032941291032
2.18073853302219
2.06860352481991
2.31241359391804
2.2665811494364
1.77228011552207
1.65895738397371
2.44617006102887
1.50486247839343
1.85558079827379
1.95584402459948
2.4041072703472
2.19287081242062
1.68101867960879
1.52347799621608
2.02393281957057
2.11587795651753
1.59290875100609
1.71718352573367
1.98139041975019
2.07912646817791
1.40126057585386
2.40562095503834
2.2027672788414
1.54455070978222
1.8773764148769
1.44503547386682
2.12061431279826
2.30961790913783
2.36324346163633
1.90100821200555
1.94639216300483
2.15433926221775
1.89024341846389
2.19210794473337
2.24390293990677
1.83180986319525
2.11909462448367
2.20388653345869
1.19025568703484
2.02007718857683
1.74414112851143
1.20164857947479
2.18188747566086
2.40901283770087
1.37865399123061
1.87575674065347
1.89712357691878
1.62072775299003
2.24323505873494
2.02740498300003
2.38690351100951
2.24735990784803
2.29665227192648
1.79555607883463
2.01586750892035
1.14852739850327
2.12625548419885
2.39631602259514
2.38975826337976
2.22247773901899
2.05330580577552
1.75856554932622
1.73767471175193
2.10891395343324
2.0857966350228
1.57328264809069
1.5282385221558
2.23267985634525
2.45682377726703
1.16268088629243
1.33516721160516
1.46333724024281
2.4571361107445
2.40942338911572
2.24836207984103
2.10857696538679
2.3817532626065
2.32665884308727
2.19243783193877
2.11314319546368
2.29426254231241
1.40331000103297
1.80474343322596
1.62030498595104
1.95724611084562
2.14871433532661
1.79481321705545
1.93069201575949
2.41611007617197
1.68903208041965
1.88447803557269
1.93813597978454
1.54864224746393
1.20366755047343
1.33423871092183
1.85772821543071
2.32804289103433
2.06682447903374
1.85128501951332
1.99408825987041
1.43978245361212
1.9974439933653
2.19876143501851
2.13676289524095
1.59460997478475
2.34828961495636
2.11660358471868
2.04790258702801
1.41653934997277
1.97955079088566
1.62582768868727
2.08457629899504
1.62852309599174
1.56963744730695
2.21130498242788
1.73938479170987
1.88359305303021
1.77885066912816
1.89662020591273
2.24451576309278
1.90072478035152
2.03359769389811
2.22978103358505
2.0048485776753
2.12594190678198
2.17426862854633
2.21823659093586
1.70770457645991
2.23651559505086
1.96378319815204
2.310679107147
1.38214247293608
2.29003257242519
1.93496285615428
1.89380392203596
1.71683254052161
2.00264620237626
2.466639751883
2.26244515784042
1.93315747375926
1.59099779113344
2.0251880335086
1.19178585960359
2.24801953855334
2.30537729663383
1.58958719031216
1.44074911366794
1.99759304224729
2.30292837766957
2.03365388736386
1.6205890700173
1.77937379555766
1.986441568299
1.92043662999664
2.28100293431905
2.03719890946367
2.0786559518255
2.06289904259523
2.02324075751614
2.08098364946063
2.27386369278384
1.77964982117305
1.74723318897515
2.05889205272823
1.45614793394843
2.35853223056405
2.11903560038034
2.27237986893298
1.83121500161709
1.86568867154412
1.76625101506484
1.71514892431244
2.02883393764005
1.48190355254581
1.65979700326017
2.00398649933876
1.95011615195021
2.01961336104738
2.11804400406607
2.22969268283219
2.16768793365409
2.08284872944482
1.53795582034886
1.93525473904229
1.55879533347033
2.22303126605155
1.75005915721672
2.00269230507568
1.9805437787554
2.27123579877985
1.46307128960402
1.87117863602395
2.13521362952417
2.19541570397322
2.24530948061997
1.36542569667698
2.04037670892623
2.00954596797974
1.96468513862024
1.11133759486084
1.62513158427422
1.51857227498712
2.10205363330775
1.63158504975348
1.73703224195832
1.48538067454413
2.33678660038458
2.07530732737525
1.50734402951555
2.06608923304308
1.68871020130806
2.08531630699893
2.2619217729842
2.09627058438656
2.04775424473394
1.89181049070767
2.12373215815473
1.64820984309577
2.15831964397298
1.33006464863066
1.47724946700322
2.40117870236737
2.05259327137436
2.40847390468754
2.27030766319481
2.15744112347483
1.64801119540104
2.23476750575088
2.00985029763503
1.47962748494725
2.13808977499556
2.28668611970703
1.79174361834492
2.23563874932439
2.40486677813132
2.44829127739446
1.80473631921304
1.8712863942489
1.98320553935731
1.92741962698409
2.20063521210698
1.34288735279136
1.94621282349561
2.1067457084875
1.81340333466846
1.426713150307
1.76848265550758
1.71316993271947
1.70362872872892
2.31075049145773
1.92276278989641
2.47635515796817
1.995125344826
2.02372207797881
1.39322580722114
1.69491090532968
1.49559134283828
1.32142804245949
2.24972777276265
1.80647144572535
1.35033428244695
1.41199764066751
1.87053925114228
1.79859004004875
2.08428488565334
2.01981385218323
2.03295132772356
1.81405054805153
1.53946555680975
2.01502197989727
2.17704185804897
2.00795021230965
2.23234388855688
1.90924296339957
1.53691605752359
2.23949739281357
2.46685148356041
2.41509666164925
2.17606484487526
2.00406908625716
2.06149630551841
2.14453856021962
1.78052587998035
2.37947058165889
2.05237845563027
1.96016327371215
2.23655597484549
1.83126007494299
1.33230784324499
2.02048114704581
1.94530458818036
1.753382629498
1.86705403310998
1.53012724982905
2.27815969989802
2.02862620475866
1.89744238305339
2.12183801949845
2.00571364920015
1.34866043251609
1.89026921946141
1.8036651037347
2.25470027234704
2.02916341072347
1.9714207577304
2.33394271820439
1.64359245147831
1.98664224567937
1.94908474230117
2.25885077766931
1.98791583631854
1.8073867609457
1.99727844317541
1.78156249217077
2.10675773205472
1.93698078965823
2.07637517357636
2.09170864581642
2.22416910460156
2.13548763484372
2.3348379470616
1.84051384310201
1.89196356964071
1.9955614015119
1.34471848875019
2.2800084248844
2.09096213995139
2.35218761356269
2.06980489164749
2.03762723757112
1.63473999068027
2.20442995082854
1.81299563046673
1.97416931056216
1.71122480137745
1.16441162100203
1.82788524233214
2.08178953536073
2.17565122734029
1.93418146374269
2.19517330537578
1.35475447027415
2.4734742135574
1.64202792717541
2.44185192300628
2.27451810483872
1.97048941420472
2.16148751988653
2.29023385592243
1.87757727545326
1.60582157026314
2.02822702196866
1.84083077552563
1.79678905828574
2.1436728417478
1.71968000738855
1.91543804189531
1.91801806516543
1.30513612467404
1.42578363305536
1.74463560488284
2.27404086365467
1.77147939737442
1.68682481045448
2.36936068486976
2.45119192817327
2.15631708793533
2.03778400231837
1.9772222725036
2.41917642521495
2.43028082747203
2.30799223277731
2.29609924853779
2.1028748816991
1.67912733899423
2.12547914657157
2.25748345824972
1.79638638603896
1.53221916896887
1.98105443373128
2.13586269778383
1.71332918089206
1.88617594852128
2.19964897669264
2.15148888459648
1.37100544636407
2.23076820602558
1.88671244466897
1.66353255924116
1.7307779648113
2.06589783341539
2.2505370232118
1.77151771486921
2.19922491858612
1.70572214553533
2.24945572248764
2.45563446097784
2.40405504327863
1.03911972985205
2.34094111021341
2.10510180969097
2.33052789500694
1.33473018969223
2.1522447895066
1.67729623924161
2.03572481370256
2.35338586303278
1.53310959746876
2.23511040962059
1.69698129930565
2.39906079555268
1.12851711277656
1.2103280015536
2.39930751781807
2.41315657998841
1.36411866218682
2.08787546792374
1.62575186114749
1.95992928163947
2.23310550292236
1.94312945476712
1.92338114762617
1.76093152375644
1.99932460003143
1.79430720598136
2.12420325542005
1.41247219279152
1.70599294503795
1.84384661053296
1.82234721472702
2.31293032344195
1.63403828277248
2.31574684848732
2.28688626734665
2.12984654507435
2.13612774441547
2.19047528337167
2.03347247027245
2.06677649736302
1.76381176644071
2.10193527833612
1.7852219151855
2.23474443412756
2.19625687108046
2.34370073475226
2.22989975650587
2.47279089190599
1.52962579947485
1.66245694132467
1.10395698033341
1.29688270851447
2.40306074363649
2.40313391390675
1.92106673299256
1.97332425429579
1.75608006685631
2.28041747671085
2.23252029834562
2.03467104724324
1.62043748796478
1.40849697108866
1.90187358434737
1.36994254242019
1.31958741468309
2.40551422591612
1.80404879256147
2.41245239372332
1.63908160300328
1.83766687912787
2.44147051209528
1.38695516354075
2.12668990044662
2.37281354462586
2.12762537065905
2.06736345796164
1.58332401516514
2.41242604280346
2.26021634657122
1.69779848886106
2.38426716794233
2.04639282431525
2.42649256859719
2.34383807987649
1.76435177244205
1.44837157926258
1.72941804932082
2.22430528300351
2.17458649760947
1.6917071117828
1.45838221154987
1.92923943565307
1.9612224399135
2.41284364838566
1.68437386337002
2.193061382657
1.50248507353554
2.31541733383607
2.21386491411256
2.26653311547998
1.74522302633263
1.95797756526885
1.83588380433796
1.4615041145135
2.08596637849784
1.56367369589966
2.11484700516634
1.33439006538105
2.19788087145821
1.99016458192314
1.55237526011408
1.78688298761875
1.94721396769114
2.21639432423293
1.95944595456053
1.9204835379491
2.37822998784762
1.88690274549517
2.04914950258985
2.13263003623799
1.93426785828182
2.10052587087404
2.28208551502
1.9632359142529
1.96005931993278
2.22762335180157
2.33892888589277
2.40122925315261
2.33028588283944
2.0663175131435
2.34451275628268
2.002155854676
1.51022929339308
1.17526584761685
2.30379001490304
1.79803749886465
2.38927036352149
1.4452477060549
1.88694262255475
2.30281607713727
2.26536484980805
1.43895159847254
2.25270110266898
1.97370606584225
1.86292295511644
1.39075363034666
1.7135564741779
1.80533748881711
2.17907268786544
1.31861907175619
1.64408987169259
2.17777908728039
2.09589459876121
1.65430064832623
2.0145032660616
1.52724122344577
2.22336174324872
2.24151187889824
1.72553503701624
2.32542068525311
2.19137275754077
1.92512922654807
1.73346520279471
2.25134558219676
1.7375957915991
2.1723173825627
2.33152833930954
1.62003852577245
2.24743715958077
2.05944507171912
1.54075543249997
1.36569594207081
2.17677649852977
2.13119563701965
1.04263145460547
2.05116243053592
1.40836303353473
2.1283737531066
2.24135857767668
2.05142245983619
1.77010838529873
1.83087034274744
1.68872806210764
2.08128340408958
1.92540814743732
1.82013332965342
2.11350308222288
1.77801071126079
2.1637309964051
1.60107431430244
1.85835067597224
1.83271436039609
1.90744989294815
1.89259344994769
1.92237559334961
2.05958643820987
1.6291152614701
1.86254090450116
1.97988059133116
2.02592104561275
1.89834047608193
1.9153669544669
1.81589743628044
1.83893584021955
2.41338099158331
2.04364287254843
2.16261560004362
1.77322153677681
1.84484193003222
1.37714992394933
1.73829154535139
1.98856717979049
1.7062243261021
1.97448373111285
2.21674515291166
2.12845149671767
1.82490908826672
1.87670551536568
1.97021729097828
1.94133053148321
1.4386744866317
2.24463545935122
2.27906255095791
2.11627467317497
2.17438936767067
1.98776375356093
1.19941824958051
1.71157530357873
1.36821453825772
2.10439328214845
1.68140797019088
2.11407042561421
1.64807946816453
1.82872721269349
2.29447163097574
2.05559732486658
1.23375827183743
2.45072591782757
2.08237506259028
1.45252785270772
2.19971961281883
2.38367787988052
1.98248861928185
1.88638556687062
1.61393907732032
1.85077205761876
2.22049193971122
2.04406146804617
1.69408797859164
1.61094312306191
1.88736980684089
2.01465987949272
1.4684762727898
2.17087025940282
1.45936121253649
1.84825572506992
2.28971664721324
1.33273961342309
1.48858347020308
1.77656534223163
2.18643306506396
2.31770933189927
1.96783060102179
1.57832757768288
1.36651812458751
1.96649117225499
1.89978941671995
1.90524396533862
1.70919288791992
1.64770308917164
2.08702021000165
2.0196261303483
2.38057114722594
2.23426229581283
1.78138049707705
1.8352912521259
1.78031959711706
2.29781968775148
1.90493977969601
2.24201337793072
1.02432028003796
2.36282114562276
2.30260031572575
1.33907104775039
1.96540717790634
2.0765350002724
1.68435060292041
2.31702737489928
1.92469606123255
2.2340317200609
2.10657847783022
2.18141028187688
2.28973061260895
2.03703975344992
2.44508229945347
1.96049514216105
2.08704294209996
1.92301519464886
2.33297597099679
1.27316408820964
2.21032690322816
1.49349580315806
1.52368783434841
1.75069961915218
1.7792346474148
2.11618507312376
1.78967247111407
2.28601058513425
2.20640744377652
1.65463120211756
1.42850567715936
1.72112114119266
2.21438853261369
2.13072466673932
1.80316292560597
1.91972734200037
1.52257105413416
2.05159706715408
1.72115800724331
2.16589931977708
2.1723806140797
2.32728125224693
1.89513447070682
2.15820106635161
1.92269500305534
1.89584025519192
1.71081064595592
1.94582363243713
1.85474509983827
1.69186371282667
2.31322189088022
2.20623925441593
2.31561473781479
2.07603359491589
1.97869758503811
2.03432964887973
2.36417350748391
1.29026437772756
1.99984556518282
1.32150385559007
1.86550831282141
1.6525044227685
1.28517747067142
1.96376903353053
2.30407383884954
2.27307478188422
2.24426964065071
2.12246859389821
1.9938538387347
1.693826420207
1.28114760557312
1.64414159807987
1.43828251880463
1.90833741278199
1.52331577608049
1.63011455848877
1.71214711037502
2.4184233941417
1.9440797368361
1.95234784627935
2.21577499406252
1.23228592176747
1.12816140031696
1.65659334536121
2.43951447503012
1.36028459270378
1.78656268992584
2.15363040368281
1.68103225974214
1.43535361150268
1.49202081402793
2.38334398426529
2.31444683877668
2.28311839430446
2.09885595225202
1.58440962543518
1.55940348526468
1.84319856055778
1.82648173519269
1.49018565314447
1.90027752195882
1.94768106205983
2.21575463866529
1.16669048980824
2.17633626880045
1.57273558215934
1.67477870161039
2.06563647140396
1.88949629686685
2.04789675957142
2.3663791971896
1.07386866645814
1.49061732272175
1.41702578064908
1.94401125593021
1.48453746066069
1.62136268217026
1.5519922056094
2.1994686451586
1.8578031101279
1.97874232414849
1.89115278381102
1.96674804343233
1.85529079739549
2.27528996986826
2.37201406711389
1.90952685588833
2.11440030218451
1.2345023520218
2.47512005552623
2.14266657132555
1.73055775507725
2.32077707553611
2.22292108543548
2.41904003252742
2.36354728667136
1.71235838197505
2.13088718547636
2.0801506596551
2.05710067982002
2.03404025858293
1.58015997117214
2.37890944739061
2.47286762306148
1.48449220038749
2.25628668085771
2.3738902465284
2.19975395768049
2.05764975483356
2.34709971245769
1.57068330834565
1.89488704590082
2.05153833016231
1.987753360109
2.35431430354706
2.43249689822689
1.71558325835898
1.20870390728855
1.35088785814144
2.30885080456708
1.50860923248464
2.30743539681828
2.43918868764082
2.08740315418085
1.53280378014262
1.75736916174777
1.66405444771431
1.51959537326752
2.09660221217377
2.24517865582512
2.09775850930815
1.58134788432304
2.11338785133425
1.86754920363338
1.14400154703661
1.88961811840016
2.17389230600766
2.27867793752848
1.97659541422608
2.1244434533689
1.840003840223
1.99110775281423
1.34136015217597
1.6119053552741
1.79849218651979
1.61116424156793
2.28431952358844
1.38680728423433
2.19355876850451
1.46443755873096
2.1946491842292
1.70297455278832
2.37742800089478
2.00101521655224
1.84744574134649
1.28492571496832
2.43044310012403
1.36520406659862
2.34325597513735
2.21762178327423
2.18834856256987
1.88709473723598
2.13360987658337
2.08735618503761
1.80707309758084
2.14836458714922
1.5634884936044
1.93295357069802
2.43497991126817
2.18264271750584
2.15719318323442
1.25187280877167
2.14141146784735
1.62896604349644
1.8636962760802
2.46402911278345
1.77105222496527
1.61445721963757
2.10372439934461
1.9822090417563
1.98719517856453
2.28468686435008
1.77292913921561
2.0324731800424
1.91345769936393
1.71254122130019
1.91039575050693
2.23488506684344
2.02866356900205
1.92157761568022
2.31561091514276
1.56995600012394
1.75992877153113
1.62331184869963
1.28921098402592
2.18472277766579
1.66242969568114
2.10065503692806
2.0171309517834
1.39444036478543
1.85010989816329
2.1787845994527
1.77573827718643
2.24745503073018
1.36427893239047
2.36814461772724
1.21721985705704
2.28116624894743
2.28612845660668
1.66168113690007
1.84814776472347
2.14782334271069
2.17683139973459
2.13739964682953
1.44179976720676
1.96349801525272
1.3893796458421
1.9538417999157
1.83046850913249
2.27451625290597
1.76166827882162
2.03876887158744
1.84504144678474
2.01460779320299
1.72107029055043
2.03340637228038
2.20397466230655
1.46888290472963
2.35416296613905
1.77268134893319
2.28608025270138
2.03853092713065
2.21110839245198
2.14472664425562
2.1550202184951
2.39621187202373
1.51031483063151
1.4997687500178
2.28327644786696
1.33887299742941
1.73202521186197
1.56176505276324
2.42917790169584
2.48938759247717
1.89935680171438
2.25110227869119
1.24245941706486
1.97928021806956
1.67578496212877
2.00359478599032
1.30347039906567
1.96868916140034
1.86034722576341
2.28306417554309
1.45297200045508
2.04267376736792
1.96829070033799
2.11775729440367
1.64075436143371
1.67497119507467
2.01329091515379
2.13029396212748
1.26681899072767
1.35126579670879
1.29042559342826
1.54800886407135
2.16085652374234
2.42596557933322
1.5861999374986
1.52352365251194
2.07213956255791
2.21166500369995
1.94748352790248
1.99442404514414
1.86044221155956
2.23681030358294
2.08036318470421
2.19666146259478
2.29552154737754
2.16131534952549
1.92531755407492
2.27717179643021
1.7813348097225
1.56731950887316
1.9376179449249
1.81947243074896
1.59230174017807
2.21090087206673
1.91131495593606
1.55835270862964
2.03541964812237
1.99425957416284
1.96541702181541
2.21581605374543
2.33124987461027
2.12877531005778
1.19589903327345
2.41355542875728
2.0039629820057
1.97116389522495
1.53598552847838
1.76724655990865
2.08901329680844
1.90790028092533
1.73711457466911
1.85107192054749
1.76171623885495
2.03971405018258
2.3178688066051
1.62234320704943
1.368408764457
1.63916922956927
1.76489888605564
1.73356085988644
1.32685822222397
2.22435044233003
1.58430127250243
1.77464991073539
2.29853587054742
1.80005552484857
2.05339736205655
2.47479709001197
1.97368723139594
2.2635100633588
1.86582819073927
2.41519136696822
2.43683222152905
2.45354757234572
2.07439768095109
2.06254668320686
2.19785727139698
2.04071644459785
1.60995015715016
2.30013950234147
1.71379748767052
1.44892027392176
1.47046152336804
1.93980993139777
1.78393331315826
2.39703447969925
2.00750087101869
1.78178549868839
2.1714419357027
2.0668709688781
2.31413057617131
1.92036137560073
1.48013347803743
2.30233093520637
2.27785437729822
1.90078417562297
2.08418867054532
1.71465964480857
1.5580340501138
1.73522554692358
1.85984325686584
2.43540230400733
2.46170580961847
1.96403266972534
2.35044420443885
1.88551069406906
1.61736242253365
1.9774219684797
1.92070290536396
2.39581560646536
2.31864294745715
2.43990623437201
2.09712989453495
2.21940743083694
1.8058410015637
2.17534692236324
2.05352299953465
1.60255318141541
2.39751637275945
1.69651318333343
2.13735408582871
1.84288397598088
2.22470528020943
1.56493659979911
1.86830018532822
2.12099657857632
2.32164801969726
1.89581167369087
2.00085519763996
1.83917850587458
1.70465386572898
1.95196962294791
1.93699518566068
1.63683298242023
1.84736374518608
1.96138984335237
1.88571065598793
1.63385267626947
1.93039541035981
1.73472005961768
2.1508444226905
1.79995090139821
1.91267146810438
1.84468236767206
1.84691944040004
2.22339701871134
2.17957673978344
1.5030456087722
2.34376734677442
2.19261556682148
1.97333358204998
1.77401594869033
1.6571378207616
2.00616124379223
2.29385225045329
2.17304357132921
1.88692532424546
1.57104706257822
1.97309356611269
1.92954744880539
1.82930333202235
1.88140425516103
2.39437583175956
2.34246913580499
1.5552161503876
1.42501143183292
2.30533019060871
2.27044967695332
2.35234715174227
1.92689008517869
1.53812932317563
2.43763066077485
2.34441527915584
2.34197715171302
1.95097622329781
2.04171747373108
1.7355671651677
2.16223173270268
2.07357406253828
1.73786368112355
1.97528676251996
2.09342733120126
2.19687947895316
2.13056532300977
1.279005297691
2.23590911072322
1.72284958788397
2.04823939972494
1.23621792726205
1.17316571818531
2.18612906716277
1.70157217037657
2.2450607156949
2.12819188437915
2.46621270172083
2.42743388294752
2.43162865021237
2.01762483270184
2.43737753016986
1.63239397858716
2.13100429495892
1.50279281491218
2.06219269598898
1.62282235186536
2.22023553849897
1.36178060925527
1.90857101509277
2.14398173752089
1.96812532243895
2.27735290086624
2.28918973415103
2.21823673533927
1.83182486064519
2.24732112301812
1.96839479475662
2.2636264091378
1.88721671233418
2.44846886096986
1.67003459953175
1.94811153407612
2.38513025935739
2.1139691238084
1.90926611781517
1.55997140125834
1.77199377985996
2.39313241928358
2.193992406745
1.93550595216568
2.07686216531244
1.28355235274777
1.43989771495135
2.18555988571645
2.22016094183723
1.48021204545407
2.43491145851872
1.41154614046817
1.84248430960289
2.08261083101939
2.21151099927543
2.44658052200443
2.06885954791056
2.33844041406284
2.03946756931168
1.45834938534071
1.56739623797172
2.29093351178104
2.24286467908425
1.94619364937303
1.77685553498801
1.75763384367963
2.22975481882101
1.79196243949492
1.69494025106538
1.69879499643876
2.16308209835648
2.29775380398164
1.64163826272993
1.24808489947029
2.20457991626198
2.04218425623402
2.00167950557061
1.76445798619547
1.57135548908743
1.0585055990807
1.60257762600385
1.95562372039447
1.81205669288383
2.04611307623672
1.76781015838183
2.03827323968541
1.80126587098177
2.21869666101462
2.21946050754635
1.7374064004693
2.24988524499715
2.07577018011673
2.36372056789918
1.6521141833599
1.83188716592933
1.81003980617445
1.95483729552994
2.14192795208781
1.25639070708253
1.84867545965566
2.474076283095
1.27966157922621
1.36640037385809
2.05877293123245
1.94798761411884
1.9796151768075
1.67679168318591
1.54562518339256
2.11416987260804
1.7369473548323
1.71961486755473
1.33134882660875
1.96583706122608
1.86936387254588
2.14777210645222
1.86009783620252
2.13833712876042
1.55055314590926
2.10560990526276
2.11260198166767
1.08956927084918
2.06088241580291
1.53781600643591
1.74654058085366
1.4543216724908
2.19381501881151
1.80789645303695
2.3217089804556
2.19687780851042
2.2352771503369
2.07613445805825
2.25564143378956
2.09920062174657
2.17490915139462
2.01586375535281
2.27704027246545
2.16545191252026
2.44981990204993
1.97706695361494
2.10435181568108
2.45033908624673
1.7821800989287
1.64575422348186
1.56660131047147
2.02078954142305
1.95961066409077
1.14611031819274
2.28341976850473
1.81329323564043
2.1075091255252
1.68436230416312
1.59134448117636
1.70642110967762
2.46744832484147
2.20787197531887
1.92734746065301
1.2111451255994
2.17150748680231
2.04387219663485
2.32942987203706
2.49090167534204
2.02359542344084
1.79560819698893
2.19873003992582
1.36661448289552
1.86930910440766
1.23992296471322
1.28417001898049
1.89464016296652
1.643824752306
2.29870956531974
1.59739733639864
1.85214094730101
2.42085883106754
1.63354772625377
1.63430498819951
1.60716775357209
1.6831269373946
1.50474558261703
2.10088584905258
1.84948888049048
1.60450182367057
2.02126942309576
2.09518001440379
2.13419651679312
1.95931038350862
1.97428286600841
1.90066902817446
2.00849699241539
1.9301158429594
1.66177677492615
2.35320827734687
2.11715314023261
1.91721203890915
1.85535043442155
2.17674307071228
2.39422552622647
2.17421168440636
1.63187328108293
1.84811182187299
1.49984539525891
2.16424762401492
2.36256746556396
1.40562638036497
2.36792145332265
2.11502776187048
2.24181955479309
2.29471710832087
1.69805520252787
2.28364182133407
1.23570876551547
1.53295316253413
2.08204641700608
2.38359766892999
1.93602902493606
2.05818811864139
2.12049649652982
1.55901957502395
2.38849904855523
1.83363497561156
2.19608813362459
2.12740250540918
1.99506301006716
1.84850017157919
1.83062328094975
1.70586386458983
2.21454266070955
1.95674364577738
1.36618821289894
2.11129179750297
2.0568885609345
2.19067940681336
1.92110428013796
1.82544747854651
1.74136843044996
1.9525065279412
1.81800545131797
2.10285891913696
1.79765378744055
1.87487830308679
1.97559113087914
2.19201057032972
1.47940628363276
2.00001332978527
2.02785907451429
1.63709887126297
1.66915241901008
2.07502862887898
1.81060230600628
2.18162017882152
2.33363663505993
2.02279123847636
2.1138985177141
2.31512039304388
1.58490086151078
2.1786381874602
2.14618946683627
1.45980422851999
1.69775293118718
1.72853725052312
1.9018895733281
1.62970903634601
2.2680939344222
2.131070628304
1.66020524507018
1.74261422319647
2.41518517986411
1.86704224583485
2.19547597319407
2.07042788593432
2.20073403774034
2.05700981658614
1.85238757614683
2.35591102629183
1.96020156167794
1.15052427811159
2.15431402121904
1.87352469693711
2.02859889194805
1.35562853068838
2.29006549049931
1.91425265326818
1.62628977714083
1.9887993743589
1.38790794821636
2.32350552602989
1.806536844062
2.23071310403454
1.33553976837134
2.40761193058314
1.56663258339218
2.01037146329464
2.00366062159578
2.33272898326395
2.09041585391223
2.0121680784664
1.98112750918655
1.59737088743502
1.62094882060928
1.97130694365294
1.45097267190116
1.68352268354644
1.99788567383101
2.19659390185042
2.41210982626802
1.8498803126088
1.85217725963185
1.45819301072352
1.91377109986905
1.09575210794376
1.74213362388079
1.98977372110931
1.32785649273017
2.1280937636882
2.21462976931768
2.42337604831476
2.32077401094665
1.88097524218404
2.32687235596643
1.34326351352352
2.28700499512202
2.06205464585487
2.11481479258148
1.45199899488614
1.99070882468722
1.9255119396445
1.2456672773327
1.2845812689313
1.65868430849143
2.46249989352843
1.98215838891295
1.75453789930915
2.43138755512753
2.37133996325184
1.14110651798172
2.05432687696206
2.16276919783646
2.29608824278339
2.33969918119811
2.06378952079273
2.38955763734122
1.34854417422617
1.86548539351823
2.38688520296591
1.56708875576516
1.91248700921643
1.596972673397
1.74893686252949
2.36864061612595
1.49859536749582
1.00312047875621
2.47637815450271
1.35011172737915
1.09227676319496
2.27537643147594
1.60794919500406
1.23290002016248
1.34059417859656
2.10761578429423
2.22342636937938
2.30884651488298
1.8067192642992
2.46082014324719
2.47000552330617
2.10095433947554
1.86086888244959
2.097788354885
1.467394724048
2.07704282581274
1.88036322700746
2.30027121339504
1.67661186968134
2.1367010783089
1.96771466455951
2.12013353870784
2.24497970736527
2.23361035738593
2.00033863262099
2.08186129347066
1.35257013743993
1.62856429391404
2.04900258468157
2.11756517942532
2.2700053588522
2.21757254594366
1.95771109683461
1.85171564603955
2.23031371723168
2.01382330485539
1.68729485099675
1.45264684056408
2.10874457054811
1.88584439417353
2.28877855258434
2.15378243457789
2.09600975544456
1.30587445419195
2.33056381317034
1.43140168697203
1.71316110060386
1.71611798805452
2.26290749025481
2.34364669925473
2.09306224474982
1.88647317759088
2.11251924427014
2.02062250235071
2.43181322175309
1.91539573431677
1.93625298569505
2.40047769608067
2.30592133596049
1.85485521904512
1.718444869995
2.05457611145266
2.28760294111207
2.02754281723015
1.17167133744586
2.33683580422674
1.97831780186685
2.1427205634895
2.20572480266906
2.07192822663926
2.32683315960409
2.3695420416418
1.45190592812988
1.91000684159713
1.90050856988301
2.21985048412251
2.02314367664075
1.58837388710597
1.78924332665399
2.2346084540006
2.1819056406443
2.26818161290226
1.79514878806379
1.87807622290803
1.80845964910465
1.92301298230409
2.07011559541262
1.52894067333599
2.28278175065111
2.10019319007792
1.94837240433843
1.59396979801949
1.59733268865115
2.31717020871637
2.3406011360881
2.23373229359151
2.12014022001127
2.38258968103852
2.11742250224116
1.65603189388215
1.62770734699158
2.08094267019772
1.90173326558972
1.77657342195663
2.20483743561414
1.96367289655144
1.95084912581441
1.94939864991931
2.27537422525871
2.00583092916833
1.82829107966213
1.67656610759853
2.13542542574068
1.81855132117978
1.97483605229513
1.67453495414858
2.2404011148141
2.28738796145783
1.92992200524747
1.67813273035457
2.10256566016826
1.91894027564638
1.61195177971316
1.90727362525999
2.34002231127429
1.76787632907193
1.56645168048196
2.15656918722193
1.27960077278404
1.6678797740989
1.93836683596863
1.83309176564603
1.56626371964458
1.76890958799964
2.29203264504463
2.26530219988797
1.63549927974148
2.19739460811788
2.07771897574563
2.02895175386311
2.01771438286934
2.12189481007093
2.15476605877488
1.71544673882193
1.9289916405916
1.60578647828185
1.88220663011269
2.11496923417917
1.72575735678117
2.18977870775318
1.74381969074699
1.94664665858972
2.39157255903763
1.42563252438925
1.47950211670799
2.23851448578108
2.40996831294852
2.054973723451
1.78211091905632
2.00723049907976
1.83507776855346
1.60808800660152
1.14618007897163
1.78327483929887
1.53729854093087
1.49966765902188
1.58236604050298
1.75994634600957
1.46866576825616
2.05585044053396
2.26280760452746
2.1004793718405
1.70729606615856
1.9590187787392
2.31084336387421
2.38449567484754
1.78666280897963
1.75113135639891
2.37613907058771
1.26215231952334
2.36311376893328
1.87632467832499
2.15139732858131
2.39378127211224
1.85340110286079
1.94226680076875
2.4938908826271
1.85884121952834
2.16180962365803
1.90299937476938
1.95022610036369
2.00005077440664
1.75198723789996
2.43867080080293
2.18385238707386
2.43481941784174
2.41794286548288
2.39035626334499
1.80151721675773
1.7616974077614
2.41630021290128
1.49985097444922
2.21533758619444
1.79134592075022
2.23457484337067
2.17767842780733
2.26794043944927
1.99258945616577
1.78526405797122
2.23655874358573
2.39964029906485
2.31784848919552
2.11910915232519
1.67791890954027
2.1781373068889
2.06722142789853
1.76267989471869
2.3467359797461
1.58989561197528
2.30499046904042
2.08699220551208
1.7177884714419
2.2337740420824
1.27268039404093
2.33689351112244
2.47668959098168
2.45816106722661
1.88495285001146
2.27558295298138
2.06913580750512
1.65800422318057
2.20310184352947
2.16641938005798
1.96348383883813
2.00816191327919
1.34646723703438
2.0293281426909
1.94185332558096
1.834077416139
2.31929404172021
2.0728005089027
2.40311245301625
1.55222007216796
1.72637491578027
2.04890393081447
2.02486482387235
1.85988622013874
1.83132760818622
2.15187089680422
1.54011012306863
1.45839279529285
1.96306227685366
2.35228039595367
1.99482843621924
2.20908285087977
1.87947406038277
2.14885896174559
1.95983397154563
1.69069487421994
2.22337286134544
2.15525180883639
2.25495903725409
1.90277615946999
2.22891236718919
2.09798217487496
1.81426780135084
1.71265251459401
1.36214281232425
1.62560803695541
1.76993447359062
2.28862020486204
2.16772748989849
2.45055709060802
2.4683420148756
1.62622292460424
1.35003412597825
1.99761995985851
2.24347702370547
2.38312965979887
2.34221977551374
1.09276682985398
1.66309228287656
2.00649714823967
1.9947927755853
2.34637253409004
1.93211139138115
1.95216242968039
2.30470977326089
2.2179590386703
2.19383130416887
1.76918484341699
1.86649844685107
2.09411422928531
1.85802554495452
1.86747717284723
2.06140320328986
1.81034459067856
2.20433735026246
2.26818785535199
1.60759242658622
1.86594191403833
1.48420886016687
1.22718597123406
1.79786483124679
1.62861250171321
1.81483254517791
1.79016636244991
1.76602775483724
1.71506821951985
2.04383649737005
2.00686350531849
2.27052209025255
1.77466600784136
2.38517789517504
1.60012563933033
1.93994830745723
1.78885957360473
1.86337072310929
2.04865123232859
1.71189106857728
1.29959949697415
1.954756743518
1.47854735673093
1.65979469305526
2.30949397852434
2.18508805559192
1.89329319610491
1.91626599557767
2.2460360008367
2.15103568801877
1.84108506789015
2.23131634918039
2.17568914556465
1.75089169993499
1.9971965225546
2.01047317989965
2.30815827353192
2.25122982401421
1.40697902516079
1.26083009680226
1.97742387274806
1.87190987442387
2.00334713354718
2.22311696848742
2.23467768191902
2.33884822681338
1.62272280399585
1.51658193930629
2.19666731006181
1.9456825389494
1.65908731002264
2.05007636786853
2.20049960626984
1.435375460714
1.883535172395
1.85920858977287
1.83165310192851
1.84278602277884
2.14528338568117
1.59867637636418
2.23976730424125
1.73046792276209
1.65474011748621
1.90257986690922
1.77013969562339
1.70555364214693
2.01374454420098
1.90732853254822
1.75785696684991
2.01433373810136
2.22721089573016
1.80968574716073
1.97163959377293
2.35168232646066
1.44880955029022
1.8575501828007
2.08925357790912
2.36427770215304
2.16891949655568
1.42695796655583
2.29428709027263
2.3168211160356
1.98692944146154
1.89183118399698
1.96035675339902
2.40631170874118
2.42954910991877
2.36825857942004
2.24184111820223
1.62217433990731
1.70584552826643
2.07642382874687
1.84711395007438
1.92381453989351
1.711553721059
1.7066085075867
2.37858942027069
1.65439033169013
1.76534903829044
1.80269606828235
1.95939972507919
2.12948112928653
2.05908431211183
2.42481534313374
1.29547704201137
1.843090119246
1.77762747260078
1.78157521620519
1.87914673983328
2.00230569104289
1.85783877830327
1.98039160645845
1.38841246572291
2.33641922572096
1.99942318903317
1.96108487282643
1.89908314495122
1.89825819951756
1.75225379228614
2.09509017753365
1.81590672425481
2.08935478407407
2.20282642926502
2.00440826754761
