1.75
1.69259875001301
1.9270230496389
2.38011057975321
2.39800267939544
1.99025853357989
2.24483742933947
2.38159745637434
2.03374597168947
1.5640618819601
2.08399716071304
1.42618470073334
1.72890624710298
1.6864471873307
2.21168780828797
2.06109132617243
2.31313814604809
1.69757328611181
1.90162660688497
1.97734491223108
2.29323449461769
1.8410680515339
1.48188328753041
1.52423844664763
1.99095729597387
1.9359736555917
2.31150974162886
1.54650471823292
2.29159256395467
1.66136673280606
1.99139396239746
1.84598616050179
1.92496162816455
2.15178067717323
1.68623735318069
2.16178233423239
1.74323731940455
2.22965525336545
1.19533107826873
1.99358234168544
1.57673890967558
1.54188852446102
2.32331209466113
2.3167656542354
1.85005420634191
2.02497424610223
1.4909423848223
1.80091597663361
1.49778671822373
1.77958027990036
1.82671518884334
1.39156902358327
2.33375077843406
1.27014186809384
2.37565042299628
1.99006926524372
2.22667664942014
1.43002825079435
1.9950934616206
2.24261330156464
1.90353863276682
1.19867129581118
1.10573733938829
2.3684866162211
2.32641683527702
2.33292113299099
1.42208086005885
1.44964715280646
1.65023802500461
2.16370144315243
1.91995734797951
2.34297674331185
1.6314655152424
2.40289982414704
2.47297224623063
2.38707157261709
2.22828774989229
1.5716991775665
1.55736316947325
1.26519641647476
2.33900271320649
1.39856980061598
2.03771994020978
1.33194991647539
1.49715481339464
1.38252393483233
2.2749689521721
2.41696897531797
1.29836276247851
1.04405041564221
1.94448855700553
1.71796980624516
1.97200164182153
2.20749078331089
2.35519987679032
1.19329888703264
2.44937601623621
2.36117123313923
2.07181080459288
1.46339892321471
1.6968895763568
2.04413894117424
1.56249959713625
2.09397498633753
2.39912937592793
2.39329707814701
1.8945708156566
1.45945567246414
2.37287767426932
1.54210099396496
2.06170066703744
1.78705730065539
1.71783766252857
2.10070023146791
1.81357366986997
2.03957873998555
2.03406659676241
1.22425772223535
2.12483835815084
1.69408883789443
2.0468590536586
1.90993476800937
1.66978288013293
1.807165572116
1.91539474628662
2.26467176807647
1.89638361202322
2.0652319731266
2.34393828856445
2.17493281041383
2.04590037248778
2.34192551293903
1.82200724062467
2.12651136622808
1.67425287421898
1.68349331860833
2.30487965428477
2.05424740216832
2.00284975196323
2.15785981350878
2.14418258335177
1.9433239772969
1.61640870339892
1.48143702853747
1.25895894137745
1.39439565698002
1.74750933216653
1.46537300150397
1.68260452633877
1.32466983166398
2.14595278407662
1.85476114915622
1.68627759720363
2.19227239560632
1.7004418458206
2.18696300343789
1.54136235268319
1.82436238904496
1.97492269035265
1.77353764319395
1.69133578634165
1.92074835736522
1.53848194676225
1.7097055075372
1.17449241855717
2.34795690422865
1.6231060193806
2.03538766016915
2.07423777556551
1.5506235877475
1.96372559382524
1.83177183526896
2.18813506471033
2.41283590305788
2.01270457982254
2.17797466372212
1.55305950760769
2.03965930639842
2.36886999018618
2.13418421207252
2.47410814807814
2.00128314213385
2.24436819429768
2.180570232992
2.39302162972519
2.1694058378399
2.39275198288666
2.41349347299677
2.44472887320576
1.16673204329586
1.9373207410372
2.42358017904048
2.40609887831996
2.41365775849225
2.49159825945601
2.45829530695265
2.29766594968917
1.89962030884271
2.29793306585686
2.18425993587462
2.39865915657301
1.77912425562388
1.74911921733716
1.93418975870413
2.44718744917345
2.45912261451178
1.16815990847957
1.85190001667029
2.34646975404223
1.2587609382121
2.02601185556959
1.8917571874016
1.9347065872057
1.88312042048473
1.87355432923324
2.17635242969815
2.1268477296706
2.00308957471305
1.99138907515903
2.31836656714397
2.14321498675581
2.32333378234486
1.91780523861607
1.90074248214797
2.29961589760636
1.73180511107884
1.97108920602476
2.12043700321288
1.99477084192642
1.45565630660662
2.45123296256434
2.24000544222575
2.11930771035471
2.02512266474265
1.98584435761087
1.42593555148828
2.0088579653656
2.12788309826225
2.35828213510959
1.58022597573603
2.40759357085676
1.57245250211527
1.76332470668904
2.09523179577882
1.91684554386389
2.13678517400133
1.99863711986978
2.22115091943673
1.36663583137606
1.53398970088875
1.29729859993252
1.7322348227697
1.64371567113126
1.88534260925953
2.3654290237847
1.39706114315762
1.3454914673285
1.62868378217144
1.58160692629698
2.0305418163917
1.9900737248896
1.95564336796597
2.07116222856386
2.30264997491628
1.55770423665465
2.4131206770977
1.98747173330836
1.73053030935489
1.44810706186062
1.94021557498401
1.74458268905635
2.25160762777501
2.11623251615336
1.92163489109056
1.89498050811463
1.92400568849434
1.1753346983141
1.7998487498996
1.95801855580552
2.39547034037592
2.04488363731397
1.40581225568265
1.50837976645784
1.41733605135741
1.46184452732087
1.45144628209824
1.66951862199372
2.08217983158715
1.97535870303101
2.27652923155142
1.92014650105082
2.20938694501594
1.64767929473812
2.08801928113053
2.11406466387407
1.70222087799814
2.4013459656919
1.86245655304139
1.93314704401813
1.99045277204169
1.88101367124297
2.15523185100315
2.12256914658427
1.80520550600695
1.4915585381495
1.92861786462789
1.92706468638082
1.38105018342954
1.78037969928481
1.97023623053841
2.139782392698
2.25687974702988
2.3515764970756
1.90883289895615
2.23027950207129
1.87930629293292
2.1179525046063
1.98286251505859
1.69566063556024
1.73628644692478
1.94084974612459
2.20226177165306
2.08285424675703
1.94668681066393
2.07317108737313
1.7983048228078
2.14777968657058
2.0573782820289
2.32827597886071
1.62684833507757
1.69670129149341
1.85846100850983
2.04048954959087
1.67115078366979
2.17539990740433
2.3077755646789
1.93301033624188
1.39481045460168
2.28140688985329
2.11603315287911
2.0667828513827
1.78799329624373
1.83860870728956
2.00182661081209
2.35667980192895
1.42295588207671
1.54859108765198
1.99801646376552
2.12286182260781
1.97240053078629
1.97983989360849
2.18350139513443
2.0433740343287
1.66218218437963
1.70193875061925
2.33306163780638
2.06855868986157
1.11556508017024
2.27364979054966
1.90051375696165
1.55992206552928
1.98697847249308
1.93008089244079
1.83032918512318
2.37119070687507
1.65004048201158
1.19508975233361
1.36247152956753
2.43774233920105
2.0783193548731
1.50213131101046
2.2783147319299
1.46336222805655
1.73528318870664
1.66112349962525
1.68271652272359
1.8706050207984
2.10840679813359
1.9343016412628
1.57094303189708
1.60258798482176
2.26437641986454
2.24479230887545
1.83990673981864
1.31110862224815
1.43329729124568
2.12533634698903
1.88999896658851
1.54075136653385
1.48389490850681
1.33759532554953
1.14963249385686
2.06066371309669
1.27377448164466
1.9156261150583
1.71617778610245
2.40756881753856
1.39743774363363
2.22341649817784
2.31914223974983
2.24145062822035
1.94356680500534
1.94460107268345
1.67802757446554
1.88151371757146
1.71400478093264
2.36667518971739
1.98039252036361
2.31336470726696
1.36074409871603
1.96793885351959
1.95057835259294
1.95997908975162
2.02727612209579
2.26080928333567
1.94654911904439
2.27723407303156
2.22139950211584
2.33664616596311
2.37321279214342
1.85811161490108
1.83378502131937
2.14431838005624
1.59838952321491
1.96260969802313
1.64038515728327
1.28807027571664
1.98663032064506
2.00536036299228
2.25652564432282
1.90156676096541
2.14835500353884
2.08399403567979
2.06430035047492
2.21767699291365
1.90105846996327
1.78107733492095
1.72824947437962
1.33789329408259
1.88644559512499
2.17430019074873
1.41241657689745
1.82149966117319
2.40209110433362
2.30542422434615
2.18247569412575
2.15681756175992
1.93328958494617
1.70130442735552
2.07111621582156
2.06540805415066
1.68082224186107
1.99664665150883
1.99198937785869
2.37087100537441
2.07384532022932
2.01195259416945
2.22788163757943
2.44128656601877
2.31265760391016
2.15863615238612
2.0276095625737
2.0294212476573
1.94288109476234
1.97311295868722
1.9573549440067
2.20241118079491
2.25763257865817
1.7220342866957
1.9194506230321
2.37709390074808
2.12495929040627
2.01698803541139
2.16097751235968
1.31665632957301
1.52805290399086
2.27419605730581
2.18165140747922
2.23326389453433
1.63211784055234
2.02454438189436
2.30877241614028
2.43042157863762
2.37723226031264
1.5716937081746
2.12372523086059
1.95399679639479
1.82135444554029
1.41406360933118
1.78648142781782
1.75920504818366
2.1275684027187
1.87817923149667
1.35340312345405
1.92966003956654
2.10734938296939
1.32749811758235
2.34167192697191
1.74821352869202
1.65808775487878
2.42539056495177
1.49815056706218
2.34128897111382
2.22080953937385
1.55445164054225
2.12491702480473
1.93048821891284
2.32674836348781
2.12878852504331
2.01871588030709
1.79013832809376
2.09639082156479
1.95067217781074
1.44247063122349
2.14769690559497
1.86589373445935
1.81064376885567
2.11753434226544
1.76128434337548
1.82899420548754
1.75166813100031
1.84836005172715
2.03368126299824
2.33008542579275
1.72240086668514
1.59803654658872
1.47909587189504
1.71164084741925
2.25359658007829
1.93255579662932
1.54210021828068
2.13889677402222
1.72671528021796
1.77268781996729
1.9606305711581
1.97124783917934
2.27992014149779
1.92098256706035
1.92597962812641
2.22272976927509
1.15898259150657
1.9971561956048
2.462065139733
2.40781722880271
1.547872447422
2.10454341214165
2.38512178618544
2.37111022914703
2.04954502953159
2.20260568996095
1.88086215499323
1.88697605664693
2.0737814319641
1.65571011156904
2.2017271220349
1.71196257299698
1.83858493651741
2.12961342330205
1.79109504771924
1.5572100817142
2.19219257405822
2.31272282856782
1.99803565998623
1.7883874914165
1.24514051038988
1.85832309697313
2.08630561441217
1.95118890767692
2.10617080971929
1.29688700306354
1.9411235388151
2.00372139548307
2.14231712577463
2.25190225157228
1.7901484573313
1.66566346327056
2.40118870287975
2.31462339047681
1.6861687512486
1.70923248894446
2.30524429772658
2.43865725554524
1.77307823455715
2.46227196768643
2.38859737627238
2.3779795828622
1.91672383410893
2.14943716158005
2.42537164093194
2.28759527713772
1.89651250550297
1.63834642628017
1.53793237347065
2.28563078628492
2.11141384645357
1.14434182950799
1.90231827335684
1.64567892761457
1.72208596536343
1.92480012086071
1.8660504502705
1.50602061431315
2.00331000266932
1.47565050256713
2.41161323084197
1.92641207836651
1.75026483023679
2.47774201980192
2.20498750037968
2.23561362364174
1.85320841805427
1.84155884873605
1.7752949671685
1.9261911138448
2.039222565563
2.22868990946696
1.7034068793281
1.66150957171468
1.17093247072287
1.81553706050252
1.72706441777053
1.30964248385396
2.0983212757651
1.03615067013441
2.26512035113142
1.84861738499652
2.02003537385692
1.97639955593775
1.76813580467748
1.28280549535607
1.54181268061261
2.15504030788384
1.65776499115502
2.14285567458506
1.95172847425944
1.72604104499345
1.87844737651487
1.78747716966571
1.80703999306612
2.33172630678386
2.0997137058772
1.76048108448991
1.79135694162769
2.08124202490755
1.74049419289047
1.34542513567675
1.6301783605797
1.77007065788094
1.74639023868117
2.05499645428463
1.67838792045171
1.97783367755693
2.08038663011798
2.07513351286783
1.78888003069511
1.82564269264195
2.22852706389221
2.31412413770541
2.10614531745066
2.16890879506662
1.65762252489068
1.41460641761265
1.70968810686451
1.95762441575985
1.52608955214208
2.21122048578806
1.46041319083538
2.09369757590767
2.34305610643219
2.09090757143482
2.4722401427614
1.27131853778335
1.64241888795013
1.86277041014529
1.77913763006566
1.4511226965343
1.23614571806415
2.38664803534401
2.01574243882269
2.26883971794091
1.94548308088967
2.35120642581753
1.99423593739591
1.80602476586591
1.60789692232859
1.78133135099748
1.82861483287227
1.16346860192921
2.2404404764517
1.11719543567713
1.14036651317553
1.40576507915975
1.87881300409123
2.16372367105759
1.93261633944312
2.12387461915537
2.1126359627565
2.21307476557896
1.67375142260118
2.10207736379056
2.08325705332218
1.68192590936192
2.36988681238772
2.02881864864343
1.67631181784656
2.09161193899873
2.00978777826907
1.55255345016208
1.72729157421209
1.95803310879022
2.39600374261902
1.69739986541222
1.72549073483479
1.91410343654652
1.82749717248327
2.14269032392696
2.04058584626526
1.7120902144986
1.75961809308104
1.78836954438878
1.63668232356489
1.82794711905647
2.04346630725556
1.89281885300173
1.87334069910287
1.94148240208486
2.21639715511778
1.67499807808329
1.46523599895004
1.84840451038336
2.12227217307452
1.82227470825576
1.69765439436551
1.53663574095097
2.039653662431
1.94205961194682
2.41868540153117
2.20371907351288
1.75292323204578
1.42684053158876
1.77284424035392
2.06825646525817
2.10524913870745
1.96966096433588
1.7683491267898
1.87300653654418
2.31181709463861
1.68780423354888
2.1237654763648
1.77391580606696
1.92320690874082
2.14128265660131
1.79123365421444
1.88293080222178
1.19334996182323
2.01758385846175
1.9600329202886
2.40523419444594
1.65626453035145
2.20258901405571
1.86101298859133
2.09922937980122
2.2713002670043
1.32293832938728
1.65572692438824
1.50463356091305
1.83860118411715
2.36739091234848
2.10671692004853
1.28535699738611
1.6516343725043
2.37460564348621
1.47335433009742
1.59035619462271
2.31540286170364
2.27370937718634
2.37471144799428
1.53902364417536
2.24311093519505
1.95368282918337
2.02779779826593
2.07164578571714
2.08713662340598
1.85776294571924
1.70037829754102
1.88865778066265
1.8091064858959
2.14043346633211
1.91461566516791
2.35631366076796
1.29924261132212
1.4617290152092
1.74808171598618
1.91308988077573
2.15763843490814
1.86316254821848
1.7630574125744
1.52130228918834
1.70948424489164
1.83175736017812
1.8305245206803
1.42097858588953
2.23831877069727
2.37005374517119
2.41666559416777
2.13921967903589
2.11132120302992
1.29028224916343
1.62611690989567
2.18536405333071
1.75197469015971
1.39196044464283
2.37977247396258
2.24725281625044
2.47631654370747
1.72114642634088
2.09682047386035
1.51115911325347
2.22561381790969
1.26144627759883
2.43942349662615
1.73154778450803
2.28909973084057
1.9572484043238
1.29745690298634
2.19260329626404
1.54023243030995
2.43596666760453
2.06460804885642
1.55629686572792
1.55815320885518
1.9599921334732
2.37721307573344
1.40430067658686
1.3481560619397
2.04353410781714
1.91349916823786
2.33329312148493
1.76330818399806
1.47432662714955
1.53100754488356
1.84447307926803
1.83296086693168
1.88194613402824
1.89071033780317
1.75577909468957
1.95736212569878
1.86977544618598
1.98933921534862
1.64665648963075
2.4085783347337
2.3083845064078
2.00609878079367
1.86683211466967
1.36317674592169
1.39960602283885
1.91092705384846
2.03038177580677
1.59807835200294
1.16980954060825
2.06422972947276
1.93464012244417
2.14229154935326
1.79710425064578
1.91501511195866
2.13869894064275
2.20077837272606
1.99770236459898
1.94472006768724
2.02181466555471
1.94342782365745
1.47164315805412
2.06704108842178
2.1201784968477
1.04378669576526
2.25409735230576
2.17257638045901
2.08112518966955
1.32982505182658
1.45401960022324
1.93489524902091
2.03157239369445
1.88275928840056
1.80913631587391
1.65011010168148
1.69959489435673
1.92152413751992
1.58320775085769
1.87351949177429
1.80879777721678
1.16683049960255
1.69375964367645
2.30951997685558
2.09976688035314
2.47057392376668
1.96518372495208
1.16730270256433
2.42509286192378
2.4093221995033
2.26303473931163
1.72022299199836
2.22397533440331
2.21405485392742
1.41782456942501
2.42897773159244
1.47565274701096
2.07344402597157
1.9997392419877
1.68082242767057
2.14902630474433
1.96325915418498
2.01523691583869
1.87251926370494
1.66047692432871
1.92339739110773
1.99569109603717
2.32306442705586
2.13474643468847
1.67888536739856
1.79129239501296
2.18176391138108
1.85117263045876
2.21234471109997
1.85982724913797
1.59908720696952
2.35579062354973
1.43038167631886
1.87831913677919
1.9669266373863
2.3418169961717
1.37001894306689
2.10405822984766
2.11362040775484
1.73306707718672
2.23140236139635
2.26268037649682
1.87030635538544
1.55762950767528
1.89149971447012
1.93988901816797
1.38762153858462
2.39917683084074
1.03957958660006
1.05657133087916
1.9089286607975
1.16946287267983
2.13715264975926
2.41199599365374
2.20455393284569
1.74350991565517
2.12612472175615
2.01253589929775
1.93477502256322
2.4050460472111
2.0678897107981
2.16241895976627
1.63517335682434
1.9034807539754
1.69040398086648
2.05915045675655
2.45930594071768
2.36276600013512
2.39645455083335
2.37964064161941
2.17798850229144
2.26983419046962
2.41149937959553
2.37726503551586
1.30194844325733
1.61765277485368
2.04556448107469
1.47849716220862
2.42009779051397
2.33792974659192
2.49227048956975
2.23839288028623
2.0318382502486
1.88932910531027
1.86253526425746
2.16922117849939
2.21798216705436
2.3978198484236
2.13516555221489
2.40686301847985
1.46422136561015
1.56361893055936
1.58536179464144
1.73834174916091
1.9949073476114
1.6883422929913
1.65233306486133
1.59163199545109
1.97321940051533
1.78640776827527
1.76848831255802
1.97182214762043
2.04684851760043
1.41558728339023
2.17266586105481
1.9251408477429
2.14493352219412
1.41654762018966
1.26876871694848
2.46179844329178
1.82017641962829
2.42963729269298
2.29804164271405
2.16669099651885
2.22298061145653
2.05700567848087
2.01824836837502
1.85667274026182
1.39019619294441
1.77064259751859
2.02271327565533
1.69655835781838
2.06973160317264
1.84299722385591
2.12556326471807
1.58042215596672
2.27903200661001
2.11118161120044
2.08841481742533
1.86677236372645
2.02743925306286
2.19028868422251
2.23127908114261
2.34009965041266
2.09106484444265
2.11358219581982
2.19756097577983
2.32000052832676
1.86126681582077
1.65832146477882
1.89889823010807
1.96970706779374
1.93077169107791
1.83518938792045
1.66361406590685
1.92032700385747
1.99959496980237
1.89294821721775
2.29335272350405
2.36052175654857
2.21526634706154
2.26810220653824
1.80276847743801
2.33574503623511
2.12980820610126
1.48342492059968
1.26509392625523
2.35586178065515
1.18841433518908
1.34629301258054
2.2738057993644
2.08034439168316
2.12570948278875
1.98529172096984
1.62903198661516
1.19765861296183
1.50721983060958
1.64165888466134
1.9310620092365
2.17822412644005
1.52516016400207
2.23295938293326
1.64317408031366
1.98999985564162
1.73246275937657
2.08691603709115
1.88334734449137
1.80453875174947
1.90006603728363
1.60512030938197
2.30453816022617
1.93554109979052
2.16337488616668
1.71544895988215
1.72397153808372
1.94160094301102
2.15137596767502
1.91906215059332
2.24810191985471
2.24649243113004
2.02090869791815
2.35781218254415
2.11861558871505
2.07298393733962
2.43492264386336
2.33302541549503
2.34002977749506
1.3878513175329
1.96027280338243
1.2800572167285
1.15739830965248
1.28799677044858
1.61234986273463
2.04813804786249
1.37025980374675
1.29342556334586
1.52352422129989
2.19250225034141
2.01655113796376
1.73397084949639
1.52375528381986
1.88139290605759
1.99585992055427
2.18752579547583
2.17961132300445
1.96834498499875
1.71461957780672
1.8178358313058
2.00604246861425
1.57464669871421
2.09473107598146
2.12261500399072
1.90682545929069
1.50209932417699
2.27039557501566
1.92769025826259
2.29771968525342
1.79119895897568
1.14839430849308
1.3278088918519
2.04249438543828
2.17234603790839
2.43221317202681
2.24300262275465
1.55831377016873
1.72400897713061
2.01443820832566
2.03911939442737
2.09999305556048
1.91307699131555
1.95936724896488
1.54176922747011
1.67487527122041
2.04416146088589
2.0522863940726
2.236569575058
2.27952159103828
1.86371383756946
1.90467283547136
1.63976716193087
2.23664083916457
2.1119564196912
1.13860532132203
1.89182398413222
1.85200490405366
2.14508370520452
2.46469331973014
1.85836835152357
2.2347306203652
1.97017715450563
1.53762847854855
2.03328472556993
1.76648358056755
1.90834214594603
1.86166761801672
1.81019064655664
2.06879877580596
2.29848236466549
1.41285463138248
1.94606844546903
2.20113975842034
2.14678503120201
2.22289886330384
2.35106604500305
2.16587790936307
1.51602947484179
2.15362075175019
2.24843965099086
2.35194808838349
1.81273967680261
1.39071450617026
1.08646779796685
1.74483834763057
2.47032792346702
1.508547341963
1.72687087350408
1.61215487847336
2.35437987841354
1.93214190594284
1.86217507613188
2.36257853142546
1.24162001256902
1.58618550406611
2.12591396442573
1.84052343393898
2.14820625834111
1.94804296800764
2.17268007421964
2.12993563470359
2.29157655918035
1.34437402196803
1.57516608233397
2.42126138441535
2.16621612557041
1.67704517335074
1.50540779885749
2.1776968173695
2.30856461290807
2.06960432669834
1.6898939566063
1.7358347941948
2.17515606860124
2.00655351085112
1.86889970866911
1.77098128942436
2.30773379621971
2.00575047230792
1.70980572641471
2.24833581009302
1.73663764896894
1.71836115138564
1.89007374360184
2.37800370469193
1.98556448526986
1.52375757661312
1.34490715017927
2.19071430397442
2.01720407329277
2.18050308393274
1.78159700406714
2.10890210364441
1.89076698181919
1.98246959725531
1.78090760280171
1.92113695775062
2.07785741479197
1.74051155928208
1.74489539106728
1.84883279487096
1.73247604460722
2.11429202043646
1.84906604597113
1.60774901775433
2.0440569348968
2.04461695718221
1.75133426891259
1.9114134793653
1.82717674927683
1.61386037178241
1.97703400559777
1.93277396865866
1.99622854641907
1.82041059454313
2.15034409142447
1.78005779066161
1.80559955311928
1.70770330989546
2.09556369194192
1.8929069795706
2.19835461741531
2.10949295620729
1.17459207214822
2.17146841159056
1.83494807294117
2.02048820501016
1.9437275266647
2.26953467097765
2.09821769340667
2.01059333458901
2.12143194061312
1.66710375797432
1.91789724842439
2.02323529312577
1.5918864819495
1.66443849546048
1.30710222814701
2.00629793023415
2.02253163661377
2.08866258231259
2.38001492366111
2.33274948267659
2.47911201085045
1.22373303351455
2.17462963134291
2.09708974370713
2.28447733658127
2.37601814926387
2.0703812529998
2.35467167969792
1.82650141343199
1.50951432388059
2.15091652652101
1.32665240603625
1.86248393415249
1.52749647137811
1.62081085837051
1.69359640464924
2.16858931848674
2.34670259675253
2.29951948570177
2.34754590194788
2.33945322423461
2.22144365702951
1.26234720463234
2.0374592088252
1.46625529527745
1.45826956059063
1.60900932930549
2.0426178535413
2.06102818085554
2.02233157398174
2.113373466578
1.8247788138117
1.56919708592061
2.16657205599357
2.16317751480149
1.76263367004372
2.10606933406918
1.4598783074119
1.79222010359014
2.04602368105933
2.02755678362415
1.3608457300167
2.02612622825565
1.46831709312667
1.85067776263455
2.26239462938611
1.73376825977038
2.08632470175181
2.16182561866776
1.45387586215547
2.12460741912758
2.25195623941482
2.21414230651025
1.66793145978635
2.23041534898366
2.28414446743118
2.28677754718837
2.26436547893575
2.40925012370154
1.47899458191167
1.50006404977861
1.33877304639322
2.42102240723308
2.12639792068272
2.03998123323093
2.07925151312679
2.39987383795307
1.77379082666985
1.66865482893639
1.86466322068095
1.04963562571842
1.20576209676402
1.19500734428886
1.96470261201282
1.41137195867854
2.05252593478897
1.80706649334631
1.91373697095716
2.35202591193919
1.69793369928296
1.93337199698724
1.45773679408807
1.68120682456497
2.4144298465812
2.13713807561701
1.2380231089383
1.74301230272378
1.8902215586156
1.7883776289446
2.03708318619522
2.03397956982073
2.01075100092737
1.99599157944006
1.66790975003513
1.58193931178825
2.35321401417602
1.43332806955052
1.52482848428598
2.00031916096742
2.11977639636564
2.41868517426468
1.77148914705455
2.11995167432154
1.1525038653082
2.08391406121967
2.21547578521824
2.32514992007137
2.2193052252168
1.17370718023043
1.27928190821902
2.16999339197879
1.591510361852
1.62762166904551
2.33580898634257
2.2965316818936
2.48918380383679
2.30309216156641
1.98075456709522
2.18244825239985
2.15079687318317
1.73415926748845
2.16200811874685
2.17216350085209
1.53600558262033
2.23062036627913
2.28627194888987
1.45862412377289
2.24080826761632
1.95238506192101
2.0927687850561
1.98607166185426
2.04712850784365
1.32661536759991
1.78785508506042
1.45415404549557
2.33687894443113
2.27492939679985
1.2920241538062
1.69778259480549
1.94739274743723
1.95845312109952
1.78251362381765
2.43071764090647
1.81381541575401
1.92894922895131
2.05387071117951
1.84553795066427
2.29132548618125
1.6078577910245
1.60790659405397
2.29975213702587
2.20118134498155
2.39691927955975
2.42959354027524
2.41109693324838
2.33029778816036
2.16557243492752
1.99793015931941
1.83654535688226
2.252420077831
1.67921477973083
1.97794192125778
1.73553468537841
1.81671741992949
1.57227716279891
2.03317109555657
1.49159090974368
2.46119195856809
2.30105437813152
1.89460445473192
2.17102055833388
1.92263568085258
1.84032881760142
2.3279308142102
1.96585618232598
2.46584666500323
1.56319736630652
2.04173827833489
1.7652491384747
2.33905195812681
2.42315219813785
1.96244572685134
2.46518354666271
2.37963903256821
2.22118237796276
1.95251720620463
1.63449469097532
1.63118182984133
1.72666307833694
1.77649788217361
1.379502394508
1.71595302904083
1.84971119536885
2.0503968612589
1.87167059350872
1.70872080849996
2.16077711891094
1.90753277171647
1.89244637432047
1.84589366519602
1.68670422154626
1.42390183619403
1.81929794842992
1.52989446363847
1.93916801495174
1.7968267233517
2.45426160004593
1.92744199362635
1.83705268198809
2.04266509905766
2.16834461747431
2.3223271549331
1.67383814970242
2.38612101617938
2.0169494497437
1.57562478171873
2.3886630538381
2.30780241133843
1.22172260713185
2.33051125948125
1.46750569889019
1.57658004219981
2.39571483607075
1.50589145066941
2.30633295535561
2.04587648902655
1.60217233769088
2.22007044887361
2.2021848184276
1.99470678525288
1.84101460805952
2.27107076707767
2.39986989543843
2.01522761160321
2.25165563116252
1.74408300175718
2.13918071338716
1.80805136604128
2.05422058165936
2.07637319317399
1.81703913957525
1.9247504434317
1.53351619141865
1.72340898223996
1.44616207053437
2.20189129883651
2.06279598757806
2.09329412277731
1.6579843733203
1.80587070944456
2.02416333828629
2.1783743870129
2.04012864237464
1.89540779988389
2.28768891543606
1.76947972764159
1.90112685384679
2.26647271528248
1.40439729359382
2.06397788154308
1.47497851712195
1.6699385038223
2.36628369130557
2.32382733768325
1.46832631485231
1.54639121715528
1.57972025346354
2.43205640908675
2.37256820410112
1.77740269945937
2.36620234775732
2.2256734004901
2.00842766985224
1.80155106855117
2.07448581956507
2.33935586246681
1.46273599249886
2.00697103315091
2.41221527167949
2.01131200914247
2.08277033741969
2.29776388403065
2.37363918973763
2.38318719256841
2.18590366947741
1.20570499584147
1.92628519399081
2.22449908331641
2.04450729076109
1.93661957890766
1.89902140426561
2.15504158843074
1.86699933313139
1.04677662117131
2.06860781336802
2.15726182530552
1.19484278913893
1.25936063934406
1.08375252062739
1.88229171409875
1.59768499463278
2.03633906546207
1.94989622609419
2.01548103615984
2.15861085384137
1.81017361165949
1.18753020858184
2.20594382555082
2.27412353034478
2.28377284628154
2.3812250404344
1.56226692853315
1.87906941837783
1.80661155917866
1.54183571348974
1.88728881049674
1.68802790628897
1.98611074785779
2.15754102258908
2.42711818054773
1.70444249471407
1.97995302070765
1.77691275233927
1.82328799965854
2.15128239089968
2.38513773845892
1.87180705761472
2.45564555291257
2.39547323725627
1.20647434423572
1.52429337324202
1.72256079311784
1.82028320402394
2.11931823699272
2.42962032168746
1.7708793544846
1.97377414704099
1.78669165504865
1.9306586110577
2.24548237595388
2.32730239221258
2.19648317894699
2.24147447408545
2.11167709704281
2.03694001701859
1.70268067163366
1.08032639673123
2.36711712339405
2.25011033480749
2.02364215025134
1.16951830362124
1.66059580848267
1.87596179850489
2.4810667033744
2.36029249674161
1.1565886116878
1.65454541634253
1.64375194105778
2.47156478109737
1.76116757291639
2.29634483879182
2.37453952723152
2.3966631873544
1.82378871626354
1.81191129506041
2.4466627944776
2.48827912088922
2.2393633984534
2.04907291789507
2.31694932357326
2.22062289884474
2.19078711418528
2.33273953554413
2.07491464196815
2.28285191319446
2.17266015400917
1.76964327129158
2.43153494042092
1.68678643425445
2.17746714613973
2.21814392665792
1.59581469883655
1.18396335100656
2.37091051589166
1.98674482348982
1.3780951331168
2.45314634627846
2.0388658928211
1.76214256218363
1.84404902712644
2.22853744626264
1.73371782570548
1.81213533919165
1.28255137661216
1.3691280386908
1.83825485716431
1.61621116563577
1.96757985562703
2.28306212523999
2.21115853791283
1.77715060461574
2.29584918254561
1.42132288150617
2.15835841481191
1.87243798352883
1.42133774942666
1.67134788276754
2.01353367042702
1.78966238895519
2.40909677198671
2.23483943100788
1.70819919599005
2.27669130867882
2.3446591024954
1.94516982905911
2.49148668815154
2.08956590060143
2.08163475200323
2.43457348527133
1.75802639853339
2.39296157629107
2.32241606238983
1.17866280971148
2.13843028033841
2.15011364064462
1.53309827109476
2.04842086263522
2.20538034330432
2.00208078994493
2.21169370052738
2.302364186617
1.4481210299806
1.6193258840117
2.15835318632265
2.01216231963384
2.33477512196838
1.51662580708373
1.55125662929633
2.08873491696716
1.61767655138336
2.18123427140454
2.16626279987927
2.15685135196407
1.85888313907299
1.37209521068143
1.56895576049012
2.15885974725747
2.15254279137752
1.86552942385029
1.92878712704634
2.09384308061938
1.93264348933924
1.79136223633794
1.98189635308997
2.24765015323245
2.19763655714061
1.81979867267404
1.38389232925536
2.36046506806014
1.97743749528854
1.84457198485888
2.20611775898011
1.54737857610286
2.14185820703299
1.79035470950789
1.99759089871599
2.22668508509532
2.12074813902951
1.47324535141972
1.85213268681424
2.2583532421936
2.24980516548236
2.23802961057759
1.99847236002454
2.13391536021343
2.19587561682989
2.30330166590182
1.99622726643812
2.16806492753809
1.8520037060716
1.93656499486452
1.94477277066606
1.94415483230553
1.91557144492214
2.3021511500142
2.04420178240101
2.01744979940081
2.16633601619348
2.09483671586015
2.12736956318879
2.40470006412755
1.78340032329977
2.17049021573873
1.82670111672978
1.79890286100169
2.37204169912828
1.30745167858501
1.90329775122185
2.33453006697033
1.890547214903
2.30136503138246
1.91196118273086
1.7588179509418
1.41780437724653
2.04746079330067
2.36896329253402
1.64084280854943
2.33175633871113
2.13530054858522
2.26040947731867
2.21371967128639
1.87088164113968
1.50194600883465
2.0379073027653
2.02995233490985
2.01004603514051
1.58985710652084
2.06459944218016
1.42500474867125
2.13217756194185
2.12702237400998
1.52725260741803
1.86159229501886
1.5605563933197
1.72198998629873
1.70369272074598
2.03662300808492
2.16803097761719
1.9899692949945
1.81042256710615
1.18358619427658
1.87819020225299
1.83301443704712
2.08884713918855
2.05840988206392
1.92397367624596
1.52795873979631
2.10057141827034
1.67210524203126
1.47979178471427
2.02478936019577
1.86179534976976
1.62082359248699
1.61242634410216
1.467660154897
1.97934277503376
2.39013660061226
1.37290093696906
1.90363044878537
1.401519139173
2.3166532897325
2.42257978370873
1.82928697729619
1.75773512931117
1.50036341063254
2.42761534205156
2.00405655525241
2.41463954171182
1.51450785575795
1.70251568413493
1.54361225515543
2.29286891871832
2.3893100530073
1.26861946304916
2.44823367112438
1.73826992002983
2.30272979612956
2.20934988050567
1.43240405781477
1.97450298698227
1.84982646406664
2.01530887105453
2.20755454103671
2.17466829083847
1.59133933162621
1.92332888140505
1.9679157689342
1.70903076142347
2.03928955204152
1.53414685114908
2.44083542009412
1.977741628484
1.921573004342
2.1706848226659
1.94654747656929
2.22485446554536
1.75146676677372
1.92011300591683
1.368522728774
1.99980885794049
1.84373189791963
1.24459171475808
2.40960294856902
1.6059596308024
2.05612340545332
2.14831693412206
2.39186605807522
1.92193671887604
2.07077431688873
2.25522235670576
1.45162135477822
1.16177747714803
2.46810940528329
2.40829111705124
1.3481143633909
1.11450889390561
2.4250115729485
1.67510499168439
2.16106793564845
1.56345932175982
1.21425925545692
2.09191519029205
1.80748221506719
2.0876219750181
2.10302430651264
1.80339289951051
1.808904216658
1.79790083693108
1.98676763569676
2.32408336027472
2.06311390735314
1.32705961100677
2.25185477761384
1.73467785416157
1.4178484340714
1.62785075712681
2.02348441479954
2.41928323312073
1.68598365822685
1.11442409935666
2.0456872842719
1.84997424704567
1.79853048710705
1.55961411856709
1.80813765987924
1.6928456993145
2.40491990645494
2.24369994862831
1.39593445968457
2.33732875454686
2.44647562583588
2.4246873032396
2.24214593270685
2.45242960364378
1.93523313759725
2.08159953294178
2.49061903337524
1.79716556488894
2.3701031885581
2.30196807566478
2.23378570066144
1.79141539717564
1.61897330666078
2.37937144581309
2.10481775481648
2.07787166258883
2.25189669990446
2.40086320031013
1.46569888524006
2.27104654562682
1.65797843764456
1.82961454550143
1.91804499275206
1.97015155993042
1.92431865923966
1.91215272140748
2.03221681765022
1.79450747309387
1.49519124018423
1.95822760804682
1.42479611759051
1.52655505820059
1.69022596784099
1.90240819570086
1.73342757947026
2.06479548842646
1.60845369640987
1.5799530399351
1.52764340500965
1.76213581280817
1.97876298601353
1.84162110427881
2.11568840408725
2.27706859214574
2.00500614876259
2.02462232738958
1.83663218401716
2.08708600905012
2.1324172232538
1.79379986019566
2.29693789942625
1.51889312770832
1.36043482731212
1.71894543294552
1.92795361698726
1.60264151372871
2.00756368238022
1.72944075762139
2.20281837238987
2.04954918454411
1.97268276422005
2.229069425032
1.62863048263289
1.90013435477008
2.10034041513642
1.80563029020897
1.50588914961071
1.89616801347974
1.74159962669936
1.38039770624082
2.23785414785936
2.15626893899581
2.30426223352939
1.90141126027545
1.73515747222524
2.19834048783831
1.93696978372151
2.2073728532995
1.98627496609434
1.86505838398015
1.84481930303262
2.05093124809795
2.39378029664994
2.18326595087778
1.90341033820717
1.77758607225416
1.57540584987072
1.54859310647367
1.6418006128091
1.96521799068049
1.97913337944474
1.92859796071653
1.94627977400627
2.1665944433609
1.70345705941693
1.98690888545028
2.25371385523203
2.17560720756012
1.92145391895453
2.39509806199611
2.05639207016686
1.58214264306964
2.17075401558204
2.37807525326984
1.26868852684129
2.39352521906079
1.27831481455304
2.30389329460618
1.9433833877692
2.40761844688165
1.30144453112709
1.86541803775164
2.38577690615912
1.11112815377611
1.91095751737385
1.21426570257297
1.78355340593243
1.85716356530566
1.35517120869415
1.57384801025039
2.03810246113758
1.66631435027251
1.67693556959447
1.97112857992766
1.77359960041645
2.11751337801275
1.36618742156626
1.65562637674558
1.57588802131825
2.10779912849748
1.61952930238215
2.15733025568553
1.6123641912465
2.25678759382993
2.05324543853987
1.38641119334978
1.98198517604157
1.68340419091614
1.80932159005482
2.1517995364683
2.10507882000567
2.1304699184885
1.86885792563047
1.83142362896079
1.95955984905589
2.28208519630596
1.85370083654307
1.67155656719693
1.69330954151728
2.25850768799971
1.88233705846457
2.1637205009653
