1.331
1.8926347825599
1.98469767848486
1.72380983018784
1.67385124747309
1.84273475335775
2.47090861814755
1.55034227864105
2.04365366631585
1.9617096613813
1.41222387156227
1.4540584815972
2.09731411624722
1.80922165907244
2.14075551835057
1.4713052218816
2.05687742959633
1.47768218142027
2.06345349049488
1.91649198110284
2.08790400915853
2.08146108024359
1.36370908788088
1.21048140887469
2.24403681187403
2.00399604020274
1.75535221899696
2.22643539440659
1.8814474263761
2.14528684804126
1.55081453898046
1.94769426303815
2.39407443137606
1.74507835393079
1.93038940509507
2.2980504826451
2.30940850702656
2.30172778132755
1.48582341559778
2.21356107978294
1.92355689620344
1.3958362162924
1.37209549415222
1.55993930929038
1.64179909916762
2.14230066762018
1.92661201505906
2.37665103026087
2.16948548700279
2.31989825618567
2.11551770053749
2.40278085360081
1.97265918105271
1.73723304769307
1.42810788836018
1.73331126011103
1.5943600701637
1.93417166670325
1.76470556903036
1.88608775367779
1.74476886055711
2.01467053457842
1.92206858899194
1.50569582903011
1.96134418031012
1.93198827540446
2.30765218486336
2.13826363272513
1.56299033793969
1.74499286449339
1.43932037145429
2.05886125462629
2.23303078800487
2.08037740299688
2.32089763500245
2.02511379679541
2.14762231241574
2.21520905552939
1.6841152165297
1.43588167687867
2.40998738710919
1.94832005233557
2.42218396306528
1.90184508717837
2.42427967997029
2.14330261323538
2.10534729290952
2.25958994701019
2.09517730864841
1.37092237284865
2.36236329932688
1.74635956758618
1.08467805285842
2.2280666242983
2.41779126170677
2.13483453140083
2.36699626115468
1.82209208966035
2.13771573239938
1.57567938507597
1.79205333431113
1.73521334827693
1.82244086502178
2.11059140799235
2.28750709405355
1.45724034635376
1.80839357881976
1.86651986948726
1.72405239817134
1.9677510797495
1.859978724326
1.6834547763568
2.11862666672292
2.16996711028781
2.09107882449024
1.96280378262639
2.0835782909582
1.73634889573319
1.92060061564182
2.1937598094657
2.09168376527316
2.19632562479411
2.26657906365615
1.9267935993669
1.74237701372239
2.34758136551899
2.08773119151007
2.10139632325937
1.45277381552274
2.27782754823747
1.670586555262
1.74551717079096
1.84444073215717
2.01528088820268
1.8204780703989
2.10105348566047
2.04542641823455
2.17688427446185
1.91487221442815
1.61047288040905
2.16701324667809
1.98301763695408
1.68058909703196
2.44099927882318
1.05681703182861
1.4489545994564
1.9037118284107
1.70389290712402
1.60478263950361
1.89102571541098
1.89105211315379
1.58507865619122
1.65385674261065
1.87955511681028
1.90571376614372
1.60933940447766
1.66298602288059
1.81060809264498
2.0710823394188
1.83832329361759
2.41858144612474
1.99843270474831
2.33828075705194
1.86820838942731
1.59950135360787
1.84608049923821
2.28191832869547
1.9221822568752
1.89148460803118
1.60865458106538
2.09419959595662
1.99533394277742
1.28510857013687
2.34749241921578
2.32617799353186
1.71722321694192
1.8972117834349
1.54486846731526
2.17238891430041
2.39762433450379
2.20637690174504
1.68441892526413
1.98563741150366
2.27040906202596
1.77327344536542
2.29823474105322
2.39059686137054
2.30773338046074
2.2533418952738
1.64049757520244
1.5586202830634
1.35158556793178
1.57856804091077
2.37636536997092
1.96996977599541
2.09852216904684
1.62314158391104
1.8800926199003
1.7011636911769
1.99320490435987
1.87020952546873
1.78489573882627
2.22683543867963
2.31876353126695
2.31214260587807
2.16319339069974
2.05480830425802
1.8875912222229
2.40623883292546
1.9555762775235
1.24354949619706
1.12841535441679
1.67916894153962
2.27030016176328
1.38711479105061
1.51048124817078
1.94031979679339
2.1775412927687
1.75456741808737
2.09722296686884
2.00513792337808
1.66429515721877
1.9738230744613
1.8453283305203
1.67648060171965
2.19901626181581
2.35763950911088
2.29728924960269
2.35605952878999
1.60135231682017
2.05265599407505
1.89189502735195
2.02002642935525
1.51914889791189
1.90525122336414
2.07993880072551
2.22615704322129
1.83390329363216
1.46374554350598
1.88489370447463
2.10954805403851
1.64690264088519
1.79342720769202
1.73776981781716
1.93883093635504
2.25233944579035
2.04501482790893
1.78374655694188
1.50923152992264
1.42755339247264
1.1748371133939
1.45166370676861
1.61233791627192
2.18606837869685
2.32517963602651
2.09362649133655
2.30859704558473
1.44835613446618
1.72725128302045
1.56821535825827
2.14725773549488
2.33874394079032
1.95439151094723
2.07361542029992
2.11173332565146
2.06604266086559
1.88351133946966
2.33281568660552
1.97402531902894
2.08671277651272
1.84684527915658
2.49481727108555
2.36463946702641
1.51612522584624
2.14575616622636
2.36970699721756
2.27545099183423
1.81712443452465
2.20575839964208
2.41689471004149
2.35198190885676
1.98345540921047
2.1093304667038
1.39369455313253
1.88146876306692
1.78164133442207
2.28042949967797
1.96810362576433
2.26986601956039
1.74880243920465
1.95783286943088
1.72648864216974
1.88240418238099
2.20468046218171
2.09291105818112
2.1632532362449
2.16012484422513
1.53915763295452
2.22119847477337
1.62001131137665
1.37477669516694
1.76308122631813
2.197616593107
1.53805532996981
2.01919864684556
1.89840713866823
2.2065039733489
1.75267788167248
1.49136338798318
1.88505586233709
2.01960303958196
1.91725926393611
2.26789403736189
1.76299861008699
1.47670621365832
2.41922888120611
1.96330890973587
1.86926364957588
2.12611383429056
2.12020589529559
2.01042293710707
1.86779446004598
1.31347446866018
1.65200776749619
2.21392021268466
1.94013238023315
1.63638119067521
1.82047201159482
2.03649011484699
1.35045768170401
1.86869096732168
1.73293254660512
2.14134082340641
2.32176595531624
1.73997613990825
1.76509516577793
1.87982182925211
2.12340267483166
1.97350225771027
2.20383029638734
1.85797751715554
1.57903033084475
1.74821597575877
1.8320402104362
2.36778598357553
2.05890283074649
1.92467785652127
1.70102236974473
1.87117744586679
2.0178660400619
2.06373039046378
1.78030915349748
2.39171045645067
2.35544223635582
2.48707082775994
2.30397796410714
2.14098507044409
1.88521748539505
1.61588116500847
1.56973515212322
1.96237331611851
1.98982474748021
2.11989186600436
1.47539252608897
2.22273884403902
1.19605531019819
1.35109437593687
2.14405737251538
2.29382793993184
2.15966240067163
2.05689140279464
2.32771497361069
2.16346422815618
2.16089358327501
1.64614196983248
1.83175934421937
1.92664831818711
2.02161576683323
1.2546530363046
2.03081065998329
2.13142976167072
1.9726513320756
1.84183672160418
2.3229508947105
2.0721160742243
1.89229195924619
1.50416553541658
2.27723192920943
1.89683013145664
1.94952956706871
1.58065403901203
1.46255553964172
1.15339314369228
2.08271159988667
2.38613202127691
1.79904331400651
1.19458189401804
1.9832235429949
1.70078663756007
1.36181150307322
2.16804212597654
1.80010737155762
1.88403396490002
1.81993851955373
2.02675541011371
2.02320927707318
1.8307916847659
1.96547909812977
1.75869621075646
1.93653770315286
2.26316392265759
1.24218338813566
2.17940632542448
2.05905922137715
2.05201418775749
2.093448419419
2.01510144236188
2.04954785144561
2.05144646689915
2.22669985752993
2.24551963571896
1.53471081085997
1.80022156342138
1.81427509973806
2.2099059270528
1.7405281539105
2.05643836399182
2.13452325394407
1.87706723751963
1.82390588566818
2.26453280302285
2.22074718255031
1.79160043198069
2.20304786531351
1.65383244919104
1.67006828744457
1.95708015143351
1.97111448181721
2.41858692879184
2.17135784333326
2.01139237154348
2.10969516646864
1.91415929454999
2.22872404077846
2.40326640879307
2.38795684355334
2.16291920447701
1.89554950024792
1.72557482721445
2.00329302982398
2.39368831598587
2.12825797408006
2.36667888641358
2.18481918686177
1.87514972815536
2.01825645633038
2.0318072319713
1.50588973203732
1.7248111558436
1.76189765820437
1.76409488398989
1.70008523753329
2.30562969719851
2.1500650935946
2.33132162421957
1.68806022578201
1.75938926613052
1.59333543254882
1.86385696710622
2.04119570648781
1.28637101594432
2.42353868776748
2.08404913422554
2.14658589845316
2.12547237830509
2.22486582321084
1.34476637864714
1.65232208257742
1.76895162718569
2.27274312987809
1.79775554651845
2.23652024022042
2.31256268645485
2.00746429241885
1.88619684259502
1.16859869505989
1.81215441099942
1.90600912848112
1.86334351144079
1.14905224395469
1.16244834795751
1.02681703840308
1.92065580234335
1.60985642473189
2.05626669986522
1.83126053385285
1.59431720422328
1.52651034712216
2.13569609700105
2.06675620187273
1.82003684921017
2.03539976105907
1.64767407006875
1.89767448078108
2.22434178506749
1.8771477167562
2.39738515112112
2.20941254272455
1.88459571373854
1.56500070430271
1.75813641186839
1.7738149954244
1.5748365911684
1.84450931835611
2.28837174996232
1.84803737383888
1.90781654784775
1.98979894794808
2.00479155583898
2.29879947032817
2.08664288957509
2.02088922790807
1.88878318088594
1.51132794892035
1.78058044812429
2.16544284774775
2.32675152398232
2.36333065100484
1.79162274922922
1.48836313829197
2.07325840788348
1.88776830383707
2.2574982367125
2.19664448496601
1.42229548878952
1.92716426556899
2.1257172914469
2.17263423999522
2.28032084149307
1.69502053833955
1.91377109818922
2.14342616877434
1.25991483900519
2.36317058727091
1.14444903302339
2.09649778391016
2.04644553178386
2.43784004488748
2.06148285503003
1.90120706774208
1.78810798052328
2.216797228142
1.57582043259412
1.7653404741849
2.19226863909046
1.98506538356881
1.95384499008184
1.82267054703515
1.53562040703622
1.4258829861153
2.29720984592686
1.65824925067561
1.20943420317131
1.43725153468933
1.31238657906516
1.18259966261369
1.71036115125641
1.53916341791734
1.92139698276467
2.04101564648848
1.40834977904042
1.44019262155415
1.48435806169934
2.04635462792599
1.95790101851614
1.30506012161727
1.74163353134158
2.13998627099581
2.04335043057332
2.33528798896898
2.44574512642576
2.15774023595541
1.92779430775358
1.75061080571029
1.1254699905587
2.13766566088716
1.58827540534667
1.73780155352831
2.02388019646739
1.76624421407121
1.56339053521328
2.40059258915339
2.11911634714286
2.26822945918957
2.05390408832214
1.91432281252289
2.44074658646671
1.94503147142315
1.68635126450399
2.18880000682089
1.87432906825091
1.69434390929337
1.93606943838232
1.61726120687104
1.58626078659289
1.75520073706964
1.41222958228133
1.90723942192529
2.13904223240876
2.0174744029939
2.40243598736271
1.8883710911345
2.12552079209557
1.55852148111792
1.85048160819305
1.83524157350201
1.66088211300627
1.80507508153517
1.75011334558089
1.4899811501418
2.35571612092304
1.22015045280455
1.50169030294072
1.6451157828806
1.5892692780663
1.89967381208078
1.63056252696975
2.11280954312551
2.12210800293848
2.20692124305854
1.92067498175562
2.01291713452844
1.83719504038475
2.10534596248012
2.13253090218325
1.56018090873942
1.80719183915243
1.71414291353819
1.33630741310434
2.0871331495577
1.72009751096311
2.20519425028012
1.88006911643004
2.02926042340022
1.79248642416437
1.93309000415965
2.29838391840259
2.18716226407138
1.91214697660935
1.8762264614158
2.12575197490771
1.92691816673953
2.24102368156974
1.80864960531546
2.08547725496895
2.08510571945538
2.24000195428007
1.79594713275078
2.26083687571025
1.75490913607235
2.45935949695255
2.24004618569558
1.58375757329648
2.00536139723205
2.1748671951197
1.81679189723179
1.64386360134919
1.81294529077634
1.21655416637367
1.88114026454396
1.90954591065561
1.33898921582849
1.85846235386318
1.66802378198607
1.81192830274459
2.29539467767252
2.2933687236935
1.47384233236163
1.75913411564018
1.90683427966858
1.98851645150976
1.30663964651844
1.97068912988896
1.75049354373361
2.31323595714691
1.26068179821505
1.87173343661893
1.73605633237116
1.0627387595448
1.29990551250166
1.81750990987148
2.19220519632713
1.17063649615169
1.36189298577364
2.22340003661029
2.00633321835173
1.91078857374325
2.15884697146164
1.91607837027406
1.93685541469235
1.6575404851992
1.80253088705357
2.07681485100198
2.4008969482795
2.19345246573388
2.3477991193214
2.06407810556969
1.74378531851581
2.12701804622688
2.19241797278226
1.98680899584053
1.42029163699778
2.331421854859
1.6896732139363
2.09654163439913
1.63934886462142
1.78590428199497
1.91948327002363
1.83791351264017
1.76590037059913
2.31076165430775
1.71362245555262
1.8305588988896
1.80699138758653
1.81635647581744
1.63163029200489
1.9487659698766
1.99302467491594
2.00173290563676
2.25002742704128
1.96709654632653
2.08387465331107
1.77263733897823
1.66149203051373
1.95882569937226
2.30105171537415
1.83136131137158
1.93761503886174
1.84450703150495
1.61220349764816
1.98729115281318
2.08133061637457
2.11314117777388
2.35339209296483
1.62309334617855
2.0748736878198
1.56796460831474
1.99704068916905
2.1504940604072
1.90821126320391
1.89751956014591
2.00593348905972
1.85943871471127
2.22222332890213
2.2972319642188
1.92555032031038
1.24578412154141
2.06138595447533
1.75226775692545
1.9849030254901
1.8587907593788
1.50469449488208
1.70015163640174
1.47034862790087
1.77506987595953
1.6563050540178
2.15849442196496
2.17810623527061
2.46685899873101
1.65935324670571
2.38009311091632
1.7932129362773
1.47844562221142
1.61905852960209
1.9714861165212
2.45883597507659
2.07341040300863
1.93119694562433
1.70578562252913
1.61615896617341
1.69056999419412
2.25170347179214
2.10721062636306
2.13289371696945
1.61492920674337
1.81965282540012
1.91277013270496
1.85168330795719
1.42598338403403
2.28120383535388
2.08722830557168
1.97086812210458
1.50172669069866
2.09293497152467
1.32913069556644
2.05029107797957
1.99627113476853
1.22724865295616
1.55621657249575
1.52893988529201
1.27691653405482
2.14345178022683
1.66784991471745
2.23705599321998
2.39984084684526
1.99943587736732
1.74297214531169
1.34095481452392
1.66193256073767
2.11985558801736
2.17574581303867
1.64844869695662
1.71081954504957
1.9654212704893
1.74683350859628
1.59415225350156
2.00590379165789
1.14066384642748
1.63874699970825
1.65674885288793
2.23023675374649
1.59378206873062
1.77681329723875
1.50386050324206
2.19804900312478
1.5458108753441
1.5147510378415
1.80590770881508
1.61249902915283
1.77566700862963
1.91483387923353
1.11890913560743
2.1861245850355
2.15960785422873
2.10055746544173
2.12484562908534
1.87430367750722
1.79329194214578
2.28650606398589
2.35903343670248
1.8309025850101
1.85290538635954
1.98105051221247
1.74236747207805
1.91529423525329
1.93840979798784
2.04313346779936
2.05016508030632
1.92284167269323
1.51724913593032
1.26910558601783
2.01014351351809
2.12619514033685
2.01329344531991
2.03774440928647
1.54631301437722
1.72343170577937
2.02406875984167
2.08206028352132
2.08275706295823
1.55439004623299
1.80539510277557
1.89672077144665
2.33700105071529
2.3692097891722
1.85060278471685
1.88991417599646
1.86683210183614
2.31419072226106
1.89783483036832
1.44121379234114
2.03752571273975
1.21486710676634
1.72199106346765
1.85753385847962
1.55445277175639
2.29969451047446
1.97880608239734
1.39713684821134
1.40457826087073
2.22315931860341
1.51894772868614
1.83237311810156
1.80761042048075
1.92050276547257
1.95426740936349
1.85915558769012
1.83862563427115
1.99332957471632
1.5811282986187
2.19597990555414
2.0160740026878
2.37710193376791
1.8277388074225
2.31843931387319
1.31652212796697
1.85902974035525
2.41468145081264
1.70812494696271
2.0085194067356
1.60528616396038
1.96861544708165
1.73899904404805
1.89912415702788
1.95802804678421
1.34359826927691
1.9069984475845
1.78756397327491
1.86713527600903
1.65261725667458
1.96644553881021
1.96492343416234
1.54992675141464
1.67175008208005
1.81933046975525
1.78679838350576
1.75932914983245
2.10902299622052
1.2694724360859
2.08482709916734
1.41825869752313
2.14871490141756
1.26962487691307
1.68215468207576
2.11056759072974
2.14287547224223
2.11899613320312
1.92433897815953
1.42964560881958
2.04161970733986
2.33254094164502
1.13080275202665
1.38900736404474
2.16527297109055
2.32337961098715
2.10162585328379
1.97185813398474
2.39516386430655
2.03555080359903
2.28354493187162
2.43255870498328
2.39014598289824
1.12709300857281
1.11195776914764
2.14783064789733
2.48205529830361
1.30037104194268
1.50976655252373
1.76498829718356
2.07034197865541
2.05987768185096
1.87034485396194
2.24055727189669
2.25317790580396
1.68814111407869
2.16479725509745
2.15703125752552
2.00482222889162
1.78977988006373
2.29831244475552
2.06276433598825
2.26697952154193
2.31432641734586
1.53615467822469
2.45220178307427
2.45168506817375
1.9539340367961
1.68325269530165
2.33855416131557
2.33264063312917
1.9757721427722
1.84614398536861
1.66341808444608
1.86476922150346
2.09325950912698
1.9316746012787
1.63025307815013
1.93469990988364
2.12776423202056
1.2458001554765
1.3627918970626
1.47514744577687
1.72173099126026
1.88984267459082
1.74223171621909
1.59557080900843
1.84383382320884
1.62038736962826
2.06049745051923
1.90835205706594
2.2333429117431
1.56676949716288
1.8715196129614
1.88805544449739
1.50957077570377
2.007874587302
2.00685968332861
1.60317969593731
1.85087804399591
2.26157529021074
1.98190529168364
1.19093980265086
2.45246481736089
2.41570441539057
1.95564597331995
2.29980964715219
1.83941325531618
2.26196766734599
1.38791933443829
2.36973408720272
2.30312423261252
1.91277022518801
2.13249111036752
1.70035592754176
1.4649889140046
2.08087233300351
2.12858913121619
1.94475301528221
2.23098216601602
2.27196313608463
1.77743520195808
2.36959324406916
1.9032289688768
2.09361905595435
2.24074906507463
2.01155468615601
1.65769001451456
1.19869050573642
2.05710991859126
1.87031882021103
1.59655676731319
1.93595716387213
1.65704183216305
2.02529197627027
1.86227918761532
1.8653363233521
1.66453848324925
1.86397620084048
1.91961846231332
1.98037236938463
2.20581939134506
2.28084334561888
1.82300438752063
2.05413481829263
2.26789634408299
1.72604198272161
1.96563182860225
1.47963101337521
2.12367982093432
2.30797313324386
1.89742136782077
1.45050423326192
2.14083000800271
1.59360867809319
1.76354057702476
2.39573292522848
1.59707719629756
1.41959405492424
1.04764615847583
1.97725196158772
1.80815056447988
2.28547145216252
2.0255454731742
1.71359253543255
2.10480383750724
2.21918735341691
1.50244784905753
1.47642476151483
2.01498898587011
1.18192277672631
1.72976642839923
2.03251990791215
1.88499586116578
1.98190124267026
2.27339733621456
1.79843351471751
1.92673646278755
2.28013599355593
2.19489014591175
1.62427699318128
2.09008609929257
2.1056963771581
1.86175052074289
1.83966453875803
1.81167383235924
2.15811058044757
2.34262335236983
2.40196095387737
2.3610929068258
1.82851008753889
2.26838015852298
2.0563134135519
1.9648226866254
1.56392553967171
2.24695247597773
2.12727484346938
1.13356806361143
2.05285521202044
2.46398140010021
1.60764956415089
1.86635409764557
1.09324925773353
1.94570338308816
1.85109644618615
1.69577358121649
2.11995830867306
1.85944373325809
1.81343480056224
1.90978385434475
1.99434276162134
1.91301572213615
1.96514624453402
2.19235484766673
2.15841073434255
1.99206783342336
1.76951469483434
2.15874315844814
1.84479748946437
2.16946873163683
2.36122138446871
2.33691741071902
1.95662103348963
1.64141652878493
2.14773805800074
2.30193700718196
1.83089190948886
1.83399662619286
2.3273111844368
1.40767529813895
2.13953236783601
1.80075323816046
2.34365357577756
2.17614117081906
2.19119886465715
2.0062725676782
1.93832297649191
1.94491378193204
2.15093442217876
1.79333436862911
2.00256923985039
1.53879293024285
1.67267675074793
2.03159087488584
1.93627595163072
2.1342752661767
1.85667550558445
2.24369423430642
1.78464810538709
2.10886552056993
1.89880116824531
2.22757043107867
1.7728993952302
2.05815888207235
1.56352773279627
1.53181219081597
2.17351830140395
1.7900572902778
1.5415134910674
1.59946275519513
1.33687516059596
1.5441785255701
1.90957790746581
1.72631521982008
1.67016911560486
2.05523591572043
1.30670927132588
1.85152870089543
1.6529962094002
1.9832828391732
2.27206478566859
1.96159145319816
1.93417853480027
1.48464533171409
1.78912038588791
1.18694066851493
1.55984804596351
2.22602529236219
2.49128338612338
2.34104011795784
2.39420663876453
1.99261392297494
2.21578939961427
2.00700927537145
2.3271229374803
2.12570437866995
2.17796492462399
2.19638543618072
1.11124368857696
1.63914260466984
2.17480005667891
2.07284945278881
2.04565482863629
1.91273788788181
2.06278173425914
1.24400326190414
2.09090689442589
1.56702013107733
1.99241795054346
1.72099759250479
2.33069537533456
1.23797461234665
2.34589821702226
1.49422368555077
2.24067847256435
2.20793132820326
1.75458387922953
1.27583196062973
1.98035457625821
1.72866481261244
1.74826428196262
1.67524339472486
2.09503112955078
1.89918406009208
2.16006162899012
2.21438427469284
1.44654185046207
2.32348098348756
1.5615250798345
2.29372206630632
2.09720559180588
2.1344548745421
1.62430517728374
1.84066872898417
2.23568992416997
1.75200656832598
1.42719991212799
2.05917987685267
2.2667737830703
2.30283169538732
1.44531193004496
1.86436147254093
1.77996664373606
2.15547273872172
1.70338486355907
1.77951990007622
1.57217562937024
2.25860205307439
1.37539034830631
1.78178540828794
1.86605434727927
1.82773224252331
1.78127611251301
1.67481689846898
1.86009654303835
1.68674715534045
1.68666467215991
1.91329379175867
2.0282658324868
1.73449608828689
1.88663099538996
1.89712222579413
1.97319810570887
2.02939431290178
2.37051453821607
1.67401678032197
1.82847876943171
1.82262091430957
2.09273530080738
1.89537473535097
1.8646505466526
1.93419596804731
2.02689408348368
1.96770167196117
1.84537095784643
1.62762333197293
2.03073744133696
1.71755959819001
1.93781363155587
2.10129528058199
1.87833060767977
1.26874589593717
2.20983764061182
1.50893994445517
2.2429154990072
1.61149808981983
1.60316568174953
1.84871467287849
1.44571872360206
2.35610689447907
1.41533151383716
1.75348157664626
1.91053198839761
2.18116484514786
2.26479876076303
1.62867738875736
2.05598943274509
2.03632819188994
2.34055768642008
1.88780706317045
1.41262800776061
1.2459479725839
1.94504863647297
1.7524240924702
1.32498035235699
1.32318865517985
1.46197647657269
2.18982520974007
1.50579848639994
2.32646535472964
2.15350086724215
2.07356722366767
1.6340040714249
1.96111589594736
1.45726170604914
2.32626309136357
2.29405767047319
2.07738838539915
1.39770961160427
1.65257583199472
2.2594006856243
2.06622597082152
2.33473348711778
1.88357026694888
1.44223572907432
2.39347567669624
2.2019691892186
2.37401120421276
1.46299135816331
2.03736793614696
1.88258289825882
2.35101861955272
1.28267002242899
2.21614235827584
1.52353501936089
2.22816787927883
2.11722491889231
2.19043659697205
2.19618491420794
1.69307487083358
2.08614538525767
1.99186827807468
1.81787766797
1.8756179126192
2.27707873880711
1.76952745043591
1.58157038776686
1.35586704338459
2.03833299752929
2.16767860746001
2.09696424903876
2.34029616462844
1.64407967440992
2.05601141072873
1.95554638923463
1.85873549735405
2.20179468318403
1.11237543451285
1.28038131013958
1.82107445546737
1.80818884919106
1.5183631004485
1.68202385608172
1.98078855627412
2.36480259112621
2.04251137388594
2.15456302281107
1.63759917127387
2.19995191119114
2.14970607078459
1.43740698514483
2.12482951706533
2.13317377534631
1.67310516369221
1.96192940321003
1.68289934739044
2.04826193322215
2.00015885506458
1.70656252532917
1.91553621345892
1.39675688752102
2.10386241174031
1.83702075309808
1.66585329179076
1.68641002050961
1.57405912378127
1.7399547557441
1.39186341137212
2.20129152241333
2.16368305921497
2.00143451346176
2.30279778389308
1.84883871859186
1.66542653034028
1.23875180651679
2.26989902222855
2.20396443057585
2.1062009765991
1.99897651659157
1.31037190588543
1.52174678633162
2.47435232742305
1.68457461524988
1.73506605073553
1.74220707169183
1.38796085781325
2.01780764980529
2.09282109271074
1.97564664441461
1.50740600401168
2.10113406606235
2.45459064655091
2.27762226011913
2.29763057796163
1.70172819046557
2.02784842904764
2.02715697447527
1.56794419644022
1.94718888980161
1.7720077857787
1.64941840662934
2.44473006239819
2.18857134305153
2.36706177625148
1.98707846712452
2.15462001722236
1.92807116305978
1.42202635097399
1.99023995928465
1.68410481386555
2.07164712665179
2.15153175266733
1.89097754397281
1.91602697844109
1.86634199030769
1.84074179019155
2.4294968680206
1.33947195974798
2.35861103779637
1.63987072541569
1.98005087739027
1.97434991331775
2.26756754049183
1.67348202874649
2.03912488304662
1.9144127168288
2.11302119621382
2.10045820591428
1.61302678296402
1.66824464719665
2.05484639251664
2.38503693327187
1.73591982473301
1.72819590645557
2.14533896991211
1.96071870843276
1.41993922846468
2.39292048316399
1.64058960860844
2.20259866826567
1.66174541248193
1.60474094041333
2.27379345349209
1.97510235685347
1.93393170140291
1.2835414382687
2.42615404785422
1.64516649380543
1.95575051457484
1.67878993347751
1.84193514518136
2.02559764742575
1.88849247309779
1.83144495323424
2.03330683416526
2.16763449880553
1.83878591778853
2.15431948592893
1.88199212342816
2.26517681213906
1.89289721534099
1.87310987813487
1.96685375546437
1.82318038650997
1.86123231184166
1.90131813522225
1.87461398954972
2.043744376539
1.85620244687758
2.07507326070596
2.0134049247599
1.74234536477867
1.71998611534305
1.96299140801215
2.1449190631958
2.0236731388027
1.99280948778995
1.71097349988476
1.79200261760312
2.30418763793697
1.55577789227509
2.38587948446197
2.2719120799197
2.01257582780905
1.68166960466268
1.83094618227617
1.76059698860685
2.10797729119527
2.23423814088108
1.60923839220841
2.17155039852668
1.80768918757815
2.2337750646952
2.25440814965688
2.1308290787254
2.18093577877008
2.22966395601346
1.86858663842067
2.1134350233532
1.40917276599425
2.02807337953732
1.79847023078145
2.18597049716674
1.68290699836753
1.92407010282978
1.69330399155072
1.85487518421603
1.94559545389951
1.99813692613191
2.24125493632714
2.06300571172383
1.81963648809915
1.38253928507564
1.4524323141767
1.81238588084257
2.23178527043253
2.12584229472581
1.9291478135996
2.11083649723102
2.26758637425409
1.68842471836912
2.17441754861794
1.97940287957402
1.91839786844944
2.27769958604945
2.31041141443195
1.92946819860716
2.25286461265134
1.71751060394419
2.26127394481038
2.10000854612504
2.28494819802799
2.36610948995668
2.00897494913953
2.42661095111244
1.96654620817431
1.81064748253191
2.26316577808845
1.72183194969755
2.35689811546564
1.78010105215507
2.01149769152303
2.35697840811961
1.7951560408354
2.05189934790774
1.92945331200516
2.10477819147978
1.12901876658079
1.79488202309718
2.09261677916679
1.63237050410852
1.34304890158342
1.83349322536366
1.57388391858717
1.93296763019574
1.15258620399674
1.18689024544349
2.16877665724895
1.21343526299293
2.47853319937203
1.05264772249612
2.36197141144657
2.1435422291819
1.97338639513727
2.20488484521039
2.32543242956903
2.21846820683932
1.65551097322259
2.04131309009792
2.13053374636092
1.87299382198204
2.38172483744214
2.0394443689835
1.75119139370881
1.673341492968
1.88923120236614
2.21567207293073
2.0856733742074
2.12229430923326
1.90854686986406
1.58597880691125
1.913508190126
1.8124304092723
2.27540327082938
1.8619581751414
1.88199260983317
2.24190290966834
1.31707899519344
1.286997209074
2.11494016510882
1.06578442016517
1.12019543479663
1.05637466444385
1.78183857877098
2.07104408990967
1.28252582595678
1.40085772455923
1.95492792096366
1.60285805512227
2.46181095041867
1.93610441943635
1.96782132501224
2.07874717937189
1.37767495523859
2.30385396028696
2.1962014689757
1.54084052580585
1.67812938378782
1.622703269147
1.94548782382748
2.46106895407355
2.40506229741314
1.87162632409661
2.24297333510849
1.69520096573299
2.02077739155199
2.09550944104625
1.33086014451701
2.16846893388679
2.08582224566999
2.09661509978342
1.93326667870746
2.47115078172145
2.05763005207438
1.90651938560944
1.68587070481561
1.82196960285182
2.38596464359417
1.5064560155613
1.57355987253419
1.14903716941413
2.26204197500707
2.09488478379862
1.98733156745385
2.00193778370573
1.19288724301054
1.71690619031146
2.2005545987583
1.59939132340973
1.7767999902002
2.0065560004139
2.17580548455841
2.49333932798006
2.48789480481059
1.65970493407168
2.26794444161286
1.08353153156821
1.85708060942
2.107713805284
1.92566201269822
1.8450326075772
2.45589437249346
1.69987768392956
1.92547333865421
1.85962987436474
2.33610016916191
2.04114595087324
1.87620907058588
1.99222969152908
1.5307669714895
1.78086658017154
1.88314184118237
1.58247041436788
2.24167934038339
1.55855195952679
1.85642933903891
2.21649983569515
1.64430467702533
1.87873323080577
1.41385697686627
1.83851730348265
1.96845827160639
2.181345125558
1.41441968077819
1.62325511934781
1.42091500688258
2.11808240400173
2.1461074149767
2.01828061677122
1.58812807789328
2.36333395790429
2.339022863902
2.27628966957049
2.37972856449181
1.66140930642057
1.9361660830013
1.74958909629627
1.33982328680063
1.70151833278874
2.11977372546649
2.0920119669609
1.94226933939864
2.44803947577611
2.35440542786183
1.40322906241152
2.2537052981012
1.95449639067083
2.17600061270445
1.47894300235642
2.10452793136747
1.68436756962559
1.77208255197678
1.40612920441028
2.1916075278069
2.30766384682317
2.17400526371417
2.30013908892049
2.04717104268187
2.14723639316497
1.73592686706764
2.33604569196334
2.26654531192097
1.60774212514528
2.05798420857732
1.85468382485009
1.97213296538302
1.99388494732648
2.06088061549594
2.06484016644622
1.77077086852043
1.94559199488392
2.03873151826302
1.57985442948337
1.3445180158943
1.56123045990738
1.38892943529614
2.27660136774549
2.06599459115839
2.00558784778451
2.18768676799086
2.02344446255293
2.01805578939302
2.11640510406268
1.89097630522633
1.87661716062697
1.92860289624033
2.00808036036559
2.41983164018333
1.84413462931187
1.84913640518794
2.31318298380866
2.08612837244487
1.97330247531481
1.7567837661176
1.99312794549396
1.92408674261942
1.90952814065609
1.93488074541284
1.97638342746652
1.84685339702804
1.96209850251321
1.99683756818043
1.95147824471761
2.07846380736398
2.26535463480539
2.06891989579989
1.62787994959445
1.68883218675417
2.10066366344362
2.01619415057212
2.07862888356241
1.81884268830123
1.9980269432095
1.45464045798313
1.9532429499635
1.19800093210093
1.26862589152725
2.2526222142281
1.38076605301012
2.12928345867018
1.64300840970568
1.88083904500646
2.15260597351524
2.18445856422342
2.15406091254174
2.26167145889872
2.1709122179466
1.95482327076322
2.09637757002918
2.04398970480246
1.58818504921786
1.9809500786831
1.43405099705124
1.586359183508
1.77460209289
1.43226552145276
2.20169368732653
1.16461809810527
2.18070300028612
2.23561670144962
1.48854386046231
1.97897855165877
1.66923089220722
2.19429735350188
1.66389284677194
2.29384754990848
1.78926705784541
1.65648939148117
2.06505450490188
1.46986105520025
2.36899466107631
2.1790343923419
1.79452824983718
1.98066067678517
1.84105772055756
1.61894572242919
2.0962515601376
2.17239925587192
1.9198334746948
1.85564898240656
1.5587090592872
2.14014467717598
2.35743473707102
2.10268111554651
1.21760293054681
2.27219273885747
2.39319614521212
1.67061879920543
1.48568472198956
1.92126071028111
1.31714994670053
1.23848418486287
2.03407331217887
1.8547305519045
2.2201974191786
2.06218736731709
2.17567496097347
2.13346384492627
2.16636856051724
2.42975992363661
1.72028738570476
2.21658414007979
1.86188085065578
2.07239139054633
2.26694676343672
2.30231026348097
2.0682561290803
1.54124105092151
1.99726666922721
1.48038934417606
1.55320713763127
1.43741102899036
1.64035120318838
2.04213177065853
1.78746456919017
1.9352219830236
2.23750999495304
1.73648273626126
1.45393444740072
2.06720558994798
1.67970355170751
1.92543791691928
1.86662953879399
2.07399551091079
2.06890900862095
1.93790480297208
2.34318948323587
1.66986486239463
1.8925161904148
2.11465334441044
2.31622087525532
2.43700114913764
2.14483445757587
2.26524218651605
2.19276388513978
1.71324586205604
1.6755157522716
1.98002135357213
1.97011793151652
1.39162007166413
1.62589166208351
1.52481527332742
1.53253516347917
1.97064633009549
1.62120294385323
1.96406992777179
2.1694341959209
1.35378305703659
2.02831484523169
1.67622348508203
2.18350172817354
1.84598818198579
2.38936753374604
2.27725783682398
2.38089406305135
2.43598822424364
1.53872448293981
2.01633758498981
2.05112760259692
1.48608791566643
2.12274068425558
1.89076846330033
1.77372526726044
2.0637901279308
1.47755100676056
2.01984076436861
1.64837040453377
2.07608149118946
2.04866922311687
2.222849308406
2.3549515916024
1.78571194108932
2.38399569336337
2.34749147019382
2.03113444815743
2.09727026711781
2.38236322179607
2.09567659811804
1.77923822936994
1.72016975052217
2.45534798377862
1.71321860690001
2.13095378166166
2.09757568240897
1.91920750874199
2.20326928581509
2.08926260601478
2.25255791884421
2.12931927445991
1.74823042306623
1.66923685314257
2.3519986679859
2.03221454858598
2.02745842030942
1.79843855543329
1.94825277566001
1.68352664174368
1.88810977732239
1.77854483984672
1.67310468521349
2.39368615450973
1.9200762514152
2.06799048333561
1.83549919506395
2.0753972338219
1.82876575219687
1.38487955745608
1.81972585773182
1.34659082547549
1.84527369305497
1.24881089231347
1.6525060640776
1.578465309618
1.50770028613255
2.18009912671591
1.59105649455834
2.06300922106533
2.10401164209919
1.96602564703953
1.72852300701516
1.58157778901933
1.92569277855747
2.08996267064894
2.0081638220144
2.05311884885047
1.95728352104207
2.04818863619811
2.38693963183373
1.69928553284537
2.22371440727853
1.89914918910685
1.777388810036
2.08086126372514
2.37758007476937
1.81585776554555
1.59708668025121
2.11377898145901
2.25270065686517
2.32398912638019
2.25759340977969
2.10317734161157
1.97581210601451
2.24081735657061
2.18351407341674
2.0405230749777
1.78291567926098
2.38618793966948
1.97147638017224
2.25526975773339
1.96335041697653
2.09799632480401
1.94488838774323
1.68012142428995
2.26490371164047
1.97639169157791
1.7754707135935
1.79855427771876
1.77965053352402
1.6777939831905
1.06869629988126
2.42772083157109
2.12664880666959
2.32292870697562
1.90196437234707
2.27831170765287
1.95351991053014
2.04924824517446
2.0692587733378
1.93440701578934
2.33318280835112
1.76454413326739
1.96107602798049
1.94406703788038
1.64063437462645
1.72089232711441
1.78242981022922
2.17952184902088
2.24671824889512
1.18859646286876
2.29261434125376
2.06057324936183
1.93668076372639
2.41901924137817
2.02019127662858
1.93497556612524
1.59323272268498
2.19524172131483
1.37275111380437
1.40338511925942
1.6243826622549
2.39789355383702
1.79464734046959
1.64447876488219
1.56798145238404
2.03789214407355
2.0077743439428
1.96600369513381
1.69425100853401
1.47424600615716
1.37304166192044
1.70480361496022
2.03441092938352
1.43585131352285
2.13504718874579
1.60385628858162
2.05758591356315
1.98764826264712
1.87337583603975
1.99090942299565
2.16543790760747
1.99466899300521
1.66404303142932
2.03996882822425
2.10493506675763
1.81840208497248
1.94876211632563
2.21780551344236
2.04543492720496
2.22245109500153
1.54442485541352
1.84655929521587
1.91400372843998
1.29864540032437
1.96991470842897
2.14525537669297
2.205406818242
1.42100897659128
2.0669510705485
