7.85515199396759
6.22123223491397
7.47053624338905
7.72811221728693
8.62728467580135
7.95927152817373
8.34000790695453
6.10768593023873
8.33384943893327
7.49052407153859
8.1971004812418
8.6486088943794
7.95223060845538
5.95665741222962
7.50233347099047
7.38892543323437
6.10694351995465
5.72209214003292
7.8475595936927
6.22668635371209
8.13287438861854
5.91120310366105
8.54215530717699
7.41429874625486
5.5814847764735
6.90692324024608
5.80097545761926
8.19032187276511
5.65762776144366
6.43250004824548
6.45177336531774
6.35526298996708
6.98139419918471
8.11963731900362
7.57078808711018
7.6630203526683
7.13638872053139
6.25959356734376
7.63982867382719
7.47391013212569
8.25232441050602
8.70842096810393
6.64050510378937
6.51669894389387
8.11462852659847
8.36619008887773
7.82939764294797
7.13088308825523
5.83018620689102
6.48565071917064
7.72265665594661
5.51674141884583
7.87274228545642
7.09916752173997
6.76018703193457
5.52634562277415
5.67005373452182
7.22361610285006
5.91262001706588
6.50243520081281
6.12509083381336
7.54866352251029
6.45375820027248
6.35986860766068
6.25329950536291
8.71786061817392
8.49667102518211
5.86832352123675
7.04161333030634
5.91583639665212
6.54795270166991
5.76495002199886
6.11563476297309
8.08559963347933
6.08856609132701
7.88449793975764
5.6359267993172
5.9022719674781
6.00549977993574
7.8029949901346
7.91541068658244
8.74892947996451
7.99513780102404
5.91374615401984
6.44498018451535
6.46571623787902
7.77282429160946
6.49812186219326
8.61350064780047
5.82910679382676
7.31447670372245
7.70499026699519
7.74626695844096
5.88766606616819
6.43163952706685
7.17143365023975
7.21245902762338
6.69961221059999
6.34189296205017
8.10946034032308
6.70866307178012
8.36810580528092
5.56777080507526
7.65119177791957
6.65304891697423
8.15241972466911
5.575437620812
8.35975020450354
7.71982967449258
7.24529045887383
5.63056878833797
6.90887556178114
6.15304439923508
5.66302945513384
6.05317096217084
8.69869716250692
5.9452266099875
8.47571540432127
5.96132998919031
7.12662581260692
7.69701304251329
7.15142233858527
5.88724458808774
6.17080652796543
8.03715915236823
8.07298812274934
5.87033255220228
5.5282787044995
6.88959410168913
8.78286644058188
8.1652969250978
8.29153660680835
7.0748788679353
6.78361947331597
7.80397044309282
7.89860687488877
7.23725390891191
8.74592672901192
7.07092530099259
8.12225242060498
6.66382482472048
5.76035334382384
7.60039246361727
8.76132140023763
6.76712213645944
6.13788593574275
6.4839222313055
6.15105939034631
7.29571168661753
6.11998984326589
8.66348793703954
5.55101776864079
7.95890831393644
6.65370854878055
8.43547387340492
6.34281823831577
8.18303600153249
7.9272301140709
7.79488623572486
5.60755563529288
5.58582325297997
6.97156033607825
6.33210149925216
6.16952439131625
6.44895964052578
7.76697071028318
8.51086895567789
7.85832235331753
8.09095470415972
7.04003583988395
6.1198606327424
6.62639363009584
6.19444639443349
8.46086529981693
6.37708571187346
7.44859505591783
6.0091010505395
8.756162105421
6.81249981752635
5.77904814326679
8.0152372047199
7.72350670743521
7.52761578277597
8.17829939227634
8.7678913013428
8.66224883609848
5.67461845051393
7.32246063010991
5.65683016945832
7.35175283359931
7.21695105560383
5.87953659516835
7.90093892600807
6.88651577231221
5.78406395257496
7.36783510399647
5.58648755710508
6.16881317633507
8.04865894790884
6.18456104385356
6.56090965197779
8.22709208459504
6.79806873779462
5.8877509070613
6.26464486109399
8.41597221894535
7.34249420704055
8.04516957733299
6.50591662663536
8.40061798735536
8.36376045256051
6.63699182670054
5.71305463561984
8.40203955040635
7.9705647816595
6.55668633506427
5.97159394218837
7.54367439731625
7.09342270787861
6.17843840781809
6.55427686086714
7.03676612606494
7.32310543807354
7.14051599044731
6.09809900606516
6.16074477720363
8.40901278601237
7.72238530996733
5.54060135377485
6.61658952715707
5.51165872834785
7.06180695280902
5.51886233904951
8.79563341211991
6.15215134504512
7.72084841063366
6.12034435137962
7.4346357923934
8.65205531372009
7.03460228475879
6.67370380768378
7.04624008441097
6.4104576728288
5.63395888719222
7.1083673419665
6.48747105290088
6.70162041128807
6.72702719015856
5.5181939086788
6.70443349318687
6.04661716389807
6.08614462047635
6.82514647270791
5.9875340455998
6.76102222782239
7.06144065547449
8.45520245878976
5.70677202842716
6.26476573581106
5.8790439195399
7.04944100380402
5.66200009624924
7.72512401377844
6.55670629459748
8.69024141709227
7.50131168896001
5.96277476776294
5.9579626223744
8.01608195317307
7.0480140483843
7.21807002667477
6.06359954444441
7.81531379387183
6.09830103230812
5.77136587242476
5.79973479970206
7.20649570351823
5.51886818212195
8.09018984454733
5.68079536050195
6.89634964620543
7.09199478470991
6.80657202346711
7.31030118291312
7.02342100188325
5.71562911520445
6.03427156119909
5.52734521221373
6.04865249090134
7.93661435219391
5.98750678801965
6.48751048282965
8.18188729432083
6.4462246091589
7.65063047971063
7.80137786528053
6.7658365993029
6.413893915999
5.57380306280566
8.76001283445073
7.13929524534886
7.66471499377773
8.63686482043247
7.56707764734499
6.31311126337452
7.71882707409154
6.22798933181534
8.63571947348891
6.79708832341243
6.42470775555482
5.98581431406182
5.79252320102392
7.03956578836573
8.1216563490899
6.44036690783748
6.40825650365274
8.47797126918061
6.55536691759575
6.52461549499305
7.75415501651954
7.06932224057926
5.84449813531308
5.5614059797869
8.0826258718032
7.07354280977773
5.8817627962816
7.53113322350406
6.02440981357366
6.01795120887038
5.51692721309722
8.48033102050863
6.59654673687871
5.7566004841034
8.56026009267094
6.75294385546411
8.18542539673497
6.1546208884379
7.13571545821705
8.27415800673439
6.73661154589627
7.28389021832477
5.66712395949411
8.60072986393879
8.49552975467529
7.13110928437283
6.36235190604967
6.24769243272893
6.39068229411316
6.39745808999135
7.85505935903656
6.8378411818275
6.13940880739191
6.01276190859743
7.01107729704135
6.75602760348172
7.54489999574585
8.01814312611052
5.6431373926558
7.40345645424374
8.54593526452981
7.04099421011335
8.57754047804341
6.26375189641128
7.73690380653609
5.78114377868935
8.27384104303005
8.75640257911379
8.2662718069052
6.26785791192608
7.36261876410145
6.16963500502392
8.13302049155198
8.41754840439205
6.77793311728023
6.87515249879236
7.02175744171411
7.32708208790901
7.12111627491993
8.27426612205942
7.00250916708477
6.71628218345622
6.846389947856
6.37883616917623
6.23723517393831
8.79217469749746
8.466233179143
5.68995414394938
8.14435157126985
6.89657343493305
6.64694464664106
7.38235568834509
6.97473115288278
7.61519508325005
7.07263085821404
7.38000278140442
5.87456438044494
6.10023074801709
5.58770775008359
7.86250087443188
8.55405350949569
6.13936204980441
6.29145827329797
5.59576693912217
7.36439820880365
8.64407093031665
8.09273287694306
7.61685946187645
7.83924530007965
5.93476759717248
6.47974343810822
5.69618766717003
8.62293209641011
6.4948072571106
6.04088368139223
6.14833133792136
8.5659085735134
8.56585446129047
6.74124898495224
6.67885539131863
5.81854010626285
6.61412805982537
7.7091624080739
8.67163968310104
8.13610066844871
7.17624545251503
7.3974766461423
7.18252973903243
7.38327594462475
5.63898545922257
7.28227645713918
6.94463037924741
8.77447604448479
5.52960977548696
7.31965716526183
6.0276317570745
8.64529424784264
6.35802424310499
8.16162261456969
5.5560551001314
6.20577806859402
5.50390160037116
6.58265714275027
8.66876037239735
8.10137890841289
5.8307187718346
7.52888058487227
7.92097168378412
8.62671823013248
6.31349943401857
6.74108878551883
7.2650292911007
8.08064807909657
6.74713260092225
8.41357481068396
6.96564330704681
7.63791046024998
5.95681700730801
6.59372691065307
5.83199977803736
7.11149994496328
6.84810515477754
6.10886348459179
6.4055882371116
6.85272877006966
6.42039896403607
7.31094467692306
7.61870811962509
7.29486115960303
6.34910148690351
6.99941730773977
8.19613270057549
7.46543505721065
8.44814884337583
6.37759660272893
5.87495131154532
7.95941200047265
7.24709058793672
6.1615358585033
8.63000681911288
7.73175647123384
8.30442051176636
6.78397537397727
5.7940458683825
8.26601584736468
6.07197919852181
7.57022700569471
6.92318285850674
7.21844296784621
8.2936137938243
5.79228243612193
6.98065467794985
6.43793991713058
7.65721960954174
7.81415888060916
6.95701758933901
7.55480852973662
6.03671508829989
5.85284585928962
8.55903469361344
7.50420971761435
7.53105281202657
6.38603473269797
6.77074711079839
6.6917929281493
7.01485084232334
8.07506541031947
5.74812502918255
8.760398289402
5.73425679843217
8.21198634427163
6.45356989417691
7.73087846367046
5.57306321512519
5.66487085314769
8.58655902971439
7.13277150771829
6.47878556211361
5.58694746741274
6.10835466723158
7.89267501741599
8.76102141830022
6.17045848799914
6.07878651935556
7.49435640830035
8.02612218463602
6.87452447199373
7.16641638839484
6.22710059150346
5.85611912623918
5.54213832449532
8.42753582981509
8.34629692290066
6.36135858316578
5.60192048647256
5.69074437696393
6.91818350941214
6.4951504383523
7.11915090528619
8.26804148982317
7.4304531269394
6.01659385423931
6.49971636557065
5.69397445483622
7.20437170443744
6.82024346149237
6.31574914199116
7.7428141009924
7.29551202019485
7.84935096217613
8.27039226144294
8.04156518090112
6.39043046045732
8.549088141326
6.75233322882504
6.94271138752354
7.03245368899283
7.32661587159564
7.62352527402473
7.48331801225176
7.98387454996304
6.17117365254646
6.87259970829126
8.33923345803179
6.34977033324121
5.55446302604092
6.66622742971924
7.5242004942347
6.2424852291216
5.57087526129534
8.46409984761136
6.22412116950236
6.02173314068213
5.95045294882963
6.00202368115137
7.04837326864355
6.64860525315666
8.65422816004327
7.29311772150685
6.30856888217945
6.02486636967872
6.0131793451164
5.57891368013619
8.73503320817242
7.0285320767663
7.90658788901542
7.92279925880317
6.34384666217733
7.95563994142847
7.06185434651431
6.43212958174748
7.64034091845393
5.60581239578017
8.57420013249122
6.48547426312959
5.84697537280048
7.28641434713307
6.53509002708834
7.83212782176298
5.94436523564795
6.30274392008627
6.80068650313777
7.26576477888836
6.47785979802981
6.75320330097008
5.67866000051073
6.01658545339671
7.85645290530888
8.13676441118393
7.76598358410687
7.90733815038547
6.07391928767641
8.22950930663935
6.76104665940232
6.76010783255823
6.47393870986701
5.52358572596004
8.65905792357596
7.25309889980728
8.26802766237926
6.11791143957574
7.27064538399015
6.88002822260507
7.23344466771146
7.64944893797517
6.23018646098024
7.39991622298031
7.09290491380828
5.79621389531481
6.47828597342454
6.90369944491679
5.5385431196948
7.90242972867842
6.03226049006169
8.23903759591409
7.64043291228703
6.61218405563872
7.10524444515914
6.91714853492598
8.5139177248915
6.37331557523998
7.55043179030849
6.98080219686071
6.58103996241547
7.06646726628201
6.97119216539025
6.85806517727314
7.40322734063706
6.06788606948618
6.88473809751069
6.44685068441227
6.45323389556822
8.57465182137826
6.31267589218769
5.84623259613761
8.20973506180568
5.6196032186857
7.27398982665354
7.02485733208969
8.70555254242922
8.60470671671911
7.62363690621125
6.75425774415963
5.71845118997469
7.07354818879587
6.62518501367456
7.16787954612836
8.25842526697117
5.5261129107074
6.85223216969224
8.08290421646628
6.80330968442063
6.08095812303286
5.76702196280687
5.9495793501721
6.24544962754913
6.63942338107425
6.55997010032339
7.15589203947767
6.6172973845548
8.64504063955669
7.5575543825135
5.90573888952475
8.23041540337552
6.36044538358586
6.85948820808447
6.05974085303771
8.24727327129064
8.21804159137566
6.2696500028997
8.27106300289265
5.61418442571952
7.87122626037407
6.59219511522168
6.52085840688144
6.63137012725499
8.11945823694768
7.89056605252968
7.37890605169178
6.79960580691078
5.90153648376927
7.1047888431648
7.68321047062514
7.22164111610565
8.40011638775989
5.59688045579335
6.32101324946515
7.97474406607969
7.53987699717484
8.06921995036904
7.41751299837841
8.71258549457852
6.64540098109253
8.01570971011261
7.31465032723597
5.73618773467081
6.75157430735071
5.75538238558797
5.97910601214439
7.64199572853372
5.76183359152073
6.17784862351023
5.57804576969329
7.07199197400062
5.82461945641424
6.21583488793858
7.21478596850935
7.58438125447241
8.31751710170929
7.01729654524989
5.5262249100651
7.68870542299403
7.09630044832253
5.76573846831256
8.54700102750118
8.52330732263845
7.64173301578821
6.86571789017534
8.71445545730482
6.93223584012311
7.42952675416985
6.70440584323988
5.74597285334494
8.68469078587859
6.95521524180369
8.69453761789495
6.31990635933683
5.90611054356438
6.58262569950762
5.93086384486134
8.78613756124109
5.87043458257271
7.27547341251361
7.49861782511846
6.89886241729672
6.40554173076956
6.2133742297835
6.56247193935686
7.22632901664662
5.74316481251744
6.67884114696044
7.15528921103703
6.12372907532011
5.67917115550445
6.25948961937216
7.41581220616213
8.10615052073999
8.0931055129563
6.56663427053986
8.54144726777363
6.23171751568079
7.60939941950088
8.07757864264038
8.71512801847984
8.51174445436346
8.59453532676171
7.31505745490341
5.52924327076382
8.45893606257184
8.19344855929049
5.57762578213707
6.56875437535571
6.37308569718851
7.54653185706697
7.56274373315829
7.75325166489611
6.50620783690081
6.28425396531633
6.84956374417406
8.71360047694262
8.37761931145693
5.68815837943511
7.6383488301795
8.28908335169471
7.52181762966642
8.51257550011869
6.01729198318947
7.2268526077689
8.03361128987634
7.42121837971046
5.71528887141652
6.37790983530893
5.86941953160327
6.57612454751829
7.38545608739931
5.67515436941351
6.31885613099631
8.01610626497519
6.14816528022927
6.55054586062583
8.77417466464076
6.05586714916783
6.54637141370206
7.75060661677568
7.96614867515027
7.69338589181918
6.3558419870278
8.20370023579258
7.44154933365431
7.71394657885388
7.7446607657567
6.13349166282629
6.16294837717673
6.39728630501253
5.84822436589445
6.76811919534495
6.79602297155421
6.09362182162055
5.76214150948355
7.7688220667002
6.38184632106384
8.73899159233163
8.04439546360859
5.88785136396614
6.51617448253268
5.66503606718729
6.13144260312363
5.6943128635789
8.54566971157383
7.49953057599037
7.85670405493278
8.72438603672068
7.6174148583384
7.40607336873976
7.74322682396417
7.87391084255597
5.62689619854763
8.05847329489574
7.10851481278115
6.77688769225243
6.96757720607837
7.85413695458046
6.35646810502859
7.80426039965265
5.94760626542555
5.83118125819863
5.94621252251451
5.67643012107578
6.22646733862888
7.63958385719371
7.7832809505128
8.51922770396465
6.99092490025522
6.49122838064113
7.5612373162337
8.07100416549939
8.37154632923836
8.00787836244018
8.09103058895382
6.66639745501977
6.92180110742538
8.75158996357569
8.08888195443611
5.71327263647532
7.00381588547737
7.34543272602973
5.84079002758408
7.60965281790975
6.70149943073875
6.15379547997683
7.98065625740501
7.25782379803883
6.75779845309475
8.49591224971028
5.97584720915792
6.58177426102446
7.95760192622012
6.43368882210718
8.3518931754909
6.54006244208936
6.39250419149345
8.35767547586939
6.46415731262726
6.64826368826358
6.37283738677084
8.10482428699297
5.95978142063466
5.70335105557113
7.21463097065968
6.32862353980009
5.69540619027765
5.70729513457978
6.62758889805042
5.86624593497949
7.6879783155212
8.0009609727725
5.80524171819496
6.24047701704395
8.18536954644513
7.23144386186102
6.26547012202297
5.88288953769981
8.03054794901216
7.70257909707894
8.58401108705496
6.4036330936945
7.67647783352514
8.79535833443594
7.2068577938478
6.59688405802251
7.85249220664162
7.52106773259755
7.07184383805569
6.93057863709616
8.75274607006631
8.43361209062923
8.04150160880648
5.64257874241973
6.12716730890744
7.15076702281893
6.21253161175629
6.45114525551065
7.03458667841588
7.64279999421251
6.76823193128748
6.45162464694457
6.78386212758579
8.17977892205366
8.52787307922019
5.71248281690186
5.62330773483487
6.63734119329557
5.55917856518365
7.38099634545919
8.45895674216101
7.42119268161641
5.93627671019448
7.8968045978849
5.84013600207239
8.51952744947366
6.90432713135787
5.89645865300612
6.24949410348316
7.15533652308948
6.48313498210924
5.89432908903834
8.43260706285776
6.35659432637592
6.49092291510836
6.5570872233785
6.83035680726987
6.87658625699676
6.03019149240925
8.55915927166855
6.55648218463886
5.58464580963715
6.17960612231915
6.63881175625032
6.95963298664458
7.3355680996813
5.6506245758312
6.24055187149311
7.54011444478376
7.19140926784756
6.01612554187465
6.46878011319626
8.3131178576279
6.4611306726702
6.32435183289723
6.36275194611915
6.13220570903246
6.54709367360372
6.23032094817857
6.45104329420071
8.25511714065952
8.57514650289945
6.15955661792731
7.88065969597489
7.12915128927272
6.33480998375661
6.80637996786029
5.58532364251961
6.0744441252197
8.23333896562118
8.78891241962042
8.77155856188881
7.4226939199108
6.82119238825036
6.01298697647684
8.3761138040535
7.79616755326064
8.61491804958909
7.40107585743895
7.10362216186467
5.80798427714755
7.17561605731811
5.57265898141879
7.51020969242345
6.33412665492414
6.41652355380538
5.77462068672633
8.20137461509523
5.72480072796365
7.60577716294677
5.61507734780593
7.69195546607954
6.37561084248725
5.8456646546887
6.5770299889772
5.61324333800644
7.099365849746
8.31288041405968
8.68905158185056
7.46295302130843
5.94090324340568
7.06427069637484
8.51515157362403
8.23759297382288
6.71704702695201
6.67334253564758
6.39457641356526
6.76462169057701
6.14757179699496
8.52725067150505
8.65738835759508
5.95111472025966
6.11100035026457
6.64439525422182
7.66342570758808
6.71660124157363
6.26692639222706
7.37749697953877
6.99759469845893
8.1741027599917
8.35322043141139
6.81713988777461
7.21822188767958
7.43994708657709
5.88514082652586
8.04877540197401
7.03749401902744
8.58826138610023
8.02336636817153
8.15583066339597
6.91362838434241
6.76995339084211
7.97902879468002
7.41510210177013
6.80256033979152
7.00330752482085
6.91544885967011
6.88943050671866
7.59934085084478
6.61058642597087
5.7914263001992
6.78476622811299
5.79879969448131
5.50134796415419
6.39247176308802
5.79648878996825
6.33652425318275
6.23907235247081
7.34187487156773
6.24643069888998
8.22632180731444
8.63304310463664
6.08930189705127
6.27555720856429
8.3800512023166
6.37458196543115
8.05266823315459
5.86923719706401
8.04615284204501
7.73009828254822
7.47331846383575
7.679322852315
5.69704840371521
6.96075566746284
6.77559870588331
8.11496331971914
8.57067558689585
8.36175306191271
8.13369150279807
8.08023755249697
8.75456693766116
5.60233702647024
8.72310848289519
5.57542136076815
7.87715257315963
7.00775502014391
6.79686612655036
5.5129291449767
6.00171184382788
8.20317090521231
6.07790061988174
5.88634750199667
7.95580540579087
6.13179917923568
8.01981776325307
5.63253938907384
7.33620214228318
6.86846660658344
7.75912069124872
6.3555384035477
6.59176802395923
8.11176717533788
8.73663290290069
5.64935451130686
7.01031613537203
7.41983113350642
7.41142879974065
7.09635041184294
6.70835715035358
8.21038927704318
8.61098201653432
7.34284121979275
6.97494082462149
5.89782583239444
7.82606702407569
6.77581061847807
5.56390720339892
6.79569243483831
6.86854372835036
7.84155760433962
5.62111835245076
7.71562318268093
6.71311205796583
6.24902953904171
5.54092014671548
6.85670151310487
7.51858955755255
5.85302448963057
6.67326380696539
6.60480619134384
5.58320109437568
5.5949520485791
8.46772228792243
8.03914064260558
5.72708769663121
6.62309317323916
6.75953015233278
7.49063527668375
7.34825814451667
6.93044807427707
8.6488426793644
6.43612660679721
5.59560317597685
7.66295875634184
8.17453335361578
8.48746285668081
7.00280801294003
8.71887113383869
7.98469017876915
5.71310016865503
7.91656948240771
6.47264194527687
6.20865889842797
7.3831049257623
7.64150976518041
5.64569236966112
5.91692495996864
6.05207268916724
6.79093442654114
6.73942531704807
6.8092381825142
6.93249811474991
7.69279004912259
5.72076645024507
7.0114672200983
6.2470763459292
6.88315205727676
8.05816235590339
8.36971522098195
8.02279809182927
5.5908452875548
7.79105082246131
7.69640113362877
6.41988709093391
6.36942048310496
6.92756148590208
8.07105443117853
6.29909691473109
8.4471108959052
8.31923084428518
7.89048199772329
7.27285870505738
5.6721826335879
6.56431174533942
6.10402416335672
7.62418246940759
7.6499470774561
7.79630530992777
8.77939177188616
5.63636982630517
6.58176717515805
8.5832278292347
8.29188548985377
6.3996797106464
8.7657216637866
7.04066927007228
6.27183866858674
6.90279026118668
7.44436141774406
6.59772645779874
6.02278003152918
5.77467542792644
5.98238450186211
7.34907793460855
7.2266425305718
6.85837410011216
7.57669417167152
7.46967255205256
7.09717082521441
6.97684186582863
8.46066030447993
6.23705809519949
8.41472654376362
5.60414236143213
8.68201950478936
6.87290941738018
7.6337817330208
8.17596033579514
8.32596301326124
7.13334889982873
7.85205920948882
7.23504172476418
8.54621270709403
7.56482222755588
7.92129698422076
6.52030751450349
7.90491084712332
7.06301314191161
6.26516324104877
7.90091524571352
6.92037901383988
5.57536310916492
7.60869705215854
7.9443520260671
8.72922976476235
6.68774104512825
6.61978413003968
6.46301103325062
6.44062319206124
6.37685825175338
5.70599488849774
7.68390771018756
5.81408282083252
6.24397319447061
7.40111062673833
6.14651232209886
8.07271590184736
8.68926514451717
6.25472629346341
7.59636342701497
8.50798954698831
6.64477166883094
8.09301029457913
6.47764682786606
7.21785108041779
8.23273578686194
5.80727143612768
5.9208044475303
8.34447831321395
8.66460717525796
5.80092790500705
6.94577274397508
8.31989301405299
6.70874607487193
7.08770317315903
6.86042416656565
7.31309430917634
6.09111738085628
8.46595389963616
7.61019897814228
6.04169827758878
6.71495751030828
6.54486941681541
7.57485498745639
5.50382590112242
7.00733679886541
6.44356028715511
7.69515096981129
6.55232832606664
8.55224550331632
7.92174154704159
6.63325510816788
5.50486956729949
7.66308941613276
7.48034393022411
7.38201288226792
5.94149128537988
5.55668743572492
8.52165889610909
6.01841832202384
7.46242194661459
7.77120550301552
8.3418294142741
8.00545066062032
7.43790199964829
6.89849674288285
6.12428947843409
5.75838446283058
6.91053776214334
7.85018928706925
7.8379421628574
6.94499446120293
7.94186395828008
8.19097825251049
8.39662647944325
7.92865943327814
6.55164980197282
6.66637495402035
6.90846731210653
5.58984001083136
8.72070840183005
8.21472899919532
8.13859648279057
6.2391511345292
7.1090615591498
6.37424187145807
5.78760645288983
6.00604803260422
7.67956573830891
7.43007203874209
5.91493168800942
6.53740916748785
8.48120498318944
7.21029632081455
7.39765102264783
6.85546114779893
8.51976022351862
7.42863454977123
8.5135794062741
7.50229589599183
7.2801685921419
7.31483417431143
6.55006635219218
7.65981311688235
6.09326987726328
8.7399163992849
6.72261165420847
5.89001341971647
6.15756026525659
7.94788715775044
8.61525469858753
6.12485250378779
6.3906875215652
6.885394171653
5.67545794113173
7.21518476930531
8.19754733282775
8.62793721631586
7.52216107781082
8.35373588188739
6.65310235757812
8.73887799982328
7.19958188560441
6.82128138419869
6.76681264662261
5.92889512061115
5.95111679916075
7.4513889529196
6.80753929357694
7.79789078724896
5.85755828428313
7.77583403282507
7.27597807171092
7.6118315166915
5.74298776460328
6.68531267513423
6.44448180130983
6.31205046681423
8.21166536242443
7.26123282686235
8.46507114768902
6.66656060407719
7.05713693955727
6.42756687916786
5.65026677870202
5.96072513991193
7.52509944197765
7.11762850361212
5.66130216875048
8.78508856596332
7.64093221175218
6.86136301311914
7.20868934891362
5.9241248155578
8.75731542438264
8.2343971259048
7.46003650417553
6.12362058043559
7.48829341895989
7.24768202745971
5.66451393414916
5.59052428096065
8.60252556966096
8.11034702928277
6.70200737764122
7.91475041715919
6.95060717482848
8.44201861263148
7.40472020574718
7.12232957370722
6.72087107044137
8.63265496385083
5.82077553984446
5.7608471885988
6.40942844363617
6.93964072691687
6.83606924992609
7.94521193551957
7.67978662387618
8.66962022821453
6.09002921177156
6.49808633010375
5.98611765476566
6.41596033617948
6.16483321179073
6.5113287116691
8.20289551654479
5.58089087318665
8.34981374611561
6.6124848056457
8.47003114005824
8.01902262254171
6.29579311591126
6.24089707472677
7.9484828784281
6.7151467702267
6.46551802449701
5.89219819071002
5.51218285740956
6.63220094937872
5.64738938155971
7.99654837322063
7.06591923489481
6.17093866480324
7.12687199075326
6.78084733143745
5.7272998760671
8.41190264397821
6.28432499370725
7.13866422447091
7.76795230211157
6.16122943560883
6.80359559942806
5.98482423856172
6.66289787750352
6.50883997065168
7.72497183208886
8.48087603317838
8.33670917250764
7.71556208090553
6.86044537475008
6.94593988470227
8.62401025607698
6.81653543875912
7.41824088433783
6.99136102995119
5.85570531332968
7.91817191719345
7.35324218302014
6.72067559061292
6.31107418062781
6.57581283476024
6.12021277971154
6.34137526826881
6.27371686291645
6.45550931419682
7.20064892882455
6.5333033238998
8.24965339579332
6.33993031889778
6.87704410266705
8.33622127774474
6.61809583097029
8.0350709429294
7.15266802261434
6.06821577064044
6.13832485819983
8.13838259298648
6.53055137290287
5.70473466608017
6.0761374263441
7.70855685963821
5.77826985696212
6.06571709150937
5.5168896874767
7.67223055989341
8.60626373288119
6.21161249699861
6.40689217372564
6.55885304084912
5.8694418588597
7.57088709229324
6.23401173626896
7.96841714970193
7.52260308483098
6.7710014235849
6.61207176825593
7.13405919688436
6.8528902864343
6.6584489598245
6.72274746528249
5.61828495023062
7.83932754501027
7.42264755769304
7.71969761173951
5.95577093787476
6.50409687688577
8.72562644913205
7.89622682026309
8.494601419026
7.76499428033432
6.23871968954509
6.82361261474315
8.58017832789487
7.10681868890044
8.56163175524832
7.21868689835807
8.37400701721332
6.55033743113125
5.79109720457169
7.02083820137562
6.61439285205379
8.00709048123389
7.22727448689301
7.44384384035881
7.36569981502347
5.60463992775458
6.23346560928003
5.70493696703717
7.1960998348897
7.33035205332366
6.37772049024825
5.65171501855095
5.53085963499064
8.61390820753786
7.89680753697462
5.69231596506449
6.49004455124011
5.63049115410702
6.47098413873189
5.5507937466597
6.86752274104541
6.35322404241256
8.78526888084681
7.50064688222197
5.72744550413348
8.41168386993365
6.2525398016515
5.87897966139418
7.69009341994842
8.57856635502026
8.03820818219375
8.46744652296267
8.19333356193507
6.89849251997229
8.56476701450027
6.19962994488944
8.4304044726138
7.44059082686072
6.73311825709398
5.56464738756412
7.93288695416844
6.47015054600741
6.49543708269659
8.68983937280699
8.45410646972673
7.55166155695031
6.9688817823101
6.13508731217031
8.37324938246603
8.60718131030566
8.17504560169737
7.10927127142241
6.81186730923408
6.12941979670747
5.71086075016825
5.74692286397374
8.02749395646432
7.08282620620595
6.83931711794749
5.88122124938536
6.99466047662841
6.5860817755969
5.85939512666575
6.0010747577645
8.05420117460459
7.3611197831045
6.45026078272836
8.34709093359257
8.79809392558911
6.81282114382882
6.92587171103585
6.2916509256124
7.74264889160483
6.7773721853371
6.46360166028462
5.66201362764178
7.65410219483633
7.39862520376502
7.43171238826363
5.68730394856807
6.9940753260504
6.71945771569968
6.18681509819675
7.76354841725729
6.48110327794514
6.05338107079334
6.90695531826565
5.5281618953521
6.01807727628373
7.41205330426505
8.31831073807042
7.48916227574651
7.58618733828322
8.72835927802627
6.11890185598335
6.37313167462217
5.63653569140249
6.81167861980398
5.53555142172378
6.66705294286126
6.54537303553809
6.31939050810249
5.62968526901825
7.99898100637111
6.57878670206087
6.84924434016654
8.19121331800375
8.64764501054369
6.78860113873896
8.03804744174315
7.67046638417509
7.92605246554664
6.6163771604585
6.30811780848781
6.56322361640088
7.38284386651072
7.62030163688801
7.81201010809009
6.10613288603602
6.59408818185423
5.78992330729686
6.21022163843342
7.19713114101854
6.44766716082045
8.06315637115672
8.44051586057669
6.86184083351927
7.11297217702128
8.15715647614658
6.23408023457542
7.43260657547658
8.19883922726302
6.37388428309178
7.5755757410952
6.63264585734294
5.98786771228458
7.61011136450993
5.80471040607558
7.60425113174583
6.52949940524872
8.32255470953821
7.97579950370134
6.47388193461915
7.17023463352799
6.75370380891583
8.33342215466378
6.69898264350403
6.2561294833082
8.23698007491701
5.92620809645583
5.75387366049352
6.15855263778949
5.84681459695558
5.78246526338802
6.56061365611838
6.8325841210355
7.1321331797232
5.541517327905
5.76887573527755
7.35275177333069
5.72054795734163
7.50212699848144
7.24853621450189
5.96532442402937
7.72078186305524
8.62125690068062
6.69133523645508
6.21755923449616
8.2402299821904
7.00265900604571
7.45108373556817
5.98606412769766
5.84176063251432
5.71564053076859
8.0855898010783
6.01085270398261
6.87401924517108
8.06823353788685
5.87213337626503
5.8217513414956
5.85924642852663
8.04029229204886
6.50600519219108
7.31777059754438
5.84862296530605
6.87495251945332
6.41755246449797
7.41132734968679
8.33382551651766
7.45356913525694
6.81559262111644
6.82672606287737
5.65606799556228
8.74643341794541
6.31362222642184
8.33660407283844
7.90397912399165
6.64552310671475
5.88998295390199
6.82209276539618
5.63931994156694
6.92290673504812
6.38568376794549
6.72051176888476
8.66685637198019
7.50343320155559
8.24157055408607
7.13955188839267
5.97335570644799
8.7678680736171
5.99832688452453
8.25059913021479
5.5377669084711
6.67973387342435
6.88264824971662
7.81948396348131
5.62943257397482
7.94956260653778
6.50247861800749
8.40564156222377
6.33057572186546
8.24190000491637
7.29714691219825
8.73744443353788
6.99981825285059
7.60799716649205
8.35355677346754
6.83225339470038
7.14615132511226
6.3477886827076
7.947168532765
6.17908562378426
5.86427017131436
6.59707497208595
5.89166355755302
8.76796565939648
5.6418868011713
8.36488558282278
6.22021963790578
6.78907781419354
6.2440624163257
7.23966843537204
5.67753744530189
7.12291378732875
6.18019257491999
7.18997573378187
6.15742117106775
5.93318982802564
8.44637437849452
6.3062403229079
6.91464212272473
6.53978052694081
8.3802362593315
6.72265378913132
6.23882595259959
6.34782079625601
5.96933998071629
5.88146085933874
8.56797089023582
6.60614353467599
7.14250162420915
8.79516548522109
6.79660891021881
7.93632959146941
6.82098430503992
8.22145513497732
6.46857860845165
6.62435421326897
8.07229639975476
6.39534181717171
7.33044393192165
7.34585897644842
6.05019987020053
6.91454021722949
5.66355291059945
6.47241896729333
6.1430039153272
7.12858686078457
6.35624080584813
7.51262014023856
7.98324927553706
8.00467323908731
8.55318043235136
8.39136878519904
6.7542646879503
6.03049495752166
8.40881869902264
5.73906153482106
6.22539178373277
5.81771998380348
8.71039083922098
6.64739603129496
8.29677537239527
6.17665408105625
8.11053749487533
7.57244687928574
6.07627505927439
5.71027329238416
8.23764599651188
8.50405319056224
6.47800942000792
8.37552566443893
5.55754606895843
7.39243396501366
8.38146576938194
7.30946732041246
8.0728348432409
7.71830122867811
5.9094761975998
6.76355723133492
5.91200374284
7.44856380910661
8.60423027877705
6.00780587950627
6.61800326084484
6.87603777642885
7.86740082702748
8.31139114171055
8.46669888648267
8.48293960417421
7.97555692121761
5.63899568368895
7.62143363195043
6.70852063398085
6.47441991531699
7.95320842327006
6.69722370213
6.72441669023756
6.94945504788165
6.47986125544533
7.55127984300318
7.93844252100533
7.42943858866128
8.3621844775636
5.89645264241111
8.30696660768515
8.656981746151
8.01463740449544
7.68352040897215
5.52679677668167
6.64654733491474
6.55437243692869
7.24816346167768
5.76198519253504
7.33930577143375
5.59968137004819
8.5825140625954
8.73295017031657
7.62524609586074
5.93399278131711
6.61636181484153
5.57997970565525
7.40925500439686
8.58709460621295
7.73503530235294
6.22128041320978
7.40888537834294
7.89125666539912
7.24340237530582
6.15006165672687
5.91728213085925
7.91938721772653
7.11904505377627
6.44205913913564
8.23296469416685
6.29138931530991
8.20218081852331
6.22669253681359
8.74693518052878
7.73642880480198
7.29128169193932
6.32847575494953
5.8020918956871
7.12932039219791
6.31004822594751
6.15660659791369
7.23139253060598
6.17619943005969
7.87463553267692
8.4944605055668
5.78681696551123
7.47275525596759
7.69639111907825
6.10531796943351
6.9058628660591
7.29467523913393
7.20303260157309
5.74544803060068
6.95788606411314
8.08134530788992
6.63278251329367
8.1581702274872
7.07776493520801
7.708972025658
6.56719635172501
6.12409618997546
8.67167828012711
6.83665325064042
7.02634584873125
8.58870023467012
5.65606397516439
5.66457550344739
7.28715245566944
6.3436479158897
8.30890076201425
6.24524677593174
7.84056303683423
6.57891879066242
7.28034204205897
8.21932256507932
6.45771995255369
5.91266728540147
8.02519383762658
6.20437635692471
8.29081045898996
7.22981689529515
8.45266884128075
8.73283263086458
6.84463657419751
8.38198499699247
6.28361226047243
7.16891183849988
8.79704340589044
8.55981747112931
7.35915257515685
5.59917742841095
7.91020059774508
7.93050590048347
6.44648090531572
8.78309100593022
8.00818662887354
7.52310314214502
5.58025402359833
6.84056947169975
6.6547815285511
5.60955108407331
6.33907403018673
7.59067367287074
6.3431125688314
8.59043977530046
5.8901825645304
6.26201908400028
6.01709575274762
7.16299924762344
8.50014121932836
6.93710585864761
7.59105436860673
6.46060425160503
7.9276430985833
6.41530084489158
6.12428782799782
7.19664893355284
5.60811474026977
6.41059760705453
6.70238661483672
6.18905268356132
7.39400253970919
5.95813162991289
7.78942225084726
8.18663346582379
6.62011033863691
8.09770545890121
6.01730627714345
6.58883072665612
7.49149372326308
6.63729396795697
8.22364161567307
8.20531486647615
6.96984688398156
5.72174798271405
8.1833192574745
6.91924531498091
6.66232563692545
8.74067501760066
7.06975380219276
7.32387954469709
8.51273290284811
7.00349609993732
5.7213524596103
7.65531375250821
8.03476196192206
7.00932553885118
8.45604193519781
6.69348356121741
7.88942601322505
7.40732604730452
6.21405414159785
7.93466734295198
7.15091118294139
7.14670725842217
8.67006346632249
7.76859067458869
7.12059216975949
7.96065250477569
8.20697995353648
5.95732841437624
7.83285965250353
6.06891271622047
5.96998478473793
7.02803317747074
8.56906782595619
7.47381945973707
6.81930139224862
6.55004376538471
7.71174840942952
7.51290627472429
8.09129898159319
6.65152543041134
8.79164979689619
5.5594957583431
7.76137930318774
7.97713646529298
8.04874433363216
7.11954907052785
6.14592279955504
8.22917091019714
6.85625143778057
8.30843481200468
7.46925026018019
5.87904791948992
8.38752468107877
8.70247154171613
6.58535282613349
5.95385429821576
6.37924695302006
5.91727055820504
8.0040270676513
6.9542972906091
5.71679788696622
7.45706735770526
6.01083296707997
6.53620514709387
5.78793309901045
