5.57750888264272
7.91535540962174
6.991097468974
8.5681950763185
6.17891249856717
6.78622633231283
8.20897237532799
7.55841073946278
6.07280251734069
8.72471871844416
7.49168298546848
7.3664954698638
6.52345231835354
5.53562296047008
7.02513354854436
6.42944170094046
6.02392562278994
6.26352863569688
6.87598548885174
5.79709634536266
7.18328121218169
7.08019316877695
7.56760044886105
5.75637425921395
7.96294684127849
7.11412362930416
6.91047787201313
7.18507460953045
6.74055149009874
8.44145101302085
6.63890008243241
6.49318618712103
7.0266727481082
7.8239486329547
7.3838285941141
6.58790653631007
6.33765424049816
6.21889368034733
7.8429743216739
6.72124406764393
6.70832335986162
6.98715771552544
8.44159151385972
6.4253610038612
5.80723339579583
7.27002570539962
8.09987695213837
6.07160577563353
8.30144082963316
8.40929628022141
6.74899301245708
8.31669926479514
8.48136027632602
7.73713471559192
7.99192114868424
8.57265047610072
7.24970047653116
6.81911043763294
5.89524137053868
7.5584970464003
8.54244706019958
8.68385551558742
8.51478146397944
6.13603928603168
8.02032370740788
8.66651082229074
7.91465957601369
7.95295862683279
8.36937965017934
8.6567457000548
6.5235479130929
8.13269629971003
7.01111761516651
6.16438356862288
7.66465045474222
8.72395949840959
8.5259562915171
8.36001195521882
7.03654695744162
5.54427937852745
8.51342931260413
8.31341395116869
7.81313853502435
7.45427020198368
6.61060162498001
8.45750312780236
6.7009283059936
6.83992823050916
6.52662650816828
7.66886787977848
6.23687684513006
6.18411255008253
7.33609085332196
6.13783387425127
8.32735961373589
8.2996624514522
7.19700163947058
6.35331955401104
8.73882856250074
5.51527024733143
8.20523544176652
6.70389682440065
7.7091607484711
6.42420501284522
7.70724551626365
8.36050180391001
8.11990341423713
6.49974529960706
8.73495718410712
5.74398876641641
7.00089805479481
7.16313409603406
6.96886877451211
5.63163274687619
6.43769198706665
7.48762380753174
6.90401525187173
6.91524898989846
6.66476133659103
6.9476798838001
6.59507010238583
5.67844431029505
5.79760857574413
6.94941554195503
5.72745601834891
6.86451887239636
8.39235606369436
6.03001845916461
5.96640587614302
7.02977981440435
8.19163844846689
6.13706032609663
5.70794336298941
6.08778092186328
8.17506342576971
7.40449535217194
5.87017774102944
5.76810158138203
7.01169379242278
6.4258223163765
5.7559771335216
6.1938340610679
7.83021268616559
7.30880062196388
6.04370279279251
7.47367072186919
7.53702651111978
7.71256910252911
6.65800951834666
5.94409435002003
7.30606194926582
8.12320083977215
8.48120164510497
8.61151703868495
7.23509206978759
7.04554919073097
6.57257845216378
7.72924476461743
5.92994937030623
5.65465601532606
8.4582170786497
5.5603728608217
8.68072675030117
6.65132324793226
6.82360071232515
6.92880284222272
7.7940359752625
5.8078143247394
7.42911411872099
5.57883554839514
7.15653383904871
8.14945384066866
8.40597994562733
7.66064292852274
6.6432748045347
5.61950135852279
8.12263786574196
6.10313473556063
7.06589370562598
6.87818663249476
6.96293328064058
5.62839509331385
5.77235386286727
7.63225863444407
7.08248514327983
8.11382211298399
8.5683301994243
6.24806455097283
7.56794353628851
7.70556538117565
8.27060050704455
6.38136841112986
6.21972380649939
5.95986163770207
6.4800589562456
6.45152028261966
6.93987737349461
5.5136048412942
8.18645204591816
6.63895360192644
8.5754143876067
6.21243717199667
7.64359491710875
6.26177681937231
7.7231797797725
7.02836702737829
8.76236638385498
8.40766047978797
6.93742763003678
6.69583264161511
8.12103477153857
8.28889181796306
7.21862658339231
7.39086856868328
8.14587924204663
6.70950270937572
6.53446498065424
5.91826786331549
5.75548652545869
8.63006947838318
8.47827937120004
5.52823056590565
6.39038721087883
6.39019946974162
5.74695796181521
7.36503453310254
7.68953261793643
5.57385615546041
6.26227867443077
8.74540923973817
7.8281810320714
6.8495704208856
6.72336359293154
7.99529623466376
5.8248268458789
6.633298474265
7.42732906497364
6.67935509019678
8.0924815168767
6.70636685418826
5.76744722661749
7.82551870112389
6.18265883852928
7.39937474405347
8.79570721720394
6.85969105661354
6.51726479887888
7.79576367623517
6.42688227719649
6.46346847255901
8.04757045081505
8.4783393196062
5.52452105298021
6.41292687666635
7.45499364934038
8.64593836729035
8.22081166508137
7.7812614056271
6.73211540569685
7.76528314747912
7.31663475422533
8.17152705808331
5.67576522184882
7.77738679287154
6.58594599446278
7.38472814761997
5.62687059680449
8.0450133684617
7.10824011326785
8.12702832967858
6.61844734674799
6.4189508018084
5.59687405377695
5.79328403179474
5.74928534080589
7.06542148171999
7.1268398396804
7.06860043600726
7.81564815275774
5.699283175894
6.16360126219275
7.89139567947299
7.84551539828231
7.56579778803271
7.45785038936224
7.64145652964883
5.5812627781501
7.77327095480597
6.88201211350319
6.88978661559451
6.08083211491044
7.6945546260189
6.8599964544302
6.61873164400005
7.29533775116044
6.62083389520484
7.92127196833019
5.8854889863657
6.95953620724848
6.92114408649576
5.52503247040916
6.42976449506393
8.70011855104363
7.86870033719329
7.51812516121737
6.67680630231646
7.21742620033778
6.5549053117631
7.41424815855055
5.96033406855976
6.91430276418072
7.19907189669215
6.0769524069309
5.77787140324121
7.73341846514206
7.2208260346764
6.82552770072669
6.00575128962463
6.50194338560522
8.32463170043389
5.78115741545671
6.16965158879001
8.67588655907661
8.78211529552201
7.09622384217665
7.53874206242878
6.25765024649685
6.15905196937301
5.64688108940259
7.73181205243862
6.12500988525028
7.16661177067062
8.33922246901262
7.60277055237936
6.91353372520778
8.38390552406213
7.36544572407237
6.24366274422126
7.78451185122691
6.35467368869838
6.59924358055995
7.90794253216574
7.77512757057711
5.64466986085493
7.84937786451808
6.35266547838744
7.35025106834827
6.33774961746816
7.7295600508358
6.08451095587868
6.73797595179781
5.99133599894243
6.20183161713657
7.23236961886293
7.34695978352089
8.35543852754129
8.47323336236871
8.64446313812716
8.44409528663203
6.51070519880751
5.91060772968225
7.68192131574602
7.03656065162114
5.75623346000361
7.52957255396757
5.66727249473049
6.36048728782753
8.09901569718908
6.72981902750068
6.97523882755662
7.47581850180386
6.98290756743808
6.15981919213466
8.78222764740041
5.99978672775787
6.7069396496916
8.67197923749697
8.28936355327442
6.29109800325911
7.94194888478846
6.8080901736976
7.25083998532244
8.18353323475453
8.24710111118249
6.53406716754471
6.44272527347739
8.76643881379736
6.96347037485468
7.44783460616263
8.374659180805
7.40725837865046
7.56500560703499
6.55170294529665
7.15852242359664
7.02870816599444
6.39670657139084
6.78444531025954
5.60606100360269
6.1157597262441
6.78979737596814
5.53682046026491
8.28045779198243
6.30204075746895
5.86224735823652
7.23499277918791
7.88558704697027
6.71845212216649
8.19496895495543
8.07826565597076
5.81450000927009
7.59322800421363
5.80970561258714
8.23211019759078
7.41181193856554
6.30763269539635
8.13527406302196
6.07400448908149
6.74419378695994
6.885209436941
8.69736512159763
6.90251813053404
5.55588564221903
8.2366610422971
5.87902650374897
6.76435274205803
5.62004868148624
7.95785481434484
6.88792312135804
7.00849802876759
6.38490348875915
7.41483846768636
6.46785136930948
8.72567392341294
8.34893575067495
6.35270420102112
7.11344624277081
6.59370365729359
6.36692938602375
8.77665331834485
8.44830678044489
8.25322163892037
6.20656906268169
5.87954161786677
7.07310475223909
8.34860075440869
6.34585582758565
8.18407494156583
5.71599300212257
8.25314936658756
5.58363586543074
8.16787701511045
7.60913358577256
8.38928982942279
5.8810902666452
5.77273969663511
6.76348311022795
8.21041805220032
7.23864216036597
8.58868247369031
8.29430833463149
6.99047376277055
5.98474365312306
6.0779465842233
6.88768672509336
8.62832176679894
7.02978638437224
6.85860360198378
6.81957286292849
6.37734766515258
8.1545033647358
7.99072114042372
6.90131729425484
6.85834317513561
5.88749474916166
7.30407735481342
5.96483872301307
5.82985189041272
6.68235298078189
8.36574594365023
8.09760605096158
7.11294235356791
7.06358041350164
6.18170738233302
5.50231825289691
8.05428184668201
6.87592916513993
7.1495450256697
8.06000316172237
7.02351349075717
8.16251353817276
5.55064714270814
5.70692264569036
7.7240551764914
7.76268298197434
5.68322441443789
7.44753172403285
6.93717068968661
7.78239723066254
6.67939824379468
6.96598318259685
5.76877561838573
7.89694253759182
5.96808789977719
6.43701039062298
7.0857077303794
8.66183621418877
6.15215295599844
6.24069421261632
8.59114908885727
7.91997317310204
7.43149914769123
7.58545052998813
7.84519614270764
7.67726801816703
7.303664627011
8.55860875551958
8.01381956915735
6.67278429514111
7.18919445507014
7.59798074681693
7.50734637881541
6.80401736314366
7.38129896025267
5.61791536624965
8.05455995140812
7.81310525540353
8.2669221356609
8.4224154046838
7.62772441415373
8.36596296161755
8.16374898920697
5.74965240421821
7.57130993934034
8.39487858711661
8.30119443913542
6.47242803559847
6.34470761921369
8.61230925582451
7.26728166569254
7.48700157708422
7.04748185839736
7.73397441179945
6.2786095161559
8.69777177032594
7.84392401901205
7.40324788049861
7.62624572270903
6.35294670132621
7.57063146002072
6.96191699454875
8.00493325485403
7.36502111123817
5.54819834512024
7.48626324458442
8.01920201042061
5.75052113002114
5.9842483863229
6.78505421233323
6.55249385235778
8.32099623472698
7.55615737018908
8.16530467947899
6.769641142567
7.9233072597262
6.29413780904244
7.28798558571788
5.87467785023737
7.42570855562639
6.65774680901853
7.68242956718596
6.14437374404118
6.10004676071734
6.02002033058091
7.62160886086704
7.9487415776353
6.43656731952957
6.85220699262589
6.57989402775905
8.02712587071809
5.55535764127736
5.86988061027662
7.72610749406307
6.66175058598212
8.33252806523404
8.39929637489477
7.09000909109641
8.58250542134241
7.15456219979789
8.37377028709772
7.85094690641248
6.44293805648886
5.66690918116748
7.00710839056112
8.17234451143812
6.52573344739005
5.5087916254841
6.82817640386657
7.20655441056561
7.18265966147947
6.0459027235012
5.8032445807089
8.7158071119202
8.10275984335098
8.555531697104
6.89161925503
6.33600774998818
8.44797163660851
6.28098594213653
6.74754468101813
7.35025017224101
7.89658840746626
8.49543636073866
7.74876620695593
6.76920729869661
6.8278383380201
7.79316562311883
7.34355254009399
8.40458932313553
7.69317978952724
6.81462913198902
6.89934653028645
7.67266602625111
6.31387674360096
7.19842191507838
8.26559780071464
6.90294515321703
6.93087924028933
6.05320089012926
6.86075358875129
6.62756768929803
8.74200680947217
6.54767080549389
5.86167657743022
6.38110857528212
7.93328049112389
6.31573626851235
8.18834814484829
6.64187129450597
6.71020967854357
7.31505531699456
6.95059620113736
7.12658457289834
6.82623930051044
8.69319021339144
6.60822485286722
8.41611667491906
7.18785196398074
6.82078232516621
7.03394911003227
6.28140500105979
7.84802090060995
8.55007994020789
5.54396214300806
5.53506060993746
7.18210578692351
7.67376389849891
5.71053743167294
7.36577947225179
8.38009721616048
6.86258265691412
6.74525988695829
5.95598048079351
8.57291676409396
6.08676380517108
8.64559736083666
7.03632892486583
6.34422148425963
5.76174575549548
7.58365518023358
7.60510865453732
6.03462899689605
8.76244796862753
8.12407624589984
7.47439487338009
6.02621141977659
5.81669795147809
5.66763267172755
6.33570705092634
6.52607083371186
7.03278423113244
7.90057071314549
6.00172504157922
7.06730334967727
6.32728696861892
6.07245524054031
7.35853925010326
6.26479908214168
5.59844126972916
5.55809761519199
8.02625327037593
7.37830739691825
5.53360724193399
8.25345155060728
6.42191093599522
7.68180824588937
6.69480672213939
6.17149950316224
6.87871822045273
6.97603735875376
8.01939658581697
7.15652996898882
6.68942874993692
5.93889240923655
7.97503191698764
8.03919625964754
5.64064112983939
7.33655613394671
7.30959038788454
6.19996149435468
5.57063470972686
7.03347139194807
8.48534818864728
7.19257378811448
7.23942615984635
6.87476229324393
7.2002507442255
5.89324542855831
8.16764775730456
5.90378659495056
8.73108071677785
6.34444182032328
5.98198251690366
6.95986978127108
7.68109422761132
6.09637304555832
7.75086928796042
8.70873313264839
7.04518906751922
7.25833491691229
5.85085130922542
5.83553394322813
6.76938165628352
6.26484832326652
7.14178444350556
7.68345811692236
6.32231862790861
5.50044368023631
5.58715132673882
6.77368986743783
7.66413538843798
6.76443259743967
8.2353833898844
7.57135535000286
7.14334536611683
6.39028395736628
7.21405874290944
6.73295859263505
7.7908716273113
7.3209234401919
8.37697133610068
6.37223699577233
7.55409248783956
6.17180630003391
6.07991729898812
7.34675761393126
5.85216437200531
8.61480662718005
8.17808510716659
6.13254180525257
8.38564617968774
8.63649733839993
7.38075264623573
8.07471470813337
7.06592467282814
6.37209437359207
5.81722383279249
7.05297847845773
8.3692671718399
8.40280350495705
5.84571907918474
8.45731740448535
7.83737778176334
8.58590440495828
7.24411097239157
7.37357086190779
8.18274898217842
8.55635358086959
6.82583705446682
7.92613027166992
5.55592036855855
8.64119269689138
6.37512215128335
8.04781274969474
7.6394357845745
8.62226390417609
6.4031124366301
5.93124197520331
7.38385155725821
8.05682526779045
5.66840342755795
6.96274787838291
6.86364604205573
6.69926119735578
6.83820360942742
6.38803952005934
8.77695709620533
7.5185271415832
8.74029522346832
6.32595360806613
5.62902291770442
6.74228668579845
5.93595852444727
6.57320305530424
7.6175527490428
7.33108921103578
7.28031278512117
8.49980507852159
8.00827071329634
8.62637586301573
5.80034220364098
5.71478875233262
7.30729722655541
7.19471526172959
6.79452974742872
7.11806063438141
8.41711598869339
7.29535715452957
7.47582225039372
5.54479707715964
6.98810702703061
6.86298233337636
7.12379129585501
8.78088203134026
6.19574576983499
6.0309772721283
6.11452288659868
7.64660451112072
6.46586318918613
6.58493476914882
5.59372796554336
7.08929404335393
8.25240661957356
5.87332059801307
7.93962941469318
8.46316805712885
7.77161231461983
7.63592812402212
5.584253479092
6.72169240087607
5.87703682779324
5.82191591670713
5.68375311752082
8.49737235786529
7.01961061556901
5.69763423882863
6.01795918314826
6.5006953038541
5.54150680262229
7.48214603906695
6.27172178238254
7.72493329260728
8.71652325591506
7.0716075368777
8.43266385504294
8.51495842802298
6.96511367594793
6.87472468284797
7.00693340963404
6.42496229593205
6.74229614907251
7.58302620163591
6.74089206545585
8.64787395709474
7.86858096435503
6.77708358650556
8.02761519347158
7.3976484208114
6.78009792511547
8.41070234935589
7.6926545588514
6.31942139590758
7.65753634582695
7.34079541868177
8.04399044620929
7.01027697566221
8.18803192122638
5.68202502306082
7.84206531900263
5.92459127783333
5.90008247575608
8.12602414619833
6.7170727570086
7.4811197714981
6.67038483425075
7.84461249414769
7.55539555237816
7.16702269939509
8.33998133834239
5.56804004443466
8.79977475417534
8.0326005600886
6.56437067734692
6.7404654537238
7.13685815779064
5.87179110242614
5.64568826052559
7.72076572138837
8.643577846171
6.9971305866731
6.19917606630551
8.76922016724576
8.21904401676181
8.02185930865477
5.95077223585221
6.08930082649291
7.80880419364511
7.64748020337909
6.50783756325982
8.40882518689054
8.43567273276754
7.6353122216138
6.52130062964692
7.55940251143096
7.39805844856652
7.03731330103191
5.71739967540716
8.13241053350498
7.33258530458523
6.13906400722263
8.38651505628133
6.55135895143161
7.8818948635854
5.85667343342768
8.34261142838563
7.50837268272026
7.99480777658499
6.69625794701623
8.39380086273992
8.02634332726132
8.25232153247359
8.2175207286955
8.69323410411928
5.61093884449765
6.18617925127706
6.42893685729407
6.74585352829368
7.55147915006774
6.28030380797107
7.56737905176164
8.12582038694581
7.69872345469462
7.42015586397033
7.59946977066906
6.15219640841198
6.0509847135672
6.17350358058901
8.59794777971999
8.13899866974732
7.7885985876753
7.09874721131809
5.78814680684997
7.06891605681573
5.75080564101825
7.48684967692681
7.67815259880679
7.67674332306589
7.90691901333882
8.47481268458711
8.17264893885595
7.46467445973139
7.05092331593799
6.89095184794898
8.27238047303024
5.70133300719692
6.78079778407409
5.76418227572748
6.67446122798743
7.83706651962668
6.04571259906876
6.68786192455266
8.50207959084041
6.54061819243882
7.45619250833119
7.55936276285006
8.45122828640068
6.10031412382047
7.84714597163514
7.40527391408844
5.99651570150042
7.02104666467907
5.58881854554342
7.59961751787009
5.91371027102517
6.35747129013704
7.14447114981238
5.75382206007484
8.42273686479308
6.3921717694802
6.5226886353597
5.98009947410007
7.58111500248377
6.00135190556333
7.20807459562575
6.01341192647478
6.46589599311505
5.76844041166975
8.37349395301911
8.43413572791635
6.75854258492551
7.24401196905101
6.89597973749798
8.0786848126748
6.83183096243275
8.05266558801793
7.80698911089859
7.78729464965706
6.36369388543405
6.17244884332625
7.92247172770878
6.81508485961809
7.51008944149308
7.34288886094236
6.21795870081152
7.75536418341474
7.80916666860738
8.65384348262977
7.13760531712926
7.83201345249401
8.46497106322199
7.66675558847448
8.01999405797711
5.91825146524346
8.60874965436645
7.22444017129799
6.40936111345184
7.88545463424475
7.06221440140707
7.58206227718455
5.61756927103093
5.99131589460883
8.53358416889031
6.92481405120847
6.48992113251035
7.72368793103006
8.47874882428242
8.4827150625053
6.92280649191772
6.89510089972878
8.41449573716608
8.32259901121334
7.28332320966364
6.00660849644339
8.4243113888095
5.73534681295136
7.17535253564979
5.67496757372767
8.3561857184988
5.96048183931496
7.95885600797844
8.68440332969852
6.38894186918001
6.85769806722698
6.22324729951956
8.69015745881914
7.44323489551383
5.54537756977664
8.03395324497526
7.95638811860342
7.52072692552672
5.79906219199731
8.67833488253741
7.01262087952637
7.06020707493216
6.183368048626
8.02254571853159
5.86619552305712
8.34262071864439
7.18721886226136
6.94960095118129
7.29129611817728
5.94300508905791
7.99680044331426
7.26909962587164
7.81236284516788
6.70787894527724
8.1265305511402
5.70747726800498
8.67661048680617
8.36687803116474
7.7978716790466
8.54393676524178
7.74154547971439
8.77888315355869
7.67831453457676
8.28118569923628
6.52378230051512
7.01271600838149
6.98077300721875
7.21295467217385
7.86454685687986
8.22631980426053
6.18275680834467
8.42922104943426
6.62544790449014
6.35839685785737
7.96764433855756
6.19563597404119
7.82808779507861
8.62525152607586
7.30393696081881
8.40893247544225
8.13496056537012
7.36036169053755
6.39341475938641
5.93117775384634
6.42936005754742
7.56271511078318
8.0211942919472
6.42643885572971
6.37891361689258
7.32870815894909
6.939867217104
6.92221650627768
7.55021276259349
8.29723709711396
7.55294365965146
6.04813449533037
6.73468577301771
6.7080229645185
6.43000278558463
8.34710620559188
7.05202000117237
7.55581119321309
6.14262900098563
7.14474111692135
8.42050680875681
5.79036501409111
5.69753483561454
8.42452327014381
8.72291065120573
6.03013822179116
7.27865398166554
8.19660261968212
7.19166763227055
7.57966196010879
5.84547359430995
6.17823781236658
7.67324958602325
6.80680883621038
7.06031487434476
8.31319087319066
8.2515394067586
8.32033734726168
6.87937770533452
7.95982595973863
5.89566235208573
7.80482157514476
7.93241426702314
6.92011785459633
7.30827404817081
6.32547726640744
6.99347823011703
8.30361471514643
8.25010872441801
6.53305040456855
6.44490644577161
7.72961162752566
7.48148098432647
5.79732838686956
6.51383227896812
8.49792776808872
7.89177753390685
7.48318762378095
6.85094449949818
5.76199829875901
7.55961448197115
6.25506135741177
6.66741662094907
7.07418091399312
6.21581839249709
6.0373659992899
8.115431779895
7.82314303971115
7.36553538362606
6.3539417092204
5.86103080454694
7.86856831971483
7.86753687177657
6.47818211552758
6.5068540622187
7.07438339128004
5.73411322974369
6.46045443272182
6.72820577476607
5.69168337584208
8.5782632078967
7.82993981302775
6.15490492679387
6.82064983047663
6.8805476065336
6.17130139657066
6.96725303128235
8.72889763984467
6.99147204095185
6.87081239473485
5.85553788855727
6.46109267275502
7.95718654447496
6.78494791044893
7.92965116591331
5.604508004967
7.46845999458333
6.89168905847922
5.73088212946815
7.27657695987663
7.80880965828039
6.47455808953209
8.75177991910839
5.83382497066701
7.91802361877443
8.7526913140385
6.75732337794262
7.13246897070722
6.62781019802575
6.78677595672637
8.39336782017087
7.85344506033577
6.46641364229303
7.76851106056974
8.74099089037842
7.51617969980045
7.99175962675329
7.28503228413813
6.79445748312127
6.46863741759792
6.63909868764798
6.40477449782294
5.57879236030564
8.08592654996569
8.39660072778198
6.919919499052
8.69669990812698
8.30684134862387
8.24195264065056
8.10443604887498
6.64752052245539
7.34080707377726
7.27286609954611
8.71997675397398
6.06393589702456
8.69380025204928
7.6729427368629
7.49091493215348
6.92570299173363
8.31755653025658
7.90645932203965
7.9351085057089
6.51660722410613
6.47791999345154
7.98301343111893
5.66395707013443
7.40589758623975
6.16315821283937
6.82939111549428
6.99194201297105
8.10420602141543
8.4791695389724
6.55937804017572
7.55910352623782
6.55904220244235
5.87754345831153
6.09638411191122
7.19589234005013
5.80356129993964
6.90743278638572
8.54653061756216
5.86563707600139
5.58464411529396
8.09701562227186
7.09758979348244
5.50992454200461
6.64998070234398
8.13754713565068
6.57598333555597
8.69371840588781
8.42533296747101
6.23489777568416
8.66461784797159
7.1829921650524
6.67055392376539
7.52068260601821
8.42230725408332
8.10661770706401
6.64597404785444
6.91512067696983
7.0434967407998
7.14995669049733
5.58489576160548
8.05099327674872
6.99253635753316
8.62509285101601
5.70863872484497
8.41228918078912
8.31723577046043
5.59877015644435
6.29205817180971
8.75128087431222
6.43952494190252
7.60542505924988
6.07718155240003
6.97665296231482
6.57576248857205
7.86927957991006
7.09805025729803
8.33213011465006
6.92039781614401
8.43912127132702
5.66110770166808
7.35853070666353
8.69358559728947
7.30877694031081
7.91332288612166
6.85933425732099
8.12222162402389
5.60298010197336
7.43257600032216
6.98996366460322
8.53761446785116
5.90049611843945
6.81384366290336
8.28784570078324
8.18872641789753
8.36755651663066
8.44742422903172
7.57073135179102
5.74587407777555
7.3809302694432
7.81889222542698
6.52913120706113
7.69259324122763
6.14166596212136
6.77557247020567
6.87193652164452
8.02668065099659
6.32775872031913
6.81481688211421
5.66794888375994
5.54672038763444
8.54987630692046
7.48217314533855
5.86051687043287
6.03955849617261
8.55586808265743
8.5200605896459
7.26666810586497
7.63232013062107
7.25886489777788
7.96652407251473
7.11872733266523
7.73117571955945
6.08091411372481
8.37378507326854
8.42825558800089
7.91608592660994
7.63902163845795
7.24063853746407
7.13982483392023
8.0345617272544
7.17053920123545
6.06893017652928
7.03907087824386
7.37473432972338
7.03336476408106
7.63581739557002
7.93219538706355
7.62917223396135
8.1983817596993
7.09032175933745
6.09987357868232
6.54314470479702
8.48159505340802
6.20159307973355
7.8403520923589
8.50807355165647
6.32985082866458
6.64929528302982
7.62401746772054
8.13003098686479
8.05111135878729
7.94411791361901
5.78689628270638
8.10646683575571
6.8390684848186
6.4967210931077
8.46910205844068
7.43512244683715
7.28999506756358
5.51087458360766
6.86149714931177
7.89286608255378
7.57241670916118
7.78274909257825
7.78349708999168
6.04398130435938
6.41508672211266
8.57678854108776
7.80506166783715
5.50171045855087
7.43088349652819
5.99507686640943
5.59094640410403
6.57458177214259
7.26684342121849
6.48094393719505
7.0698287571252
7.02315491835677
5.69596869844919
8.67190477079916
6.43559015688641
6.05832872736405
6.65596160524378
7.49781910571897
7.40209680464998
6.27712368412222
8.66290727421496
8.39892928628551
8.19787800781094
5.82755992266359
6.18724190079455
7.0508243592822
8.67327285727215
8.58275424465914
7.39897429761985
8.79293120222947
6.58979990315179
6.25517333492184
7.53677550752172
8.19053044526877
8.6234339682147
8.45121014109095
7.50823448064606
8.22095205009131
7.56084010153322
7.51627919268692
7.52965975070987
6.77386919960133
7.06827220758652
5.80835298397884
6.00445515852515
7.15102251562709
6.07451428813181
6.70540696390039
8.43904762314903
8.32309809345164
8.70962861497985
7.6961423167784
8.59660320465146
7.0010005574474
8.06181059888956
7.99215856036474
6.52154463294984
5.71636539848194
6.23311423709151
6.07269347670665
8.450861107848
6.74881186394557
6.53752394475428
7.10350499977016
6.14729355910807
6.43111957812621
8.79140928808051
8.34483739658953
8.66667651637718
7.40935367752648
5.57564936155912
7.0276758695238
6.80406628455401
6.76168730901319
6.44957810489713
6.95498523997574
6.36420431754856
5.5298034544129
6.65910008387014
6.91133460364027
7.55480879202668
8.51835543285924
8.04984699608647
6.92830745663638
8.13808585832709
7.20316909010051
6.45822485731806
8.35754059132521
7.84221383218639
6.34054381734955
7.25478402561383
7.2804189226226
7.19957223865416
7.74579624834048
6.01225589621702
6.87265684726188
6.77349754347039
8.24143661766299
6.78206024262027
6.46288343833665
6.17843296874933
6.63718922487495
6.57747063019914
8.32141367522821
8.21270200400457
5.86704638014726
8.00664483266137
7.09591681040489
7.48906907682814
6.35138395960394
5.88674011446616
8.01232796856896
7.59414878598266
8.00313753731691
6.00289578383981
7.76688745659783
8.53526119358594
6.73331948848726
7.01916552127979
7.48049064879594
5.76988131348019
8.12018888986613
6.88342654713988
7.55941567817586
7.72457486934239
6.19160197852083
6.4079078401108
7.7857994929447
8.77733748148483
7.7391924001846
8.01291831964703
7.97078272906569
8.65810469641351
7.8384918804884
6.53754844928365
7.2179903120346
7.20907264155667
8.08100828870784
7.6022192449064
8.01585515799138
7.82678417197151
7.70367782073425
6.27432145816017
6.96802525419524
8.72817040032528
8.58068773202554
6.60310095748523
8.35718983753306
8.57414803333762
6.27989440986703
7.194952138051
6.56699282109455
5.62296223328796
6.59809823317612
6.47097682866796
5.85528500779751
8.5835169942695
8.51018686637253
7.47967750362015
7.12606662430601
7.64693967941582
6.8032768149726
8.29020801578663
7.98807649291285
7.94923134726174
6.10936957747226
6.43290770623317
5.94048934825109
6.40798631140325
8.34012004317787
8.1902627071966
7.98348331340607
5.64713853880279
5.95457486586041
7.1256913401662
7.11789436115697
6.67873982259261
6.97594040546251
7.07058803932894
8.73398117399944
7.45941745923831
7.82548205071436
6.62348601825265
7.77224188119979
6.54890266555611
8.27019714473456
6.56818007043924
8.33273295118135
7.85361682370268
5.87312467580756
7.97993922098244
5.90860427804421
6.1880991637358
8.35691989724683
7.22451162452066
6.2675095511274
8.64510102027916
6.01947319356666
8.57541687709428
8.30287327814249
5.78230735208239
6.94215146538291
8.58995806805067
6.88477609460699
6.38581280828766
6.58453181949443
6.0467755689886
7.99230559564668
7.29595390810786
8.51825960659049
7.04968924099598
6.2562027293988
7.45546163158177
8.74530061918741
5.73326926410063
7.89794109899349
7.90039610679918
7.57320233839357
6.27185189914502
6.75540967949313
6.51016195456922
7.90436419895842
7.74936802626482
6.22456355354746
6.66731879120288
7.08619406804738
7.8592387247454
7.86093881649639
7.51825588288274
6.84508260320597
7.73305172123302
7.63066298589719
5.56712169196469
7.97469354573818
6.43645822172395
5.57848077681577
7.38341707796983
6.80946253311419
8.33745530495507
6.46733871102902
5.99868630607846
7.2067216512752
5.94752582616654
7.52926317564595
5.88567100078411
7.85670503497431
6.15999323494334
6.00359361815282
7.6860607150709
7.54093711557632
7.54123032477678
6.9879083209028
8.25559520148463
7.8984045042278
8.60639205152067
7.4471004630375
5.97872033184386
5.97479033068891
6.25669301585719
8.61984777081519
7.67505712822276
5.67785101799741
7.70478987631402
7.26555014298693
8.44740087647379
6.80006349109706
7.57043429926452
7.22138448747076
6.51734098020092
8.38782396659655
6.30723425883519
8.39201782669527
7.41526333743736
8.73781590497035
6.71444550523961
5.98609782027789
8.62888143464431
7.34500765502064
7.73395819559886
8.55160072338071
6.66336272726922
7.63000950081569
7.34465997448709
5.57139095934697
5.61161765434955
5.71390012789731
7.25537531960156
8.33517018925584
6.23826177039696
7.45532799844695
6.05650610633346
7.01456926369184
7.9684131243283
7.35032298216931
5.5560838792823
6.49611320631229
8.18702857994088
8.5780036852732
6.35685514787522
8.02585309319794
6.34673762980215
7.12834692740917
7.84965704642545
8.10498046630133
6.10574721120836
7.00066289996022
8.23564831018263
8.15102984692362
5.80952658639642
5.97984064238294
6.27314336935428
7.5600437814703
8.44255131583006
7.63679035749561
8.58500856735631
8.39404777557406
6.17620571862169
8.0445548152652
7.72234911335529
7.42395050690537
7.06705152885022
7.79125756258232
7.58979248538985
7.60457078177503
8.09784126277484
7.26690067113235
6.85320369930548
8.14552536184505
6.45609990310907
8.54708799333605
7.91624888122944
7.60292448959478
7.36668873874583
8.11002620998151
7.08303789239837
6.18282771515095
6.76573984252485
7.80632023520638
8.61502870927276
6.07842927277787
8.33191126363347
7.18802232492638
6.84008807731824
7.22865290965958
6.55030498627503
7.62858565271775
6.52843366749061
7.07657910259331
7.3298668235616
7.45591369259646
8.15815659715807
5.83823691748453
6.63145350415313
7.27775299702916
7.72225836452368
6.81903543569916
7.99420257089841
6.54461886182598
6.25935893162964
7.15792930426461
8.28788459896327
6.9439235544729
7.0808599891887
6.88156268734187
8.33684840089519
7.60311350939754
7.86474811748095
6.80039656594917
8.46384282455851
6.88348529002282
8.62212654091216
8.69378354494531
7.72852900232196
7.39822762012868
6.92983776365245
8.04317628503276
7.1691305361501
8.56493181523796
7.4663373932812
8.73124318522841
5.68891181362672
7.43531335116134
5.52300387030408
8.22738299623768
5.75677083497833
7.51039969496799
5.97086195644895
8.38607087138669
7.4080311065164
8.76827990138339
6.2433650010626
8.64302651983561
7.32504887550277
6.01306451192913
6.27948028978256
8.21738993359427
8.19289668498515
6.78805063518814
8.363030043363
7.81416487936637
8.03085938178417
8.0200490551375
8.5155024510155
8.1707186896085
8.15652128586421
6.77473898284017
6.62753745195605
8.30057237617522
5.53532774155689
6.41637269310249
7.09184942625359
6.00809327530375
8.47250824286046
5.58350131373224
6.88405925373841
6.62689270302471
6.9257185588481
8.3541973534731
6.06503242966366
7.52131581362481
8.59533088343647
5.54727516739543
5.64780830073642
8.5975553961042
8.66965376420301
7.56562287664123
7.38030191568806
8.35410254646552
7.15147768906952
8.45396658153328
8.36235212299085
5.88160946332889
7.45823136772746
8.1532720063464
7.04314568490635
5.59217946483572
5.52457836787317
6.96095584344738
8.25187101719607
7.9384962590831
7.90902276196187
6.11595261005871
7.58065293113113
5.7792570709965
6.92500152536667
8.61055906052023
5.92951958353999
8.07029563809655
8.38483691434696
7.16159070480691
6.43458475502792
5.92196748999539
7.30917767935353
5.90632885835454
8.11874150070024
8.18844535573723
5.65331081502549
6.38417462649226
7.08441118531746
5.91591602367131
7.93514510188011
5.99368386877902
6.37246072939747
6.95863288300411
6.94326119178133
7.28937049963672
6.52982305111977
7.43735596511871
6.71875967537521
8.40816433604292
7.92059759393532
7.75795723492774
6.21549409769404
8.28928221082471
7.48584723837045
8.66388392881546
5.56298183567921
8.28435462792226
6.6296623332425
5.98824675044188
8.26220653328632
5.64783478488357
6.73330430996066
7.96824398891416
6.43559543543003
8.45646989509768
8.51969656826618
7.86340732661174
6.45852066422543
6.55899659029159
8.37421119110722
5.51776666871504
6.64791380441197
6.48006793717335
7.43800027681039
8.63151759577914
6.44893495392842
8.00419779488838
6.50001275496633
8.22009585561461
6.29668893987454
6.47550822532531
6.63332260978495
6.78743934821084
5.55085232921717
6.50740536424393
8.33387136813889
7.66765468180102
8.4800159707532
8.39821687125987
7.68278480200094
7.15148230439078
6.66510356549586
8.51281308025511
7.14429920515424
6.19383239579506
6.73781274157494
7.6778490958435
8.24611437098086
6.38149249483282
7.63408263738264
7.7702171868671
7.58661728873002
5.97564856402142
7.45529494840424
5.62820378710654
6.21747454574275
7.90203806668706
7.86900979420154
6.2850036701307
5.71682055087738
6.87568036084616
6.31632767103702
7.59151409039363
8.39073282513138
7.58119401592066
6.76624346499961
8.64695342418281
5.7570400133126
6.25618436742869
6.04003493217941
6.99782597428562
6.82353326801446
5.6472530780427
7.59064117123043
7.2524274857375
7.22410973295902
5.56647873251301
8.69015817210843
8.68304920010894
6.83087285095512
8.65368848493112
7.6116262412925
5.5054813877967
7.49206429567447
8.53599073134027
6.31582959859971
6.48358685486735
5.65938687728571
6.81701865601581
6.6385719851944
5.7278251208758
5.6322986240819
7.94894386446642
7.65572537144523
7.08327508185447
7.02877925331824
5.7676253297192
6.72078818588204
6.40035486993142
7.0898740555146
5.88611944038992
6.85004027461113
6.34258904800177
8.25139295097246
6.8849350254192
8.39798010366892
7.52028928348637
5.72008881264453
6.5578045173544
6.86232242015653
6.54299498768231
5.85620255079018
7.50088468586972
6.03450919043053
8.37489259510825
6.04266141335756
7.43543365627879
6.86936432790607
7.12163623964177
7.26575444023875
7.89866666403698
6.0548182045004
6.07820119147455
7.66055399500584
7.24885674233485
6.01699151638841
5.66084743651427
7.36977617922422
7.13962512845813
6.97517049204145
6.53208828908647
8.59007327639719
7.12582785638933
8.35109967826582
8.73503418647567
6.03709833407445
7.30684851041539
6.28387756562671
6.7255483219687
7.34505950689405
8.30872086316627
6.51050033844026
8.36503691136081
7.59862261298852
7.0564795278436
6.10900549535738
6.92849394935009
5.98421551709521
7.87880674503981
7.95519386862509
7.42406459661418
6.30910599008339
7.85468551969253
7.14843252228757
8.72906848948282
5.84774137257319
8.43159020721708
8.51634770310724
7.07694308505577
8.1013544308031
8.67835226696343
6.05452637580346
7.8808798133992
8.06926525532496
8.48832414290207
6.57427520645793
5.67786067040944
8.45940159028388
5.91214712275166
8.22389912300241
8.22655776688988
6.52981545016784
8.47386011686137
6.00558387271887
6.98898979082765
7.27742410532319
5.96271823052348
6.20808616988661
5.80710753706107
7.13829722033667
5.54143459052133
6.18028430322005
8.78099390781667
7.69556943231978
5.66147201243756
8.72931856041552
6.26127634536673
8.0084941005919
6.17585652029575
6.14202170733963
7.8168058195085
6.86580064822637
7.59161478295703
6.36955215192169
8.71293447597547
7.40171039468077
6.31668808622449
8.39340073551202
6.57485179707662
6.0734647965115
6.62000901966839
8.59287827178065
