0.17
0.0990043473163329
0.127768202906362
0.136519756127426
0.14857328037274
0.167664084256878
0.145821523599401
0.165397214325938
0.149558341902183
0.106060767924475
0.118496974320463
0.158961463870992
0.174106963628276
0.173437905439483
0.190384450734392
0.19800425714302
0.246555519899033
0.178776544532763
0.187546293858704
0.20671405397586
0.230678386428598
0.144509618410889
0.148146456078687
0.1463523776698
0.147891758426357
0.148439751261089
0.151455406080243
0.189437628068743
0.168505433924766
0.173521302651108
0.188791383404615
0.238726993709378
0.186800819379009
0.204982619930536
0.175875966948478
0.189458835534111
0.218808384551028
0.129269133344806
0.162406682378225
0.116428186449217
0.143262279568106
0.154477977884923
0.139201447126281
0.178939498706962
0.110607145203496
0.154747440066386
0.183075233020157
0.137067985446358
0.147523672430803
0.148780187552521
0.148259002455042
0.109118274419884
0.141548479301198
0.12155993214056
0.19518704125353
0.190467547619301
0.195654887900541
0.107194991776312
0.160520509199303
0.123478418120566
0.205618017379319
0.116327199948194
0.126499700421817
0.132405372642446
0.174274717772027
0.165716942492051
0.132414650901525
0.237426268148891
0.116035075951321
0.173328836327499
0.197029425876415
0.128890053725325
0.117654157458126
0.117714565748383
0.222065271200367
0.207613914963139
0.154672757778043
0.185518234532429
0.207290764433303
0.0946122983979241
0.159505892919133
0.183459892364181
0.191281509782165
0.139913089775178
0.144073622542295
0.172983611555045
0.155248422550342
0.117639269409047
0.160672079947222
0.150301342958796
0.143420906086682
0.14082992811853
0.137205617302529
0.145649935887878
0.130579326196531
0.115836479847134
0.174849597142965
0.194793982427967
0.166651214379538
0.119193106627252
0.150228408790776
0.178725401058942
0.127385627845633
0.175808250755201
0.191959499990581
0.186042185243778
0.167291198702172
0.143128915505188
0.170632185215864
0.174155129652949
0.170064466979797
0.143960246085235
0.144079765440781
0.190226815023578
0.166695242313623
0.10382170950498
0.169398360574331
0.152808401628423
0.174194562033807
0.13396262261481
0.13681455353104
0.108549224705962
0.150354102987157
0.140871498170907
0.101382539869201
0.213652687001371
0.185130245936577
0.170069825254907
0.173228110440776
0.135499770318163
0.155749952246148
0.143988671451049
0.134918635769716
0.183828638975237
0.115554588513003
0.165112703045325
0.138315926820056
0.135482884069946
0.170594312025011
0.222936684880997
0.167721681713054
0.141079744032508
0.145381621987509
0.166215429407168
0.174246038936849
0.160223475175656
0.201050408592587
0.177374609735234
0.141094025989297
0.130928465465593
0.226648096627129
0.139829327097026
0.166111146701036
0.14726284422327
0.161462169234663
0.198501031529351
0.188495257258155
0.16399899716092
0.172916741874197
0.190129987645608
0.145215200574538
0.134617843766666
0.151302975733288
0.14224387519372
0.202198936466687
0.136687457170986
0.179322625454631
0.166821285937518
0.165912264096047
0.176770053815385
0.185398638789494
0.165965095968541
0.198313253535076
0.186639179652616
0.129257702245134
0.172393765984452
0.150116676233693
0.153277480059211
0.13913560785416
0.17119581302898
0.15522471254874
0.17683316235155
0.140682674916316
0.107678386661309
0.138847602762845
0.129243350572194
0.173608636949895
0.147967952577527
0.186582871814343
0.138054555627896
0.178837164472119
0.191626806318892
0.12346131780589
0.181018192360601
0.136686179208658
0.184349814410078
0.160591246133488
0.137780880041276
0.10299178177
0.118464197019747
0.214480455777413
0.206671724026574
0.136081518975699
0.131419275089829
0.15579214198246
0.20696565518834
0.174414590935754
0.19509394649254
0.139597573376632
0.110133643667617
0.128628040954301
0.120175180275704
0.129713928155169
0.153988809581249
0.145767785048605
0.155081500625619
0.140276768194207
0.13180027978861
0.144450113021815
0.161080902451818
0.122427385220965
0.142239916490988
0.173593967294625
0.108105297441944
0.142044748311064
0.115185888549938
0.138262866480536
0.134085533945985
0.157355428139507
0.152351822658824
0.149859973445184
0.123959001279044
0.11320402440969
0.161474046837084
0.139832120455902
0.180657404426285
0.156424451371858
0.138197200014779
0.135809946955177
0.121086287604282
0.163556974763157
0.116664165404244
0.157615686338604
0.165725448583324
0.138983099516321
0.175629435482731
0.194848485294894
0.161542209580408
0.117506026461831
0.131246660802003
0.091659282931318
0.200309190788408
0.195136377226133
0.137309563777451
0.140247973334711
0.139795999785755
0.174457051379164
0.218769671225247
0.172862845091329
0.159393614072007
0.119726163307581
0.119292537183882
0.158490423023728
0.18425321465597
0.180960622295193
0.178785756325289
0.159075926560385
0.164595493708031
0.224947697087101
0.186644611036932
0.121180032818624
0.152607613541658
0.138153977090514
0.191503082896472
0.228373040896543
0.126339258114218
0.175990370702995
0.200205081167793
0.140373578874544
0.150092857809205
0.19353625743919
0.166365232520955
0.142585833556871
0.114128661159719
0.171303754360348
0.151890064783337
0.150530552974357
0.130192447272274
0.11575589148439
0.13892833231903
0.131813226672135
0.175357946834738
0.169534387444875
0.130966658408158
0.146385066178651
0.203131700513427
0.142408589662224
0.15640107102635
0.126249559773364
0.15096510763289
0.149527598180622
0.120046403065006
0.0968638279471447
0.141315625471311
0.159209612297376
0.205543161243897
0.165704756034233
0.126224593381556
0.185442010086919
0.156958791562386
0.134829295951224
0.12404472770258
0.143079399396975
0.0813122946276581
0.0946163334317857
0.160116800325799
0.165590572269839
0.129324707881871
0.170698166369954
0.144883739164859
0.158340121618103
0.185344021754122
0.164627206901442
0.184156932789086
0.162911438498794
0.161142261824983
0.149187070753888
0.134231736968144
0.166362287493513
0.171055131804868
0.111813143966948
0.151082593870228
0.125342241611867
0.147583473225193
0.181500622528697
0.149305990813844
0.143187604466606
0.155851632881866
0.196614928035555
0.167888778980475
0.15493914667054
0.155426879224116
0.123954620582421
0.135888651680223
0.170712005682794
0.120471938850923
0.153977708221764
0.17542382907394
0.129016554872211
0.18424136160477
0.142806634669242
0.138423997982058
0.127804307342706
0.130117432421767
0.13905841368562
0.166922079418916
0.160243678514915
0.115019851440497
0.139913352943921
0.145225466168186
0.126751867374487
0.12024474146133
0.13186840879785
0.124180628364012
0.153788044548406
0.16016647098492
0.159862163092929
0.167826642051059
0.170062830139382
0.149478076444952
0.162968971794426
0.173993620186682
0.157485198868128
0.157733599356633
0.168593808615827
0.16097478348792
0.154172577333164
0.146253633483316
0.222307126820809
0.158051646227409
0.126880007534859
0.176841649607027
0.148430451097834
0.196273037767134
0.165818476451761
0.143756906501627
0.217798217985221
0.154109005390413
0.12148914624189
0.157467895450522
0.0949881170639948
0.178078897136232
0.141376575295382
0.189132371220357
0.141698917400455
0.127660325217822
0.16625406421223
0.173052044080441
0.19027515610484
0.178594174224367
0.160923756875783
0.188203396239267
0.141250454115313
0.156090285271468
0.12088147648349
0.152047411611918
0.156638332596234
0.104016978082067
0.178567043920384
0.12031177612564
0.177067439445844
0.208346493898209
0.159308790345405
0.155106210885736
0.192248422663989
0.1538039513737
0.111158824727737
0.128286835791345
0.161442516353126
0.17241851753955
0.136373008017414
0.13617515120248
0.175359912513886
0.201290456511088
0.161057230997578
0.216056711170177
0.208695325613319
0.135570698820914
0.216966982773854
0.209803191482543
0.125515270899339
0.149223437897935
0.190550228765951
0.134873403777276
0.120296307329482
0.128719184807148
0.138086309292591
0.115771324582183
0.120041732364196
0.216432724971541
0.180451223785148
0.126763221138762
0.170910617386936
0.129907408456267
0.182784550490968
0.178786232292418
0.180274704459121
0.152703992650353
0.16855936014657
0.154659319327345
0.170122549661057
0.183382756435782
0.139415375672105
0.178091651820238
0.1774436055777
0.123610949728262
0.133010995458061
0.126290623847149
0.167009664103902
0.141256491697904
0.160160435836312
0.151232126151519
0.121687841965211
0.155933901893483
0.164681757393198
0.1498882152964
0.110210380037533
0.164295767218339
0.179464318355621
0.202202709277851
0.197952713973733
0.218365456278931
0.225237234743743
0.12963718687227
0.20388099075037
0.198128900165583
0.186144494627689
0.234243617243192
0.201098313106118
0.132103695352282
0.172756780439668
0.195970936620777
0.155898702660221
0.172341210672302
0.114050441698329
0.211230258516237
0.201813693199567
0.17162728900669
0.185698127405936
0.152770437209801
0.230396974161515
0.16622081888737
0.217805655351691
0.217358286272361
0.154952189618803
0.147674465446763
0.141477281461458
0.157434579815301
0.217125709063483
0.218547375293298
0.143218675780211
0.18879591051655
0.177640464490774
0.199386702415073
0.175513253420407
0.204437476581994
0.166029186110161
0.189876856990208
0.183905335892115
0.183284187185541
0.21654321575483
0.161045175294827
0.102793083630234
0.205516951914436
0.150184507423285
0.130472563923012
0.150209695283057
0.221683897062227
0.208644936654479
0.196151280904766
0.140799263040125
0.171460441641706
0.18409567027025
0.228021831751939
0.154299064887311
0.147130830801243
0.187230113857612
0.201829248869158
0.137692763634559
0.156843791562485
0.194323558597206
0.16529675275037
0.168254064390614
0.210772121296054
0.132602890873591
0.210944644638923
0.129836081791626
0.17632275579556
0.159556381152984
0.132658219076715
0.1271406155663
0.174633635191366
0.112794757456956
0.168493414289296
0.16781858578976
0.181454669943344
0.141543027523484
0.155766366004064
0.182717318372422
0.1177659882493
0.174658716418671
0.183614106939188
0.193317629483002
0.185302106548983
0.147429986205642
0.137372085911171
0.0841619435400968
0.16171968124922
0.146648462202311
0.188584949393456
0.203184761857559
0.190902315032832
0.186736166914621
0.133205229346131
0.159292315437602
0.117637450589296
0.131048593148539
0.163276538546052
0.135715363018942
0.149632860856902
0.122246966193483
0.235040420261435
0.176018783266862
0.127534406862407
0.155334366464406
0.134696664254529
0.19503545215167
0.155297285530127
0.155877619223703
0.188883962654158
0.193392161887757
0.146039591691053
0.1515150318077
0.142474416488699
0.185260371568319
0.109150458166489
0.14785255994829
0.213912101181324
0.176181193486566
0.153091070111549
0.139121744422313
0.1197907726468
0.177765855118364
0.144075383276438
0.1837166093064
0.121216381002221
0.211822729546705
0.226988116794501
0.183938852263463
0.18130668471517
0.186104124569255
0.186120672331428
0.127539901182689
0.112533550999003
0.156845442501257
0.196355934793914
0.174370520351647
0.172557790763284
0.178976417092151
0.127352022418404
0.160528834811745
0.241017539919914
0.122697818087658
0.152557919562222
0.212994226414629
0.226508467469491
0.161036267165927
0.125478740696711
0.115525107560921
0.116534674784871
0.152604491826476
0.169363951508189
0.141413635162147
0.173886537448448
0.1652513041723
0.173167877447625
0.174488159507807
0.149332505753511
0.150403817559074
0.148672369459735
0.153015093872081
0.152846616629971
0.174122122251257
0.159273641887631
0.15852802966778
0.188807451278248
0.162362608465826
0.179508365376027
0.185194274866756
0.180951677672481
0.154632213293882
0.167632027307963
0.177107307622597
0.13807421587243
0.148195382392043
0.110411269245786
0.157835211149445
0.165770159485071
0.123901547949874
0.144114229899993
0.162487318195772
0.144504122361121
0.113368492142807
0.168758822548021
0.207128588534774
0.163010937230418
0.163079780490268
0.136716750751782
0.129085118434867
0.148217024507048
0.18766711390119
0.18046549292974
0.234350258088221
0.185116827977829
0.117494302073184
0.144549601002485
0.151764171155979
0.148450675731623
0.161103644099673
0.141852368852369
0.143168640744933
0.129830290708191
0.156769023091328
0.116412544357133
0.136762343972852
0.0902710014154305
0.140340674180948
0.11522301551726
0.169123665202038
0.199323814869554
0.192029286313529
0.184940629334637
0.182615364861262
0.145397768163588
0.145923875459432
0.183813878131945
0.160621805568173
0.158366284855088
0.193712809631389
0.191472932932932
0.160777470871751
0.179964328420707
0.177811219546822
0.184688989413321
0.192273784941565
0.169844323501335
0.166588400531104
0.103326996775375
0.127722421236953
0.140545240631837
0.129320436605655
0.154339652584254
0.158632496084072
0.125047637852758
0.169647854334141
0.151326573171835
0.105266160585161
0.21643152773241
0.147293620093071
0.172452587262796
0.146874523063174
0.228830523712685
0.151396947736941
0.140900392034183
0.180429339766436
0.0984942117437964
0.0812715639808434
0.176268140907703
0.135467545487134
0.186595102832137
0.139037011449555
0.144813307414645
0.19592596597532
0.197993268006329
0.183108475520999
0.152603324378276
0.163849072481944
0.139251210797867
0.216347620476964
0.197580054870491
0.250259132012423
0.138428867815016
0.153839404123234
0.18251688178577
0.174803757536516
0.109001244486313
0.18299641858775
0.127485989682537
0.0844603258007945
0.176600581881219
0.111377906478564
0.174214170336217
0.138805435594442
0.177331069960696
0.144615585324654
0.168683223341823
0.192346352254321
0.150200734703099
0.215792768497174
0.150450003960075
0.170956914311794
0.212563481830223
0.150134567181083
0.127540524659645
0.168528078710863
0.217213721710312
0.150478824866593
0.185456063194183
0.166253771184627
0.151743808334744
0.155119595884923
0.156789878405399
0.19173597203505
0.134853847853932
0.174179719961869
0.189648545688386
0.147600656116958
0.143611587450661
0.161926789814169
0.187484223869919
0.140411071608428
0.171500392971127
0.194109972648889
0.181103704114144
0.15236556639272
0.202147827242507
0.171020939747161
0.129026925461126
0.190806246987931
0.14825435863405
0.180524282503387
0.0984360363049425
0.17012091545885
0.180712674787969
0.142862452615381
0.133019688447138
0.132334946203292
0.191905805844305
0.147578482319799
0.145302745267903
0.106040090324192
0.138559919989036
0.130128646468716
0.153741512565269
0.152973145434508
0.196034407039789
0.195831567109504
0.208097699931395
0.165448028044076
0.130388809346115
0.191103641968167
0.0941486635700825
0.136418875216749
0.131738796224028
0.219857325329862
0.169102849482881
0.20390122677821
0.149269848008469
0.229163054859273
0.235826711528631
0.180759502597359
0.185480841240609
0.157857636046441
0.146452262188627
0.166853904803405
0.154274629795278
0.176597027143406
0.173703113539875
0.103569500626805
0.163428845810117
0.161559767743717
0.13010946706727
0.232538571368683
0.215556780453256
0.218494117417271
0.20115384621983
0.217578794333467
0.162137964665752
0.17493193335409
0.144891716522249
0.124894033266936
0.199772614374496
0.123961437507386
0.171143364542499
0.129451511471175
0.145624905155404
0.15056207709073
0.142182958613882
0.209366423059177
0.127629418340297
0.155446735085743
0.157658607269312
0.147525112935934
0.195263082843543
0.180774562794906
0.134967272240062
0.155186422767966
0.173530487623893
0.226875359121778
0.175198976239701
0.166239277926853
0.216785171836594
0.209200418547164
0.193098875227457
0.182760120838073
0.155151305287462
0.0914305166004782
0.152574513441889
0.138902716271062
0.181878834718089
0.213362995674001
0.218686694776425
0.202789016101942
0.128912903141379
0.20065997365366
0.123356476566657
0.124960196276802
0.137146703640993
0.202579092300126
0.144180193866946
0.120285031677864
0.172087525843981
0.242905733141399
0.123562781700238
0.129448906547424
0.187915226969713
0.132563399874163
0.152201257253395
0.123478616590194
0.126864451023343
0.133734167436195
0.191223571789021
0.116064346146382
0.135508626001899
0.188210430350309
0.202891207396415
0.194252468226467
0.17418876214159
0.219123455371441
0.183157725330909
0.180522090223993
0.229058017315573
0.134980680019425
0.153494339234826
0.16006779596898
0.16669767178803
0.193182754123445
0.114585870859885
0.154626228931218
0.177675062267855
0.202700867704908
0.126271959452431
0.184109134671847
0.141850890285881
0.129377497514696
0.156730433136572
0.159217520979112
0.163778902295338
0.145237496506591
0.158970343101497
0.174324022186451
0.148137271011825
0.155444491139178
0.130546002196435
0.155198603090271
0.133137272954168
0.171684483193807
0.135804004983849
0.133520432803271
0.147401244575488
0.174366073783622
0.112140712657998
0.122432280192682
0.154293953796341
0.139295396505509
0.209240107614115
0.159509739964766
0.142813772947348
0.108127263468839
0.167666324239674
0.125537664487424
0.139755014691817
0.124299444758697
0.167255317253991
0.182239293050454
0.121935454504058
0.136518111298006
0.15776560751088
0.142553496395707
0.18034622640076
0.148062443520468
0.236341726008437
0.235729471390124
0.145202682200262
0.192533889206567
0.127964414435083
0.111683543951692
0.195495326996385
0.177449221732977
0.158851898512203
0.177454213323021
0.159865871571773
0.134675373425857
0.146388154022969
0.161121955287054
0.198377742393097
0.114591286065235
0.139191813248824
0.164733846702623
0.138251396056571
0.153710108943704
0.1499972841716
0.183793031600501
0.156047707152931
0.190063299855934
0.144346870079827
0.217910960818277
0.244436807474034
0.159422906503376
0.155162265356051
0.164804482292704
0.163498732760182
0.159964277847127
0.147857154593153
0.166526628275748
0.150372691946416
0.142767710020622
0.176333060199092
0.163094951949166
0.146172002830798
0.142078474197588
0.156303504868491
0.147443485156013
0.18110970683914
0.17715395798883
0.165326866284009
0.15741838951541
0.205021094071448
0.211720571055795
0.199343276799686
0.140195842253549
0.170438727130662
0.151787766028661
0.146923303589237
0.130667274938725
0.1689014550372
0.17094709152953
0.169820490679574
0.14011158743886
0.0958684438875012
0.169884714066568
0.151950712727662
0.154535895589785
0.150261131253886
0.14020837812101
0.152385477362535
0.168399788593508
0.191832592000143
0.111891230903494
0.186663989844556
0.150522329836041
0.157726059034597
0.235517451050023
0.145982917044994
0.183370334539722
0.211619517590007
0.157843669717531
0.20046134462363
0.132453492564028
0.191671673319339
0.167484802737353
0.145181458119638
0.107277957798198
0.159820540596984
0.141292233048053
0.172175704183746
0.173184610314919
0.147914439189941
0.163012595800437
0.131248826958887
0.12980799879395
0.152762886093394
0.166245521636886
0.144849109035478
0.111484531616639
0.101277748335531
0.14840778328716
0.180648018064794
0.165800452806682
0.141662776512064
0.137985929215408
0.135893845583522
0.139237386380711
0.151711068764217
0.15450832554058
0.111160822622032
0.182059189536006
0.145646699520004
0.159252771379696
0.1340585995502
0.177051899887845
0.143697938837503
0.179938063113906
0.145962026797103
0.122710810602537
0.14635756143476
0.133807546484353
0.185496775060885
0.130905796175874
0.137320725373466
0.107988261185358
0.183114964985158
0.185451876641959
0.196378349096988
0.20972931368529
0.157412509894081
0.131275040379029
0.150431304544167
0.129946908125437
0.15873180285571
0.1994867914974
0.16621339398719
0.170652197979459
0.13905887769786
0.13239044999998
0.150504339627814
0.181082937938048
0.112541183168468
0.126770886771637
0.15168475915567
0.199229225846594
0.152762145234742
0.174092692800909
0.1691312045422
0.186179547347229
0.156669859962958
0.180458436272321
0.144096322419607
0.168494782385328
0.142654094951531
0.170251931742719
0.195773638579839
0.178459267168254
0.191871585464307
0.152793398294597
0.156676202435622
0.14909711509491
0.154592104558413
0.130816655463246
0.121735871707218
0.145456625813222
0.151763240712054
0.144829750881735
0.160243690053718
0.11700939109789
0.134343338460308
0.14290186383754
0.115925469731514
0.169555763657492
0.127462697754839
0.14561192228417
0.183730923964951
0.135318038893518
0.153252807080989
0.203241904529712
0.144697241313104
0.139376345020895
0.197944708412479
0.136929614680999
0.125243052955937
0.133546562727898
0.162957971366062
0.152638666351299
0.170442289652212
0.176275627150699
0.126215870202132
0.138105083484293
0.153077414359255
0.182140407087515
0.150202421085413
0.164947546490329
0.120173214386827
0.113892890689497
0.177371913304449
0.13076944631706
0.1586675003158
0.12762675976877
0.135593362641727
0.16242814745518
0.0978299588609559
0.171308064753431
0.0981691184490567
0.179874781843204
0.14591108073525
0.158408945331583
0.166268997293331
0.182675211341965
0.146089847133045
0.113616842057117
0.139193480140177
0.140146783838026
0.138358720129093
0.14918455164735
0.190117905306914
0.187054536899192
0.156952829644709
0.13496444874473
0.142879436372354
0.167735409162477
0.149629551603406
0.150652054353108
0.145584207411231
0.133116745274321
0.208796238534618
0.137555476089662
0.124099710397616
0.141165954025953
0.135441101650176
0.143892574236121
0.163244002189065
0.192479526794465
0.12407771492863
0.182429399660569
0.159271640203293
0.148209484787602
0.163161578915304
0.218048299914359
0.192219574457498
0.19982216218831
0.130883507067239
0.156434856514449
0.178890055021618
0.18279307813026
0.170239585709836
0.216498793696544
0.16805570876331
0.180332116522475
0.156979994975934
0.186831617101728
0.14913375686187
0.140629840190477
0.125917551547158
0.145989399863204
0.135283227177741
0.160247562728301
0.176005750160643
0.15903916322827
0.127333288784948
0.164245828995017
0.1969832522672
0.192788016416397
0.141590708910096
0.181362026421987
0.141349365316497
0.138797303944917
0.144162418745096
0.20560874084588
0.17259839933799
0.149177462692097
0.115417382368596
0.187881860692248
0.154269659480364
0.180330334853398
0.169455664681655
0.134440761962501
0.16615216325996
0.128870792831203
0.155670489433939
0.193316720133217
0.146190529281142
0.14542344432834
0.133484775440126
0.138326983136846
0.142725730293611
0.16729418518715
0.133127678021305
0.149773502088513
0.145556962169576
0.179830242923338
0.163357995544954
0.20849795486894
0.182145100916377
0.136142077681369
0.107152781771432
0.175209352304709
0.171091952199281
0.179693525198626
0.136876138096768
0.142994365179735
0.165043831335502
0.185721864544421
0.156984045887297
0.107428058528054
0.191187452482402
0.111968725514637
0.143992985288011
0.133838719009481
0.21689179827795
0.185294186586633
0.197208671602132
0.147922350811336
0.165000966066569
0.118193847874557
0.147318842793955
0.183832076449581
0.109538205940312
0.147359788262029
0.160556842835466
0.1301555727206
0.150574098443166
0.16774870114731
0.145513677150745
0.154856990383433
0.185432264644879
0.172234782221843
0.192931264065213
0.164277180798682
0.111044808481188
0.162236377997986
0.159279851721421
0.155789704779078
0.157764998701644
0.195853998146189
0.172961610665642
0.155450487344128
0.119778359907866
0.139636725190827
0.166099128202068
0.193155668789452
0.123590406127529
0.146423675567521
0.0812327482528562
0.13895010593272
0.12756156577748
0.131160814048766
0.127755614130197
0.155539776218071
0.146082482809703
0.151255622097116
0.138385664378539
0.146091253228192
0.113018694941666
0.161027567212431
0.126117164923378
0.183057237708828
0.165193645106188
0.162239796332119
0.18008994321481
0.203148732545146
0.124117434081315
0.170893935330346
0.159614278624167
0.146613503897814
0.219797845387056
0.236405789210041
0.1979106739383
0.131113214613722
0.173902483627849
0.17989675575831
0.137300858054786
0.212624277590357
0.174502580597685
0.174411786151545
0.166660390773647
0.242192759012435
0.206258516144723
0.1670643169562
0.185023483244144
0.177991806466498
0.173988868882785
0.117248777636258
0.127648515622544
0.13666697504799
0.199556559601563
0.113118441872291
0.163422882616681
0.136411316170798
0.146973632224936
0.130686734494405
0.10942098832792
0.145320252924329
0.130985365818088
0.174242993721975
0.191563624336385
0.148566522081261
0.142456776723057
0.164834346520794
0.162549320890996
0.193300615283138
0.145496896524663
0.184617667244083
0.141835037978304
0.116003490933223
0.188500300244102
0.131932320779623
0.144661298313875
0.167739221416699
0.117450246847173
0.185751883878022
0.157675612014083
0.155844093805237
0.160538368748826
0.16252444687037
0.126564864126569
0.171261163971328
0.137682071959037
0.155389947986739
0.211535144089652
0.155874089182596
0.151614470713964
0.128610431826828
0.149372141320138
0.120226380234142
0.136840856531344
0.145596892058047
0.10411385646661
0.102676970379431
0.131367017066822
0.153865328777177
0.144506789174243
0.207228223437591
0.139004061996182
0.15026277200727
0.166734492287399
0.168082778571334
0.188063865428931
0.180672539958404
0.175579790551631
0.136991872117611
0.168272029163119
0.11348249003599
0.160199761238973
0.114553234323367
0.187400254940061
0.209897138365606
0.168666243131548
0.188309963401229
0.180865083194831
0.121108964969653
0.102956768419614
0.145492844675556
0.154740119207786
0.0848873595156489
0.200914231926293
0.141636365540177
0.169916150887772
0.175843593539545
0.220034212511663
0.212198372569038
0.134214013028219
0.226667824923019
0.20307207297708
0.139045587905783
0.125736580497122
0.116885507279246
0.120084347653269
0.146698981384076
0.163875299589599
0.135129615621836
0.146575696684803
0.117067858352054
0.179429290300382
0.145750757123819
0.166725986149115
0.170481757175491
0.163979241816163
0.146322625366187
0.182106714391224
0.129958983895173
0.138456113437464
0.154738046518797
0.190866920495187
0.201862369783849
0.180356421944832
0.131513864502987
0.153209123349786
0.15281070374398
0.148635998698988
0.145070887386414
0.116435689569433
0.195331393999221
0.152843841741681
0.222276544328232
0.178553430374411
0.19952514664966
0.149747666862559
0.152310663676316
0.15856437816361
0.187485985067499
0.199572326704711
0.128140789149611
0.186257934877731
0.213865984097585
0.111213308565816
0.151771741010467
0.150656980932498
0.11013002608946
0.1175391307134
0.146688862410743
0.142683972522646
0.130794406789056
0.199283856348109
0.125817815313948
0.195112513633629
0.168531201492897
0.15451999568534
0.164041944332381
0.156604716865009
0.159130767714028
0.13915821753148
0.15271395402752
0.171168064367629
0.154278508064526
0.156748632022249
0.182812901953584
0.217518196883016
0.100759890731218
0.154323743319466
0.124407108147322
0.158906270622338
0.169585261051943
0.157423899276735
0.176936080201566
0.135522762527622
0.165716501029345
0.17868601134377
0.15141986370889
0.119373645181562
0.146137276008049
0.116458552774912
0.183966681667021
0.188749766498037
0.210370254393938
0.232351330868619
0.183769062062202
0.153688558218185
0.162244520666013
0.149790449622813
0.164718559142391
0.15335529344473
0.181469400900314
0.116136033115848
0.169096818688911
0.138396522490735
0.16950686293676
0.181175045840044
0.192292329832869
0.176739949556873
0.105155119608324
0.162930245573649
0.174992069079955
0.123827907900919
0.143409740355982
0.181187341191401
0.118159169819477
0.155297145408332
0.14619646671118
0.176403097678817
0.128740689377488
0.128825397080972
0.163258670556278
0.151335997994128
0.122554625767759
0.164561767165657
0.189879824526791
0.143400119552562
0.184889160800779
0.107586667732818
0.154579994710237
0.145030192498555
0.130751955667764
0.146715565284414
0.134965449756783
0.189519998207247
0.151829412149271
0.16586306188059
0.143652213050121
0.134224766543569
0.140103046638229
0.195896038270502
0.14154214534919
0.161021576493128
0.202532091133554
0.156497381071753
0.13981129951629
0.168156713138611
0.154305101706304
0.178732883616233
0.161815551098284
0.119491018729364
0.179642811413088
0.131392751365825
0.106695267062682
0.165237156692046
0.185173133978972
0.122907739283429
0.158910373142437
0.132957129133191
0.158358958820387
0.144122922977841
0.140485481352217
0.127048376434202
0.218113921372884
0.169279413328476
0.128324308873755
0.168510445324021
0.1166948101531
0.146172079952501
0.184721826348802
0.142707802413439
0.121104628313738
0.180711065790061
0.115144889123814
0.173969861671669
0.165792650587906
0.189735080609439
0.129775479974764
0.13385701623778
0.149526195046171
0.106508675704689
0.126812112887844
0.168584285568648
0.118278073089995
0.13475866405687
0.177583259180843
0.164377623619099
0.139660501547818
0.170399397861318
0.131585549036215
0.118327345054314
0.185811434915949
0.166826887778364
0.208386494327752
0.193971409794966
0.153604089819294
0.188911089302541
0.166563204358335
0.208303655135437
0.187623167330716
0.143918613245366
0.180792792858459
0.147708331185349
0.149039602537537
0.146588891493728
0.110786076265937
0.0956423654230453
0.187131953237906
0.154384374423443
0.105148341703486
0.177517329998843
0.0951225522406228
0.164285582703131
0.142255917274526
0.152878346140026
0.117829755842813
0.142034011100758
0.141966813112013
0.146891482635863
0.122042416212508
0.144965468504505
0.124264609876568
0.139449053731016
0.129123947539201
0.179041248658969
0.184999626834804
0.149515764045917
0.1148010981756
0.173344588057819
0.121086769509758
0.161982118549366
0.15610781854291
0.188251112114296
0.235174544074314
0.196076273999293
0.203405435688734
0.161644604451271
0.133178324503213
0.173499330235324
0.182533145393066
0.188516845705101
0.153077830743764
0.203887705213037
0.1361163311202
0.204727414713553
0.181410181612057
0.166121677782685
0.156610181986453
0.134106137509739
0.217548566179411
0.150134535361941
0.193341783610826
0.149223789438175
0.161593444186181
0.201748473546933
0.174013712064675
0.236885517209023
0.168509979357164
0.206400180887649
0.211764338267678
0.201002220506816
0.203314782521037
0.195892834518869
0.171227967776602
0.209954492821028
0.178665025379184
0.143966892077275
0.16515525394771
0.180184718710666
0.143713134077819
0.141301840942505
0.15187405619179
0.0951610904451594
0.190368812250234
0.117438098784156
0.156633894032095
0.155717179373446
0.217456652535783
0.164670237909859
0.148106586880163
0.195189166645847
0.182556470163601
0.190159829150578
0.201489132106666
0.237182140807338
0.219656356764052
0.153149815552494
0.174209243830745
0.144148130893148
0.149709275625362
0.178065854846849
0.177016738544305
0.208566051025793
0.136560369428898
0.178814158036205
0.177112015670192
0.139815833352693
0.200504224341444
0.128078683508718
0.107491498184867
0.152628247497432
0.128329809781696
0.151813977996654
0.135681537941973
0.142906378670412
0.132347566130359
0.166230393146301
0.138338158010781
0.164630446776938
0.217610863184399
0.143630270440662
0.111365977886067
0.136337550860436
0.158293160720632
0.164078273078262
0.132864297953626
0.164801246654997
0.169005049933721
0.143861062548662
0.156186732718459
0.20905371972136
0.111784913749239
0.195316315244314
0.182841500086192
0.159345797513342
0.114739115098637
0.191284344947891
0.107945396156611
0.141423944501809
0.184126245309491
0.132938934075688
0.115185370167682
0.164007215249859
0.23628992425279
0.144492127325419
0.124870045631917
0.208762352140054
0.166490595240311
0.163861015230961
0.0777121218232252
0.172880750705408
0.124110999177723
0.133946262892534
0.180884677663478
0.134845196994064
0.189038136702496
0.165778710678195
0.163009345835517
0.176698702172481
0.177680644943868
0.124629705968733
0.144657456589746
0.169980824681248
0.115833225149602
0.192314246504387
0.159171417567207
0.134178814136041
0.171859845423711
0.166508575088246
0.198181481332601
0.180225077693786
0.138255705230529
0.136846165580322
0.139038324886074
0.158541070980393
0.162473789430687
0.210148206044348
0.187536290412475
0.14153715357536
0.184837883178189
0.14020774418826
0.184062754074474
0.133782244072339
0.168330519554332
0.148825410059288
0.162013424647211
0.126204288479132
0.151931031344082
0.138504282513924
0.143191108045861
0.115187809963955
0.145566561813658
0.177814535973382
0.154570228645576
0.133881873712686
0.118027690137952
0.156570548368555
0.1732579775013
0.125331951336853
0.0962341696601817
0.103573710706615
0.165019161210639
0.150393000898225
0.165142255374104
0.1349051726214
0.1437835429139
0.214303318689543
0.160287177047781
0.169202781969486
0.140529877270997
0.138184468232311
0.154747609630604
0.218144020086988
0.187849691957911
0.121035469818266
0.156459470242861
0.11578504458123
0.210341521353976
0.136865741213089
0.153373884827227
0.113373934753884
0.177381338582493
0.191871358918723
0.135823953456676
0.0812953849004569
0.161686732893046
0.225713097081997
0.180928727457581
0.151061078388765
0.169023256819501
0.113241522794407
0.208102728742128
0.213616453907316
0.159666581649153
0.147542125505699
0.141088213790551
0.113880166956786
0.169054017064161
0.211480994718195
0.161921719316719
0.134168798322009
0.121690518667659
0.134028156285319
0.175221222858882
0.210802171252717
0.163529546946204
0.154318207111953
0.174942561646388
0.14005938085818
0.163224257473387
0.216038024292675
0.135420897412888
0.159932235494506
0.143472563649968
0.127615514656393
0.152593775756537
0.234443478105235
0.193949078007672
0.115341145138191
0.111491955328125
0.0990112402265099
0.184669129603829
0.162820863217918
0.168269865938145
0.106840178144123
0.194710164114954
0.137774876624678
0.182567721912604
0.129033375663739
0.168838804163179
0.17480366738495
0.178751045145044
0.145920960940246
0.132300637603552
0.164822533646218
0.136046826861182
0.142704841817678
0.145619351961341
0.151004919273514
0.138485546727538
0.145357655330632
0.183683159902127
0.174849102694653
0.155348254190903
0.154959383919698
0.166862278532897
0.167541739873256
0.156354481730638
0.189091948533904
0.143640885069801
0.170597675599542
0.185867654197621
0.139340949610825
0.160946995850733
0.17563988588864
0.149781717889471
0.143007675252652
0.158683659885376
0.133283631578864
0.21101197633727
0.183570343955973
0.138403729188166
0.123441000704445
0.161779128173029
0.161654398470334
0.121503970310234
0.157149691221639
0.163783018129801
0.157408352408951
0.212732069723175
0.150253292356234
0.135780050587894
0.14118314378995
0.194401064907729
0.166605507000594
0.189174439032164
0.106457192180651
0.131476029372101
0.140964082841978
0.144915026262911
0.145591031586278
0.157728288513188
0.140578263216345
0.117549924246698
0.159598188094223
0.142524980016042
0.143664223857885
0.136962454836936
0.182425814085022
0.176486486823952
0.125134939556727
0.17171958971426
0.158290723499909
0.176557067518238
0.157419326148982
0.131355067904359
0.181831433122348
0.195549411615962
0.205978442332535
0.151707567343118
0.159468136441802
0.129090119137094
0.183348141313065
0.111388522213269
0.165705615394046
0.166511533301556
0.159914203656157
0.154251793681805
0.0999172254040808
0.189632948685028
0.118860731498964
0.159823518330998
0.243608322298108
0.199444730345054
0.0952305344852714
0.126013040632116
0.144051965830755
0.184118451942708
0.216257538355064
0.144329349294133
0.156877437662553
0.246513499821497
0.0965593124740863
0.243470039628675
0.181613994948584
0.187449112317729
0.1894528967524
0.117525528821047
0.139235053927825
0.18649665737022
0.141887305923597
0.176451901498001
0.169350078870373
0.136435801230834
0.142394021815554
0.135497450437798
0.112659769820401
0.130985679678914
0.19557412528707
0.183992702405167
0.152179887243253
0.163151539216351
0.133643432681798
0.129494531111249
0.200633561353207
0.228434858778812
0.140581588583754
0.100228061057116
0.117551264494769
0.120157131810998
0.144461874381796
0.203525852519193
0.108091618690169
0.164446049450538
0.116362650006585
0.123909459553015
0.149242257220708
0.152622184757833
0.18901860887862
0.154693857736859
0.198436359519713
0.161311433045952
0.1791465567382
0.210248132524758
0.167380110519002
0.164062757273027
0.140459514146755
0.14518608381936
0.143108955433369
0.110128797347584
0.115280725572574
0.172839290497323
0.150552071965622
0.137605146143811
0.187830240445084
0.0957993316016838
0.162127629899195
0.159495307534692
0.216295820641408
0.145859111925809
0.141198943795791
0.206746055219468
0.145550684775802
0.1643319391272
0.147717305962878
0.151904581114913
0.210539967446887
0.195924691524717
0.133853748029146
0.14298781743491
0.12504578796108
0.151781667601888
0.200890090154668
0.140033907342468
0.128473890229299
0.128977541588955
0.14192373133514
0.215405443929295
0.225731441999618
0.135523889173617
0.131481837804914
0.164524259642787
0.169191937940601
0.177803940450939
0.149604650424556
0.110967063616217
0.175691283578473
0.183175790167528
0.168560595506137
0.184821799351255
0.148131773346264
0.128943530205737
0.175606111879453
0.133943918518029
0.133098419370744
0.143140430785164
0.198032704369048
0.197123924645169
0.132055668211952
0.139562579651876
0.14681613850142
0.141472094978621
0.205257065280588
0.191131657133569
0.162845568601657
0.146546555778485
0.196595431071103
0.134821550882195
0.124926033941682
0.163077889429597
0.165743415327442
0.115715191369539
0.163410490667693
0.165678651915591
0.143588204539418
0.224029631770479
0.204543966593534
0.222797129336685
0.125980546498225
0.106827941204301
0.170095600764433
0.186630805917198
0.164089648444418
0.172156830621895
0.136574585286321
0.169467236856977
0.219257695798016
0.15969576601375
