0.17
0.118862069077535
0.0955717923249916
0.363029209928049
0.15142958390594
0.217571237218455
0.0757664384751806
0.218580253027882
0.2454244426561
0.103280745843072
0.0610588773784648
0.117169874584074
0.16108896859002
0.109822522065534
0.0897798421539705
0.0956261902560691
0.121560742518981
0.131489891535852
0.0950996353008629
0.0767107335040897
0.117292579629953
0.0862308039170833
0.202191944850948
0.124311484219862
0.0977753127587452
0.0940525497937252
0.20705869015635
0.193839359566244
0.219862476809637
0.131262864791838
0.165747662045873
0.0620900870090925
0.143325429591709
0.134528665690126
0.0738425473824607
0.188744339957352
0.0942944559886842
0.0686688089473027
0.118878022637284
0.14642990806396
0.0806757007882414
0.16467625807579
0.129892855995856
0.135194484286547
0.075265785933033
0.0816636904503906
0.141950409502426
0.133898881714596
0.10744473020991
0.0916635160142845
0.134870118859578
0.241015815287402
0.128256151741497
0.170704384744607
0.120568272934141
0.109180625366399
0.139870221990492
0.116892623606645
0.182396689866023
0.207448101357866
0.108998117854507
0.148067909684396
0.188538877625139
0.143502708006983
0.168928431726667
0.0847552249163889
0.162151536180312
0.134205898345612
0.143945054648035
0.143217717440363
0.245104776505412
0.104733235097711
0.104730624998
0.105986613033521
0.0802654849601177
0.126296135407526
0.131751325785456
0.157313285240225
0.154851425292094
0.0821118769165677
0.103601491699792
0.151491833099953
0.0772253820346841
0.101747569346029
0.144609703809531
0.101988208491712
0.146981177839373
0.136608844402493
0.198182154416813
0.126591769966107
0.0957996413073442
0.179256147456198
0.239672482085556
0.147318270904788
0.0817302242250589
0.101158860477426
0.0816055302487178
0.076292966385605
0.157775439112373
0.117710241723335
0.123917161897057
0.128489080821521
0.0998012248918513
0.25799433119219
0.106407390719403
0.0946530479529268
0.225707229739053
0.130580852751756
0.162232750935587
0.134371581788663
0.0791337437481475
0.111599964982939
0.111899678170777
0.168186973739511
0.175586071804435
0.134364681716668
0.0845536444196688
0.0971224182757645
0.196398903969704
0.078541386453681
0.108472548579546
0.209214766270883
0.132830509431832
0.254733533558912
0.154321567441851
0.0790837353034348
0.209589686682773
0.0706533799417785
0.112761790625867
0.0879041496849082
0.123129688181308
0.142381873689485
0.0974744910591373
0.0855005337738025
0.0670747086280704
0.102527954518315
0.147704528225468
0.134189217977421
0.119044595109602
0.150425754176884
0.108774316884942
0.150890220593368
0.0632914908061617
0.183095204334644
0.0990888456982376
0.0766097708142589
0.0817369525616646
0.166192574074648
0.104048093416892
0.209287538122359
0.118488811625908
0.158300897376528
0.232207627873356
0.0907453229821012
0.211195804084205
0.155200715511372
0.184828505946753
0.133652674188922
0.101780046926007
0.157451803499273
0.101121821074561
0.0790397287659659
0.0624623233466587
0.0607700108239545
0.0964022095176022
0.0987040401273295
0.119101070292474
0.102137077623243
0.268122708547708
0.332493912637
0.299515285153322
0.286507975440483
0.122970923106367
0.154635235899525
0.111837078337913
0.130304436581166
0.143945336051444
0.110644262479276
0.187347422596622
0.070861519391083
0.154100488650876
0.132515656823672
0.238477802006241
0.081722963010372
0.176868607814308
0.141597363283195
0.0988357511993866
0.143682696134547
0.0721882133034996
0.250297177253488
0.163262925340046
0.176702981278885
0.0906504985056883
0.21395085137631
0.151899306705254
0.0969063491181791
0.110520523099064
0.25852155418235
0.156517275513703
0.118047595691463
0.192689305496494
0.0905307576936844
0.0928848415004014
0.0714490439800288
0.11931805916421
0.0892340819245682
0.105196447034704
0.127976103920697
0.0701519960260397
0.060794769221794
0.167984161456491
0.101094217296311
0.0986063307384883
0.0870012496499099
0.118218936053642
0.0749484309092883
0.145183706237819
0.203566135766628
0.182691307167269
0.127630477234608
0.163543331183381
0.138116166744038
0.178172383745296
0.124810891612974
0.0943138379629553
0.0636441571525368
0.177647137706598
0.1587917646551
0.108389206960197
0.162884228542514
0.0922570277000316
0.096343080243699
0.147994019418221
0.0968891763613274
0.0935660453400723
0.225403468251712
0.106934159718068
0.263890953267771
0.0631490571158566
0.205024778093895
0.133091351125075
0.103733642375486
0.0991823851954396
0.0835884945978044
0.138262538220093
0.204344107015231
0.149829257159388
0.157140709572048
0.085625744599909
0.0999913752290777
0.0997360684667453
0.0799766165374393
0.0768210384368134
0.101362618715392
0.0783265971302243
0.0657325096899898
0.154289990963673
0.0857179045061559
0.142942948206915
0.0673448413068693
0.168917445656735
0.107856037842502
0.195485195625034
0.0960410859613663
0.202513646869245
0.0931719627648958
0.161586606174
0.11115418656293
0.0811528483018519
0.185525985853776
0.161583060522376
0.15173648504038
0.24644725308098
0.0851834500926054
0.115452001010923
0.158090994880548
0.10695129889577
0.165178118398902
0.184709846415227
0.233636149807006
0.171830866508166
0.24771051083547
0.115469690842325
0.100894740865697
0.0995745302975685
0.131162937132329
0.128525700966728
0.148665227047444
0.0949646059095321
0.110296449197101
0.114898747726081
0.156489075172649
0.157147541967931
0.137569844105809
0.186511950219333
0.297381572087403
0.128362616270243
0.186431540229311
0.0929968197321246
0.124501640855431
0.138969609075237
0.124192328896444
0.123452137218005
0.105804716867841
0.107317050414214
0.150508386939218
0.0822563691719437
0.194349011167933
0.0894885218766859
0.0735648431505435
0.116379155070543
0.107976284906846
0.107838399705004
0.141189154775317
0.197918391762111
0.129942255830325
0.150718840039967
0.20005533102385
0.135107828847223
0.225062151279207
0.152142518563963
0.113263118661977
0.167334563613674
0.0791298495985041
0.0693264679863324
0.0716186591074621
0.176879120108982
0.0712545204022877
0.170787925549847
0.132977410358702
0.110074895842001
0.173467514678574
0.253268673253802
0.181918542681088
0.16408227820312
0.120199733735272
0.10937942667494
0.112741344396851
0.163619944687008
0.133219447790925
0.109078034866026
0.0922023030162022
0.103918980191936
0.0992902449754513
0.0655461245625284
0.0815950905261973
0.107658441902802
0.105828597297195
0.0813490510159417
0.0803898827268653
0.0625348486851809
0.184628404591977
0.11341288879544
0.177434831758006
0.117217150555922
0.111635122255612
0.147709526320132
0.1714997554792
0.087723973479046
0.106579585933083
0.0682878822749568
0.181012766763065
0.0901509519560828
0.0906062252366655
0.088157006368778
0.176523519062961
0.197071627852756
0.126411752067804
0.110976234234355
0.103213589849938
0.136188598354678
0.172985251439263
0.173203728362761
0.192853478124139
0.168746308687713
0.221166432629488
0.0998222307874739
0.275552973427901
0.227292421913662
0.160724861401003
0.0662485996902026
0.164706422709833
0.0934216683640077
0.0996355338477926
0.167603533681855
0.102465553403866
0.0686651355844913
0.200745687634858
0.145069278535577
0.1755749953542
0.0896307042813511
0.0890397150453943
0.171124782573701
0.115085355850764
0.0813901695841217
0.15376115617863
0.0870355469743169
0.120607874770107
0.108438711347313
0.152238046158513
0.0627356029123185
0.116736340705818
0.157170025984648
0.15079476464156
0.159337455258751
0.0900739637815263
0.0775992117192401
0.232181586504851
0.167907078198682
0.138092211051148
0.153224368958629
0.127128608340443
0.13384300187098
0.127569876290162
0.123422915312383
0.13314186741315
0.0961900518050074
0.110619442061401
0.121352219222447
0.0993898949547531
0.117301747029146
0.100667060301252
0.175103929170763
0.127476764074731
0.134693583454509
0.185121125292314
0.122330994068143
0.291351172211918
0.167972431376176
0.175662429912332
0.206176698328007
0.149619363168136
0.18744610869823
0.0810055598759932
0.118413527570469
0.123992387534171
0.144198334451751
0.0841327797852442
0.0705252206017943
0.151397490838528
0.108421637326727
0.109033541252654
0.150329891742617
0.0787234170941157
0.122218680353911
0.149114266867544
0.0865025593872747
0.210574137032668
0.159177255749189
0.158807735335697
0.222065701584888
0.102526548211711
0.254292265009263
0.199230462063604
0.111265591367571
0.262830408602745
0.0942504530181848
0.13595408429671
0.107474826643871
0.185188367902529
0.0944271636245245
0.142439963256449
0.136715368540328
0.0990522769020427
0.106973188386232
0.129358419490745
0.168697432254231
0.177476369370941
0.106778315993059
0.135453908159448
0.101824763836661
0.153863929852099
0.186622325223602
0.14325888708874
0.119980683039474
0.0831025856672505
0.1681981878656
0.245582595439619
0.101868590335068
0.138100157092767
0.0863914392614327
0.0961170191283784
0.323058558650565
0.230042317096098
0.13071609417693
0.266213668854044
0.118360169390172
0.128075273875121
0.146921374599708
0.0834970771626345
0.171534227012949
0.219583531712133
0.189361261270106
0.247367943883375
0.0853129330323338
0.0968973042748932
0.14608782615326
0.243866122510089
0.180253678425263
0.125858845878728
0.157170918347064
0.0837696239847673
0.157668895536029
0.254917666086772
0.27010978720044
0.188924684132277
0.151956739780332
0.0723289227446271
0.137662784444862
0.0960621255941292
0.145464590476407
0.0991915139735052
0.232282667047925
0.0985513805422375
0.0803449773384095
0.0781383441891073
0.0873395283501691
0.113761708843052
0.132189459880827
0.183689851040167
0.151590994679119
0.0736746407474176
0.105648333511159
0.0986199249908354
0.182844490866178
0.131716853655474
0.123672119348297
0.197582396343356
0.172632763762903
0.197940912532313
0.14631133523819
0.237997521020748
0.137622692293168
0.0987675697112162
0.0969149556364587
0.117029262032428
0.0692931710093771
0.129277601068563
0.0768194621954597
0.211342610387402
0.182160177038032
0.151232302557242
0.106455499197505
0.118476000052884
0.148047671383175
0.0936094310658058
0.101076350577915
0.11763992115821
0.122914388513242
0.0919073275533237
0.101574159882522
0.120326401850511
0.176424869596603
0.310458203627721
0.149384049105218
0.127010941302128
0.0891526451344264
0.163758783861506
0.102736399937302
0.0778373095621952
0.21413007612093
0.190322167621743
0.280277389828347
0.0925943609167397
0.126585842559261
0.149239952101795
0.127136399669701
0.0951476811155811
0.167097028450631
0.0871794102632462
0.179996283126348
0.15379495455262
0.0973180533831178
0.176589846625108
0.218054519084955
0.108771107534692
0.136929213569833
0.143632687536071
0.0866138509467216
0.108449936770791
0.25434156640623
0.146967417119036
0.22336868277312
0.145871618349424
0.124359160350072
0.168804456825721
0.126540499138767
0.165628740709482
0.175167684841721
0.0759203788925112
0.0903770081639571
0.17028536538586
0.147852045961462
0.140009328721288
0.124046207869884
0.168656672451149
0.0802520256394513
0.13027429803451
0.292970230522063
0.156995449176004
0.152608951122676
0.16987289501209
0.0782154452236458
0.100150536447427
0.204134940634421
0.0755741341322565
0.0791554586535388
0.204820578120814
0.0915719253629729
0.104828235939748
0.0864786657246584
0.123716808412073
0.0989508146442055
0.164074808516188
0.0940407132634324
0.115246360955722
0.105866725616227
0.13822578484139
0.21635436136452
0.153301329387199
0.0988743367914404
0.120892942075412
0.183525755960424
0.162680380426012
0.149114128189036
0.118805629844997
0.0926998973156108
0.105037607451696
0.0865708707375352
0.0956013180178452
0.0662335351075585
0.0760222129916908
0.132617663263776
0.122284798058226
0.133106904952546
0.112330519560212
0.057440058513606
0.206532707364884
0.190411689765535
0.1571901439281
0.100181190921487
0.161479181192628
0.0729596758859707
0.0876285415086124
0.0894223811330626
0.149448403281281
0.117735308170716
0.100669694353443
0.110479534630613
0.17311640309916
0.102330783698899
0.164472004540414
0.152829585949417
0.180510338720837
0.148801056594767
0.0936151741762114
0.0812703604990858
0.124289636806762
0.12168611888258
0.100714602354338
0.158808293124876
0.081221780726813
0.199280487870483
0.191478298731795
0.198169994757486
0.135237207931689
0.0864942736675393
0.185198010829917
0.172435896748808
0.11531474410465
0.15146101445329
0.16671680526079
0.0732475685384991
0.0949885389298474
0.209111576681161
0.0855441135414225
0.101742288194727
0.0731903018137137
0.282649498145205
0.213301148173342
0.163331773705536
0.18500953915453
0.147819459153934
0.0835198889866316
0.114457009558056
0.17143160314249
0.130483395547443
0.077638898004242
0.0755211485551141
0.0839168350580817
0.223194775105816
0.0872696383296986
0.147985759076749
0.146898299876375
0.0919678952319483
0.0739894780029563
0.0975586674635437
0.0873402890622693
0.0963924364951691
0.176427247274354
0.128145109512978
0.140704117250012
0.206317294288627
0.11581692934879
0.150605341745769
0.0898810145744262
0.0966403935542992
0.166158817917233
0.10889540159922
0.187863342495665
0.131096763337981
0.0756265115817353
0.0900449805153133
0.112104156677653
0.141648261184682
0.28922267292649
0.133514794898675
0.128707076592301
0.0875460425567489
0.138709026524615
0.131924168157823
0.131518753741098
0.0914681388577396
0.0935685377887962
0.0931606364686183
0.1213187136187
0.110074023648968
0.0889783727663118
0.211901399315863
0.19892496442051
0.0808760563867515
0.157475027013036
0.0785442844270745
0.274091239427583
0.0622082201602467
0.0769190756110282
0.153800958435978
0.0915847075018973
0.0909285039243264
0.163339397574557
0.111324369925701
0.18274959281024
0.298422953564891
0.123640356435039
0.131677753495307
0.260869927011183
0.175592322580284
0.245762589982147
0.232379615338724
0.0944893146265477
0.0988352185915594
0.203351370874462
0.107217098049599
0.15813230558813
0.156050513875239
0.110861007866161
0.299181308446119
0.158529739988898
0.0985169216174316
0.103571096085919
0.119719397646092
0.173650577471421
0.184253657177738
0.143100968660363
0.0894103282475082
0.100559439133696
0.184539166565031
0.141866161634862
0.15748333068872
0.0827211450522048
0.176198072831207
0.137631207562211
0.206277394906151
0.134911527182645
0.16098012749832
0.150302453198168
0.247897446500204
0.0995377044373615
0.0731373528167364
0.145114054512578
0.0678011929004414
0.0889979631200866
0.0800696811699246
0.0837026252491126
0.152789777099486
0.0708264260172759
0.114722444403334
0.266178029553887
0.136768272130354
0.124051261106839
0.172456493506865
0.0686499090394118
0.124910963163851
0.148824727452054
0.203840716977222
0.152772802848886
0.139957170088248
0.214663400205446
0.13335164565016
0.221359835879404
0.115743663694748
0.111132366637542
0.12792501487973
0.108026798935712
0.0848430634600129
0.0820141890512723
0.306292214192363
0.0726267220856554
0.109470427515202
0.0882410528056034
0.0810401157221633
0.124242761224767
0.130462471294755
0.157514839872632
0.217335719073388
0.196453034142073
0.169344625850341
0.30913186918958
0.247162695797199
0.0938684696038976
0.0937362059948801
0.186189323378873
0.115552462038687
0.177160652959855
0.0940082224471665
0.081900715674413
0.107035165093787
0.113740786568051
0.0996237676002136
0.114694391974968
0.188063778163903
0.100116585751339
0.181614630054405
0.16237763093213
0.175395556946876
0.107648122679218
0.116234456870241
0.116586026707374
0.120733663409892
0.186878684305693
0.0786058506803722
0.171762198506419
0.379918103755043
0.0838801785243855
0.130425029193286
0.0826528017744764
0.104300412527048
0.074041372185974
0.10419634119544
0.178224836844196
0.0876725096257864
0.196219821314725
0.108769127029797
0.112876242833877
0.101776544632599
0.14360447301588
0.083628499143593
0.0723901238444786
0.103950367877819
0.0910040828231497
0.237980927445368
0.268986998386335
0.0837380511925397
0.13415736912822
0.110419782391224
0.13967289387107
0.125727533540713
0.0646500867387075
0.149555534448279
0.149128022822209
0.0853044603408287
0.148129395432651
0.21725091996057
0.0932732660031363
0.198497425543369
0.156553167555792
0.121719482541909
0.160229308034204
0.0625902263038208
0.142840780240569
0.155510763882193
0.182005800369828
0.0978712763707735
0.192850222042963
0.110557098483745
0.236996558725835
0.139990550565947
0.113104452562451
0.173966513066861
0.167212917838123
0.0768506495795888
0.146771920190488
0.144240201409095
0.147746898433239
0.1556832385429
0.100822497469287
0.103957078871413
0.159260177543062
0.217427692387393
0.240257687774959
0.0746515328062625
0.108444331148692
0.102959908741347
0.176801570545784
0.0737436553375747
0.221428368648248
0.100562246485958
0.120857760588788
0.110745181191032
0.119437283647239
0.145482742160574
0.11290444215145
0.145762805527252
0.125584106761303
0.116356245890156
0.129615472481132
0.152198432494524
0.142469426300995
0.0959520687337306
0.260831881501732
0.146347803725496
0.235410709607451
0.123325974251047
0.0868010517784463
0.169716576903263
0.211370437178699
0.233509790700002
0.195684312496821
0.127440256172957
0.110603655961781
0.164991013786946
0.0909003379668386
0.13508550786607
0.19231043881068
0.123025055917594
0.109893061988613
0.142111559880497
0.11364797162887
0.0958404404344042
0.186353783327346
0.266803401273277
0.107648288052423
0.127554083239912
0.148483616329728
0.109796738671245
0.120762342488735
0.107721509172249
0.0925756782439244
0.115378315774983
0.157186091356777
0.149299096039673
0.150200223928731
0.0917152593244564
0.188941017415052
0.0800790649515006
0.0699014736373721
0.0811107142194467
0.135050215651416
0.110129332233269
0.0606691815936093
0.097422059861658
0.090898745481244
0.128486196605093
0.0780138066672856
0.147081722139814
0.117256252396878
0.245757583055187
0.184486443435031
0.0925755320368513
0.108255379962657
0.119670259200772
0.129099524527338
0.154314404937497
0.184686181204193
0.0689756724104444
0.111731593633972
0.174536760734749
0.148654935716548
0.14231610580579
0.10970184885974
0.150038810442512
0.156825254292675
0.160035787963881
0.0839194500064269
0.135960442358192
0.175403155019479
0.0701675949107416
0.0739070675625618
0.0908363594648985
0.139491034432959
0.081388629804206
0.296170350678168
0.108357297473628
0.11403710583141
0.0877399904985337
0.0867569290579915
0.142523948758025
0.118479662410072
0.123266814263494
0.214558829084676
0.171092034511155
0.191223962969903
0.132615617354648
0.118904601620724
0.168852887080581
0.131187656096244
0.177352463292977
0.253441408930199
0.133937791821875
0.125841273012416
0.136512143509365
0.105408434484253
0.0625108430251819
0.0877773577553335
0.0903227322117737
0.105214811747202
0.0796415654264898
0.164750583906808
0.0756397040277526
0.0896963723686365
0.191800202423256
0.128653946507262
0.187312660545117
0.108948294651928
0.152251613259957
0.126429007607136
0.122321271986335
0.119393325179871
0.160855635848967
0.0975401492646226
0.137597192043432
0.1022357769149
0.0926563304033675
0.107663716752069
0.0914496651173384
0.147697873316222
0.070698522024604
0.0785472934962499
0.123720817668154
0.268556165173107
0.0807582457949531
0.135393141634799
0.116683269310972
0.10142409072576
0.163491926343889
0.117231400082422
0.114738029238785
0.125159774043377
0.175578790861079
0.0858833496171156
0.0975483364831082
0.106868648544965
0.0846671022479938
0.114605488006771
0.141081981925548
0.153011171925612
0.174137982118107
0.224740098301177
0.276487179816721
0.250629097944136
0.227163056027712
0.0913121897312945
0.155406123282039
0.218184452107607
0.345106435977912
0.120091412315028
0.130293818216144
0.1265758873017
0.160553442461222
0.167609630235325
0.185759310766803
0.100576159854512
0.149877471466517
0.0877683987521094
0.0978448217455703
0.145916104482499
0.154500344012103
0.219971747949915
0.215376928170882
0.103237050554926
0.113705146260282
0.227475719539
0.0687676358953888
0.124077436940086
0.0647759935894493
0.156546610991751
0.136423015285862
0.0805912403228094
0.0744716191251765
0.138832204648763
0.135864193929188
0.198984888939573
0.106812109493738
0.224434465890305
0.0815879345589634
0.0797347491386576
0.123028789341612
0.126510508702069
0.137682929145409
0.107651698177948
0.236094333423879
0.0665454201416175
0.145944680071486
0.190957502543969
0.163973754872415
0.130901402760398
0.360867674480887
0.13338856022379
0.121952508287551
0.0726947888343419
0.123118196496828
0.136816513886306
0.0974437809744788
0.113602423589923
0.0743650461807072
0.133897233409743
0.182568170252706
0.0872852969049536
0.157582850206989
0.106726027518204
0.0913731110556657
0.0581301076968438
0.124002187526323
0.0778288016646498
0.113130757042857
0.0948332557853232
0.153428712858807
0.231628050809402
0.12327072323648
0.160718710718234
0.120685970624778
0.186633914333436
0.135657849399343
0.113722433942491
0.131107416345206
0.10950207694723
0.209810062643865
0.135077421345742
0.179381985491706
0.0663669601368664
0.101696560133595
0.0783350666169313
0.105477881648942
0.205894710313499
0.128488830732534
0.205035581737612
0.0861646880024091
0.114544094757394
0.0616838361275393
0.117628855114856
0.131130495441721
0.0751817704937045
0.168493642080322
0.0795808705922323
0.0677652867744431
0.11780983861208
0.097747161833605
0.100598763971825
0.0853300263713646
0.145867674621571
0.130952728436718
0.111601303865411
0.240342087860341
0.105248188123323
0.112717269850047
0.232298566340629
0.0990904088686984
0.118741403820561
0.164097975753693
0.0992567401737173
0.1386683520672
0.215586014388102
0.26094935455729
0.109391729095477
0.234527856112673
0.107111115373042
0.104193604817885
0.117834576080489
0.116898342664564
0.133832797949092
0.106839452554755
0.0790430835758013
0.0860083665411032
0.134913162148595
0.126921894268527
0.11416530411096
0.148337495420758
0.11829800358689
0.241457494381447
0.144703669905225
0.0861895425351644
0.233149652967245
0.200211775192119
0.159509889163149
0.0688510032714438
0.175085258224002
0.143824511464531
0.124384823680045
0.147154664538481
0.199141254073286
0.106796303067553
0.160331734030347
0.0849900068296346
0.175024137965587
0.175218084913459
0.15822091439663
0.170083976816165
0.178846215202543
0.118397269019649
0.123331553248418
0.205226644074674
0.173113212766764
0.148123475206762
0.0899628414029084
0.103647796590117
0.127336377473872
0.141583542751219
0.200578787560683
0.0843418280795696
0.144442498678849
0.119755686006026
0.248087719051875
0.103570509391506
0.209819547365667
0.105841391152636
0.0666147475698043
0.163204822422651
0.0838486596369943
0.103170308099728
0.125455924419365
0.112350655280409
0.163569008621475
0.120205576457128
0.164642987822549
0.0752798555684645
0.103792262296412
0.140600306828014
0.152707207239946
0.136431756967311
0.0962470794943357
0.0776258696466273
0.0698073419375706
0.100356916326871
0.112227651795966
0.0633521629528253
0.0668545460481216
0.119784275153963
0.191885132707506
0.163470689918446
0.2829542182722
0.0846760444123516
0.0821843907549018
0.144218078273514
0.212150080052412
0.119227696433382
0.162946616054586
0.257719989874749
0.151881776198623
0.09595523926892
0.0731617450349036
0.180068543600702
0.310018277592365
0.138941263598118
0.126148220187584
0.13623906878388
0.139269335504562
0.192889599419627
0.135140366112676
0.118859450074009
0.162859069016868
0.196655408896375
0.120035715791794
0.204479552765301
0.134436594337603
0.138324839376675
0.10052575192681
0.151448946922598
0.15638569585007
0.0769103706960929
0.0713200204280892
0.104807739213092
0.13029271030278
0.0825556656630779
0.138871688959431
0.249564264458929
0.313376128273792
0.169138020538089
0.08468140344231
0.101522971219863
0.0902351303183058
0.091401446173668
0.10504209688383
0.141224939197581
0.170157624979409
0.111232622371469
0.215994303196385
0.0709946859036704
0.133815584693446
0.113344271895691
0.195195667119014
0.161519107727004
0.153895918708666
0.0731980675386776
0.100985054511113
0.111489736989819
0.13537131005541
0.123628062424718
0.0769839017974256
0.1094421398288
0.0656330470248303
0.150024717101318
0.188999176024741
0.120655307009085
0.128327775230849
0.339623831531058
0.179889233576783
0.0970455860157075
0.239317610827734
0.145670718786516
0.129740725773313
0.129125952501545
0.192181472416801
0.103980205350809
0.119086253507332
0.182268566304076
0.131811610929698
0.210968921853549
0.119876412916268
0.0932694218217158
0.154602126347565
0.0714469638805253
0.087807789388044
0.090607105842028
0.148777920711607
0.215682866591576
0.108923053055561
0.138901887021482
0.111496267439489
0.0980912248251487
0.115194679490226
0.173700016677321
0.125749169682271
0.19473744376358
0.102359507854789
0.0886533525234236
0.127422867574818
0.12512853383324
0.125432412082948
0.117320053288464
0.147969151163526
0.162479975191983
0.120162352845791
0.116980211393178
0.139930882605898
0.0814651995269866
0.0757646788802434
0.173536602046662
0.16428748065579
0.117665056861682
0.155072412382694
0.106295425242915
0.128338489326433
0.139691797727135
0.11531479736277
0.18094684073557
0.0847922879109499
0.141833067781083
0.120451520185411
0.10212691882702
0.207054648111557
0.182476071267013
0.197031655427859
0.129891468523845
0.112294443339075
0.272292882359795
0.196721242984824
0.359654408653363
0.147336028714857
0.136164772907139
0.113669263619648
0.129174089158745
0.15785801999401
0.109779330616712
0.0839870846019381
0.185134432824678
0.147925105754586
0.119964400103447
0.117572708049358
0.138019859656209
0.16098210325874
0.259572371819954
0.144890498563618
0.127249450828549
0.0916822888584854
0.149437913473225
0.0912131044701091
0.0869309262661543
0.138047803107624
0.0748482704314589
0.12803634377801
0.10061508322503
0.213454070711279
0.118075980912277
0.116517432988978
0.194214967304848
0.122800459171604
0.142553627298461
0.125840498914539
0.205255498747112
0.256150747904974
0.111894254521216
0.246392414192241
0.167673774070431
0.083601048198547
0.124579527874726
0.116751287043452
0.191929173825545
0.1272900621314
0.182229317539336
0.276632769940513
0.183708809143415
0.16230316880289
0.121634300339994
0.0890666435242089
0.147966087561928
0.158382918936626
0.162487524216063
0.108419346788349
0.109474786405176
0.205612009793618
0.0695965475627432
0.0848844054682304
0.0847689057681681
0.129388489466341
0.151992229662876
0.0990596413003961
0.216068455127322
0.200558488863715
0.102392814878371
0.0762685154109793
0.192223254224664
0.0992160323760782
0.0782905686231067
0.0798529136905131
0.112824244576385
0.12540152436573
0.172344584244842
0.15643798104322
0.0899581472503537
0.0703374708313513
0.0807553645368215
0.110171580100283
0.178304335781862
0.103745486995412
0.0707062310110496
0.194508565039994
0.0793149325034871
0.0964440162811213
0.121055879340426
0.116616556173645
0.0662900463510224
0.135400195143441
0.129313972441177
0.109055278010606
0.186725191625042
0.0592307345213123
0.116454966399031
0.0627766053048112
0.167203717713645
0.140227604174647
0.129299488491392
0.08697191777544
0.129529239406365
0.0802705425762844
0.125212743065361
0.154972089399099
0.134076188607381
0.106695087479459
0.143998538222085
0.217869036346241
0.0689573110218262
0.160856371283884
0.127205795592432
0.126140900141594
0.163969248847355
0.307954471806924
0.150287130919703
0.10177077307701
0.0994992832832718
0.13116559098197
0.104333121685656
0.199843469315201
0.209018036905282
0.110208403592782
0.112097207738303
0.126830778306323
0.171220778083816
0.212157907568254
0.118504958249961
0.188329586056349
0.257523243066527
0.173351139680857
0.127349197409715
0.127060173382078
0.167957536169034
0.237782675072342
0.0889745093300722
0.195349701335136
0.164265117211034
0.0940829564945763
0.16030427527135
0.128698372513204
0.131626230341794
0.161132343108021
0.136631102575913
0.10074010613413
0.2070514766391
0.18320843828706
0.0942724636820884
0.138275740272955
0.178503567108341
0.160181623407757
0.241020634519541
0.248710203050701
0.221522993842522
0.0927546408505632
0.230881939086015
0.0833442867031925
0.111942216848077
0.139903054379735
0.197902964601601
0.195278149385297
0.152211262244909
0.0653395915768905
0.0914412958898237
0.0735379822083182
0.120107081631534
0.120092964285626
0.0611707471311112
0.125097094691947
0.155897708106242
0.131036565011118
0.126156756906619
0.204326740642452
0.180546578569943
0.0756957276823193
0.130728932783001
0.19049160241626
0.0934024425764612
0.164850368353595
0.23074686470655
0.129236241357069
0.188487347029963
0.218767469724455
0.0808740161572613
0.0830012034641748
0.0669108774489366
0.176352890839677
0.146274188562537
0.162861764508627
0.156017922157442
0.133469670226654
0.18724513471203
0.069522886326028
0.236693973189225
0.101056888666849
0.128852951318276
0.136830910968439
0.127254670067839
0.100196126497996
0.0577222564659067
0.164954814204692
0.127622307550551
0.267891905117857
0.11302161841074
0.127549696122495
0.0871294443150408
0.186347390190007
0.0860114620703395
0.209442448356094
0.101925703230878
0.158736689560156
0.241670923318794
0.222064207802386
0.140631150619577
0.163324244082281
0.182368762364668
0.20206546540842
0.117157617277031
0.155007778267389
0.138409528661138
0.121390408818451
0.0939582680425352
0.102605234315323
0.161901094543239
0.0771696646889652
0.084698995852245
0.108805696089549
0.09101853092732
0.116261322379501
0.129663645886273
0.252790366470101
0.131999645238
0.0974255478441525
0.230378795593304
0.0769416406316557
0.0696048010217084
0.0798875525684532
0.101019231181351
0.253449335234533
0.114811531866964
0.11420325282827
0.126556203129857
0.0822770263598811
0.119121815345855
0.106097799207602
0.0974772518260223
0.110480115164684
0.0814891853653605
0.349535834084653
0.157259191572772
0.0991721716695263
0.117478709672985
0.148657362184706
0.108352372509021
0.0980727882339457
0.164715898010677
0.1111838833339
0.16769439925802
0.233592568984361
0.133038463304746
0.128255110624374
0.087826299449139
0.183041647463816
0.20295775112802
0.315635424504895
0.103346352590339
0.129230331541675
0.15337585310017
0.215184287010538
0.129252896957995
0.136564285527913
0.147937862621338
0.16634860291974
0.110447272948254
0.068979072147725
0.114771592735072
0.124495842063102
0.222521707496056
0.101682008379426
0.0739060310672763
0.0708310230068993
0.159153375882311
0.194623711911697
0.283530636373429
0.0965377890583267
0.0732147135146308
0.109103549296517
0.0937580111017891
0.10941751265256
0.0896746533605131
0.0776056469875585
0.0842977040631267
0.173326431318973
0.0968498041881487
0.0949312812636281
0.163790733873624
0.108896295403679
0.105817291915992
0.126976360238994
0.116978255562475
0.0631031885618823
0.12315147947049
0.168866580632944
0.214598344734036
0.226511843165628
0.194407548470374
0.075854200663502
0.0921562560955564
0.134269188804751
0.0867764123550619
0.0972694493387482
0.187927124719476
0.183289552807183
0.112793248205331
0.128877029825865
0.197120448601374
0.174586631609251
0.151679623473815
0.140207778299757
0.146552617465212
0.122855618203731
0.139797995613227
0.0989427090491312
0.195505798602827
0.0843350503721406
0.143566787458018
0.111417733466423
0.104619819472493
0.0716951428816925
0.0638305194307755
0.0870272516821215
0.206321790672052
0.178749121829029
0.088485960991531
0.182413027441196
0.0945336434894362
0.087824111190824
0.150935647957493
0.0976655093035622
0.0666541427490464
0.138996247526693
0.198193736065164
0.200397670538847
0.126647876496758
0.198836967394867
0.142061880380217
0.203937121275784
0.0940942679999783
0.108295011167477
0.111211854369331
0.237448858334175
0.0820902224882538
0.122391512380469
0.146827210450439
0.236284404334524
0.174097106429661
0.112775046419396
0.152403079674221
0.210966451144883
0.106595400700037
0.131651825005814
0.128630469736047
0.244727975985882
0.0952116808584899
0.229201375995922
0.229675894046491
0.214174089990094
0.152150691369145
0.163202791879927
0.218702819230864
0.165993760304789
0.118269867089627
0.0869351562768325
0.15583626557767
0.164243136328901
0.207233642981504
0.125314620345896
0.12747421620073
0.132371890091654
0.132906157173052
0.0945522971823967
0.171104017782574
0.128191719737015
0.199699975257146
0.143743992273376
0.238443140943083
0.199619314186198
0.301734145450486
0.197696459011207
0.136345526117589
0.109406206725387
0.240819606825975
0.0856400814740153
0.157523659196503
0.210993224883853
0.120232098098377
0.200453158766458
0.224882517571431
0.117953036765251
0.177577349305016
0.160409883189483
0.0836228297713233
0.139642676737282
0.0939089805611566
0.172555020160697
0.162032603251786
0.0632242784252136
0.107948830229988
0.1609554893758
0.065445113001323
0.188251260235265
0.138525499404388
0.0848650990066749
0.0794081494720592
0.0684577731340684
0.0823206511410323
0.199761448156883
0.0683085844500124
0.327942006346284
0.119494703293081
0.0732484817068133
0.173444974074944
0.122452822769965
0.0875011313420638
0.0806433322919079
0.0873989103310756
0.22100923745379
0.221604374510466
0.113878240134652
0.111917354289549
0.0746578049507377
0.06114608249797
0.130442522604204
0.159277801220007
0.0877744376472
0.126547109686765
0.255656488863546
0.239870276917309
0.0956199162996217
0.109713105455622
0.0848520943742454
0.193160030178382
0.0721220583250725
0.163526907132273
0.13625637364752
0.295381232178401
0.0805281835116189
0.168689219306656
0.100774960603642
0.182466098017464
0.130551640999386
0.139758565915915
0.12583619912309
0.173445506310327
0.143482721155392
0.226582103183947
0.103042002547642
0.12505786960597
0.141769061698988
0.132817676387887
0.152762018484276
0.121062875917893
0.160023860099219
0.152922818806332
0.173901885222986
0.076016911001555
0.0740958193032457
0.129216256560068
0.156153013465208
0.128048475604494
0.151011471039532
0.174114144290626
0.162090278395712
0.117411018625116
0.0758248071302073
0.104627935141798
0.137308759577357
0.0919742775661059
0.0700471578302871
0.213210353252881
0.165894031503621
0.140818634177264
0.144488391918751
0.160954611000754
0.274156861956146
0.101605471705421
0.130875592637569
0.0646894399133063
0.183427955976658
0.140950148133905
0.0887174253003249
0.0740003989296141
0.192272502570099
0.195444323027909
0.301098388983199
0.0926766596462878
0.0643591738602672
0.118865764659166
0.0908641245110458
0.189498848220775
0.108067940713522
0.085187079844247
0.210272864749721
0.130017529023201
0.165522054422158
0.17260568886955
0.0900302527657642
0.0936633759686318
0.136628201252383
0.157937702715658
0.223740567841892
0.167590986331667
0.097288471786797
0.321482801134016
0.166220150447976
0.146741275715602
0.0742309759153369
0.0998273473358386
0.0711346884485163
0.28852642515533
0.116675537220824
0.115486490843633
0.136850036259248
0.189485754296624
0.0722098508982734
0.123260672189182
0.214498171914752
0.19266234487204
0.174997088893698
0.0755297253811374
0.188933716375679
0.111898754822253
0.121167709863821
0.168171606575545
0.174264479517763
0.164989100390371
0.190079736232788
0.274251777680902
0.241832639744295
0.162578618440308
0.0702939034227963
0.118702394030571
0.154892590721828
0.290266947937769
0.148746781301092
0.12326377675665
0.0889770025178186
0.118476902677854
0.243509063413183
0.144393683328883
0.175064229274491
0.109495963395933
0.247490928951243
0.0960091788431716
0.217132123027887
0.175831683838469
0.159378674017542
0.116808252251114
0.171245529068872
0.102824301348649
0.0837728677976125
0.16395223362647
0.120700162255581
0.0833567255292789
0.146824429560344
0.143711102483332
0.182902128455922
0.214377676986485
0.259914398419171
0.104025433041037
0.10643782443438
0.108162527820983
0.127632465656976
0.0819937408512695
0.0997224137839049
0.118325500779185
0.102210214521322
0.193397633134492
0.0998849273483949
0.0838732179499909
0.0676220123453581
0.127884337011801
0.214137899046825
0.0865242720664978
0.209942074258439
0.0858916435355408
0.0663205072851315
0.0951627011613491
0.101589813633938
0.218713230790288
0.0736025165611659
0.187820019283225
0.0801749424890217
0.172644964375239
0.0990368103763932
0.1966025580173
0.19769446045238
0.197504912997476
0.0986539081671177
0.348045698420484
0.128057459077096
0.0712101493498813
0.063552712756797
0.0653760013175071
0.0683119552944946
0.0949926096008713
0.099012339059999
0.181769550760787
0.117694355213953
0.115246712690901
0.141002881846285
0.168116119272436
0.0775257704525383
0.0736959789461863
0.0998570672421189
0.0823061151572953
0.0867306884462509
0.153591859420201
0.0812695883302689
0.128178361356187
0.204633557659581
0.102175174152555
0.0858994701743529
0.127437847194442
0.0852412600072836
0.187755785861501
0.205302865318078
0.108971127914863
0.171211451665823
0.162375459508791
0.130730790374917
0.0570579056022395
0.0856992893956025
0.102698747502162
0.19500666342788
0.0863125230106249
0.194149892030149
0.0770435381465122
0.0591659384690336
0.131691594563901
0.0663929666559292
0.174703974368461
0.122997618369208
0.207646128856474
0.313617339167091
0.109544059182992
0.170182192611125
0.195241394833666
0.063862810271332
0.0716951103052254
0.114488397857221
0.107302485992856
0.0930700238963939
0.115075223271544
0.0934606125534372
0.0641526940498402
0.067118878521178
0.141177521184228
0.159350455849603
0.111446969011612
0.156567820896118
0.255286247519664
0.143312238977096
0.202691220835152
0.103858062517366
0.105332171987352
0.0797791314074926
0.115548113234007
0.156119650812093
0.254546840304808
0.354802042103767
0.122188429646777
0.130361286650514
0.112623345706638
0.110854663500916
0.193779703687538
0.135016030009484
0.207038229649009
0.133412933876428
0.190982911324785
0.112704325646236
0.0720364093083661
0.206281453504755
0.0746964726046447
0.113201728391713
0.138678068016444
0.110143126271817
0.143951897602884
0.12615056727907
0.121988530922248
0.0712911745808786
0.0947053157629856
0.212748914297777
0.196276624221005
0.0896224566399545
0.239108847493452
