0.17
0.162643658781033
0.0891026938252771
0.107076840363735
0.110707703156442
0.12681490650784
0.168296622290184
0.155789036874839
0.16240777086657
0.158739824896993
0.1540465395536
0.138752562146943
0.153766025666893
0.108768430073556
0.0835061741908508
0.131746253901037
0.167739693707097
0.182119615786801
0.156585845534458
0.100238774536949
0.121616705097534
0.15723038743707
0.103306625658261
0.0997611548080509
0.138284278554074
0.137644445718564
0.114009510066289
0.107907208414754
0.157819640614282
0.098061356168676
0.14015154700327
0.0896873618636248
0.115641195613408
0.130702177532571
0.107920478888908
0.0998024196658335
0.102029632765934
0.13039644298215
0.147393799115404
0.0926546065946592
0.1869727387798
0.0964308753510568
0.157278616074635
0.108432139927843
0.133346175136659
0.147940803999466
0.114306537127499
0.164196531631801
0.139068317417004
0.116089480732881
0.174302316867761
0.134475967035132
0.159485009156622
0.11313827958457
0.172734432272061
0.133636907819678
0.134863374304453
0.154336554951696
0.148192919738434
0.122808996825873
0.147383404703343
0.111848557513729
0.128834825365776
0.131737547456031
0.118794416096322
0.092216138947476
0.147790600717493
0.187690524986727
0.112604654107817
0.133427388088428
0.0893833194503354
0.125362089624836
0.116478257279353
0.112046555958096
0.135082816470302
0.12778416687363
0.0903363931080852
0.106800374948533
0.0859262481287043
0.0956643030573482
0.132766096167943
0.0966486624072828
0.101122224423777
0.111801226030521
0.113240872277121
0.119869628909817
0.136756774213181
0.127623935583343
0.161326952675439
0.169429093532546
0.154982312892772
0.164165599384173
0.108367296462889
0.148696596818018
0.0806163743052506
0.130536584283459
0.139122890824199
0.136765375208742
0.134859134680834
0.107530012755737
0.12832471112474
0.172980286073281
0.139640449554034
0.124832050478602
0.168375823528252
0.156645756236646
0.15449010548611
0.169063980428741
0.114245436963367
0.173393167970145
0.119377012951628
0.129654574974228
0.102584366267051
0.133475931509264
0.113184516526843
0.0973587125036406
0.119045743496026
0.118817591463652
0.110736128977166
0.169388466053185
0.128681113210742
0.0873965234444906
0.130921687660906
0.133508763065723
0.139831968614914
0.09403240365137
0.108419269930415
0.137068590296715
0.16354020922904
0.139035581759659
0.118515689811211
0.139608476105758
0.108052028319107
0.172704580437228
0.107392085441913
0.100633400097616
0.154033904157518
0.129574607182146
0.12938568786753
0.08999369213356
0.163953194670586
0.149242012588153
0.125367087995766
0.180731006635327
0.118103703403992
0.122122734862726
0.11660710519947
0.138373096702854
0.135198288512887
0.202661176438253
0.198748826984571
0.183701386673158
0.099750715858408
0.141526497838713
0.144742311649139
0.0999573848617773
0.11546466301012
0.125193454078168
0.161547547893
0.130118071358266
0.144092511239923
0.134082994698484
0.116390687671649
0.126319831829997
0.126960676460144
0.135541945513722
0.127825077590722
0.11207973110741
0.112603815846897
0.102381313655465
0.0852043616586522
0.120997396182112
0.147432228127593
0.118102069010275
0.187754498734941
0.132211190953807
0.0878612445662614
0.0951517265428294
0.144875401964195
0.0989570580561151
0.110140469670433
0.102354552855633
0.0913994480800203
0.164552842715861
0.140422142395607
0.134454717262864
0.156255291612432
0.128226172183939
0.132146476920974
0.113378526440899
0.115513197799625
0.108678299524477
0.123180429091572
0.110915393034423
0.111544443283213
0.12085117423814
0.11032046873088
0.122755680285847
0.0991272448239924
0.18992940687299
0.109106019293153
0.129848698497672
0.118086875442025
0.13624971915934
0.149784888856065
0.0992442992414694
0.100430311074634
0.140390444524742
0.128535666384411
0.0706344231278041
0.114239033073149
0.111907393001079
0.0919837044083106
0.116130702298644
0.132072552385982
0.14115238182922
0.134704148516992
0.111630258868356
0.136965949751354
0.106082178571201
0.114213243357941
0.0984485635286714
0.103964081385396
0.135619182924529
0.120954990173101
0.127048015912327
0.130284857006197
0.12829099645737
0.13247232476798
0.129431264873479
0.121829409571862
0.128966342422638
0.105611067430801
0.122366756628045
0.0849234427847257
0.132208577192203
0.0979759474810252
0.0880553341747236
0.178099008100325
0.117696312574751
0.122289428354449
0.10366708682197
0.144730801285147
0.200952185566989
0.100455519343416
0.147133928424334
0.101084339423016
0.144685392889251
0.107089060786567
0.111665410107555
0.100416318018577
0.0864361034454015
0.141856123503547
0.107046135243705
0.153883234682838
0.137953257989345
0.091520864560993
0.19321871900052
0.0960103669767528
0.0900333475595915
0.128123115909608
0.0731297920494287
0.113950870295982
0.107706366441647
0.159241765435854
0.136705868178048
0.118100346928588
0.102545879269213
0.10131967060828
0.146129487579132
0.145829438743088
0.131529733246979
0.089852605344992
0.110744056856711
0.10704987366275
0.127061630125791
0.103077961282506
0.119675480933891
0.111967158782607
0.142972823201261
0.148333334884079
0.11960720566719
0.102878077880591
0.0970677917469392
0.0906306650067209
0.092584269141199
0.12876779589734
0.16140347192605
0.127332131821233
0.145308890694753
0.133810221944774
0.104144084145543
0.13666020571395
0.128122438937375
0.13269956819286
0.111724910355256
0.119301657782192
0.102500539371964
0.136976885585567
0.109197515227926
0.086858882544258
0.13310514353748
0.132520914898272
0.131723046248747
0.143852451487972
0.102881238882994
0.138474806971009
0.142259355758555
0.111666047717674
0.154792799824338
0.085747019065464
0.108021091015195
0.110574631031755
0.107451247049632
0.128623669228747
0.101722809701071
0.132689985131381
0.139096839683254
0.0945224622484556
0.127763855451384
0.0819341942710603
0.0943918537543921
0.139649872644269
0.098152952335615
0.100832803900675
0.14613301188049
0.150572780600376
0.113234043744093
0.0991804255322842
0.111776465721741
0.0963995991333365
0.142577430788182
0.138806725037672
0.149033940553722
0.11820169460759
0.101178538793838
0.119388857953417
0.126250376737208
0.0874166469683694
0.131931353109453
0.0945508859888083
0.116308259964875
0.112639516731912
0.104676974927984
0.142150602956879
0.141897551484179
0.141179763033338
0.132512075076273
0.134517382648946
0.14907981637039
0.107655826341051
0.127789449064436
0.169402312214016
0.123088858967476
0.0979412190185343
0.123893665596087
0.146971546638609
0.105680523014012
0.111518565601206
0.134867050122688
0.104702635707678
0.0938570749910545
0.173779880366571
0.09481051616362
0.0814832345171981
0.125323532428987
0.118148829582925
0.143361863330752
0.139683680856803
0.12059873484022
0.104968007114773
0.119456768841456
0.122805081802132
0.114234131273223
0.136162272742485
0.134950489709479
0.141844401477888
0.177877617749491
0.128920891092981
0.111874714297946
0.099987696053818
0.134428800548444
0.110624294003617
0.107777079174833
0.102869964396802
0.161640337844608
0.119030934295358
0.149874320917664
0.128282731570918
0.105072204368059
0.164529633457178
0.129846606805332
0.170731843338226
0.0967789767567082
0.133260869129445
0.120303027414965
0.133319539426707
0.120831682541766
0.159619984430062
0.113893582107155
0.0861860992113638
0.110049583217
0.146465454330072
0.1117958204311
0.100393560855721
0.127658793230105
0.129597926346574
0.136563716862204
0.0804786506350614
0.124562078282843
0.0995506888159463
0.0904015311944492
0.118409169852638
0.132696053812198
0.1460533762914
0.136095786038653
0.137143537104267
0.0900123141568959
0.151685378007511
0.154859735360423
0.16432998782034
0.10916501614292
0.134097696165438
0.0935643965008058
0.131234204415286
0.11007173806672
0.174662549086986
0.104058454347653
0.155228827536247
0.141185552186177
0.185669050435256
0.0755099383818536
0.116458765161392
0.168325141921834
0.0988405969925286
0.108527284499863
0.142106349088662
0.0947938886484907
0.17296104393854
0.123615629622765
0.129349770999248
0.181162915024493
0.11516687015115
0.138986933763304
0.123698370970275
0.112196445964817
0.120424436937201
0.128945285035213
0.164129843266032
0.135360229726825
0.113060959829234
0.129241067936161
0.127257586336499
0.130781879367739
0.110917023224034
0.0999592459831673
0.119486901743875
0.098111469881356
0.119761078350538
0.113052450539881
0.0932738724479975
0.149918366460354
0.118429802302379
0.108943411948355
0.116955589950603
0.159119936128442
0.134698741034939
0.137169108770047
0.145991686763247
0.139576339810626
0.105144858085942
0.152114315338794
0.153075238692574
0.110860382015032
0.11183170493604
0.0952162597626667
0.127361503323973
0.19238510087813
0.118218548890277
0.130166724733946
0.122788196230824
0.125949072070671
0.139151187456363
0.103744834191835
0.160822875615777
0.138395544275316
0.188766857435232
0.0987820254079455
0.164630473166586
0.119489964090327
0.161927016756515
0.122835624226898
0.0924331558104346
0.129358734355174
0.142123508985489
0.102090013416972
0.12755449018232
0.119767270901371
0.129426667509357
0.123032984042838
0.152405562931523
0.131283265176395
0.140942648534139
0.114816710464924
0.102902021541969
0.105274435163167
0.143556690526211
0.106894709510155
0.183859961671775
0.116319343701267
0.155614112515132
0.133199301106622
0.101228082901575
0.165996989397271
0.156325307788012
0.112548091883902
0.137995595762355
0.136376346390978
0.133051264066539
0.147618536589817
0.139773943058802
0.143312477521372
0.152558741811625
0.117759155537439
0.103869594032859
0.111037535104459
0.130216257591532
0.100761320487616
0.141125996143462
0.132383019946418
0.122290638822388
0.0802386808870268
0.181658103731567
0.137308419606707
0.177967344657068
0.148267480906414
0.155447832922629
0.123520972685082
0.119808054762807
0.105765322307132
0.101119650112815
0.131700199072839
0.122916052228697
0.0985145232553795
0.112507780926224
0.130802095775702
0.132960317171436
0.133485558211455
0.102483476483797
0.109101525750139
0.0891198070733355
0.110339926115628
0.131180455428548
0.129239626595827
0.115146086174716
0.107573773747771
0.159029727703966
0.129811460132388
0.131137083797941
0.163993750721918
0.098260969016667
0.108633654584789
0.139402701073746
0.163257045156899
0.126866966694802
0.0952711973124764
0.0869165439394685
0.120756513129003
0.145956905559378
0.126966258074892
0.0922668936906863
0.121266393441118
0.144494371311562
0.135520406254501
0.162235022367327
0.130503037714092
0.105289199376578
0.143340912279715
0.202585512054238
0.101182423357571
0.10108230551912
0.240612558129166
0.10243481995705
0.124954076216736
0.116299771476277
0.115390140205496
0.149001867474192
0.109415223482949
0.130848845501732
0.119364065307905
0.106046954446566
0.126486917632446
0.0926700864386704
0.142809383524905
0.166400678793515
0.176654251834646
0.12170218877022
0.197392163474819
0.119673198844343
0.124409246717459
0.103530934958513
0.0881369268739043
0.0971298935030951
0.101981054949129
0.163224504451683
0.153387732597487
0.195735633517433
0.18974509107992
0.131008890964698
0.146412525956098
0.104491690858522
0.128809252919965
0.125577617330467
0.190211181548358
0.130806244423686
0.0992386912634484
0.119219778330556
0.116634253330309
0.109830969720726
0.153310440102196
0.130085178666567
0.126763383591909
0.100935873518939
0.114351316086933
0.112184558504192
0.16715301593729
0.140665203222919
0.126982206546784
0.0861398036420405
0.132299489527048
0.129951047726735
0.11910107331142
0.16945752317919
0.127849986694226
0.146440664784556
0.103566737656754
0.116183274635355
0.177246128923088
0.107125978258401
0.107383498885702
0.117368718695919
0.120203048160093
0.103673785550257
0.1137686557811
0.126415102031628
0.107594041516493
0.0944095253392491
0.109333876800352
0.0997335385573141
0.112166582592656
0.102295202209071
0.102589364492413
0.083756424402575
0.15908218873707
0.124751470459902
0.121363888271276
0.155988594212684
0.133281455190995
0.155510082804168
0.0875304304421455
0.0910437477106521
0.164317835511651
0.185832328916652
0.150297233951167
0.149157749410407
0.104478908431452
0.114557821134102
0.128498945715001
0.114121446460256
0.110208980007277
0.0905288334657033
0.153455671055213
0.159634705574891
0.184716458671311
0.130622464123163
0.136177322663418
0.184827663389316
0.108333460151927
0.114404670269013
0.138940531443278
0.131526561695376
0.114949087685302
0.157897819784087
0.125927298956962
0.140796957058982
0.197222199553854
0.127285055425177
0.111837616227549
0.0956641392534725
0.164952971782718
0.130646911458101
0.162724482137891
0.0899950006784869
0.148627816207404
0.114224152121048
0.152541719510847
0.151695401463799
0.119503180539252
0.117964866471624
0.135768890089005
0.161418197809605
0.145591297218471
0.149996773598726
0.161275675483694
0.107596758331649
0.167722506468199
0.126165924150226
0.176578614697781
0.20593360141125
0.106425269210584
0.15284547605015
0.129316568706212
0.140441143435177
0.097645216640617
0.102340979820076
0.139631801053591
0.167604471606915
0.10268547231746
0.119433261959523
0.133695520592314
0.106592064858323
0.168495525119457
0.115933099176419
0.13584027932642
0.103801373901909
0.110845192303463
0.128218248378102
0.155054375856741
0.13778975111239
0.202913167579663
0.117305879888447
0.128085892193313
0.135321652365996
0.114695927470236
0.122964915314346
0.104729723169667
0.0796055182584871
0.125330114691129
0.134664746844702
0.120243801727238
0.155771354764375
0.129993792727709
0.155550934671563
0.142999145690752
0.110962724153791
0.141160923086534
0.158123088684614
0.169091470497399
0.167281255877622
0.129012756002864
0.115886384278694
0.13609113014553
0.162495627893833
0.161692701792555
0.173207190231008
0.243776875927646
0.12982156876081
0.156945460129401
0.118616752000715
0.106721813907399
0.110231543116248
0.179938793302174
0.15563002840669
0.104979435934204
0.167632707473579
0.155059783341813
0.114857157860467
0.142932707587732
0.165062319547688
0.144592286866934
0.156292403462513
0.176660728280633
0.136377084170294
0.111341798616944
0.115206717672795
0.139191052788394
0.189326491240966
0.164649947443105
0.125656381921907
0.0992564615851105
0.140471987801556
0.128691565369017
0.124229407708538
0.201759260211133
0.132019601337724
0.144248032302154
0.148631292232198
0.130659129418779
0.127540410167664
0.166877872280294
0.126573239161419
0.071563532747837
0.105037308373473
0.104679951205639
0.113729899123775
0.113846005174807
0.0799859890019652
0.0967470912719378
0.0816642334587761
0.0922405650752264
0.110103112336227
0.0812576552717506
0.111066794726471
0.0739709533927458
0.0966700543762877
0.164835846630138
0.118495332125778
0.116194371663739
0.0969628351345021
0.165878328470814
0.110821726896051
0.117789648403934
0.129585339054142
0.103314185954295
0.102967936371891
0.156036713785596
0.103190037135381
0.115176556385772
0.119948114785369
0.101867231062457
0.103291507785784
0.110286672174457
0.104340180633191
0.113620141458708
0.132824421491759
0.126536831160589
0.177996673581206
0.15366947161571
0.155197872585527
0.110494065262995
0.15787290710767
0.0986748005647531
0.114999416278303
0.10122120368711
0.0969598226187276
0.109388888842705
0.115227325111053
0.145813882456197
0.16070466918057
0.144585096328451
0.117370529542618
0.0782755809121138
0.12027870167638
0.124664948173568
0.0845760610818894
0.150200392320819
0.163541433286738
0.0871577738692487
0.184583574144009
0.140224056055521
0.0837847754816796
0.091469780215218
0.0965181319406657
0.135847836297452
0.149865109640547
0.0928956304643664
0.127578898950235
0.102455252549728
0.0990659852824655
0.165927238357879
0.125726602164707
0.151773893694137
0.119927921322357
0.15046835408718
0.0693614410238046
0.107424522734565
0.12147727975678
0.102767746567269
0.12343639826606
0.136365031822695
0.137973745123881
0.103232841186842
0.155291295573934
0.113295828364144
0.0876246240072009
0.134754171513367
0.147727579656985
0.10871385104466
0.148222930573065
0.107112344453841
0.152509409243706
0.105031567549168
0.104550184014761
0.121012777528053
0.182224766224106
0.127471561030369
0.104809501069853
0.117248379827895
0.121215101990083
0.137810239353488
0.144372984728715
0.144958641613193
0.119152785313855
0.0869246400342456
0.104320153533488
0.122433470555382
0.121681259504219
0.109735247517182
0.135296640551217
0.17161833272377
0.148739555722868
0.115466357745556
0.122804303550439
0.142638279120742
0.110627668935639
0.117537178483032
0.167790417798792
0.0961420796041591
0.150359910550332
0.163491111705029
0.142686127715607
0.151465249003574
0.106811475383103
0.110673203980623
0.156891622963466
0.152969042136296
0.113997826700405
0.13810995097672
0.174029222176199
0.144801164033697
0.122715577453536
0.0998478531387825
0.148391693993837
0.138253477471834
0.114978590442899
0.148249438835344
0.0741828086879688
0.121457082833385
0.0793029846692112
0.147263228716813
0.102805384198098
0.129257007143758
0.0979553232659144
0.130007412395656
0.118953087812236
0.107901634628378
0.123741198455016
0.0784632090955805
0.105219784728801
0.0890968964894605
0.121926400752826
0.0993915429618079
0.112513928188569
0.141461827091023
0.150838459904245
0.0816094448399391
0.158674726147884
0.179465039531961
0.126047020559746
0.121679109186069
0.0893005558679149
0.144934409151174
0.14047894074509
0.0966004290508841
0.182094652399145
0.119180654464883
0.0947512922967035
0.101521231187742
0.140099834525038
0.113318613946069
0.140614224571066
0.178605140832
0.166172666942323
0.151352381691497
0.103084325169878
0.1484469547716
0.150527043662913
0.139275994285462
0.148267400462804
0.133644271854315
0.131686720033529
0.161894086717378
0.127276018911865
0.118911596340331
0.110230968913643
0.126943934329622
0.155751109965469
0.129342379708898
0.105582300347474
0.124959559823471
0.15546178910285
0.11817689610882
0.117968200928499
0.142657186035426
0.0667130613075635
0.101627680984859
0.102986046344633
0.152818858165587
0.103221956915172
0.121673652544334
0.123493818934685
0.118876190310822
0.166914397444675
0.107575686913632
0.0986624874971304
0.10225779159414
0.123179015069084
0.125254958138528
0.168104594996981
0.117085920647224
0.117018105775705
0.187736381452572
0.120171012113756
0.106768853800316
0.136141663253185
0.144757349390399
0.179342256722312
0.111474101617433
0.103872148226144
0.183344837978284
0.0875446971689914
0.182003547278834
0.137183279328472
0.145661522021148
0.154991567228831
0.11757673922973
0.122399278690426
0.104486183018795
0.108156880981805
0.156851913167136
0.112644550444181
0.128264567172533
0.138988462800051
0.115688792365093
0.0889059424765055
0.164261249051962
0.133922843050781
0.107924572425287
0.0721912087022702
0.124434335689431
0.102436403183554
0.115020657868675
0.133672926949385
0.0840376389849993
0.132287164170859
0.136084670904795
0.0878586809895435
0.129102590493649
0.105207400988186
0.128903998942196
0.155351211842801
0.138604724337744
0.111227270155006
0.139029143415772
0.116981232378096
0.123758532331517
0.149467828105255
0.110757590162728
0.124689746222489
0.0982933074215426
0.153645547527286
0.0847962347678557
0.136449247284005
0.136086478432561
0.158545288033989
0.138172618013998
0.10150750519933
0.139216524625729
0.175872532957611
0.123148409161822
0.172152297872771
0.0819608280273325
0.210050197776903
0.103209951396913
0.0992697895265827
0.195651779854937
0.147609005459342
0.122915030944892
0.131454703194333
0.122485665891774
0.189251084392684
0.115154867805221
0.124023633239417
0.109779641668519
0.084840497186241
0.15536532700853
0.119257173980165
0.190313784545019
0.0784832280932055
0.0905291205598785
0.1407114877663
0.101440666989986
0.0951690793841103
0.150505843473093
0.10576996978296
0.114325221364165
0.0767844231173491
0.0981711920565337
0.107555192150345
0.14861747723795
0.1010718986929
0.0805963051997026
0.135574750683256
0.126066250400545
0.114857570613287
0.078082369161781
0.0972922562622923
0.162508595631014
0.145939389637517
0.103890688552203
0.124397963083431
0.105556940888056
0.131701868301943
0.159681496674158
0.153823494749896
0.135117108598287
0.125548139210305
0.131996916518072
0.106748575066592
0.0920131822674842
0.128894688906893
0.138463713750728
0.12026944932362
0.0990636752161383
0.0845681427428172
0.102869296371296
0.084294008903747
0.111470497328125
0.146223711984125
0.13652908654173
0.127315864173906
0.185208780166158
0.146312513155617
0.097281294489548
0.108561330959885
0.118024212879293
0.099046948979561
0.135230368954394
0.11612590534478
0.120457755405643
0.106624741911691
0.0904706449180547
0.135597903311266
0.0891623507337991
0.130881884306629
0.134966555825785
0.127620887356247
0.105744938387931
0.103342310358789
0.156233118753567
0.106392247498356
0.0966142691492183
0.110878777189254
0.111472446062188
0.126814931854898
0.143441612366062
0.150544247951282
0.152622079681564
0.127528140802668
0.131594323647818
0.135600443457842
0.13451400065869
0.116877287109267
0.107075836146255
0.116185536019463
0.115299440101623
0.114486970248823
0.127810628225587
0.128278372603131
0.129715966906282
0.139712564517419
0.145476280442019
0.146986319462567
0.108356180982384
0.0976121375286833
0.106225554268428
0.165747640249293
0.0813897479917484
0.102851678441158
0.0859876502484907
0.093539759111822
0.14513481379361
0.123942996087142
0.166804310809892
0.121306549622635
0.131910236625762
0.1075892254166
0.0959206329449039
0.128262877557084
0.152914845855563
0.151842096544137
0.136211861101305
0.103353841756071
0.107793408150368
0.106016380945171
0.152110760564525
0.110150031780052
0.0845998043033
0.117971197392463
0.123380305566883
0.124683165958312
0.0939680458804503
0.0889997185585352
0.10359819298771
0.131216856537017
0.0936475623863424
0.125966812622957
0.116579279119716
0.164970075976275
0.178005624879707
0.164136721450549
0.117065063177368
0.14811626057721
0.128039355214671
0.129676874750583
0.126652948271592
0.113410554422957
0.106863012313839
0.142610959225719
0.112082811330894
0.152342800282045
0.114670336343754
0.0924171388102246
0.106100826943853
0.161480879423962
0.13459946846804
0.135185422724129
0.136165981945585
0.135228958380233
0.111117326886803
0.131759366749782
0.213096177540333
0.121920470169607
0.171907585898111
0.11032173897683
0.0976453324520461
0.0811737522062838
0.149876950558955
0.118203811997721
0.143692694527703
0.149685617722195
0.104213421105792
0.101641974902535
0.142357419831492
0.13908691590831
0.229005164731962
0.135167468620473
0.113089551967912
0.121662853641486
0.126638754209368
0.113006872142371
0.196839487114334
0.112428708109736
0.103331375340706
0.14609685750006
0.149206994863682
0.107865206691743
0.0840030095222047
0.126150861291471
0.132868836690043
0.184033145484776
0.160586883750286
0.171958921789625
0.102864276298908
0.114257103886686
0.148701948242707
0.109566420041909
0.110501150151552
0.18050994233236
0.128051174707085
0.0969411266573156
0.100883994304786
0.167415383476732
0.154878792016674
0.0986500357211853
0.104399911234251
0.124120376629602
0.128957162497988
0.111882581639316
0.152654706061456
0.0926125543228258
0.131165752980115
0.140679528822519
0.130130405769647
0.0973335103249569
0.105929912456338
0.164205374366548
0.110516297364538
0.127160780441571
0.0759728732221969
0.104451569095136
0.12934043008608
0.131596739248586
0.113093831656603
0.103780554490904
0.114197485177115
0.12854377670062
0.136714999299896
0.11392032435971
0.087152865282037
0.116597913560399
0.143993926801156
0.156803675734172
0.128516052065144
0.16129769840167
0.0993086705620888
0.134716924745034
0.131353285328864
0.116889800763208
0.154122298328313
0.143088323861988
0.153491611208651
0.133911903862327
0.167899694368852
0.174312752394707
0.138502308109928
0.132376163092616
0.127716792030141
0.135861429556135
0.162048087063683
0.130917537521481
0.113449495172426
0.142969239255056
0.123300239301248
0.121807595363284
0.150146656714412
0.119419569516372
0.158455533886966
0.120308819785163
0.16991031366816
0.1020861961166
0.0954653031900782
0.131352719914532
0.0789064447033742
0.101565939024792
0.171910852524162
0.106917307196855
0.146596599629901
0.140449265053693
0.176412831700618
0.16355672011138
0.120935557858182
0.117438999831377
0.143690152225248
0.124604001450083
0.140601307980783
0.104296711330263
0.128870145473017
0.12719072363957
0.117317764819589
0.142576615551475
0.122965600254026
0.13853253701252
0.135838777924954
0.126468008532882
0.128665392757715
0.0821316991475934
0.129667432176809
0.144696141488316
0.165414255197651
0.106240136646362
0.106876784972168
0.131871029806558
0.0962522849731135
0.104823639317995
0.147191258025333
0.123403750483153
0.113795728761886
0.137891195179378
0.113266707579867
0.154762634539194
0.13955245054825
0.147618641936347
0.157337553620888
0.0975483677576776
0.114576291009169
0.132633464016013
0.109508229322075
0.128651712899255
0.0860177848906514
0.121935552056639
0.112230419643942
0.118880666577521
0.118081290160745
0.110308671734447
0.0847714385198109
0.118436366551511
0.135823716251666
0.20787909943167
0.123687549774522
0.124477097289347
0.127833301937976
0.118544118001864
0.163705482815035
0.104660897229047
0.155640153363848
0.176202357001222
0.131936323345995
0.127704648023671
0.105488343407898
0.113062399397777
0.11706088796039
0.111567864521521
0.113732667544215
0.112116985228803
0.116542623719539
0.0865045008754829
0.0989347947748716
0.0944299581257971
0.0918534297489683
0.0929206273406625
0.100907955810159
0.0910633974402241
0.148695352931426
0.0879857884287805
0.0960912778358434
0.0896641841260999
0.164853366675447
0.113333967670446
0.153408182885752
0.182179670536566
0.158853501700136
0.117058507267053
0.14104173482546
0.11686826877794
0.117601276028532
0.087573714813428
0.117153439914644
0.137986330228209
0.105591807258518
0.100020265673095
0.115627159748396
0.157530221316641
0.123134822906584
0.0762504533571214
0.171969430129813
0.213855314280868
0.101899242914016
0.146197573233844
0.10493987288282
0.13727800421306
0.131412378953559
0.155590076039134
0.146251613963326
0.120294736320071
0.12590659108854
0.188891732233876
0.173886690156511
0.0877150569214532
0.113919875800803
0.0965971246201926
0.110340662110788
0.139458317981849
0.118967585454881
0.100025725449274
0.123100898593672
0.0968128460088055
0.144394423705617
0.171952451960877
0.1151937877583
0.137156142214994
0.102656601943408
0.15569393391905
0.142531375631793
0.166330096346024
0.12712972767487
0.0850882397549343
0.121635415285007
0.148050274536516
0.121422812994501
0.122538173061974
0.142314314055925
0.146545007599496
0.139100695149774
0.145351199045947
0.160151497888106
0.152976087269692
0.089431077257648
0.150768989795199
0.112665161507747
0.16589030112153
0.150383839312623
0.122109927428244
0.104193861500181
0.108841604314029
0.100558339825151
0.124790064253128
0.154045685497535
0.0852604816154662
0.137395208727545
0.102313840843266
0.137199138909489
0.155998656380301
0.147390709120314
0.11516222487257
0.125310233871468
0.125172083101691
0.117253768784346
0.107211978619449
0.112152514502549
0.143454227916944
0.142324997909842
0.115889092759595
0.10543723844481
0.12842073600851
0.116934907955765
0.093071066365349
0.12586181330552
0.12440225328475
0.148410944733817
0.124955248313089
0.152990856500868
0.142410456284526
0.103702563333024
0.130793213674196
0.120071512847545
0.0944529363844563
0.121393322037138
0.127479218409968
0.0910027298714126
0.125013897516038
0.117562968920951
0.143890647219791
0.126023615733885
0.145921543368979
0.150312081973376
0.113733516331527
0.0988259525456943
0.130494845167288
0.0919547426348639
0.144482104215991
0.156018854265533
0.103093905148252
0.131207219415134
0.154821975678679
0.186176240411355
0.147467874344907
0.129855371592905
0.125552259070601
0.110044504829518
0.134324170087053
0.134627860097767
0.114657510670999
0.0825691011952016
0.118941898464124
0.0915937202707011
0.151882514492234
0.147152262474224
0.120748294475646
0.0921410897578646
0.133848505560741
0.0856362998171482
0.108293196197072
0.102277898620535
0.110244345141021
0.102589808569364
0.122541064543588
0.121150061134532
0.117284417968927
0.132405021059233
0.121172504561077
0.137502141682279
0.100816604124037
0.0818274640726419
0.114821564449851
0.125984585606919
0.153067235144693
0.148573025109193
0.131569179004699
0.118305541518904
0.137274215446958
0.116487415363363
0.124229457950916
0.133769841607054
0.10207184154367
0.112492852412593
0.0972951931119456
0.127463345357483
0.0958038921282702
0.155260413088004
0.093413628222114
0.106157667415079
0.119382376153619
0.126498557519505
0.127518672351695
0.0876782379306474
0.125056801308553
0.136896270998729
0.159858237008399
0.153761503696625
0.137073002728432
0.157340229486463
0.118022428076833
0.152530934421341
0.0978179025857461
0.124401904867169
0.109129722555129
0.108788516228608
0.130628803833308
0.116299233348082
0.0978368835198753
0.129325387627917
0.106561426562697
0.0811851767665073
0.15972531145472
0.118688272285851
0.112452161834899
0.0735776031409174
0.128858270414799
0.118529493042168
0.140605605374622
0.141050111557509
0.166682339769996
0.117744688417426
0.0748190104171446
0.132867622730743
0.102858871985804
0.154611068603639
0.137555421395618
0.11323978215777
0.0805802745892414
0.105032122829493
0.116863836548142
0.0959421817249859
0.103615411842525
0.0969337804999758
0.145984514349631
0.0948760444783995
0.084617741979334
0.156873216132882
0.181713825507686
0.0789220335800491
0.0886714041199767
0.194336584039785
0.137122517493824
0.127162736917627
0.114940584948121
0.128286758635116
0.135782289959949
0.133901865973342
0.108334489735706
0.112667652168268
0.11115958018281
0.117635140206363
0.0782584270144082
0.155576045276487
0.0976936121934647
0.0670651622796318
0.113664730192696
0.148969651667933
0.108841776310954
0.216973588690782
0.140335727228284
0.155662158713636
0.202608009811491
0.127843908280292
0.111062055743594
0.126663426276807
0.136191622544651
0.142173701602673
0.155664738539499
0.171728165494654
0.110692408822774
0.139365672880369
0.116000725073976
0.135726410166336
0.143203983293233
0.132006379596457
0.116088539594206
0.0894290178748593
0.156126854192998
0.159433441736426
0.13979794103662
0.113903545938519
0.155195912043124
0.118739644520553
0.137941934288658
0.102475131925649
0.163453392329676
0.125980922080769
0.124350825155701
0.0955909510589469
0.145054560872231
0.0840559025522434
0.100762494359523
0.177177942421275
0.148263548184935
0.163546529638587
0.100950618609081
0.0990235395530864
0.133732687870453
0.13735651719192
0.103359132748927
0.131967902290201
0.137092276718838
0.15426022209528
0.147117794635091
0.12132751355117
0.138319869560097
0.133833774740957
0.139778996262676
0.119998863366084
0.163690111727674
0.150598790567008
0.174852600002669
0.120886577123821
0.127197642284748
0.122911072873679
0.12318211787382
0.143059930651484
0.129445936458344
0.0919279146469212
0.0914424304474562
0.140600040990216
0.131379444470833
0.147412065801365
0.15463937892224
0.153296847113855
0.148554786175282
0.0970350933409099
0.118146194532116
0.161923253760297
0.120446683831271
0.152815207236468
0.192667734892097
0.166042083807052
0.143955471196615
0.119384364481172
0.120164528213712
0.114299951655383
0.137749848439891
0.173832390487396
0.199983653020041
0.154699858584182
0.123110091763774
0.1074054016745
0.152237281292602
0.108472566959206
0.13596231334442
0.137150247372514
0.164047120684371
0.140389481709349
0.115259528670149
0.133282651562102
0.142269880236211
0.0959444798547564
0.136688013093289
0.118321885330544
0.141352714993975
0.130540194361
0.131201055174223
0.0967996501641671
0.101041845392371
0.134403315573566
0.12834652734782
0.0830202695496911
0.10043074730768
0.106510818194645
0.119568201018482
0.117824460063844
0.119218567251831
0.126449462477697
0.119943459987012
0.101991321595946
0.183825061959435
0.152408519612638
0.084046276406006
0.193117590699807
0.125860122647242
0.151706561276577
0.112378221025764
0.109061657168518
0.165719521371933
0.183737028067785
0.1298643528792
0.145734198718749
0.144321765130276
0.105090239499607
0.135465656041851
0.109771260846006
0.13215216878388
0.116168223539063
0.113193159061063
0.0928093782240957
0.105441982080877
0.113109752683355
0.108551749744661
0.129165810123899
0.122139198684143
0.109112953993965
0.122403740455978
0.118697047603321
0.128992286945684
0.179855165770364
0.173018114116165
0.0924331398790546
0.108167415761884
0.114892711968331
0.1346456798405
0.113162189835101
0.120827561955087
0.123950537110819
0.120694547746814
0.11538537657208
0.114190530445616
0.105031661901302
0.149253384246513
0.115340512584699
0.11466881072848
0.118344583085735
0.10443740522967
0.118299851902589
0.0913277926756702
0.134585908459201
0.114172170374605
0.135385014914785
0.108604109151668
0.103412182563362
0.138832495093371
0.137260852331856
0.111591434717465
0.10471397995837
0.099661040899669
0.126626976247961
0.133180871649485
0.132528467449591
0.133926111952159
0.131640316908764
0.139926068193062
0.112910381640522
0.135199507874056
0.10382283613148
0.10631011882503
0.116993369771463
0.125021924700011
0.123028288325793
0.118141660088705
0.112736465057759
0.0720442899433171
0.12275487144627
0.108828561114225
0.14930250368867
0.0930864467392605
0.173093900501438
0.113315601322576
0.135795133516144
0.150901755299814
0.123245922442118
0.133658352739902
0.113234813195151
0.106851913573608
0.0976262281277395
0.111928364793373
0.111316244193012
0.123029270664769
0.130903641971751
0.0970480229619058
0.122259801064635
0.177106466044405
0.118372680826361
0.144080487333695
0.0929732964542324
0.113932441443327
0.146246407188871
0.110001100655102
0.105230172185491
0.088447243652223
0.133026510846326
0.133885859365005
0.121892333084321
0.120998039003791
0.122426169200714
0.152248119630936
0.108046454600601
0.141729603871265
0.189338846184354
0.127726882971467
0.164561976909288
0.10752066003769
0.124534779849559
0.13906332501276
0.117857900047791
0.12545725692088
0.172461126455123
0.137001549049564
0.0973961975967702
0.1039413934451
0.128050759629111
0.106602726041944
0.117869493132614
0.145175624917012
0.130992419091087
0.114702043973189
0.114840473782603
0.116406991181046
0.182016789931105
0.129858752838708
0.125705740834675
0.103213544599273
0.0954388811701363
0.176946081824444
0.11651845819661
0.134779548237335
0.156755181309547
0.103919686941127
0.14484788559561
0.118129843358041
0.114055657790306
0.0904011133303059
0.146187714807794
0.159210944775847
0.162173219144757
0.106903104946529
0.109554870459695
0.10733916737526
0.127784288641931
0.128386477005836
0.147866190788958
0.119031484657137
0.18134223193104
0.143344565931919
0.138499709649279
0.153084531520752
0.107610054333833
0.105253734779745
0.0989442079311177
0.0941812688349137
0.135202749084115
0.136704131622783
0.131826147124117
0.0948477793721108
0.185098108767018
0.123836171334259
0.108308929607185
0.107117532059458
0.11947017372483
0.142202227341436
0.149849763386068
0.120896470311659
0.0984318211560157
0.111505131921563
0.160915615938021
0.172286934609474
0.136046599030706
0.108028311676509
0.0917818060269721
0.113297064301337
0.125254625478965
0.157693334208366
0.140428298155129
0.140886827887825
0.126596451772797
0.1221321166995
0.153208141065905
0.114952200575521
0.134657215415364
0.120786081926891
0.141765426172009
0.110066203298446
0.0926140330237987
0.131297497293007
0.143887738647913
0.082442425672524
0.111865138476137
0.0995248791484913
0.0847323769315749
0.0829995735505697
0.103574472372746
0.103797399257273
0.121735261777766
0.134815896001857
0.101181047266033
0.149653823201173
0.128467085602267
0.122866948697167
0.104694232518669
0.159077679457585
0.15294501278171
0.0980091181759791
0.142023824512543
0.106314000421281
0.100928017396612
0.109420921868675
0.165957048396723
0.17480982630185
0.117140135450863
0.160608375419392
0.114727046674295
0.110986537349919
0.123298488342679
0.123599828739369
0.175340274222583
0.158431229332857
0.129129579843036
0.108600907522204
0.107154161236566
0.175758966914854
0.114557163856828
0.086891404183243
0.161563722508869
0.101594804221182
0.121141674090032
0.135620328426779
0.162229481147672
0.111510606676763
0.139026290215449
0.114253138634134
0.123636613548108
0.12840872295291
0.133351595109776
0.186152752518051
0.159753143169842
0.156766354281601
0.0958196448413424
0.125169620674738
0.0915134028312739
0.0676015550813971
0.11376761486358
0.0995522418634422
0.137106186443098
0.120176463712684
0.115707030209969
0.143972076316788
0.186217080633755
0.137911710756988
0.14363340369642
0.159946723379961
0.107393265832582
0.156571145494273
0.0883045517394959
0.0751118772722734
0.140665217262545
0.160476674770784
0.13530395690643
0.141595692460277
0.126209237199503
0.127735772635078
0.164077182460981
0.164827517957469
0.14363380354375
0.129818551088129
0.150274157877207
0.0928266085827972
0.115144695845674
0.120266734602597
0.144488962436961
0.129858156602459
0.181456018258782
0.121218792324745
0.160379283660021
0.149251447307826
0.109075405291998
0.112559748216827
0.129626744438773
0.164444210528373
0.158470295989973
0.139355067950541
0.11490969952625
0.10994619664464
0.11357901520016
0.127574513024295
0.116393974906169
0.121802997254256
0.142175555135743
0.148839872669554
0.105728210651251
0.0971325967623966
0.155348758466657
0.103568533399098
0.13740414396557
0.108178595257493
0.145028882214045
0.141599916222132
0.101467982776326
0.074458738163625
0.118910362324355
0.0911646434873056
