0.17
0.127929841716328
0.0997343331567797
0.100708282103419
0.202376974270111
0.147140861237512
0.105914741724034
0.156159227213293
0.0979158071517106
0.197866090727899
0.107192288919223
0.179972329562124
0.347843140062084
0.126267089797002
0.132956092873223
0.185423657748943
0.114468105335016
0.147118998451751
0.226052371494762
0.0792187884602268
0.19342950641821
0.148519331639446
0.160581062794392
0.0945499384183843
0.161338027541702
0.168899808387584
0.206376258662344
0.279697137133242
0.078133701016534
0.0852824809705625
0.215051668997178
0.125238562636824
0.179652170648537
0.178398720548334
0.217080741711213
0.126362618108441
0.0784425309835484
0.152321963904726
0.110249309209841
0.141906854673995
0.139125676022606
0.114506148260515
0.168883780521173
0.0808213681829227
0.116576757581402
0.13636078284695
0.102793894013503
0.15233664384579
0.167125719067267
0.0662813031466957
0.0970264486838192
0.099486600480791
0.168244631297784
0.0902675368442085
0.102272038218439
0.100874032041526
0.192848654874949
0.112875473150357
0.115590766904814
0.119533830953421
0.0651118817416331
0.102195090393008
0.159836576739148
0.103057146799234
0.142996800227799
0.141761839544416
0.210719768834771
0.105090933805167
0.0960676286792164
0.159965497419182
0.193669296106648
0.0919118540539538
0.131885977443706
0.073226008479054
0.42168371352378
0.357074351357462
0.197013004298654
0.0716623399597716
0.127266062093581
0.107564013208134
0.104600106090143
0.156577440393046
0.160612092534379
0.149564363704275
0.0715449188740991
0.175637340709192
0.177362980341812
0.0972819084914869
0.132576570518765
0.109586808814104
0.115288853918411
0.0871261383575306
0.132572786037437
0.177810190878057
0.18850758986248
0.220027339083647
0.134553509691909
0.144169052953142
0.107514064631347
0.12288133774597
0.157878239880494
0.127202599252391
0.147957200040965
0.13261759590797
0.116784519274198
0.274253674780685
0.17546541861634
0.114361690193904
0.183682929779231
0.136393211161221
0.0907076132490588
0.122283560509956
0.113917267232268
0.075517874960147
0.136567218161771
0.15880799729528
0.0735230420253138
0.124250048378416
0.0897936703549712
0.136921617700343
0.201773474868039
0.167619778638067
0.0819396699129923
0.140663959202762
0.123733196161325
0.109459824143082
0.139038284425665
0.132866657894142
0.0784633857722862
0.108000047637018
0.127894271918905
0.0891081893535592
0.109655989625343
0.0766732287218546
0.19539783193448
0.253220712986208
0.0835641033508472
0.16337869115309
0.103407877353112
0.253131228240575
0.13133579567329
0.177086950791092
0.087606135630842
0.07785688891384
0.0614297909319208
0.14673573141652
0.269353774215597
0.12996815357149
0.166921078816548
0.110350376109399
0.174468916675046
0.171526349905619
0.149653317214268
0.1028884559644
0.0607032259531347
0.112625876770877
0.126120127812223
0.128953314569343
0.152906129042408
0.101042723761959
0.142954402002818
0.141758567835052
0.0829348964447548
0.0671350776626493
0.111701477470043
0.169446773465013
0.102007165720691
0.219492193779948
0.165232137855738
0.116616075985228
0.160964730095509
0.10813252083272
0.133861453319722
0.18950968703767
0.0944600916922696
0.151313347466743
0.164900235707973
0.105865317599914
0.100389488152054
0.0752285564123572
0.084814953076039
0.202800701724092
0.195134403279043
0.153495367081247
0.123948966681693
0.0921141850612292
0.167618670203335
0.109544174077249
0.223290423953561
0.0704374276761626
0.158646883600218
0.0798688348863469
0.105085996117967
0.11567361193137
0.152483277550016
0.072638393988629
0.130567899249259
0.0739642985650224
0.196508311302624
0.202726541087451
0.0791481908773018
0.1365732205061
0.13152573601849
0.117432696775976
0.0755693172710128
0.10963933719251
0.114615652427569
0.111122976478718
0.147843980018537
0.117579061284565
0.152693655186832
0.125638584188537
0.0719841659718685
0.127117505251997
0.133370261895401
0.226397870462305
0.126119095962137
0.0686323306393799
0.158598939130513
0.157074298951335
0.136899003521509
0.210431344644338
0.106240792991029
0.105477846003067
0.129159837028593
0.0695261042683286
0.224334648066968
0.0930393975993828
0.078885478287794
0.221726153897293
0.241285719154986
0.279422992547288
0.104953933734548
0.0770297824405376
0.05644407522599
0.08614012506914
0.0912875611990203
0.19499496170781
0.100961530322449
0.180716446598405
0.083746884728918
0.121904816864511
0.105301827365591
0.0853164059439886
0.0949645546077472
0.193478384914142
0.126255700112043
0.157854307819219
0.10155536218816
0.28704090690459
0.0917606954559823
0.204311325392307
0.0911017944370491
0.121054535001725
0.144312731457474
0.201066710566258
0.114516912108936
0.115666879176454
0.132764103759222
0.315841184554435
0.304195031658347
0.201561818851125
0.149493111382686
0.168697703440619
0.135057213015765
0.0983091902679626
0.13904516535939
0.145979255324345
0.237792766727038
0.0899807456288567
0.183486443061401
0.1030677005859
0.139293307274156
0.189203015679969
0.114872527333693
0.293239999979284
0.121044374407542
0.104462350459634
0.161494524308043
0.173135695263871
0.126328327259348
0.0759533952748097
0.102144413884999
0.178912932582563
0.137858957130126
0.163787820525691
0.106332842767588
0.0792411218157503
0.142814861243188
0.169886174407266
0.125512235154907
0.284534003690576
0.149928525213596
0.0733564028244486
0.200250082246977
0.0977216650440369
0.170729578572574
0.18891130469103
0.0980818580031701
0.147506083378304
0.10299222200303
0.0892957404489211
0.247304742449989
0.155620895552734
0.112426858551109
0.177766823446572
0.205176264532705
0.151825910370104
0.159443194235053
0.153483102229962
0.112859799377766
0.136616585382748
0.355791799912906
0.16088232616515
0.233499752012347
0.123032876145342
0.112301428729668
0.15427848657382
0.190754161877592
0.106222681595652
0.107267626249858
0.0922899599961179
0.148600719315105
0.144910909505919
0.119285757825588
0.105942393606996
0.204277082791502
0.102631906159473
0.0727720047599684
0.145442650947772
0.0954422745203401
0.127828342312878
0.169863562017585
0.0870156474539184
0.149302309828084
0.126960367578403
0.117577626132636
0.0729328262969368
0.248111852128634
0.112592822674977
0.086960387186693
0.1016075585088
0.0882694643414312
0.100884445795969
0.117187602036723
0.0916589433651489
0.149140975434712
0.130426602688966
0.0955374578462658
0.160398731375324
0.145716515412845
0.0744578928968177
0.123650708927115
0.0973716875661198
0.311191668303934
0.223044853823355
0.184989864568003
0.0983436906619073
0.189195445403807
0.226686773540588
0.125627277713248
0.0803266331044808
0.0890751060938092
0.194915373157849
0.141118018401408
0.0722691962723212
0.0965617913686477
0.242339582009668
0.0964129084729893
0.0740015465553466
0.147214444408899
0.0954720723382818
0.0792594574692699
0.200959541142915
0.159725262635795
0.139519317980307
0.0891856436933292
0.0854674732423101
0.260464140867202
0.119735300171068
0.0944968968665805
0.112108814278491
0.109271050409053
0.0700302472332049
0.12988782670413
0.096239313279619
0.191668328666843
0.205549952964317
0.0722114713223585
0.171542597624668
0.14630347101416
0.0775502731937103
0.14559884964853
0.166007218884877
0.227582554235329
0.0934599667082128
0.141685880317915
0.0725800927661312
0.0867160145967548
0.125956330461012
0.181961166581383
0.10596220964906
0.115051093380385
0.111201538633989
0.117478884495819
0.0931423669469371
0.256453493866317
0.20156016094492
0.135773331659178
0.0894546989403879
0.23732945652206
0.257195631415531
0.232085785131862
0.126970284086406
0.0625260824976424
0.138172796998588
0.0904723116333896
0.279000561002088
0.0892777641163082
0.194096044042496
0.124530377532593
0.10029607306315
0.204088318873848
0.0951325317464364
0.173140052049784
0.11647317570016
0.0883550642992139
0.0899417248513348
0.149867975981616
0.0793906489338762
0.0915418560854818
0.0910400546242527
0.142970052616851
0.158170681769784
0.131268139297942
0.172210433144191
0.118230868344843
0.125387323337935
0.160404045372785
0.0592000813335975
0.0974510646981068
0.159690602283335
0.231595755127868
0.200318775312591
0.145256019559159
0.145176949725153
0.088020748229074
0.0828586081921088
0.0680885417043593
0.112994469463782
0.13531964470177
0.100555411552805
0.0866787313776505
0.0923209461271248
0.121829664468099
0.191297762411617
0.145510297474578
0.0795061790899916
0.105104146419896
0.0759646582779071
0.0685281504438447
0.0791401606221713
0.107492566091929
0.183257043413645
0.160893416443081
0.152664849096402
0.208873807614318
0.0842817067410352
0.12940856211474
0.065804335606736
0.176028836922608
0.140435827846805
0.0951626577731766
0.077710679741407
0.129130343710198
0.127753521269709
0.1044951631069
0.102922311406329
0.0685139408821996
0.114533374597938
0.178041405524301
0.0774346694908479
0.108049489764654
0.211964570213914
0.13166899182276
0.15657844975226
0.163466606180438
0.0913038238744893
0.139618813029684
0.0830912305975305
0.101645484010574
0.303690250111342
0.0931841535101264
0.207275605850463
0.156554424006973
0.163480279333845
0.134458591614656
0.127728226098135
0.0843586106680032
0.181719862223928
0.170467620000511
0.16534533814712
0.174569249596659
0.152425189679356
0.125796914858003
0.096852544749182
0.197837039776329
0.223777345158909
0.108773661293103
0.163540008764224
0.0664131623724216
0.0915727063207668
0.0937078284261647
0.0987887645594336
0.128352927884247
0.133427491834285
0.283639606856393
0.100728224307386
0.0782709363206376
0.0910313925114804
0.137120635136303
0.145477509517621
0.16175094395713
0.0861219430606309
0.215106719875918
0.177329937130246
0.204319052707151
0.150285944518094
0.212806276973833
0.170478698983791
0.263748022926593
0.133313558029476
0.231877878288351
0.0882070629855483
0.193209705658301
0.0927886169787364
0.11376550346956
0.149294061381468
0.228207614753836
0.174947530991404
0.183823501593375
0.0824611146875085
0.0824391804250771
0.117562618866872
0.107693148648262
0.16432540951688
0.0783735543185311
0.14324878463646
0.0675153138845153
0.1373225500522
0.129290190484959
0.0939401151399304
0.0660945343202899
0.0866403037413093
0.160215404425642
0.0929825223721331
0.074349347567081
0.188598494939269
0.177256846048763
0.305280408534565
0.0820483734973401
0.0648528914831736
0.149180587215542
0.203907956331844
0.0871314654257847
0.1891049922586
0.0891371792595875
0.0972136109218588
0.138425514567754
0.0746136390857446
0.141359167217916
0.088705958580193
0.0810945294841658
0.155260795420081
0.0819733042267406
0.131401333187418
0.139446569884196
0.0864091265812955
0.187570172290862
0.133230216785056
0.136269692270656
0.195098136774798
0.13824540786777
0.133223482588466
0.148078075150445
0.0935442637197429
0.171390047348748
0.19364843633779
0.0906597345632914
0.145170727175004
0.09923849749264
0.12455996082675
0.119317583118686
0.157728721417435
0.142602594321518
0.0877816733162961
0.129877118037627
0.13128460649942
0.0873802656358183
0.105008793558141
0.148846756192835
0.141968857575139
0.223110725637209
0.102697415723822
0.080119000238194
0.123209840247968
0.305936178696582
0.152611642714204
0.212642409076599
0.1169870269776
0.131356647230051
0.127256184438493
0.154459195757919
0.179698177281394
0.104639282363072
0.134877312701886
0.241214373027446
0.144815584286935
0.076347937712906
0.111980429280047
0.123533278571794
0.0547721349988395
0.134188125041662
0.153271832501574
0.157850216788527
0.210483594824766
0.129236917256795
0.117309550315997
0.0851698394860454
0.104901890739269
0.146171101112273
0.0901846484101484
0.230822182073043
0.160362631872777
0.127218211272476
0.185656449076274
0.117826132333648
0.0987604185341546
0.163624003269375
0.137252705991287
0.109509448636294
0.161212657198338
0.250521102636103
0.143605641823071
0.0993653923729486
0.0913319129667052
0.0814897912040897
0.105517128538015
0.0922052731490958
0.169880133038836
0.16608552055575
0.213254439039613
0.114895451024715
0.132259805331259
0.148313746018776
0.0634524964327578
0.106425493458172
0.0813849545546681
0.0844670786918687
0.160372127202803
0.0836925714930705
0.0999936799858128
0.139377193765322
0.0673987421104462
0.108613270940064
0.178300571203504
0.157238366777306
0.138218563057703
0.0870786539565893
0.208614430943622
0.115593438460001
0.239282939447121
0.113363182263467
0.165237857874688
0.20691773001572
0.0879177333671
0.0558470298613218
0.126442062995235
0.0699441110003395
0.204506903304568
0.121037977682291
0.10860928429009
0.208530195468711
0.251429689437109
0.0966257860425572
0.161424469993342
0.121519397086926
0.164640416327922
0.168087245308714
0.137308020018436
0.103071240807354
0.100663020234394
0.087635311730832
0.193893858837008
0.195167172570127
0.0867422036616032
0.143190423636975
0.176459070156432
0.174125089972086
0.12020359920844
0.169030158307864
0.202895432908139
0.184844194564813
0.102707430300461
0.132958664061716
0.229807076263959
0.249696621637751
0.102675439879953
0.156000809601304
0.148627882482652
0.0674946246620348
0.0908906630931849
0.110832201625417
0.125946356710878
0.104363453090813
0.213954170202591
0.149230051816452
0.171917512501378
0.110261273946223
0.137634174171523
0.111920225287386
0.118137831750011
0.140800488949915
0.0965637463297763
0.0787426073431309
0.141848306873476
0.120190134853696
0.226859193656843
0.130858704404179
0.124015896306572
0.192953346071525
0.117776983925445
0.142263370172462
0.0719404287305744
0.264213525484518
0.162901443498794
0.100219941114409
0.224662622062881
0.176306895429238
0.107375898873936
0.212354881459681
0.103177755512568
0.22661549596126
0.164357119163049
0.18207155577917
0.195093933493863
0.11026797063461
0.163496820634602
0.18359275191879
0.151257791711353
0.135930223424152
0.15315605345592
0.303734690327397
0.0727898330299561
0.0856973027894232
0.170693150691003
0.137472661963719
0.0957634804864634
0.173014075863488
0.165539979589529
0.101935939068277
0.158015879116212
0.109252970786987
0.215249676918857
0.1446590757355
0.163061771348507
0.084394593346589
0.205049314562509
0.105711955151379
0.161435578499675
0.153612049867688
0.116427733302357
0.112140187533653
0.091647377142435
0.107545399100987
0.154300742465311
0.186868946545262
0.301619837950195
0.142448476406831
0.142313301949326
0.204578413896293
0.112833271056754
0.087419983054812
0.080504757976915
0.208751606169451
0.0739076987532957
0.213835944528026
0.1433275055731
0.081712166718771
0.170303976728062
0.157164507981076
0.108581516041905
0.0974649870054727
0.1826020799969
0.152060067024032
0.265920288389623
0.129394855203836
0.196517392828359
0.0647161920528145
0.239972007339544
0.0713042797065609
0.207111719504603
0.104544246373815
0.133594502427063
0.124488840514003
0.159288251297652
0.121050364319971
0.107228856736571
0.11750683588322
0.170859486052192
0.102372279663847
0.0722122793152929
0.185619884217448
0.18691050976994
0.0584199406323879
0.0620196761947219
0.0675858115166097
0.147236189839414
0.171063064230075
0.17679886675776
0.1139994707138
0.102839201428116
0.130715755808616
0.0807470890661851
0.111167457987288
0.187824909787087
0.0909136923265439
0.0593672305227058
0.156549381903755
0.167374444923562
0.125874714703761
0.134910520999729
0.149947221076098
0.119214835832938
0.194859782567101
0.121185159722969
0.159508184748202
0.0828884214171705
0.120141144740612
0.115573209176388
0.0970599212800199
0.190992006743361
0.143960711761981
0.125674974474849
0.10028988852891
0.136518856139077
0.107172809566308
0.306292486268054
0.1107500359118
0.233562142033457
0.111203087496487
0.270075441342551
0.127111858356862
0.101987139488116
0.0952410913131426
0.144829778860708
0.171435593600608
0.0903858940840121
0.183212989625712
0.0747440774219487
0.113504617482647
0.128254198992039
0.0938769545182137
0.141858001542002
0.0750679841571011
0.157711837144286
0.165367508754745
0.0898356353135019
0.0975145381443835
0.0849007603381985
0.0731226704055948
0.238038716362717
0.184497520323009
0.0819521433793866
0.0892618049249659
0.158631998293778
0.113463717072318
0.0796239289143397
0.12760508741129
0.102721130793766
0.124421521112375
0.0875154724320957
0.126812297904383
0.0967921850826293
0.137317773863611
0.0938103237364217
0.140122133315202
0.0775386425650189
0.273115919294821
0.204425177424652
0.0915123222344308
0.114142793601547
0.182922555350355
0.152963678464052
0.0950186801150738
0.159875101598729
0.101789135891499
0.177496658400564
0.186705256159703
0.106235564601455
0.100311260071
0.102321437247327
0.118405151051275
0.110404387015707
0.125027033249389
0.173890780168262
0.215413058025756
0.165465571364623
0.123303215559404
0.121482859236388
0.196597470454091
0.0870809047924765
0.200092672034732
0.095448346849994
0.189149009043886
0.126200510863057
0.242967034125757
0.119496329994241
0.204720493270569
0.244612303950768
0.101521269530133
0.0850969544544109
0.116102521242841
0.16204006229523
0.218986330319616
0.187655902514786
0.0754586741708717
0.204513697475696
0.114997398788604
0.138867944459204
0.138671117267901
0.0870084511832929
0.134109042104056
0.0977799330293518
0.113478307563846
0.251769697669489
0.105910098484288
0.0716107507679758
0.0834166936217987
0.129037555140089
0.0756699451708216
0.154978836640628
0.11202165255563
0.105899595822414
0.0844773699244326
0.106295395598086
0.15120903797324
0.158658084596016
0.103138987441832
0.0935124253325858
0.156726155196279
0.179331609003649
0.106497683597962
0.157214901724278
0.142991135975617
0.0904236904360044
0.145337781548052
0.223479199811805
0.20290679947968
0.0756634439147418
0.0834748387591141
0.176727317452878
0.179333651410865
0.110753412366728
0.148675503636804
0.106024825718919
0.0935767142845771
0.0808204953835241
0.134487100510109
0.169338656464318
0.109544593265157
0.11957881184035
0.142951633469848
0.07453370332076
0.0790500430670521
0.168242934561653
0.129781568707901
0.2484520516371
0.173667741459491
0.121478795434189
0.123568489225735
0.183537808912907
0.0877995331508357
0.064647942839132
0.168682007764499
0.127249106876388
0.172951474023536
0.141316755195236
0.127395022987914
0.246890885238188
0.114139981929134
0.299865706232747
0.113512567312122
0.0828048516318756
0.198463552299878
0.078014289687582
0.114489315905044
0.0987238318080077
0.105320608957099
0.0858714527975273
0.233591384817045
0.100230382870222
0.0824737210327002
0.165819190569626
0.141486539439154
0.123348064786829
0.236077131470179
0.110567786574253
0.147699200847143
0.108419252951794
0.10784012978414
0.111770993182331
0.109627852028163
0.0829838225959767
0.0846320005411355
0.0988317471851324
0.177539222196864
0.270930856470418
0.120191009771698
0.0793078133110835
0.130843100384384
0.0783309696630318
0.073487299269903
0.0845434601916874
0.163596621911863
0.0988171820929468
0.0805294935800386
0.161948421771557
0.0678732826793087
0.106130966245728
0.120241039658739
0.108598466450887
0.0766722845733555
0.168586100428505
0.158202674943722
0.144819129486884
0.103998389873069
0.137063632858124
0.109793598447688
0.0920254523614004
0.226742218324263
0.0719167779528128
0.0975785826946637
0.0859298273417811
0.0937152489435971
0.0829324687321578
0.195700797199084
0.202130492417172
0.0598836860421866
0.0924162665895958
0.0974657711949038
0.214742296480639
0.180987976604996
0.131752946138093
0.187885244144535
0.204541764374024
0.0985878311014199
0.0954595538184606
0.0775568539054721
0.174450903480398
0.115381354510991
0.0788763441131118
0.121694081428128
0.153232347683648
0.122462629389968
0.270866990154127
0.0793523509735555
0.0929850849140449
0.0998515284791226
0.1254625840206
0.183838405585583
0.094310332265909
0.155304637822855
0.153038208737879
0.0873097832878986
0.112497700248282
0.150212526519629
0.0624208510374663
0.0780226863155248
0.0806857422471641
0.208365782718875
0.115547266397591
0.199153371760375
0.135250264070814
0.153901358341922
0.22302627852874
0.155678171909219
0.114606762981224
0.129843460141308
0.230259116604139
0.118138965508538
0.118177719405002
0.116098483875367
0.0968131286521843
0.0749563985925469
0.0861682356030644
0.118541209544312
0.0997109992719354
0.158091065909493
0.197039349741982
0.112489552632335
0.0649842973845118
0.119532791635993
0.105970264553714
0.193512747375933
0.072085781888386
0.156551536047496
0.107692721600668
0.12708087124593
0.0724345947232967
0.141605647286951
0.147307411229104
0.146594645463391
0.134329838182451
0.165261348713916
0.0899979123136039
0.142632162022662
0.149280633063841
0.105090159961872
0.111163541428148
0.113357822186354
0.111595265919897
0.152397615595042
0.102762482179289
0.0725296502558413
0.19329030554827
0.162491052857073
0.116201405860582
0.0825774591066466
0.194024694502099
0.189612900848766
0.0996239637302964
0.374868156860445
0.241198948736103
0.218009190772071
0.0670387502256623
0.206679912635242
0.0826566629646224
0.204217907532503
0.1519853613756
0.133126614257008
0.133284205502871
0.129751352203835
0.0992207953991374
0.147802521178032
0.107055326868508
0.0871978608663319
0.135642744393633
0.145245559580223
0.124748094718196
0.0976970283858169
0.21724202171443
0.120652964755747
0.117890393921647
0.193434332593011
0.134868777024385
0.175672295177911
0.0615874443586902
0.0855822341956034
0.137410418818772
0.0935326019497592
0.103013551048191
0.0670941929721121
0.0740718543330464
0.175190691336516
0.249616639016805
0.204098660772584
0.193160915424211
0.332647112561784
0.219185681307614
0.223293882956031
0.14505240894821
0.218794999153128
0.065955826418571
0.0555347213188194
0.139573544952901
0.148783518785487
0.0641424203082968
0.120730498997336
0.0825688364255097
0.137360854774877
0.134593087187232
0.159175236765286
0.103710282404452
0.0964846836592257
0.0701043218413135
0.157753909343091
0.127085297030644
0.147493510601726
0.116833980381683
0.193865975194461
0.180798160387424
0.143583013188989
0.08745502111301
0.130090827982886
0.159864937023918
0.217009131084883
0.0909764669228969
0.155565960826417
0.111979434437209
0.0662654685331323
0.215131885971803
0.0873755731966546
0.0852276725685525
0.122862386652618
0.159380180598616
0.0622732805828412
0.112719318789638
0.230075406032766
0.201026996752121
0.096260980767492
0.0889960342344819
0.0857603794814234
0.140543578712131
0.11641773550535
0.12226045438173
0.128796591854538
0.0971055853318142
0.120193979204625
0.124860268048365
0.110671621317306
0.166414224982371
0.239686342161326
0.230756516004939
0.185017577108157
0.114128340486198
0.159788846486632
0.134996753855394
0.10108823385168
0.128806678978929
0.252410534362407
0.279983449803745
0.286721794267694
0.103646440941338
0.130213635172847
0.150197902651925
0.120649029843379
0.0875664467574034
0.131595392611516
0.170885320967209
0.107905783824285
0.120411806170994
0.152872510407625
0.0986969741058754
0.0997732676850009
0.0880785200097264
0.139582794689697
0.121306242504086
0.145663737655321
0.18735730217678
0.206800817088262
0.213466905049545
0.0929141415084002
0.0768049778385864
0.115004822640499
0.231135506410925
0.0952399267867526
0.124124369197557
0.0844746177417504
0.12214246816467
0.198179912060419
0.119038667944103
0.108639910903694
0.184167811781559
0.11071652805217
0.141904314862774
0.139800957192133
0.117300211372816
0.112026128138306
0.0871506260308225
0.136701723626924
0.128184843476303
0.150647973524313
0.156009372003465
0.120015216096558
0.0856585580580886
0.237185326058992
0.145981713893587
0.154035337764314
0.115575367076805
0.110551832892464
0.120929814342814
0.0717291902155452
0.113331987453001
0.0966891099461958
0.162514697243634
0.174793763306314
0.154554537437494
0.296227498494886
0.0731435445091234
0.0998783179426252
0.112210747872895
0.0901492589453265
0.117541949085665
0.24339094414047
0.199095260321262
0.09669157971695
0.173126187157766
0.143519348522936
0.151498466198515
0.0683882997512556
0.160785171155977
0.238556507936748
0.156306053019505
0.0669801145879187
0.0941343987492083
0.200542326441296
0.0803358054989777
0.149662761250681
0.250128856851065
0.182467993719286
0.193367891971331
0.131060643211608
0.168330434025947
0.080028142988266
0.0813441657886271
0.129717278729058
0.201535444794415
0.198170401765313
0.144149981525267
0.101182463644554
0.385398422210081
0.135740951778354
0.107513948875983
0.143464549894292
0.0971353628340856
0.06427104075478
0.202166488255954
0.104070228803947
0.0777532492616512
0.188673462238862
0.125637603234298
0.0850952354361102
0.105357082788298
0.184716572927765
0.184757963138154
0.11742064337271
0.126037854852127
0.0874544009666554
0.174367858882949
0.0955981110455545
0.104083502610696
0.109471569441194
0.115607007518681
0.119021914797738
0.179621027949839
0.0916820996546922
0.0837096597293236
0.134160189503444
0.120022106114389
0.11689256123677
0.132983966141945
0.0692427803300857
0.136388855911458
0.126631485372593
0.254291873243049
0.0626445109558295
0.0963192973519651
0.0874699483353305
0.12117646793029
0.14610135159321
0.126632933194969
0.209597981166781
0.11993267424898
0.135269656507858
0.111559365256966
0.133138849995904
0.255137871601406
0.160097465608096
0.0717671555789596
0.0622494022046757
0.206130471198175
0.19453173423418
0.159092751358485
0.0859667069601983
0.104519887706858
0.118020490730476
0.1467049363821
0.202989580540181
0.111525848248094
0.190574476648452
0.0915060361498406
0.173411166700329
0.145197209621234
0.142846765150935
0.108853141721879
0.164498942819476
0.177229741560873
0.213554135976995
0.223008290350544
0.0798949741148797
0.0864126651000577
0.0623425979356269
0.223076496642562
0.129607756356258
0.159694288793338
0.217659412476679
0.124569364037307
0.131084462815032
0.173556819951818
0.085904904354716
0.074972093523346
0.217993816849565
0.13914246197255
0.0808237741052695
0.135128315528137
0.1206437089514
0.143438618650472
0.108411286258856
0.0951746096987739
0.0822876650464968
0.181686527104064
0.192653663819218
0.0991355023355579
0.083253894363931
0.159603466014814
0.166972678760302
0.0986156675361566
0.107278369177848
0.128038252953115
0.133583757489288
0.0826268672949785
0.125044523072602
0.1421595134107
0.237418838109797
0.183293703296516
0.183109124384218
0.170241297005145
0.111630687357362
0.154262757520878
0.154652641513351
0.0921547015591233
0.16360541301817
0.10559642406623
0.073334318838721
0.222092665486286
0.0874457333735252
0.103613873866551
0.205741207051517
0.110313611627994
0.118169140160704
0.156523183919142
0.283278328849543
0.179973828136158
0.117735612104221
0.129316027292862
0.286727075328175
0.136461650112211
0.068476143559531
0.092817315956223
0.158200286444883
0.192899177482595
0.111217229778041
0.0847465498148445
0.136851958624365
0.203864024565174
0.0886759048250299
0.0725984040869974
0.164300161547832
0.0869932375254309
0.0872163061701541
0.0955696251123395
0.101189975907932
0.0799155100655473
0.109654992475374
0.100970684606449
0.0993296434719437
0.124334817955399
0.104293372355307
0.166407952807163
0.193954135792559
0.185676742902949
0.185431913058795
0.173272307054723
0.125092042095222
0.0961637174557568
0.229147747293933
0.191076313976953
0.0797593432705958
0.126300317737043
0.080668367127181
0.0735526722073817
0.0871087815781787
0.094518588168091
0.127142852337963
0.12062087027197
0.183324866002291
0.158883200466712
0.196260617813594
0.192970042288954
0.137280621518964
0.157835748118362
0.166624435232506
0.20672253702511
0.0945539000249967
0.173053906236691
0.188996080778453
0.0842168569751332
0.118525728022956
0.113371852015687
0.283171890222689
0.105521979671184
0.143138069904894
0.221661032938352
0.123236804113611
0.0891691310672994
0.0909260116952001
0.109274515127648
0.0869764474608062
0.221856835183101
0.124235577264529
0.214085126504097
0.111522732779081
0.117319734680854
0.0760615550588977
0.0979801066004057
0.189047994454545
0.142545479019956
0.197926293476031
0.133973222753322
0.188197804449247
0.258148146086766
0.0833572575791085
0.142562448475591
0.128664309136513
0.157938877088439
0.0987308726184204
0.115676230338609
0.0880350031647105
0.0799647713159239
0.105578441521519
0.232617626344428
0.170907335899565
0.139164590646406
0.0733739268753819
0.137656424636168
0.181679851353261
0.101730343056358
0.11957750096555
0.0785826008135067
0.089516022061307
0.0818807716089653
0.0645617509114834
0.212118749527948
0.104504637784789
0.136002573289921
0.161548449816431
0.0735661036986012
0.11753761519725
0.151766968797135
0.215032314789265
0.275732234986342
0.0997759486849114
0.0767206400760672
0.144956367623679
0.1632144273977
0.140038400841203
0.175792700029723
0.114429515516042
0.115669432451772
0.203086538587823
0.203408600187868
0.0928334239092921
0.0711223468038539
0.311694379782482
0.109401860048225
0.291609529561963
0.144234187039827
0.2839448393587
0.178413376652262
0.218104502469035
0.0995461175388696
0.106107020077882
0.155298068063014
0.14855090834687
0.0982528277949711
0.114942632834275
0.0990619619325228
0.0951344524224199
0.145239016792504
0.122713436243909
0.101235726593419
0.0968347936531759
0.149643864721878
0.159903458936383
0.106923389237584
0.219379048336768
0.118451509106549
0.126690297041237
0.0948299489467941
0.100892304882059
0.14068359377965
0.159893831693755
0.13326981204379
0.12432517363397
0.193156881766252
0.140726600720602
0.188865452244712
0.0615255312891167
0.0632800669711246
0.173312530472383
0.111532858923015
0.0799349782463211
0.109796787799727
0.0931538130455407
0.125337574239397
0.158833983643568
0.0808474152450135
0.100847372123391
0.303742015363686
0.260767591685159
0.143587637349366
0.332216796313299
0.119223865587531
0.228153647111445
0.0671660547701398
0.134856341864366
0.0961119489500156
0.10766363154012
0.0955308834620671
0.159124692212628
0.104145198743113
0.114314462813659
0.0795111580134902
0.0652205737731573
0.107951958910487
0.115088391162045
0.265361494531842
0.068552226301879
0.112526523315582
0.0716456185062412
0.294386744875022
0.0779050918778214
0.120889353301624
0.198555653543943
0.126283084257666
0.149711393132413
0.0888038554332548
0.0731189945465269
0.0735383628319971
0.165147500249805
0.157909967702482
0.151309041589478
0.175107125508125
0.271640564577834
0.117742989089233
0.187998346320852
0.0941027225779848
0.118716813286396
0.133236738122315
0.177402830612578
0.132833094835154
0.084146485995277
0.130738089248427
0.0688930084175597
0.210789170984353
0.119952619568001
0.183636817086186
0.0867762534505083
0.115708268714429
0.139868038865063
0.0927682490291841
0.173861207883535
0.214790582007792
0.183953437911093
0.206972199478199
0.190932757883294
0.100657250053415
0.205673132218697
0.118989381682728
0.211338565992377
0.117272994794474
0.171481640508042
0.0860347963671521
0.139190596663555
0.0929584229812812
0.146546280189855
0.104331621077293
0.138767261813637
0.135814857821937
0.130738322237548
0.114975529599926
0.127645992923469
0.167465982885116
0.268062345412615
0.0960503404929859
0.167191793516021
0.166989441852835
0.14399541136334
0.0716183290665553
0.112535431335925
0.137043528946798
0.121628299326833
0.120091309448956
0.140610846400814
0.15054097634422
0.141570248658536
0.121936850477095
0.0949550543985954
0.0844570207204341
0.0599150647831553
0.117868842170098
0.217213892806646
0.110024370316318
0.106650552967198
0.254265518804596
0.128085969458134
0.17917729078287
0.176688043235329
0.145966618506012
0.0663306420421853
0.0912528868899656
0.096260178798292
0.108518894165851
0.17059169611023
0.0733744578581469
0.0887215342134792
0.110070377727499
0.130060746834342
0.149549301117944
0.0818164918010656
0.199788397434764
0.182398297455799
0.106432817278821
0.0955439503641679
0.155640711173737
0.140762734642038
0.132762247871397
0.208778604307891
0.102246182596871
0.164849147853192
0.122808888505382
0.123706885935745
0.12245461784424
0.109773352249137
0.213220700499506
0.176074707420296
0.176442962329321
0.135258865302131
0.126358340820943
0.0692038731280201
0.142959992842969
0.0861666373899524
0.0975736645667275
0.133017652568417
0.131513720734805
0.0853757446053011
0.0921216830521931
0.14968092403369
0.16881780616988
0.153243229469652
0.176293849986798
0.104882426519103
0.307831249341052
0.176583486099894
0.0973118510533291
0.0917319424375086
0.290068020359335
0.160623318806647
0.105618456316091
0.221927549316181
0.103782798587266
0.219844818688124
0.174670600559626
0.0904182571641892
0.1237827159837
0.251899464660236
0.0618957889245431
0.0548338070610973
0.0678196609221235
0.0840117827982481
0.153997448267674
0.090902547754198
0.184153422014495
0.105894432455238
0.115856286887095
0.09553821603809
0.120220267130474
0.106035608039194
0.208632320616622
0.114000170007766
0.175215392932334
0.243528912148471
0.0778618886510257
0.285989556134319
0.13853632926135
0.282989292395791
0.135827840707734
0.239518900327666
0.16145341278929
0.259499120794957
0.112965664602889
0.167290590146294
0.133229453991853
0.172538462980071
0.0690048062128625
0.0794462363846904
0.143126973761065
0.174376748936905
0.111588549960227
0.0730276003409255
0.17531730699012
0.168509894381804
0.139791750814501
0.103308774536078
0.124383014738001
0.107917763338363
0.13457699770824
0.0779801520244051
0.112225317503804
0.182373239176777
0.143191777783926
0.239729381028916
0.0698725159235764
0.107279197234078
0.0854600482849972
0.119122799414795
0.148152655157956
0.180884751317132
0.101908047416474
0.145495286097614
0.172332740514712
0.133316593384571
0.184360755492514
0.115219440657961
0.198463812052987
0.163008422020621
0.142117330440205
0.107958110150308
0.0862470365699646
0.0669014674982155
0.127638848360421
0.0766639616013048
0.0716958104133894
0.120974210645365
0.0584505561311248
0.0953639298822795
0.169581438006945
0.119092313383722
0.112548618080763
0.165557520275833
0.200004529758805
0.164090554743824
0.148618829840286
0.127510401247179
0.279834894611234
0.102833126188199
0.315430327134842
0.157644336746057
0.224070402806395
0.160478766919908
0.110689546959817
0.148018945724047
0.153229362071188
0.136588502035955
0.276311887354195
0.100636766557947
0.142977895654398
0.074333791328129
0.243316611703283
0.089744476950533
0.152127573673799
0.0641914149746152
0.0636681724165617
0.117883536465175
0.123284682642398
0.12963120431642
0.0908906269175798
0.0935102925815764
0.181980000171834
0.143660645582234
0.0761703970785569
0.079565884739171
0.101634534899756
0.0922981971091908
0.230694059228143
0.169303752450455
0.0714048101815728
0.163144296379358
0.0795794634309698
0.131517177779929
0.0785339924755357
0.0972568516971239
0.0690961252716216
0.20155866222286
0.0920453112957804
0.0878481934240868
0.158212438329727
0.0786636833584998
0.192354055118063
0.116711479915217
0.0915718027068508
0.192943748027547
0.0864193062985728
0.12563212180231
0.109466245771222
0.0994826881259187
0.163409460868285
0.159701517621144
0.211483424306555
0.192884775343097
0.138540518209509
0.102882967469077
0.151934924620043
0.105263502769875
0.106432052643178
0.14607921402205
0.0798494295359397
0.0763966712464646
0.16277134188924
0.0989075861658321
0.228089550229141
0.157570751279067
0.173120765164742
0.122814593445982
0.118516977251406
0.251931626004233
0.125183516971618
0.169865188910571
0.15911677612541
0.17144408736312
0.0819870567254403
0.102997716221053
0.252423805835292
0.102370834520675
0.0976749967681431
0.133864580671482
0.0829287341785037
0.0767334195514063
0.150952323085158
0.258596465867916
0.14522283016073
0.0764787729347139
0.200199936099216
0.14189592011579
0.177162065601392
0.171915633639197
0.135093963361664
0.132964015370923
0.0930951869819907
0.113971713669503
0.144415670353751
0.249975991403159
0.12938507399272
0.158264781366436
0.263399484802449
0.10236697535341
0.164482030697416
0.238775386738991
0.0794522894114125
0.198994743347704
0.0892288235246076
0.201579934524171
0.132480772398656
0.10236610333233
0.235103269757744
0.138981155542841
0.152104493354616
0.112875569526558
0.146635405564163
0.0819526955362885
0.1308438602774
0.158890688782434
0.216025875002409
0.117240417332809
0.128873239650523
0.204737763876258
0.0540352545351026
0.14620913240506
0.0719904312017157
0.107568260696933
0.0782207984251977
0.0963641166406186
0.181027083556659
0.085062443653832
0.121196549156721
0.104893050292087
0.142486691754702
0.104157439245293
0.353153527830621
0.154060723869367
0.130500582625523
0.125853818698696
0.126727878737495
0.170372554012577
0.223618755472546
0.14808502335725
0.265152823591975
0.0940992280595286
0.160052220680144
0.120927018596953
0.0768462046919083
0.215529406661846
0.0760072098564314
0.200450365067741
0.0721025813729365
0.0671811784091204
0.191676516350331
0.14794004175298
0.117679412241476
0.145407084687926
0.164657649980202
0.094214370902196
0.134219455008261
0.112468300983682
0.0778860629682972
0.103574347118967
0.161082454670768
0.128356891370978
0.240688531745296
0.233773787714016
0.199722721732499
0.241181723461219
0.122317082728822
0.144986256703827
0.130237264328269
0.141194734817964
0.150484902916129
0.161231621738811
0.105317021529762
0.200487453059311
0.110061785844737
0.133951018502062
0.102234468257408
0.087388695177655
0.132686527411491
0.154264569139221
0.13089235105743
0.169733431793073
0.0998652658046714
0.0916755799004634
0.0732623032458816
0.113288692500563
0.061555598148115
0.236598563650577
0.150083636313106
0.180215879593026
0.157081690591188
0.147589473456442
0.136528417795094
0.172648567224333
0.146678371432826
0.0675512648868487
0.146194677315402
0.146958485711338
0.100491235093017
0.111307374016006
0.126123357251515
0.163878038839652
0.181909421364016
0.211863260070156
0.080919306479498
0.0905131682857438
0.0653197622002026
0.105030286401915
0.110978363761284
0.080513509179941
0.145182046668849
0.237602827097942
0.1958263929169
0.115524179184737
0.0663408753042192
0.176025213803011
0.175985303528018
0.0625651954129156
0.3102846362021
0.128946344674059
