0.17
0.0860939845526475
0.0713736447814118
0.0874320981286202
0.0555928625268058
0.0999078755245089
0.082667580200728
0.115958084346079
0.0814574086394667
0.11262150102822
0.0735676691362079
0.0714267724646484
0.117176419347186
0.116906587647507
0.0882300681061425
0.0788042813454005
0.0834010070101314
0.10392593167117
0.127329188720053
0.0806562537570646
0.118659705888954
0.0857076198056844
0.133043367625294
0.0962456412230331
0.090920457006013
0.109517868185865
0.099127907647524
0.0663686865514439
0.0894865107293964
0.0861843895530337
0.115659748411181
0.102252869936781
0.117593802867569
0.0829188856318514
0.0768627574585785
0.118227869205247
0.105559476830863
0.0741682882196431
0.0799034525594313
0.0958559779687256
0.109127443114379
0.0750516758579448
0.0760820634621356
0.110259663423186
0.0928252383212775
0.0866412610873837
0.0749648955589681
0.0856592739744691
0.128840824503514
0.0615555727714866
0.0810226547965087
0.103825984567198
0.101455282537702
0.0906547359687709
0.095149380703487
0.0670283536664978
0.0658628920888219
0.0850199482620897
0.0871198504182726
0.0840053636428964
0.0888713327275742
0.0796155944336122
0.0962895856520597
0.111099366089002
0.0806260277143759
0.07428198853549
0.0884617665969114
0.0928648618726911
0.0800458422854755
0.0749782050778988
0.0771364698463664
0.0903551865492231
0.0899707205436399
0.0652859981460279
0.0894696405062354
0.0654345908292041
0.102181299342283
0.134548450266638
0.10516019230656
0.0657114954908608
0.0784053744062829
0.0810508119367994
0.106649405862168
0.0825516218345822
0.107059307919027
0.0734993626870892
0.0908969479168646
0.0778359300324992
0.0827662413375375
0.107660098435575
0.100155899060417
0.10542225679345
0.0910585040385072
0.0834182104306554
0.112852785597838
0.123083634375933
0.0962873934800964
0.113198020133678
0.114453342389671
0.0694857176309285
0.0852964784252479
0.0910689267682302
0.11459886201791
0.114722140365464
0.107117465234716
0.106634302928991
0.126301510807393
0.0858226973082047
0.0784958538274425
0.0873423199855191
0.159418878773645
0.0983436639375191
0.078327274644
0.0700983487020814
0.112707962138436
0.14044185181744
0.0745723178268331
0.105581045222338
0.0825373684137605
0.0743563536432553
0.0980316796934868
0.0866297487764068
0.116753981376797
0.1361220693294
0.119896613880268
0.148860652705343
0.085614116264414
0.103801098738388
0.0704800329053512
0.0990569737276845
0.0745213488136049
0.0785788822451295
0.0971433870763036
0.0690275777109969
0.0852268115704887
0.11609168440126
0.0962217027227798
0.086098873476052
0.077811906129175
0.081762689345352
0.107265208215091
0.0643905453467261
0.0729559491455927
0.0695940303490766
0.116335216652361
0.0965922928692069
0.073600136378513
0.0740165888219624
0.0827930993902379
0.0867700778566523
0.122067389081442
0.101353539774188
0.0815092096346957
0.0792479194900711
0.0708864432898691
0.0802894681027432
0.0638311348988218
0.072401031503025
0.0786237675058375
0.0973872401515493
0.0961225326344817
0.128038401983031
0.0805310782509183
0.0917080520164987
0.138601135355432
0.0806685937837055
0.0717910079374977
0.127754493297712
0.137475322032882
0.106600939281637
0.0776871172095814
0.082740045273169
0.0634611827610589
0.074362044305858
0.0976523179081475
0.0983757224069159
0.0876157935173864
0.112976972577256
0.0974018237983166
0.0835548505080881
0.0840760538216493
0.0777193338183212
0.119520642485622
0.0822888174355491
0.106013536964587
0.108699115592973
0.073027423259384
0.122007730419831
0.0797986986859508
0.118994974630075
0.0766165341097137
0.0839835881563089
0.0809578078912156
0.087968124453004
0.096979750467823
0.106163659067035
0.0834206758515352
0.0955906796790222
0.0620832287457522
0.07989244717259
0.0938245489410809
0.0891579948100574
0.085683876772022
0.0821628774432776
0.104356275100063
0.128777019944603
0.121758184777458
0.108976705918447
0.0935562168557679
0.063820523702366
0.0834306836076959
0.0789209630828327
0.0857640318273496
0.0999062866493269
0.113781671004713
0.0823071413359295
0.0774231027766341
0.0624816320132603
0.0779575961146414
0.0846992754740869
0.0752064115791839
0.0839926923804369
0.0806101329235894
0.0899392662189376
0.103194086999205
0.0648572018824826
0.11096833566602
0.0811739485149911
0.106173742723601
0.100087734738696
0.0649362353145814
0.082190350911202
0.0922357312141549
0.0884828407764604
0.0742923421889165
0.0781634626406576
0.070921387814745
0.0894679599417007
0.0695826802614845
0.0835421368364819
0.0794079613553875
0.0581360848825676
0.0986292436908812
0.106390285773491
0.0670956842825276
0.114733483259571
0.102057895839073
0.0891527313319432
0.0840989304412234
0.0718349330009954
0.0642417172064804
0.0889971341644111
0.0766609372036392
0.112807691599922
0.0637028471892969
0.0709829764900453
0.0738161697928349
0.0998977096323005
0.0889462923644335
0.0888134851082262
0.110426952386642
0.0975100787221768
0.0726982110291846
0.0952306962040476
0.081435532349927
0.101537447422248
0.0619216454005144
0.116005017681303
0.0772531258827002
0.0976811662047878
0.0909259520835036
0.113311637144041
0.0746448081505389
0.10493894891557
0.0813673697111146
0.141766816827643
0.0741445100312711
0.100635823821269
0.106762588287361
0.116119386105106
0.0609008754473229
0.135567569842764
0.0844744575189527
0.0746407175888435
0.137444129381722
0.0882630133567514
0.101108799777793
0.0880174027386739
0.0709934485131729
0.105549616108131
0.0900911017892863
0.10659473863556
0.115494393027503
0.106793027352121
0.115990956091698
0.0971950906149134
0.100209879093959
0.094550766496202
0.121682316146451
0.0895935810360875
0.131886094425783
0.0845775520932525
0.111728162061618
0.0823079363962663
0.0891807865116907
0.122337804531865
0.0807935645412364
0.0983119578269476
0.0968301858153104
0.115391317700028
0.084809876497791
0.0939849148401152
0.084034989542743
0.093156119438694
0.0772274491431466
0.0726033418816572
0.0617409342154199
0.0698372989654881
0.0800710158656354
0.0784009955460946
0.109623437400208
0.0891471452888735
0.0669765618530695
0.101144416384418
0.0641991188922176
0.106622412510619
0.0902765969879996
0.0736172870947562
0.0780759708669446
0.0836079233613359
0.0789842142588966
0.0745997699004954
0.0879818741210424
0.09907159811647
0.0772007503705441
0.102210882957758
0.091656419746634
0.0768940825324929
0.0881228090875758
0.117363757273952
0.0971778146763625
0.0686027762889168
0.0696780348361458
0.0803456367586373
0.078976594404992
0.0957213903683053
0.0700346299360999
0.110888048860591
0.0862780294740139
0.0725023057164312
0.0961820406365852
0.0683695527498507
0.0795633010151358
0.101313028909555
0.0855891424067669
0.107775350970232
0.118140939699357
0.0866084624850271
0.0993945898484168
0.0876603791168588
0.128532054620302
0.0702590572238558
0.0902781286356503
0.102813981539038
0.0809876816905161
0.0986105562570616
0.110881362516808
0.0871971721349226
0.0563541102100733
0.0940893909076699
0.0765426913283642
0.0940408566376586
0.0836764290091599
0.0922067081384821
0.0872703274251938
0.072401390811548
0.106640513634164
0.0908692393935072
0.109040719309239
0.096257640146422
0.130901045055427
0.111610722178257
0.127046858212404
0.0974222619523046
0.104518908827516
0.0896509148735148
0.0784519849639356
0.0710836434710898
0.0642040713322607
0.107013953163096
0.0861510698428577
0.115158688175971
0.0690524046919087
0.0807690357839418
0.080074848883594
0.0714312324247413
0.0964474419047586
0.106441469899846
0.062056918311248
0.0858934646609895
0.0905038455497311
0.0900272142332916
0.112643508244353
0.0944749641496285
0.119149078577859
0.115831356360179
0.0823211121453632
0.0764382852132954
0.0659515009519977
0.0865250229576095
0.0695815819111798
0.0927234769427498
0.0813261485385332
0.0742235084965718
0.0935596213942615
0.0769735574503008
0.0715409958589637
0.0883690344961366
0.0903032339520981
0.102715391623776
0.0775821576393041
0.0859409662473597
0.071559573272501
0.0823036431254753
0.134378830334268
0.0891501607572507
0.103810966249227
0.0650051172268666
0.0798876899792665
0.086831448305802
0.104955158157833
0.0907373023463957
0.107767688111251
0.106145383118467
0.0894659245712749
0.0800908444475103
0.0719286624065387
0.0881133825780196
0.0990843179102655
0.0894643283585104
0.085147117809697
0.0803603228381016
0.0783507843816644
0.0953877967138522
0.0865557027072557
0.109477025138491
0.085605526579197
0.0883558486837411
0.0729129551603899
0.111623542320794
0.0659005882430845
0.104252002155831
0.1043829656126
0.0812540630144735
0.0872652034028183
0.0805737144394007
0.0793611054566836
0.0731752735399647
0.0597499057532091
0.0790263717558334
0.0840046704772122
0.0679314140853329
0.0792529436421591
0.103049132498305
0.0842967675064579
0.0882252749424338
0.119285317903604
0.110863951245884
0.0623647015149246
0.0779023563374704
0.0692300493137677
0.0697104432484603
0.0842283899820456
0.0977354618118915
0.134687335706867
0.0746203990399018
0.0739218077225568
0.084725240974579
0.0756327018825518
0.101681114883392
0.104820691132632
0.108815035915692
0.082871632603558
0.117978373808069
0.112339444302481
0.106916337586476
0.136252726787189
0.106603311528036
0.083294608350241
0.11095630538265
0.100916731107674
0.0874999193913288
0.0736688321172533
0.113930713727276
0.102056660155647
0.0881025430777662
0.0952901320082905
0.147131949895483
0.0781653815067274
0.0959721091549181
0.0859141746949292
0.0940360703283503
0.0763716268561378
0.11872005187914
0.0930854560032219
0.135940251325116
0.155060505661162
0.113017598124473
0.120455556254012
0.0787358238276878
0.101625586862964
0.0745855781359077
0.0654586352066073
0.119107373729271
0.105654665018278
0.0750423016282113
0.0901787223885233
0.104237503713384
0.115607751778545
0.0988385189195369
0.103091369726365
0.088013421231504
0.0888435658698078
0.0760210551130545
0.104630669541096
0.0764043827280027
0.109505062246798
0.0770240295144784
0.0990141390463213
0.0831965083937929
0.105492109825752
0.094874282254385
0.0780785009109513
0.092037977786439
0.101633582297128
0.131986677271173
0.0970584157093046
0.114126630520032
0.0633073989486583
0.0736336273058299
0.0909082798760139
0.116531126489599
0.0809917769527941
0.0943576335305737
0.0852347262973413
0.0660855559941584
0.0957822530635461
0.0703776005322157
0.0712852081254546
0.0616674309736948
0.0775656971634631
0.104036442477305
0.0933285242817792
0.105794048138274
0.0794782203272992
0.097906732187348
0.0787308497683226
0.0920398572650784
0.111256013089055
0.0755498975839701
0.0905410830241959
0.1044564408983
0.100222739486945
0.0838206208167056
0.0822753486624456
0.0886257559226704
0.103491280365138
0.0988433726086697
0.0935577353638541
0.0794358491084213
0.145714315883077
0.0881774783034179
0.0804237977677296
0.135340113748503
0.103132900708741
0.142476048325569
0.0773984796693496
0.0753366219257372
0.087310345644902
0.113928595520344
0.0929309865758797
0.0920328391564718
0.0621564621020505
0.0820690591217997
0.0818108676344917
0.0961303260324001
0.0969488847284377
0.118814541927586
0.102110749422976
0.132393945775134
0.104601277865185
0.0630230432029419
0.107301024172587
0.111742909595243
0.104263097953117
0.0933309018477821
0.123338440086129
0.0993262116139674
0.120534984185789
0.128890368959866
0.086461055271426
0.0806243125527906
0.0861812741282238
0.0763446789095063
0.0695682573237527
0.0650765232247162
0.115951756506408
0.109823720439838
0.100263383809189
0.143305192458692
0.0993877687033541
0.0882148241007623
0.0721165058839048
0.125523769674388
0.0724538297131872
0.113546364224037
0.0905389870264285
0.0777162923401698
0.0843719234864205
0.0959808928671839
0.116040257574938
0.0683975579526578
0.0772422126153652
0.0895921537770101
0.106449748868149
0.104132297247611
0.108282424238351
0.0901595694119848
0.0842239552858054
0.13537357142589
0.0840292839054539
0.07247672231854
0.092367664258969
0.0976843183826522
0.116569612628847
0.0982161640912503
0.107234381341309
0.0828794088668563
0.0822915826929495
0.0696426809614393
0.102623723419716
0.097161683907009
0.097820745901804
0.11266051997792
0.0886302450063379
0.104679119253556
0.102913040743527
0.131074795709326
0.0659352740254505
0.0914546954155618
0.116774662008287
0.105098847845197
0.079849547470451
0.0660742464979509
0.081904995797174
0.121569134714327
0.111616442838522
0.105630233438535
0.0635644603676019
0.0829634352663542
0.113995679190111
0.070518625641227
0.106084901273252
0.0868261824013764
0.105205814072562
0.101658774005378
0.0732082610449895
0.112205051320529
0.108779447001679
0.0720953671800154
0.0790990101596999
0.0691789288953402
0.081427229905629
0.0953504190243855
0.102665633334784
0.0844263477656664
0.0892673047204871
0.114616980918682
0.108495264569711
0.0905497151436265
0.0875743387338283
0.117647478956754
0.15009007462091
0.0656902029213949
0.0962749044719924
0.103672297854059
0.0856372242109802
0.124637760538632
0.100933283455944
0.0767353764199602
0.0938017682061749
0.0981138342933064
0.146905129178996
0.104316116322205
0.0955276214111711
0.0973342971696691
0.0921348325322445
0.116665996687953
0.0950979120685508
0.0598045814266966
0.0623074472472864
0.0803440406857484
0.0707527095545725
0.084525612148649
0.0996188095939188
0.0801666432089621
0.109499135454589
0.0655971869646545
0.0912197526551621
0.130112033122277
0.11767014817534
0.0818475855740565
0.118980246023813
0.0729129680223501
0.0660766719553188
0.109088854717666
0.0743535184267755
0.11978573105687
0.0900969201732368
0.10671121615863
0.0910152312856185
0.111165646004097
0.103823714078667
0.0745431494492515
0.0923766039383416
0.0780921587423494
0.0699888228729799
0.102940324652976
0.0945197823497313
0.110818742269988
0.0618569012071432
0.0831723311443891
0.0837654316229903
0.126136391213468
0.0821453890002938
0.123242978747871
0.0707189118510071
0.0941830128675584
0.11596599818957
0.109476803663088
0.0868567303960881
0.12551843905056
0.112148815097727
0.0961957124273528
0.103568441722936
0.116175039988389
0.0947860997412696
0.0912630807220672
0.0834090912642802
0.0961722005124951
0.117549919079394
0.143524014650885
0.086000510867908
0.0808280385931113
0.129977967937203
0.123483508064094
0.0956293123889912
0.116708893893019
0.0766438172004264
0.0981437089310283
0.0883530787346693
0.0877451114873116
0.0834102339616709
0.0686411690854246
0.121120426669252
0.106500429123522
0.0966358725735683
0.112553683332683
0.130789136397688
0.121221327475316
0.105811177218106
0.154422206576462
0.144037934458355
0.0825501310460929
0.0864546549279512
0.120976964914553
0.108887639300826
0.0789852659880309
0.12057099592252
0.0933350556949959
0.0954110515580141
0.14138884553844
0.0851686270755085
0.0914809142848579
0.115664238883053
0.0791434042619213
0.0743477266181767
0.0699397536647712
0.10483228786328
0.130814908220513
0.107755242065512
0.117853122842309
0.106848247589481
0.103792387581393
0.0798761779347778
0.106403058728168
0.159976076841614
0.0978599692655437
0.129029550483259
0.10852381086486
0.0674643438514766
0.093793817809575
0.118829466803523
0.082800477831399
0.0998901911019661
0.137421583305826
0.0727194085364633
0.150234418425238
0.0591412210577599
0.0815866662032431
0.0865323262046073
0.0870570150823554
0.0842990465564143
0.107832334858192
0.0974873298666819
0.089873777054736
0.0755793161345787
0.101112941856576
0.102208109892722
0.0790011215108479
0.0922087541273453
0.111440384470601
0.089978609544859
0.0819519349029023
0.104699751797034
0.105539625532902
0.0899866660062029
0.10488017826007
0.0929172136421459
0.0813601288060647
0.128888528889757
0.0766917665615951
0.0737245133242603
0.0790519169073903
0.116943657265674
0.0946572394647122
0.111399543008783
0.113759414554831
0.145786043435647
0.0865688551840628
0.128394512708942
0.0981303910009802
0.0704500718856375
0.100066579315615
0.141118465993065
0.0757591408444676
0.095424862079376
0.0908524363390318
0.103687141836688
0.100531643769278
0.085087682259145
0.0704400055296554
0.119167092058304
0.113501061091679
0.107553097975526
0.0843231183602065
0.0963142730411009
0.0816080177143151
0.080922511393898
0.0998653760324715
0.119024389479401
0.0687094047816505
0.0730515545661471
0.080202948746155
0.0900527627939472
0.0925003111436971
0.100315388225712
0.0665002211298974
0.0928138657400976
0.0839325340754086
0.104405475632559
0.147358928487395
0.138348963422509
0.0891451593982285
0.0955858673512968
0.0810933666672889
0.0967465083237224
0.081156002130457
0.0886210933406383
0.111524044765182
0.0972014433530677
0.108165473889156
0.0877920858523775
0.083015647635175
0.0892767866699725
0.0940888480089154
0.130623490888036
0.0921427443588119
0.0846589958953566
0.0888516052210699
0.102638079224377
0.0924164563123901
0.0993372611899029
0.0819737064306895
0.0993703504530798
0.105414152292404
0.0729056709203092
0.100694493893493
0.078225700969301
0.127368444241228
0.0890267733062999
0.103066611102772
0.0994000814448603
0.114976877988377
0.0892394304002742
0.0724305340151331
0.0932606313929411
0.101995317913832
0.0737428311112895
0.10136252891162
0.121422334657112
0.122185585643223
0.0655578624778685
0.0796131116354332
0.100931883143249
0.105332280761341
0.103796320927563
0.135914964665972
0.122749042653952
0.121736622553164
0.144955095558159
0.0761067544567999
0.114788893728216
0.0623776497328018
0.0809758807869465
0.1279141297088
0.0730444155352137
0.100723053950102
0.0812429813066782
0.0752912327962361
0.0759425525096012
0.107502310999376
0.109736549414443
0.0966288117100888
0.102391132058381
0.0841432304213909
0.079678398557771
0.0568247097672979
0.0792181601296287
0.110614450843572
0.118589660126717
0.0984240128237831
0.0920692661010792
0.0812016637721362
0.0823716332238905
0.0792241717876455
0.0785338640166986
0.0770788971910916
0.0894035067744054
0.139275789349363
0.0684555259834281
0.111416366417396
0.0998727891961766
0.114344931216865
0.106786011251449
0.117145926360202
0.109632873245382
0.123172140636351
0.0761053539836885
0.119726470574003
0.131647347760874
0.0884897032726123
0.105834640015773
0.0788935909879202
0.120236767283591
0.100941007178512
0.113827044252863
0.0743375507394108
0.0726700928735329
0.0708240190177606
0.0718480910193053
0.0738681593613327
0.0874767109851977
0.0683829451686389
0.0795914593748561
0.101653290119317
0.0933775674563188
0.0981888342985438
0.0959951670212
0.100827982795757
0.0938656569359261
0.0731057931214205
0.128982850430815
0.0827158262751108
0.0947379713228614
0.0744457449998803
0.118966348352253
0.109908832350468
0.137017787708066
0.0887511373481981
0.0736283779936505
0.0932175012264141
0.0769627054679273
0.0840756670851115
0.0702357676090005
0.0895878752860287
0.095227432051751
0.0864552618447466
0.10315907133226
0.0683719515799111
0.130814024705172
0.078449688995084
0.098538210482189
0.086322833919588
0.0733233810753696
0.0967554766297325
0.0854540361309138
0.095552996043882
0.0809782336825009
0.12766344115281
0.121378309041547
0.079300816385301
0.0781665559508436
0.118856047677566
0.0780048781872459
0.0966266989623327
0.118278883949888
0.12152155314797
0.108385147343333
0.0620248590249919
0.0916921847756281
0.0838644134205089
0.0995503569053015
0.0873104827984603
0.0725842419831568
0.0666524964473254
0.0752276202311034
0.070215919544959
0.0605535007990859
0.0775906416117181
0.0765428626992073
0.107117228211126
0.0865429199984713
0.0816777844004835
0.105191860028786
0.0859636102591197
0.0728836846415975
0.0796415066694703
0.0790577716433018
0.0751896976025335
0.0840672683161837
0.0911188502617545
0.104075376325084
0.0950443138628392
0.0970823236624274
0.094288316954533
0.10094684326463
0.0723196227947487
0.0826949285783518
0.0801990307804065
0.0856248294724411
0.0897672424265289
0.0943210830465244
0.100171667939538
0.0909554033885672
0.0824038779284797
0.0851949322783396
0.0822487714025028
0.0964699274296906
0.0947402752551327
0.0801857043695222
0.063930947743212
0.103808278188091
0.0972614448289822
0.115220988557948
0.106788486204828
0.111467901473164
0.0649125965183807
0.0730718053862518
0.0993594855022481
0.0870306517249829
0.0943900985136926
0.116002393185902
0.111737573451163
0.102076197027657
0.0751057622800162
0.0635257314737693
0.0772156062893129
0.0732236381746694
0.0699967839192143
0.0618081849621625
0.0924865572096674
0.103371141847073
0.129642673567324
0.0916542601053874
0.104167703799625
0.101556926069482
0.0930201168559624
0.0767142780827873
0.0630259374456578
0.0850118175113629
0.126911988398017
0.0827565434315526
0.0624004715332216
0.0715326324805408
0.0683588083544471
0.114895479998459
0.107882421472714
0.0749976328744694
0.105033238368948
0.108682930857183
0.101946345713311
0.0801206398157357
0.0958249010672949
0.0829889725458201
0.108864772823393
0.0954668771857675
0.0745283502565199
0.056439932034698
0.0758902829769178
0.0711226260102259
0.117542040569659
0.0839473632452576
0.101527395914268
0.0852770840180544
0.0916807394992634
0.0717966076836248
0.0628121501830271
0.0727629184914389
0.0813162599099044
0.0724756608133177
0.098105832636068
0.0860902434838146
0.0973341741385072
0.0666705716081161
0.0752275424355662
0.0740115312812139
0.0768502537706059
0.0910339179065158
0.0847061170582342
0.104479207115638
0.0748055022894226
0.0775768188153975
0.0885281457481916
0.0848768356362716
0.070361023145001
0.124200575926532
0.0982386759275451
0.095009645045875
0.0780604656039532
0.0692432534436437
0.101246842067798
0.0923872569971234
0.0713772098072719
0.0741167358423938
0.0858972648316489
0.112253996443658
0.139192893599905
0.0969281437926636
0.0850203337246031
0.0818470159155683
0.0717402583233721
0.0797175646947081
0.0680423004134864
0.0703860353232861
0.0988595258290875
0.111439416484749
0.092748895277681
0.0886700461049567
0.0736950517117736
0.109679269735071
0.118908384249174
0.0577889465487917
0.100911026657412
0.0766350600439756
0.076973433412592
0.102047747562546
0.0886389900836612
0.0729373981443344
0.104831619008837
0.125875374598261
0.0871024604566767
0.0833197776195414
0.0858626559344431
0.0898420482981605
0.0776207673993347
0.0867943122417959
0.0943801204023374
0.0978313553535424
0.095563803742871
0.110339017621534
0.13807061584996
0.0816176641923658
0.0905415621004626
0.102604044785971
0.0660131228623687
0.10151313068589
0.104814937664233
0.100359008228498
0.0839195026009304
0.0958741564376919
0.104665058286257
0.0737332787796139
0.0911137797579505
0.115366530454665
0.0916546069805285
0.10548988840953
0.0951822002724425
0.108279150650141
0.0868133571039615
0.10651867597209
0.108240880638833
0.104250759742396
0.0740084814727286
0.0923760795773189
0.132798641881133
0.0673510803086206
0.0595391295782685
0.101987142306247
0.0913511066198007
0.110166125693378
0.120239301093863
0.0897572591130392
0.064781861459745
0.0965919592202483
0.0891219821110169
0.0865183441389192
0.0727169986397485
0.099466258891643
0.0934773910931782
0.0795134404420113
0.0897897519471068
0.0861706662066703
0.0910501037720088
0.0587588431518254
0.0915710977416423
0.115603797209494
0.0837146630749993
0.0701102577570877
0.0724968886144999
0.0737986502429964
0.0792557862347399
0.113382288299188
0.0837276348034323
0.0952208167578172
0.0754850497890618
0.0753642309699713
0.0677553028367333
0.075669956805317
0.0788796745283585
0.0630375192926122
0.0881199840177253
0.0835363624990706
0.0887696424891075
0.0746303903391884
0.0977124984029978
0.0919487886875335
0.0600171509793048
0.07282637009782
0.0908848111627786
0.0762858834589396
0.11017199302952
0.0787488809652516
0.119152394123848
0.128165585020443
0.0742708523070086
0.096505199345625
0.0846920740293837
0.0891698667422233
0.0968173053812404
0.0812475237968192
0.116236439933449
0.120361281599682
0.0795420119200613
0.0906326375927657
0.122593376009403
0.0879739876021107
0.123576533111137
0.104288767703171
0.0818169854268463
0.0859640682284086
0.0783650835339974
0.0833983252242621
0.105729425110955
0.0874701561079668
0.069989829063705
0.0605164227583145
0.125171371253634
0.0963321304640167
0.0950792620462941
0.0922353786751264
0.117678898522721
0.0769517086601441
0.106715463078528
0.0955024194847536
0.0805376331797263
0.076678876347842
0.114291782063662
0.0797998905242251
0.0912009317253136
0.0827528608020592
0.0996314889622436
0.0897105737154838
0.0640369879193371
0.0935391658455799
0.0721669025827831
0.0689147753708302
0.0782213477088793
0.0717606504054306
0.096643324678928
0.0845927831732661
0.0621840264297241
0.126865082270243
0.0764971717558599
0.0806224152001252
0.0739974000587328
0.124280497579169
0.0640540768189164
0.106094874713039
0.0926734566446121
0.0670980694027777
0.131743302454276
0.111497678937374
0.0854591539625077
0.0979430764628573
0.099737935336031
0.0702548441881553
0.0707106033192987
0.0705280076590136
0.0977376305485201
0.110801415162952
0.0862682514286414
0.0945607832259081
0.079882368572494
0.107115844167303
0.0887529317467436
0.0795485759285392
0.0787149981462064
0.090719580174899
0.119202894565266
0.0866330403335017
0.0942352371727354
0.0859712266742838
0.132878133772317
0.0875011468874405
0.138657306028839
0.0970351625423011
0.102690651981617
0.0991392306826173
0.0698217741873632
0.113632865966896
0.0931131323553702
0.086219780901506
0.0727707990247061
0.120620407483902
0.0884002842362923
0.0808165754701536
0.0624058415845238
0.0768398911317024
0.0839107786863275
0.0784071176186167
0.0901151545826534
0.103526590827544
0.0981566134815095
0.0660211473922037
0.074432765237958
0.102301009555248
0.0849807016453311
0.158766890814765
0.0929646572051499
0.118604113786104
0.0714401368744973
0.0814324278141148
0.146904058721044
0.0982909871560722
0.0672679752413351
0.0568699807734684
0.104993048344814
0.0910129155213376
0.0995101502130758
0.096569328450929
0.0781850729914255
0.102039173762634
0.105952925142699
0.0848784757956949
0.0946521580527902
0.102838134718765
0.0892638903934665
0.091512102834842
0.128611371770807
0.098282528247262
0.089583982417854
0.0804984403879729
0.0735893384992396
0.107633071298915
0.0748235438244061
0.0776084408383755
0.110854028093003
0.0702452570785961
0.0772336710686394
0.112486966423896
0.070980956844823
0.0837696794242503
0.0891915534455239
0.123186417416339
0.0722663570350671
0.12148440990204
0.140003080715319
0.070838793217697
0.0821745206629224
0.073575589809339
0.0666834492694813
0.102104428098829
0.07773179740559
0.07062556587552
0.0952253690517152
0.0858727723398399
0.0801713525655931
0.0727932226492931
0.0631273227248197
0.0797351128170988
0.0742453857515579
0.0999252325568581
0.0996522997147822
0.0856817109358207
0.0958361971819666
0.0581310316168596
0.0925421552939101
0.132604423193489
0.0674959527276943
0.105018616332529
0.0995037660527159
0.0785283789530563
0.074333720776899
0.0860118341956802
0.0725936314581141
0.0736779725523276
0.0940400882191939
0.132181669303296
0.0780083390671155
0.0873096298185618
0.0941261714466592
0.0862946730464685
0.0835667617507333
0.111439943707325
0.0736238515986547
0.0895004039282188
0.111631946954116
0.0856205687512903
0.094210552806696
0.12099542095838
0.0833044534177822
0.0801575345009394
0.0969127267738464
0.0780196033864647
0.0775556632724216
0.0836502280677847
0.0789220215562902
0.0917271387367269
0.103927432499772
0.0799486293522541
0.104131216543378
0.0822214082846874
0.0784467541282432
0.0855543274219368
0.0887303509704997
0.0805976924203578
0.0882169647045477
0.152549244892356
0.0646380927404236
0.0972389161976596
0.140613266897432
0.0713908957714657
0.059154686097227
0.0938677955873366
0.0657665824670555
0.079312242074651
0.0744322270683363
0.0622051863349909
0.0858957775003777
0.126277677890225
0.0790884623325508
0.0747967153072708
0.0801266352767706
0.0828358257461904
0.108093759357774
0.11167649144837
0.0886344517616361
0.0858050245823795
0.145567509543455
0.122072156162674
0.0870114513247395
0.0846646520950351
0.0966135614795063
0.0733562534951447
0.0836803119277154
0.103614590715824
0.120793713079917
0.0721865915602011
0.111411576170061
0.117998799733525
0.101352840110446
0.0963543835483863
0.126548471946438
0.136672666948022
0.0987244850854161
0.114338749399999
0.0831813032964747
0.0934288040184616
0.0873889743834735
0.14288052312363
0.090936896942703
0.0925958257769936
0.0854513800020448
0.0808811299605398
0.0891866096892398
0.0881302629022536
0.0751821682281153
0.114245921958678
0.0940646349210922
0.121707739816671
0.0742664932472473
0.0891166500918774
0.0936780858553009
0.0964417938031168
0.118780092334148
0.0698752906622501
0.0834049390914774
0.0827957729227826
0.0940413333410972
0.0820494755301787
0.0620568173892358
0.104887432357955
0.0901678728055293
0.0923427904186631
0.0930399430121761
0.0696189883950447
0.0875576928441073
0.0777209047211978
0.0884632604005248
0.0780324456179418
0.0616329971026058
0.0643743705212938
0.104556937664151
0.0816779908154275
0.0687243315324194
0.0777138017157528
0.0714907434139845
0.0970423514746335
0.0720768071106111
0.0995244117167443
0.108647263848298
0.0794614852176059
0.1211094007494
0.0951408430853679
0.0728856665001471
0.0803073213022897
0.0959611950678258
0.119069083047487
0.0855858827253109
0.0937539598845969
0.0988869929641984
0.105490325183201
0.0756922555398896
0.157447129009659
0.0852582073613452
0.0898540582387718
0.0810773992155783
0.0851778470554662
0.100314532005163
0.0871043836974808
0.097451754283523
0.0682441793538277
0.0923154488089649
0.0860489306575789
0.0996369465959423
0.124305956658546
0.0871964082824545
0.0935503126977358
0.0719517328112473
0.088269826271664
0.0904408461711725
0.105600492610416
0.0865277646041758
0.0582382368360334
0.0832055310692297
0.0995536643885759
0.0783999276260055
0.0925060993156416
0.087085465484234
0.0760310191402335
0.0845333762803335
0.0935153783912252
0.0776524636552654
0.0762743602482982
0.0718030634878691
0.0915396109485169
0.10335391991738
0.0980228557664883
0.0803002882935658
0.126305857981169
0.110496917947956
0.0920373484017208
0.0840501585259118
0.0748577485645095
0.0770447317833105
0.074590641552825
0.0865782200230936
0.0854948050474123
0.0751803627676441
0.0860091823205998
0.0910468239786305
0.0742375552045202
0.110511284296064
0.0867183915764188
0.127256855158022
0.104559180533994
0.0767912317084959
0.101922382003297
0.0672770154895466
0.0640168216692355
0.0918300990657008
0.12171949417087
0.0886137080560874
0.0869612848858633
0.0893514080179977
0.0632763161709126
0.0755730111333728
0.0993461378593806
0.0911912614505134
0.0922045230706432
0.0892631658274591
0.130947228891998
0.0718665789822349
0.113285513372122
0.0936596687497033
0.0898133658261076
0.0804213822904436
0.0850011008198724
0.107734871677698
0.0806684286570586
0.102548108289275
0.0841504921357948
0.0813659892228603
0.108178644727632
0.0807549232294334
0.0656573631780158
0.0793320878820499
0.0809287361759401
0.0949862471401718
0.0770697867566509
0.122068203137576
0.0836295050616309
0.0820250731514541
0.0996698560303285
0.0870382252798266
0.0840706788625567
0.0873282125142542
0.117484934225531
0.0927947787197842
0.0716001305875746
0.107151864198764
0.0901326920354533
0.0780210962564538
0.0708360105965319
0.0851504994290535
0.08869172757235
0.1149413730392
0.0817861850362105
0.0644640527854947
0.100300765275197
0.125073417755253
0.0865463493303942
0.096961084985251
0.0917582510081459
0.0659593529465053
0.101418778470775
0.0973790477709687
0.0650929522302503
0.0870241208461016
0.112750374677257
0.0769891305441964
0.0988399202149159
0.0725270520814815
0.0958492211246322
0.1142217008879
0.0969061586778539
0.114473191152202
0.103642724772788
0.136591682034486
0.108112348623125
0.101777388790664
0.06478604192825
0.0836716498150186
0.0865716650938968
0.111354378484832
0.0869485604845477
0.0858933576672352
0.0731729885057308
0.0799401042825164
0.079009235293382
0.119296450716151
0.0814489821893304
0.0949241339065918
0.11355621180343
0.0821404338120248
0.0841494031836492
0.0910874624024165
0.0814640034820719
0.0625295791240587
0.10239832995002
0.108646770160604
0.0928869635840798
0.105786908717281
0.102441351224391
0.114945695991713
0.0696363936758971
0.0983483342248702
0.0866849113658011
0.0844615946692893
0.119690028259753
0.106180236949449
0.0926775999355784
0.115933514742542
0.0862254511864208
0.114266521490697
0.0770361806445215
0.105855708577745
0.0876790824813025
0.0938497294753775
0.101350840893263
0.0827282689658339
0.102206958821606
0.109136888191226
0.111659563209844
0.0827695282769344
0.121051602277718
0.0740577934096899
0.115957206106128
0.103970391866942
0.0946948580164816
0.0618158707597332
0.0835451240220197
0.0761840479352164
0.11217702455665
0.0634045463065153
0.144962260154916
0.0665539131550656
0.0824899402171832
0.0964064466873076
0.0753721885273472
0.0902505089139879
0.0774589609998636
0.0845866828986205
0.0933768662143558
0.0776825924144463
0.0660468070080625
0.0662272895379269
0.10394564742095
0.0810193811087259
0.0593068944447349
0.0731555293265285
0.11081622295255
0.0616080834526285
0.0667890686179425
0.0733380300155603
0.0825507128604722
0.0767495786986654
0.084626495476367
0.0817687054870886
0.105562345562091
0.0785700929542432
0.0781131081791222
0.0611761093389425
0.0753925813643456
0.105512974075502
0.0919527138589902
0.0774499637541811
0.0621705765870543
0.0956419853020528
0.124425382401314
0.0871863280540607
0.0893857632340147
0.0895967952508849
0.0838280991098119
0.0903719092408354
0.0788229562933142
0.0762108174278308
0.0763916250854141
0.0906767453100438
0.0932076097295472
0.08194330965285
0.107785427169885
0.0767724770940823
0.102219317873792
0.0691047445976054
0.103233448008082
0.111554750373154
0.0809559888613256
0.0795347056647815
0.0963808521319203
0.0993501289083136
0.0662680006770609
0.103461659655407
0.07523759163593
0.11735211958797
0.0688255842702549
0.0693171816658708
0.0913552457335317
0.093897398722172
0.109694201541911
0.0792665970663809
0.125876580830066
0.0900511103827921
0.0877169020533017
0.0902485602444789
0.0929145501394553
0.0756898864179565
0.0859327338611066
0.0884342443333336
0.126188547346488
0.0864583132459799
0.119865816856024
0.0750527704275223
0.084766295757864
0.0889050822672303
0.0918676846244031
0.0694721145335977
0.12324875429412
0.104438446819117
0.0941135828593184
0.121566850480964
0.0850199320182234
0.108292011167357
0.0889274362030034
0.106143788544769
0.125088205050473
0.103419231026611
0.128100699340587
0.0834745226271199
0.0732446570937738
0.111536118865608
0.120965618551004
0.0963252798602746
0.0645899586804127
0.0683329159317316
0.0662134890145527
0.0751123696990827
0.113148422351505
0.0909064711910191
0.0697165989603579
0.0717930378216813
0.0858298881665729
0.108602748695163
0.0888169640859262
0.12131675357598
0.0833233763253965
0.135261636613554
0.0724645746653604
0.0678651672532676
0.0754096973368442
0.0674913969151236
0.126345154902985
0.0773088388702694
0.065884973841283
0.0797003154331004
0.0750596768266704
0.0918670464463394
0.114444559870613
0.12923915703393
0.0661689883934445
0.0586040529364245
0.0881590104562276
0.0852217790285462
0.108001131171704
0.120329381611208
0.0746372222123984
0.0816889797025479
0.0931142052519432
0.0896397244630249
0.0809217360266262
0.0933416756750577
0.0749911890888723
0.0811153881621471
0.0744533136375174
0.101947118107073
0.0828909407451761
0.0816474819655007
0.0753684637150238
0.111197920904155
0.0920920845475036
0.103451685189307
0.0697744176033161
0.0785552557127295
0.0824409923841563
0.0771065992009674
0.0658697369150853
0.0805507621406477
0.0680140863029474
0.120239303512017
0.103546172253657
0.0761272312618795
0.104654984904007
0.115920109299537
0.110368114430228
0.099386342640299
0.0989678202036823
0.113476758262347
0.113124893697208
0.104896648514711
0.0830588119110636
0.112047465932922
0.0752173870402558
0.0936973199946052
0.0990888156988665
0.134846077844779
0.132133662957666
0.106919062001207
0.109530127341364
0.0877799649550877
0.076102381898679
0.103109323905824
0.0968484624368401
0.06118840636712
0.0702008041598785
0.108379995239076
0.0860424327913778
0.0764832536612938
0.0965530601123453
0.103745446225209
0.108152379934938
0.0892059938314643
0.109141164774716
0.0665610915642994
0.0672608136696452
0.0720850772128161
0.0643735033486206
0.117576361557397
0.0897329211567938
0.0813413494804866
0.093592837147938
0.0787502675819975
0.094571564235919
0.0790934202010128
0.0850940327207007
0.0634691324467134
0.0670245889793445
0.0780932480722474
0.0815555758036961
0.0832972561287382
0.0902729548376352
0.108835082717317
0.124074571367827
0.0975325675178815
0.107792947402011
0.0886764675207856
0.112058481544678
0.0961233024294199
0.0974029160924924
0.0864864069103084
0.0864462587808917
0.127057702993649
0.0903413954299692
0.107646668795699
0.10896287336862
0.0952881793958392
0.0830072319792523
0.0737432711607294
0.107245112427947
0.0731882188731652
0.0732423469056085
0.0670697038651209
0.0940392493235424
0.116051577818649
0.161941989988195
0.1044929963551
0.0709736524324945
0.104358640075385
0.124205973800283
0.0671240685276012
0.0806594535673393
0.11455260862789
0.0845945976870202
0.128809421583472
0.0943511712239453
0.0747036360548623
0.0649507387105047
0.0780628782071489
0.0657714099112874
0.0977481810038083
0.0881128004849466
0.1070314154186
0.0791593945370686
0.0805102477649586
0.0930804810359501
0.0673398051115029
0.0786981755099514
0.0602101255415386
0.0704598241990002
0.084509870436427
0.0887552620731419
0.109772723994236
0.0645291945439998
0.0732229489157685
0.115543186120327
0.0691539217164088
0.0678513783739766
0.0740786202009936
0.108375864577045
0.109037508494349
0.0750335670825876
0.0827383289506929
0.0859172337605287
0.0951632770137421
0.0947618567254638
0.0771503701883748
0.0692434292957494
0.106731459459741
0.104002959528163
0.102374943766207
0.115785906551137
0.0695504782151513
0.102813580887491
0.0780705649151762
0.100297561750954
0.0772104243045767
0.0896314483205268
0.105980470954799
0.090783966497403
0.109819209525479
0.0986649921370525
0.0837848852998041
0.0988616051526417
0.106819196873211
0.108655955408558
0.0850429149730146
0.0864236340323383
0.0861960233770963
0.0772349751679795
0.0673322596848056
0.0780082507518666
0.0626400317587511
0.0748527018622878
0.0815027114242029
0.0779785583791184
0.0806847008073902
0.0741130003740957
0.0999594627988686
0.0897215500278789
0.0919096859229086
0.112050445633948
0.130691368012965
0.0870301726724556
0.0831916038889739
0.117351099712871
0.0724333432136123
0.120531692135701
0.0979483217143669
0.0866577779768587
0.0889782173938086
0.110356283189989
0.0715359770117417
0.0896531127859733
0.0691709760964847
0.0929218061595029
0.0990615188028362
0.113404758961694
0.0783842130571606
0.100284613930873
0.0761786439464257
0.0997454117384805
0.08317358105739
0.091850853645024
0.0852204000969507
0.0983478118949475
0.123902130534175
0.0992110118885623
