1.623
1.0013319870801
1.00322559026088
1.00234205599106
1.00374516394274
1.00818600624061
1.00581860627011
1.10983547093441
1.0021301322541
1.00195851341307
1.00619577737615
1.38418412419077
1.04980316200017
1.0017666400923
1.00291053870858
1.00054195361541
1.00367407083389
1.31236100442895
1.54437734563184
2.48837121186969
2.4193534885474
1.64048222467951
2.45039657894453
2.37469028878253
1.02747808731199
1.014306476635
1.29975483549202
1.14676892988156
1.25277186137778
1.43749957631174
1.65635523616709
1.37179096155552
1.03409388537622
1.44194877367935
2.34888669351191
2.13358064561332
1.46122797409711
1.10702444386107
1.24838170269059
1.83175617533721
2.33647013903719
2.29025561039151
1.82028983238979
1.36043892986856
1.9580318300598
2.13608492988116
1.65597087642827
1.42917649798362
1.29292875537764
1.67054980960149
1.97567106711199
1.37378955805486
1.65014104363398
2.02363646678106
1.71038843113936
2.33180296820698
2.09010530719817
1.771727172365
2.17196515109823
2.15184474819905
2.23848064955838
2.09520762450225
1.78909824663213
1.93133229114454
1.90185518514506
1.9879700123153
1.80250121653788
1.9710629430645
1.92220802576208
1.76449182833965
1.54247809117242
2.28309410116675
2.15213513435849
1.8252699224813
2.02648127792282
2.02023634204051
2.00453421364671
1.81618917886372
1.71912608445713
1.87723935573003
1.20716660647681
1.55840390560876
2.469549882857
1.87386054975498
2.04017020930252
1.73725351656154
1.9773045714392
1.75349699708011
1.1775614752597
1.33367230300246
1.88563375993431
1.42428529369298
1.93572089669348
1.6625301175472
2.48704073470395
1.60891426146396
1.49636132965456
1.31121337730527
2.29047746276083
1.65102946811088
1.651107908556
2.10951617580551
2.2540230309911
1.74691642157103
1.86339719242975
1.97993819351225
2.01490603233844
2.02027343722693
1.64678207825102
2.27138682182294
1.93886588893502
1.97573316049168
1.41481091575608
2.09397599105452
1.73001175260724
1.83247414131983
1.74943608036765
2.13236078628614
1.46048277189317
1.93894162901946
2.21320598500519
2.16740646885385
2.00686542718698
1.51786899246515
1.63174971922615
2.13981033271564
1.71562155532361
1.98008108428911
2.06961342863451
2.03675548467439
1.70636450680788
2.3119395647082
1.58150704048135
1.83122832562827
1.71168838845157
1.70824742583053
1.81251965312311
2.04490441389077
1.65435248259384
1.28964178722279
2.07179111122489
1.36250216285784
2.37543028491767
1.6522515328603
1.99646421958886
2.16249833776678
1.64019271807234
1.47890992796876
2.34874146966967
1.43411837274821
1.69207763537411
1.97183733573105
1.40771950620708
2.02812879669674
1.80591669495613
1.71362988495731
1.54837885945741
2.086795692946
1.7028624068892
1.7117537556246
2.17182202395715
1.24099049156751
2.13845829355824
2.2895456548721
1.96972752879674
2.43204354009174
1.42878350119305
1.84698591966228
1.95015641517781
1.87657904940745
1.86968733760758
1.8052388403412
2.18229815591113
2.01489539771651
1.7733404492371
2.21617442299774
1.27771105673764
1.23305167259255
1.77236517222406
1.57779750613202
2.01330355669117
1.7869857769776
1.48503072549113
1.52473324992715
1.49215284195652
1.71759261457347
1.74094819332832
1.89163464158959
1.1896448793132
1.08268076427697
1.18156953612447
1.90937959064398
1.50035902666562
1.98457180422147
1.32691336471611
1.25780566268422
2.28944731376804
2.34364355230005
1.33055478678183
1.75622323950575
1.50907536746862
1.51914340992876
1.51032117851935
2.15503317804152
1.90410981106027
1.90260497997232
1.88617287257686
1.73952756857587
1.70178012572739
1.93042417431395
1.78696225636328
1.75811709271092
1.53626175127874
1.37645184716002
1.10870845624664
2.05086059987339
2.31725266200847
2.41057888810552
1.86106546313901
1.71982246945852
1.20525920816411
1.85638011594386
2.05545123811001
1.5345881861172
1.93548821774948
2.14234605799803
1.52379808388813
1.62867582829901
2.07494076748607
2.05065801704144
1.50518108467254
2.38704247481159
1.8183303600027
2.39152283229207
1.82806990997812
2.156163393511
1.91570058316522
1.90663957305371
1.11692275213543
1.05663247509141
1.66736769082387
1.59568469065127
2.45578645368312
2.17688176706017
2.338640826703
1.7317497352047
1.31237714223784
2.27369388162953
1.6709329945333
1.12657320790409
1.55696537442428
1.14866549154926
1.42437262096615
1.69848051227524
2.3190274037034
2.21288253800194
1.36872030090255
1.74106097957641
2.37275765344535
2.06723941195545
2.15847114261109
1.53332005516076
1.82297344203713
1.14201840892246
2.25337933600979
1.77955264583959
2.04355033131765
2.18042518471868
1.58577149601548
1.87762815837507
1.77960694899081
1.93786304627483
2.08246137894538
1.92787275059227
1.74754073795552
1.93283051946403
1.97909666748497
1.80096538287329
1.98057796857469
1.86920159398409
2.13048194726801
2.13957497846338
1.8594573265248
1.67933599310039
1.7084767698904
1.69234139155672
2.22053152649966
1.8053888853751
1.17995709488247
1.25080286594517
1.94649946881348
2.03566783781448
2.13722666708494
2.11307070497079
2.39627151899918
1.71269527548341
1.69867890726958
1.58703886011835
1.77774175630622
1.98396464562333
1.65201273032637
2.01442956896298
1.18955343266351
1.19502994588453
1.9394645421358
2.39399251820755
1.58304904938892
1.87666922084919
1.67816979963635
2.40566384307847
1.67785378585081
2.08097718259899
1.47876207427236
1.98058973438205
2.14896381389696
1.22934947397825
2.13302546458184
1.98801218495617
1.78569703561871
1.71421034867668
1.19606584116961
1.96191528462956
2.03514895815353
2.2673010783763
1.68663914635307
2.20994923449456
1.46053319068691
1.55305345939943
1.59585524465813
2.34066883376822
1.17171466953995
2.12917328175893
1.68529787104816
1.6010476767137
1.91330333822709
2.06210963886126
2.22622871714089
1.96630331071885
1.19856136123171
2.23103618640351
2.25538751075402
2.33187701541797
1.69684609230572
1.58700516780628
1.96433997242361
2.42507523864674
1.77856650267947
2.22965345493146
1.80937300908328
1.12700448587393
1.69954716520053
2.21506515386493
1.9819693832506
1.99379403892785
1.36944018932697
1.81926113636285
1.52297460176644
1.59809862112095
2.19828524209317
2.21603892209958
1.99997916143794
2.41394009697588
1.06922660997165
2.47070941866394
2.31580000805254
1.35459897107345
2.1362157824349
1.9550122905381
2.26521400526229
1.84208493354595
2.01717140949261
1.59350563682296
1.41276732396534
1.95325417571119
2.00460232582429
1.45084231571668
1.4390139202226
1.57949308556232
1.99946278962107
1.53652496779601
1.7060733597377
2.40685698138728
1.39491404839413
1.61019753142374
1.77172331244545
1.44843727463249
1.62236385070258
1.74281925207147
1.11994094717266
2.13175868735627
1.45334164588402
1.58964992731526
2.31705220414206
1.75412387715789
1.68437391386121
1.62359348326697
1.31180843094826
2.22017903221102
1.87956759319412
1.66472804784926
2.09258993690007
2.31846686937265
2.17037029541679
1.1642787083684
1.9160122534017
2.05710758311633
2.30305277945102
2.10480752668298
2.01273235491918
1.2347117475072
2.41697708711204
2.48595563793991
2.38313416032063
1.63829520667454
1.39904876225709
1.94503951877287
1.75567229284948
2.18221009009538
1.8785761276932
2.28875409263186
2.33412284585464
1.9595623436386
2.27258598732004
2.03269540744475
2.21539621525052
1.93932906668882
1.6047474495125
1.61981279120105
1.43741254542115
2.05391458111346
2.11505018910172
1.56552654765297
1.69758532082695
2.10385802424478
1.91437137911215
2.02344989353285
1.98441473852194
1.82589482500768
1.63863580520611
2.16817629637193
1.67341131829162
1.86239002812814
1.54474201306964
1.52009616419172
1.70542303662225
2.24544420128891
2.14837365265036
1.4007502249118
1.72541933524766
1.80476685987814
1.56237150337844
1.7737833688287
2.37126214948536
2.0127095537452
1.79003828351022
1.85174803941416
1.82074364630084
1.70320701524965
1.66124270504894
1.78625253521
1.88702204581706
1.40980513278185
2.08775339279771
1.91686231675312
1.66829419304081
1.90237755058416
1.23351263705545
1.62058358468848
2.19318545385406
1.77521399628073
2.11337003729923
2.09802789556676
1.75648940247392
1.98515325512824
2.21965217264147
1.45412972715185
1.3899195129486
1.99504852830615
2.32694314766251
1.62238837379259
1.25894559218128
1.99402430169293
2.21802132913322
2.26780620844167
1.78512269066822
1.92510695277598
2.3761818108731
1.49153087548881
2.06276183816887
1.44272342439678
1.93229584707926
1.47669627475228
2.25185289357704
1.82812511718429
1.68732605964172
1.77319722109414
1.3172642979211
2.20144416720534
2.20831091365608
1.71936687101356
2.22436234001886
2.38396182074693
1.50473059277004
1.5038576093929
2.02834105758314
1.57282186518442
1.38364779805119
1.6894917382245
1.65673187794095
1.83866835512149
2.00286223459049
1.35649527499091
1.20703777156518
1.33600985798515
1.47191833619031
1.89644231572015
1.89025456598382
1.57567576669093
1.52516642449792
2.14619491233385
1.40695970018981
1.73488370139423
1.9478869440902
1.73441157643944
1.8192384501965
1.99954584553956
2.00254876640715
2.12320201827032
1.61099753082653
1.95262659454642
2.09172957647017
1.69860938361439
1.76228737318237
2.26308942685866
1.24120205290674
2.18121003519199
1.54741581887168
2.11491553414656
1.80779198424184
1.73101899459015
1.5020912427252
1.65623359755745
2.18462575751875
1.22074177749469
2.21155381037475
1.24267475745102
1.57791942509307
1.95656243109166
2.25006696388818
1.72503811246214
2.05009828320445
1.55742785938273
1.261763987157
1.78800031806239
2.07006212955566
2.19699206670353
1.16320573642968
2.06224266053989
1.85277094090578
1.00936351356442
1.54843499766232
1.35862928509521
1.07265754974275
1.89164057383749
2.08366450696702
2.47691558640746
1.3939319951034
1.15563173913308
1.37798870124339
1.19561973481848
2.17506886794448
1.73583478541783
1.69068286591736
1.74063359966571
1.89187418690188
1.63627960834586
1.44514010599072
1.45190872505081
2.34153294534238
1.27913752819743
2.17285082328929
1.86302487466925
1.68799211774945
1.92623759361265
2.22792002885816
1.69337043345498
1.56469450669155
1.90391475445704
1.9687223212322
1.61755342301584
2.00445127789319
1.59729855513062
1.76168827779148
1.90117605824817
1.97765690694301
1.787245454341
1.77396895892413
2.19126321068339
1.81025039310622
1.88440535589831
2.07155650243394
2.16198388789457
1.8268513798009
1.56332480869266
2.15859761140776
2.44835010909292
2.2626119719941
1.98357670728003
2.11598398738546
1.84309938072382
1.57207988429016
2.06598741519251
2.03271079226577
1.74503688262592
1.60827146086094
2.14450885029042
2.00392514288614
2.20257629651629
1.88542499099644
2.0709295837283
1.82554870303416
1.73684075128636
1.66400184556952
2.04003486491876
2.26826873331946
1.51510638281198
2.40618338128437
1.65163781537049
1.68922105463568
1.50849374868153
1.95217626762441
1.63169880074157
2.00518185852164
2.1370948143645
1.38738451891743
1.90608475415619
1.52194730427494
1.6633424109334
1.41144161041576
2.06072612595406
1.61805526617633
2.16792794151235
2.34801127158095
2.12394596394992
1.23067291557268
1.26036090401698
2.17048833723857
1.77252142810656
1.96337798223956
2.29327172437238
2.10262973667487
2.15549788032768
1.54090243775639
1.74075788782647
1.8156476423729
2.0910895719508
1.94590052480455
2.03277635969707
2.07565123007725
2.21728554502849
1.77020829800531
2.20225403776764
1.64143855788109
1.94369504467179
1.99407467146529
1.80618633861958
2.30301264803531
2.26074871793633
1.28045120782907
1.82253707850887
1.86414101508698
1.94222396238091
1.64878077693806
1.39296984941796
1.56187761839565
1.28023282533185
2.11374087421719
2.0227871168252
1.58060430449042
1.980290140837
1.88046937978552
1.72438503933904
1.72023970515513
1.82040942757439
1.80041665428076
1.57842467095099
1.81106332906869
1.58827266624234
1.87360452568102
2.1127547322673
1.54852918395512
2.01218479627998
2.36674948416549
1.99866782193497
2.02662064531148
2.28940028503637
1.20807149615599
2.33850999884937
1.80760030263904
1.56378977570717
2.34758701918985
1.54104022499237
1.12758681598724
1.93962438635945
1.94248345264695
2.03345968011932
2.18831719192814
1.78172212827099
1.6560779526466
2.20584533293693
1.99305335735641
1.56388912644791
1.58072443104948
2.17288138941868
1.58890929024723
1.73196990308231
2.00817357614009
2.08279410498279
2.19596516220786
1.65292920241966
1.62143866725598
1.42335684527988
1.75832897455445
1.69698692879439
1.59632108119595
1.44571145629317
1.54277705935267
2.24477321463242
1.82165310144464
1.99417816799408
2.01831290187904
1.72380095815125
1.6937436577114
1.98654338094599
1.88702218765278
1.68212787589485
1.74632097621638
2.09652567878607
1.41103774856113
2.19533889016721
1.94258993979855
2.12733938577388
1.77847685962364
1.36105207693099
2.33984697176761
1.59327570848023
1.83904256942373
1.48138804052126
2.21700467405209
2.08479864979684
1.17713929823534
1.86687809383576
2.21527443944646
1.87595240732636
1.72808668184849
2.1751258584044
2.05361211134853
1.84775164392771
2.06367519803214
1.13477223290197
2.35971641937156
1.15820096534597
1.9824932757955
1.87564145630273
2.32598850692011
1.99631760300507
1.36475656046224
1.15104118435605
2.1148640213062
1.79496161314889
2.33159442071265
1.58807043551701
2.33171715949163
1.88536720984724
1.31149220032291
1.93926295991511
1.99748528364812
2.16944760048819
1.73527752450073
2.32633081154682
2.02863609441152
1.5777185598566
2.13178458096138
2.18893344416482
1.31162722579318
1.61015873781139
2.43636071699343
1.18559958765925
2.29508325345591
1.67389751522959
1.56622725493697
1.29080530107405
2.40379012755527
1.72916282886818
1.20636784995788
2.16568815779197
1.36509624886952
1.31322673666789
1.59512236104537
2.36644667751039
1.86490101296595
1.99986065121358
2.19469945369643
2.22130842625454
1.88018469845997
2.27654634215449
1.62516950167608
1.42771980678406
1.86731026897265
1.76530991889747
2.4117503398965
1.90603424849723
1.15389552643018
2.45581597772461
2.1006209613394
1.58009876038345
1.59971546873831
2.06816841524161
1.83210683844101
1.6237114224561
1.82960706793554
1.62179559789994
1.70969311823753
1.71939279283241
2.08787419486689
2.18296984841218
1.8065008351946
2.08920291214685
1.39681580584356
2.17327308875668
2.13027252825669
1.78688279826648
1.80423475428854
2.35097360351802
2.2422899257237
1.70312643505981
2.36184348419341
1.64318076733637
1.4072379094
1.16002440894798
1.88606720585828
2.07184439252821
2.38897187580002
2.1908654502287
1.78699706280503
2.31252933544723
1.47701625541289
2.25955531172001
2.24924000447683
1.60297758926449
1.93794204428756
1.08763264295954
1.46127263988194
2.09213513423713
1.5848933271361
1.43464521575421
1.35778375937655
2.2017488857164
1.78545463838233
2.11934446444709
1.93549367607994
2.23862738760076
2.12157181778155
1.45326224999014
2.09721204203509
1.76792054719268
1.86062266826125
1.98102691531654
1.75429436650532
2.00794624899318
1.7726757168991
1.4753690558537
2.13877326578859
1.79131450372236
2.11673085423192
1.61925225081018
1.6380449474637
1.45969480489643
2.12564469385529
2.03668042960138
1.8930609416627
1.14438136057952
1.24249503279484
1.14542914704012
1.96321659420022
1.69968763568872
2.03451367188792
1.82504316729264
1.77592989981764
1.77149930354128
2.23805528879314
1.84583475748783
2.01387914142609
1.87586288307567
2.09961783789618
2.11980535752099
2.27126224479804
1.51449923313145
2.09413425368669
1.88408077241638
1.902425118003
1.40232507954801
1.32390434409897
1.51488611730541
1.27159229337263
2.31504802438557
1.52535703628372
2.03574249473527
1.2372038476676
1.73205250184469
2.04093445238168
1.74055569917317
1.44471747492257
1.73989697252428
1.58190783462782
2.07497253458625
1.50755848842302
2.24898209348285
1.764332355714
1.92593625264956
1.80478946552607
1.56245445360419
1.50376626571481
1.51659201619422
2.41560961723433
1.71658925578221
1.95704659129816
2.45463147439929
2.20735236876711
1.829497900944
1.61798917682736
1.60714165071109
1.1773578301237
2.16037765376256
1.81273667397527
1.81280109185584
2.10591296324649
2.45858431471381
2.17841636374901
2.46301636461906
1.87486619036334
1.74721725352726
1.5012181763493
1.01714573552689
1.38677187908819
1.46650855351038
2.27045006750555
2.12971656989052
1.92590994981743
2.12191877384444
1.81481024894722
1.94129683964888
1.3057652657868
1.68547398719891
1.95652257307228
1.993160330087
1.58835301095291
1.17380278869507
2.21449035922112
1.95727919638875
2.09681197237196
1.39789802497742
2.21462202474008
2.02064627801226
2.24982830857592
2.30021462408254
1.84626195274112
2.05858403734248
1.18855185277268
1.87440462739495
2.16176480251099
2.31058463340648
1.96563146866157
1.75356761093296
2.17305830168832
1.83796320728631
2.13352138724774
2.10253980459788
1.55426011671213
1.89674462243793
1.88414403439248
1.59934341092139
2.41105416069047
2.15740597801294
1.23749523006556
1.77872501424969
2.36851513936749
2.2251575191396
1.96791887270111
2.07447047244121
2.31835306231582
1.91611998858211
1.67536569508067
1.59899859926134
1.9074717413764
1.65777287108639
1.56375232983697
1.75837559097843
1.93936579071766
1.84341726253855
1.60794058123837
2.08959643028365
2.20493515988702
1.70368967245004
1.82869380120175
2.02508712537271
1.78026731020506
2.23768532557732
1.92245834144688
1.72750957156224
2.09410057274481
1.87567640218077
1.61671271781559
1.82901657959976
1.9022033813874
2.38848225385216
1.42995937226245
1.7315214327849
1.41794542735481
2.23250548958641
2.26853198549254
2.36223004758845
1.74339942219114
1.84019526882129
1.96812320029609
1.96367518227577
1.97115115534406
2.11539964894837
2.28712279231322
2.10252771141291
1.6897438203517
1.80248679610068
1.16804319575729
2.02802791836437
1.76512246963278
1.93391306947794
2.02536573463561
1.86586020802951
2.23786314705713
2.08011454478467
1.8611189276254
1.77339211937003
2.00046391869561
1.98460706958879
1.97685498793494
1.86480410759497
1.94136854527535
2.16907083779825
1.72655817065681
1.4428180118161
2.31131392782709
1.40320546358959
1.79354982779889
1.5697683979735
1.75696668113032
1.15864474319207
2.19244230925629
1.61754133801274
2.39690933801176
1.61879207968917
1.86565247687624
1.85537659267688
2.12608142908339
1.72143699343773
1.42711496989897
1.5327112423475
2.36555921410564
1.6951569136367
1.03492443915603
1.54450100888167
2.10890924812842
2.37890693517066
2.28188399198775
1.94262638463599
1.9650433257757
2.09475940585874
1.94746470949399
2.41216488464712
1.96903600337303
1.74066402022396
2.26573316198284
1.17011377952491
2.12444930923085
1.84852617063676
2.17514322753642
1.65624343428495
1.76195039369929
1.83738373857997
2.10977887814843
1.85646214979461
1.75574893821503
2.20692722020533
1.75237087791818
2.05858209288563
1.57048405652702
1.83925738483959
1.18894121350497
2.36173337430745
2.12682734741999
1.85890530489879
2.29709452140976
1.54166748104439
2.06274864039189
2.07930168187232
1.82570264735859
1.72449230278909
2.24147415090795
1.70823970102259
1.16903317762377
1.96063773138943
1.98270679334277
1.60775360200226
1.78199918485675
2.06332645640544
1.66503595065436
1.80374289806352
1.86863533280759
1.74119220540037
1.88929817195525
1.20218636867976
1.10458202273152
2.31157264619378
1.43191370748044
1.73110960683799
2.4592068429478
1.37589843340901
2.15736855220156
1.7459310813802
2.29106111296944
1.99705480455814
1.4669688201974
1.95165475077931
1.5908688694835
1.63158255746467
2.03505044844366
2.06850288211034
1.81978803168871
1.21818103346956
1.55255565396675
2.10597393732771
2.09077541939045
1.90680116660348
1.86316771118773
1.97863945813744
1.94269589354093
2.33606210301243
1.78845854564738
2.25816345906865
2.20430129835723
1.66668336054916
1.33250413902671
1.73552708621233
2.13481694147094
2.05071439799745
2.01151796683147
2.13042902724316
1.15768074615936
2.06854169750113
2.00285947121844
1.51514417558621
1.16210409404058
2.20864787924643
1.64039777967219
2.14766833353383
1.3107913233713
1.86605074412077
1.3358492646138
1.68572741934672
2.30323077417272
1.68462343799411
2.14474132738908
2.48829694557969
2.43074719514265
1.93415667909873
2.07374095043075
2.08413345055594
1.67372666920478
1.3717657574142
2.10734229960912
1.84414210827742
1.48301747043225
2.11302745585379
1.71851297933355
1.99800921892422
1.42720435649792
1.52780698709736
2.39302324190861
1.65172481523678
1.45004602148549
1.94841453421088
2.32082961570944
2.06350425869924
2.01669624324838
1.89970757898193
1.58962257013196
1.18125908764366
1.80911980606752
1.83179051355574
1.29006825428642
1.73008833425118
1.34893495594909
1.13040930132299
1.72733947000231
1.38750906475803
2.08979128387739
1.94174796966095
1.67091160823501
1.5225608931469
2.47536833955281
2.01512215946282
1.74711632565757
2.04484654498675
1.82481221480353
1.87091252978897
1.93579967945653
2.0090719034061
1.50010592889028
1.89766798224385
1.59281903510784
1.90789201142835
1.77042034304699
1.99091236274404
1.72681032777254
1.59520626185141
2.20688359858266
1.83471160825932
1.91482761279529
2.25734483686287
1.26260784626498
2.31232701581192
2.06230639210392
2.08935172145276
2.12565356206185
2.18854353646704
1.93026142054361
2.44228306173317
1.78158743742893
2.07902227880302
1.33608579376269
1.41771733738465
1.45895846580194
1.06989253946932
2.02413781617121
1.19361413780984
1.19271898638883
2.06298075581171
1.29607726318622
2.24585851745911
2.40685020145138
1.91168689873763
1.77031408204533
2.48547248790936
2.11424340195618
2.01415046271109
2.18881924393009
2.25290582713899
1.77352652614124
2.19451094179676
2.33799540152342
1.50572637520607
1.39523127946764
2.1232935867181
1.23486027143215
1.40830785897292
1.26054071687164
1.60813144736465
1.35004570471344
1.3127760867642
2.00279219902671
1.76373509085755
2.4013665192684
1.27762124657226
2.36641128008413
2.16958085099192
1.91086029862822
1.8931306002745
1.36065091266796
2.12592875406352
1.6189834860769
1.51217193731117
1.69141475792241
1.83805526497979
1.86610408163213
1.78892108364965
1.61216215261177
1.88033598480233
1.87207747595047
1.88386540436626
1.84115227626127
1.90089448998176
2.25257049233153
1.38069977590023
1.92993857960565
2.15580964847652
1.60807103685465
1.9616514249666
1.37609217672842
1.38222656416743
1.68855486313219
1.72399195234656
1.76856496141289
1.3976255733632
1.96383337891344
2.06064810649521
1.54927614512486
2.26701528774294
2.1277092070254
2.27197330750232
1.53198547779213
1.87003873193345
1.26596385101253
1.71336877738503
1.60156926435842
1.8481941558147
1.90205922719471
1.66080435738392
2.11215246219023
1.8147813073248
1.82552298387702
1.54742986768066
1.50242953069248
2.26501096427958
2.42762897667012
1.77821238268971
1.239564571445
2.16759786427802
1.68724360524815
1.59100388140938
2.00429676181049
1.93800053272048
1.72952800352437
2.23324007209645
1.73700269889829
2.18163406017649
1.89557912946081
1.55136661442696
1.76155625894726
2.03867107041166
1.90189132582833
1.36858428172667
1.6469632659463
1.73780826465364
1.94584126339015
1.14716041442347
2.21238856592362
1.39974839103226
1.91207235302862
1.91042163862231
1.5126506769131
1.91601020387669
1.91144681096852
1.26793862992822
1.794442951464
1.88188330625488
1.22146331620178
1.46568643165411
1.25628636381228
2.08123374570505
1.44038323064124
1.76135970834197
1.71644917169136
1.26199128332135
1.67142915361314
1.82584716968083
2.00243172487101
2.26895468813644
1.7386336953421
2.09030350242722
1.50339024231887
1.91978511173102
2.07765439479186
1.846670411367
2.00872562080608
1.84234975915029
2.04290901633543
2.05553999217571
2.26118571273151
1.95368322155161
2.07052790619591
1.75814748521907
1.89170345382991
1.79077192431499
1.74643888490862
1.94590158783924
1.98266467052596
1.99897727678373
2.23629998468908
2.12003878565229
1.75322785616411
1.52471605797265
1.25615402790427
2.30231666881292
2.16000641570403
1.56095770195353
2.15124576304088
1.70833376740633
1.37296917810842
2.44028477188423
1.38270327252614
1.47876538031877
2.329010821908
2.3021202873669
1.87392547829899
2.20299134138815
1.54925981395726
1.7400801589184
1.70449093726688
1.62680918028999
2.03644803626667
2.34601094393698
1.34450368098829
2.01684376237948
1.83998967725
1.72222101856362
2.06271292718465
2.09198199149903
1.60371161131379
2.35044467831444
1.81395703652752
1.50501793727086
1.84831395775555
1.69632341989044
2.20924900701052
2.39760672164379
1.67027286416078
1.75971700446589
1.93258603011865
1.7051164403579
2.20822072226059
2.254446557004
1.83385127654077
1.18048166487755
2.13413178884006
1.51029745378183
1.85602231983037
2.15546308309666
1.59896685968572
1.73355695561959
1.42363326368107
1.67257066257051
1.82901930132197
1.68124564693477
1.87918296383071
2.44917608206667
2.47567452948913
2.11673758106544
2.24378484291878
2.10598689781332
2.15576523639741
1.36084760534179
1.73662197848291
1.25408820786263
1.72763953624006
2.36895793523687
1.98329026181368
1.67417901254304
1.72226690660409
2.32299310519497
1.84556652291173
1.82023835844237
2.16241361955609
1.55060502734631
1.90536931322394
2.06457194397034
2.07010954864334
1.76425740026203
1.7986534443485
1.83410788674964
2.03007846117146
2.00942467003109
1.79236076135505
2.3724639833616
1.99641624344228
1.78864313779832
2.3371125656369
2.15304042593592
1.43773102809843
1.8420492373479
1.19687359051143
2.14220914188592
2.16525322449053
1.84065048499848
2.00543075223767
2.43638098228583
1.42441233286013
2.26974129000427
2.00804300131527
1.93557164431959
2.39973366103289
2.10625681249117
2.45109612853952
2.21785714601411
1.78281083445117
1.68477438855196
2.1446371717895
1.38589050666847
1.22831830038874
2.15193464184074
2.24751121199073
2.03434651567766
1.46589036763988
1.96359438680902
1.73679876159432
1.9764378193608
2.09735287995532
1.9498862279752
1.73461348184099
1.66273832961248
2.17914875060064
1.69002177848497
1.9457420812517
1.82031180819866
1.6192411604016
1.42207115461598
1.94681332463971
2.11260270631684
1.45930733470538
1.82792460310198
1.84551783262269
1.27389187589462
1.08085150990713
2.01668054272579
1.52752523856225
2.06726790045514
1.71108752168801
2.47941117714637
2.07718208462322
1.31127058336763
1.47176478562444
1.48692487922223
1.9904358185781
1.374837206496
2.37744998238983
2.23889035781443
1.72024962386155
1.49947066211625
1.31002982064942
1.26343076872428
1.50627659081923
2.14585157689205
1.56010061860699
1.88186025985043
2.31984548325938
1.53036946563513
2.35690132718692
1.86294200061116
2.14183444145665
1.08645979823754
1.90273926440659
1.9686587901549
2.06319254316613
2.02961960118048
1.20787366295365
1.59713221823587
1.86468413252145
1.75347695027596
2.06493946230609
1.24351206936675
2.25496045949627
2.15576674306309
1.93484211550181
1.29994348026691
2.05691359666944
1.93966717690935
1.45155358372642
1.6243375085376
1.45947715549336
1.39031096783823
1.32055154962785
1.85512586414145
2.26414077908867
1.46203206508254
1.73926682615431
2.24884474710064
1.72672069663096
2.39960589073528
2.29973308794965
1.51766579410367
1.24251206495278
1.00634921671296
1.25738724964045
1.96100846768872
1.68863334701874
1.92670232191742
2.37788169047555
2.04937962276945
2.05291352899201
1.84881450895657
1.30663922318852
1.40909079176097
1.55645455408705
2.04863874574257
1.8109069164285
1.2988845672891
2.21157699400392
2.16483941779329
1.80617584170547
1.6524599582659
2.08973991485762
1.94496260268274
1.59138119224234
1.34517592190758
1.58082500108828
1.74894429651871
1.4462030437143
1.22346476043125
1.42196539870029
1.79803270309723
1.67689654674029
2.22122944413378
1.27687970097886
1.66273692611112
2.18840806616332
1.88276278480105
1.87007875024828
2.22027116817829
1.8077590211992
1.91838740789493
1.76973153809732
2.08413790450396
1.78306887254098
2.39524325252024
2.36112922513907
2.03804721170978
2.05404353566153
1.25014605640745
1.75304712904349
1.6548589061961
1.04145782338303
2.02048705062854
2.12527924339099
1.67966761922346
1.88687104690573
1.76803285030492
1.33271855782867
1.77348379537986
2.30359933168205
1.23000061484103
1.52193297221489
1.1159777332454
2.33882006815605
2.20788108296851
1.62372004783136
2.22162748912207
2.38830873715929
1.26569297529973
1.9629389861164
2.04054680503145
1.91303311911649
1.15993449426715
2.4381688356079
1.77246738220423
2.07401159057712
1.61833771665718
1.53522301035029
1.92979977136736
2.36059901583291
1.82130244990884
2.13498212675134
1.45283144332425
2.10101382587271
1.61614028369477
2.13492954215221
2.44075244259798
1.822215501056
1.31613431788562
1.21531857944864
1.48494612659766
2.36497111850994
1.95746199906709
1.92190836940504
2.21442219598694
1.52062061371924
1.60311417281942
1.65412148324003
2.25834335052445
1.9632385937528
2.00134134083622
1.61913497315269
2.10047110864162
2.39661996926644
1.86600367513224
2.08893495799815
1.67225175423774
1.93470789040036
1.91385720174508
1.9390010547627
1.67228324506022
1.76710127613199
1.46270734669333
1.9872051683956
1.54222164464024
2.02423858588264
1.91334089091468
1.53604344137769
2.00945175664609
1.66064024528681
1.49372174991428
1.22624384736959
2.35332968800903
1.93785235171101
1.21354233314188
1.83579912367418
1.68072726089122
2.35589135570642
2.35468258288357
2.3495867706512
1.39080765149758
2.12240305847103
1.28752610574864
2.31806076700856
1.55242324872834
2.20843260347176
1.46154102566815
1.99899074954188
1.93055983733098
1.8179228815037
2.062815778642
2.01306476990247
1.81492664137512
1.6903795914637
1.61832747111728
1.42340754289175
1.91218563715864
2.03898724028835
2.09420956780367
1.88061407994818
1.84407206345943
2.12599027107532
2.12771758851525
1.89382879676483
1.7276284643978
2.15087095119685
1.95846852746487
1.92063205590176
1.79303407908041
1.53637838776713
1.99512046886781
2.21116916514534
1.90358566546088
1.54367119199581
2.43878335120685
1.88312891147492
1.35351872049465
2.29755485600519
1.18088590497253
2.33140732927613
1.63032939148727
1.36268793551564
1.25415993480418
1.76772131613035
1.08870358116501
2.33479708756034
1.71824584571159
1.60140784030029
2.28186894675293
1.97280509304842
1.65193964895456
2.05306227164638
1.688593916763
1.90956670713638
2.086021526453
1.9748801398925
2.36737874106711
2.12817615314243
1.28941682679209
2.31377978401865
1.84874351414937
1.82751272784183
1.814817588001
1.65993865228231
1.50821441331194
1.42714724104866
1.63108367454887
1.38701327393326
1.88908363810146
1.79695512980059
1.59811548360307
1.33142208905463
1.9308548164407
2.09723174196881
2.19782357130089
2.34891047764523
2.18397523328505
2.10911762463924
2.21670322455479
1.21488105739752
2.4416162920952
1.82346885084452
1.72895385568466
1.93502155352494
1.65243995091098
1.67009617681332
2.26238413030907
1.99692085167272
1.74800718461699
1.85099097198008
2.160957310198
2.12878405613699
2.0916075406812
2.32185186909028
1.64140992266993
2.09555582936086
1.29131420291956
2.36212627877734
1.54454783923756
2.382710413426
1.10007939753223
1.69638248248821
1.05911926378549
1.935033250087
2.35610607176833
2.43411185136125
2.36873153130838
2.23379249046487
1.80722616902141
2.30740179814556
1.81467976671621
2.24568822322811
2.00702600535288
2.17655147508271
2.01875004762914
1.75556654689206
2.11397334294854
2.0721657889754
1.25927708964122
1.98032787009696
1.89652063453749
1.79218980456987
1.77951735985259
1.77515522440513
1.84615895561112
1.98165184448053
1.75652062924448
2.13081259256566
2.12957817025773
2.08607850128039
2.21549207201169
2.0242452932795
1.65522019513054
2.15922770983599
1.83854879911974
1.64276272036386
2.26436699509866
1.53745385190426
1.71246586906319
1.88521752749762
2.00498856273919
2.09918915069611
2.19436797098326
1.74632843377857
2.0946220290425
2.17911000860691
1.47215327312324
2.15684944643902
1.52607979563803
1.96717644712254
1.94724555027766
1.88894783616555
2.15093867355031
2.00738264316457
2.15795851721874
1.95833337352216
2.27994817142687
1.8207482851354
1.25392849275341
2.13973618498558
1.8181569175439
1.72258810313631
1.49556212964782
1.48829855970202
1.80403799599212
1.33825979130539
1.58236901691838
1.76500622484622
1.83881314183076
1.49192663062026
1.79943332914137
1.80771103651631
2.31437242666286
1.72579953284544
2.10874472978338
2.30531847447769
1.92498865654875
1.62281206688252
1.66664589758803
2.35866401227094
1.97598936168605
1.64873103780307
1.78469175552414
2.06709151385008
1.98817169247743
1.96782969248365
1.81356959480928
2.13684170238396
1.73151040865256
1.57214421712393
1.77364233467898
2.20096025502643
1.9296693553738
1.60737129331947
1.19676769710488
1.87020207997199
1.7055023803556
1.32773740676627
2.08312005596737
2.25128626495153
1.48302422995989
1.53911658016102
2.4056183264151
1.48067211481665
1.88867834604472
2.18523057224832
1.6308110995996
2.21403083191438
2.20520748161898
2.30598614257576
2.13397995652183
1.28271107892652
1.7131497652806
2.00041117410285
1.54438598746996
2.37370038353306
2.25797925382445
2.1485454301831
1.15678472571167
2.33610567417979
2.3725991513772
2.07806574246249
2.22691134214539
2.13141758334654
1.23968607454628
1.89971952959045
1.8903225746148
1.94392631488302
1.5688821889274
1.58560395002601
1.55818830420049
1.85885502493214
1.35116902749222
2.03590408369966
1.52023815098006
1.9782816143234
1.47401098201926
1.31413589231215
1.40266637715709
2.07950430629539
2.01651803406015
1.61225064279618
1.75704669281028
1.53223185236817
1.50722465597866
1.91734602562664
1.35789805105712
1.43722923593176
2.20770802229979
1.66009980806077
1.93153712263133
2.08667606534239
2.20695417053133
2.10050110740592
1.95130606335934
1.98305663573264
2.07547765622297
1.45279356263031
1.64352666065861
2.27407151420583
1.48561358666799
1.62391985123235
2.13478356421225
1.69274456325992
1.81669218108715
1.83191530587901
1.76994539519974
2.24608993628226
1.64400828061725
1.26972850206885
2.15309464072213
1.75830466709479
1.7052621102621
1.75272673641158
1.74023932871484
2.17846842820269
2.0411115461858
2.40785186188393
1.3413778316535
2.35476659819627
2.24154564020798
1.07285765079302
2.2353809095627
2.27016184702461
1.16502546786138
1.41522274240674
1.60997075203298
1.44932306751454
1.07857159115889
1.16037652168926
1.47686103949613
1.13368159719145
2.02254021636814
1.96097557663647
1.3112825318307
1.30247403256295
1.68253528889078
1.20497455172219
2.09165375430843
1.20997255631257
1.68123928365555
1.80172779252266
1.47742645954386
1.54639914774719
2.0857709031052
2.06315790018555
2.27139404534976
1.98873436740063
1.90201236596378
2.08090044994556
1.86461342814669
1.19728159044136
1.29974923296066
2.17798800147959
2.19865685511416
2.29361218814021
1.45878674749924
1.47963139544087
1.87723082942428
2.04531099433055
1.85281186861594
1.35287032743144
1.89343055110599
2.30010165941922
1.94962816549441
1.54489963842422
1.24356258406923
1.59622085279165
1.53490919745726
1.69902607130445
1.96979314338703
2.09515408347289
2.2709242266027
2.29011918052685
1.69190537717433
1.70088400830531
1.63859553331573
1.56199606102818
2.21684823119918
2.26536144093566
2.1846454619012
1.84123809713627
1.6644520959896
1.71668269784283
1.35150824528833
1.67140714296071
2.21021830992614
1.46141340902509
1.76164999079716
2.20876383270097
1.88205048249579
1.98982856695096
1.30999414134034
2.39442017447862
1.98583473765549
1.63325839028857
1.85308790234581
1.41403183300171
1.97851056351696
2.40932781784413
