1.465
2.38347666250379
1.5136747292196
1.93797135306949
2.42540911288817
2.17723162495137
1.80609935962476
2.17855319262725
2.16485802652199
2.44276773059728
1.30174581020217
1.0589283124103
1.02904967543281
1.64651442670418
1.80464366924588
1.28992034908578
2.08860496258029
1.03776744929366
1.06454230345466
1.00056781538153
1.00240312530295
1.25549211133387
1.98205659002218
1.02677578212876
1.02418253787737
2.21154572385838
2.4106339186875
2.43348858479993
1.37547338057422
1.64009596141943
1.07258187664974
1.81631882890396
1.42380590418849
2.34688811167762
2.27593879173778
2.20547430523817
1.36375308767766
1.71337216291676
1.0789373621078
2.38898705568705
2.43856423367801
1.37779443544665
1.7046453979994
2.14142775463797
1.72680830793505
2.34773562422198
1.2174112298322
1.95765907448657
2.00010677564879
2.21110521744166
2.20213521720914
2.11364271400192
1.90557096152194
2.08150487752833
2.15812002485789
2.05333737809491
2.12426319208275
2.10487935353784
2.14587602479101
2.19683786138231
2.12768263525354
1.87707977605286
1.92122202440286
1.94637255395523
1.91766734022522
1.95158614986304
1.36078193164686
1.77140019435526
2.22650644444607
1.78427206656361
2.3989957539605
2.08505766899214
2.03377023006551
1.76754098870778
2.16880673865225
2.07198294605126
1.74565344054648
2.24389645797592
2.22635184929382
1.61447153536908
2.15337255286072
1.64179899221373
1.68755178244566
1.7469103697955
2.2860370089316
1.57152549592412
2.27857841223562
1.86394323348244
1.81682005966929
2.29878499356979
2.05671438986946
2.29857852444715
2.17054073171501
2.2387486882991
1.19243565803916
1.83380024525902
2.21939361905278
2.18443704854866
2.17036466785601
2.42170332427003
1.79311214203536
2.15021191965663
1.44226067996065
1.75456708297924
1.96442886732527
1.42253407605856
1.37304945238741
2.11383641904331
2.03072374072552
1.58639867447149
1.98362615593356
2.41223121117621
1.75447008203827
2.18101263851978
1.90502379526647
2.09271363621361
1.87177065188527
2.27209712097695
2.20547689740229
1.90928179606211
2.34901990898311
2.09329633186928
2.25283532359308
2.25796888916447
2.21871511330765
1.72666928524728
1.73294518874942
2.33694048530758
1.6066141567059
2.24745410848809
2.06507630121842
2.23133831519658
2.02271523994253
2.21708302742607
1.96770839163392
2.25297799957532
2.35646119614317
1.60096292229294
1.96212256884231
1.9017053393363
2.37107904608865
1.82088905216771
1.56862775900647
1.99307346349324
1.93218875110588
2.33221760918353
1.69403107293069
1.59535773531022
1.93655246603505
2.24686705280764
2.11360155392877
2.17964002084063
2.09197618330711
2.2878837796689
1.14290171146472
1.96622282479563
1.60504585097473
1.90091720995662
1.77620651509789
2.04301993271943
2.07909700734927
1.90647441432482
2.23421997288135
2.3482800360347
2.36631554277633
1.04779398275604
2.3898665461154
1.99348904671716
2.32117230382945
2.10906224855785
1.82636198161299
2.09302850357593
2.31995282788694
2.33490043311961
1.33830248894461
2.04288696609426
1.5253936112517
1.55227945785888
2.12990014380211
1.79482720075269
1.65998001115466
1.70617572396265
1.65230306308315
1.62707254979469
1.76651159891832
1.98253418215018
1.83646848171457
1.86319464796532
2.4429950156918
1.52798588301615
1.93838373308314
1.23223818040371
2.00291494927799
1.53314950741765
1.9134667694047
2.29124389641588
2.38831841230159
2.32636755677823
1.88152905865574
1.80122522567792
1.70350865888066
2.07825284763671
1.51071118273517
1.92147588844416
2.04614419632076
1.93604247893282
2.14471254787424
2.1306815753147
2.04106294408043
2.24485021521839
1.79182569428431
1.83650828179001
2.18875955690486
2.33481698518713
2.26476372238175
1.79625841633453
1.86854015068845
2.30273676880024
2.28756375885021
2.12846225131896
1.67795338705234
1.37025505321758
1.80805525780329
1.62311056826517
1.86382368568765
1.90487333159918
1.945348232447
1.67985450535202
1.73704138314025
1.92516171337017
2.20513465803586
2.47818988122827
1.91532732716305
1.6062558285879
2.36710964890607
1.12350486014379
2.36092284701529
2.46796738553326
2.48979254761894
1.89974393490925
2.14240249667659
2.00394169499272
1.47009325812528
2.15368899692754
1.92090484725664
2.3866946453841
2.11821042231244
2.12823828003949
2.3394710832926
1.80098005001739
1.33089646194692
1.83244838244093
1.86217918214999
1.13443859089954
2.38583950738948
2.31505756392734
1.85732898781451
2.09382756883377
2.43849249204869
2.36393162289144
2.20953825588786
2.41216183057199
1.91338471372862
2.15365670630131
2.35754612912119
2.13075381078946
1.44480595989339
1.74069610572338
1.58105772024639
1.94577179190283
1.97945666059803
2.15049467455151
2.02136146890522
2.21215259623945
2.13643943334408
2.29388279803391
1.81900347859974
1.91139295329689
1.98246213333532
1.83613085061469
2.21548544169472
1.99987379290547
1.77418857695156
2.04594797528035
1.99727905947583
2.013681519029
2.02333727196421
1.78979728991042
2.26306699399672
2.39274046295232
2.10499655777209
2.12285647946403
2.41354659287107
2.3879620188539
2.38378942460643
1.72423351675007
1.85069756190937
2.04352373916827
2.04811152064518
2.15118257423462
1.53303250295231
1.23378857034671
2.34522801416965
1.93070409923987
1.74733547800828
2.17052583591353
1.82362376163116
2.23702403055519
1.96147570308132
1.52987258501844
1.99989424221612
2.04813435945799
1.35752886993849
2.1966869868688
1.68596428949515
2.26298943723393
1.14737486816759
2.01010070919293
1.60931554596218
2.06104089696928
1.82274571526822
1.54123754824127
1.99922131471162
1.75903718011572
2.07356776277253
1.44018189477232
1.44693952094114
2.33415299595876
1.41197025483196
1.59431224051796
1.47987810873937
1.66799267175319
2.27725859122904
1.67901048427351
1.89629258778582
2.15107097087203
1.68754207158832
1.7481523140142
2.0789371198468
2.33196895267769
2.30524574698909
1.88696404780925
2.0395510161216
2.40701617636514
1.53645378840937
1.63113159337041
1.94438326574095
1.94705687080451
1.58529543798588
1.85778496092647
2.06944820912652
1.80649688289894
1.65835385033349
2.03259342447662
1.97699681173183
2.02739171079747
2.20132196133132
1.61626018374031
1.28410885960456
2.23251811895986
2.29445665769537
2.49294242117989
2.04225931506144
2.35791945899754
1.94556092789771
1.9858905568698
2.41920806813796
1.80344050527967
1.60455315560242
1.41336262042466
1.77476491565136
2.19895264711689
2.13658841247788
2.01210095614596
2.25217141991713
2.33206908806461
2.02829624233246
2.26345569901145
2.24819060802985
2.06058796921391
2.31363861605979
1.45208081684382
1.65460300477781
1.77938432317424
2.28615103853525
1.97320563147389
2.22490856405847
1.92837461095878
2.06483202780561
1.87024353402008
1.2660435174071
2.01391563593215
1.917135735441
2.05719206101302
1.73483297039644
2.24169866699153
2.1267075401838
2.13730881066138
2.26402990775995
2.15447677500215
1.93825902422107
1.99420682605822
2.18140875121526
2.47458388811551
2.16644875172973
1.98745293580389
1.6255780854409
2.19291754506084
2.40742022125965
1.60841895598611
1.2960527838684
2.13674191286823
1.9097693455965
1.95802099148797
2.00355063252367
1.49248364523492
2.35866954707044
2.35531048020918
1.92148116935046
1.72578349199712
2.30282583796913
1.94879466187406
2.13788104035827
2.0605342678229
2.11440587054864
2.05100341143758
2.01393194279868
1.80559129345312
2.09400740436101
1.98396546629305
2.29043217829442
1.77269455195556
2.27998248504572
1.89556843751784
2.01625104293861
1.93496068179639
1.4789040324565
2.09486164051162
2.29121223455673
2.30151752530629
2.28524760826288
1.47568429071665
1.99546664837908
2.14335886629087
2.47322454086322
1.83791727891967
1.9582009631755
2.36569124381574
1.83643257532154
2.04274039662975
2.09810346742827
1.48124954818536
1.60110949305154
1.55157163470552
2.37903993386079
2.28128466621375
2.16626563570165
1.9940077985403
2.25826705016346
1.9756460892081
2.11925178829868
1.34308172966192
1.93495598870311
2.30135616663678
1.86738018257253
1.66039614538375
1.34376832424716
1.57586486160946
2.04912072152084
1.96402672506575
1.88566074746508
2.22048743069821
1.5975981976019
1.90886629496224
2.00877737011996
1.26431800081433
2.41172739412542
2.25239561158439
2.02170807313922
1.89598081166031
2.07480995541366
2.2073287629015
2.17576347572557
1.96650541265254
1.75392503507678
1.75271173473786
2.39368803245418
1.88431738650893
1.57016119192386
1.9628038810273
1.53005947036618
2.08549199492228
2.22473374714911
2.25822817977019
2.21027117908503
2.22265867556944
2.01452256290554
2.14244145009932
1.97237910121213
1.96531471084531
2.33391573247089
2.27058844531028
2.02011050559061
2.14944012546063
1.50180863219602
1.6333285594332
1.91422050079428
1.77981727628133
2.12151373814479
1.5093502914299
2.40434302512876
1.95632458435471
1.62417918267688
2.13293520206516
1.99622586208921
1.70998800154671
2.02382877098922
2.18058117021284
2.12705690552479
1.78086288409222
2.26325375199199
1.93950655254967
2.11120185051534
2.19878507719101
1.63941477974686
1.54682310833028
2.05422024205991
2.03737677182689
1.63247030272735
1.9014015278991
2.05455511600809
1.68903003254569
2.40905742238608
1.8468007860504
2.31425045191708
1.96755462451193
1.80171957064108
1.82739062691007
2.15432486206888
2.17442531676448
1.78451304248991
2.17507205596507
1.89172761746912
2.01562353969945
2.24255261694288
1.53919039020939
2.13633263295006
2.16511568535432
2.02858855046914
1.98601816179646
2.18520492619185
1.62097583444488
2.10790387237902
1.4362930213909
2.42203140928629
2.08100315924775
1.5111644628609
2.03138166484044
2.49085409026383
1.3111630443894
2.48797995789111
1.55067422889294
2.06604214765643
1.56037359158287
2.43062785944238
2.3738178824991
2.34851287512681
1.82664837397423
2.34624675641
1.06421924071234
2.16781755015662
2.04724111911368
2.07410693011662
1.70948770857781
1.64059772159418
1.72876477175006
1.88024619041709
2.39191129859764
1.62816907481889
2.35032643911026
1.19624440735256
1.62224387655832
1.48170654008943
1.54783771375692
1.47540881573823
1.89367340421501
1.84899004478365
1.59483459570281
1.79907257598931
1.80549185442413
1.53892433851327
2.07519545616338
1.47229220036814
1.92715497591318
2.33574467226038
1.94328300920868
2.14432533251398
1.4025089828794
2.1633200705902
1.74038435730394
1.41319768284091
2.15045466109295
2.39832509912455
2.29284006254887
1.47508748422832
1.84425056296416
2.35505199081668
1.5080094783494
2.25528884529383
2.36334037126687
1.42189738253784
2.01373091332441
2.43513075003226
2.09422705947347
1.95196461289303
1.70407035634009
2.26972580338012
1.89636787797441
1.37554212584417
2.44652143950293
2.37517307281695
2.17827723373862
1.85723605114533
2.01905905912895
1.83275903677567
2.42103603031394
1.95894830154997
2.21687214230623
1.9062121471825
1.18038871853325
2.06975213318876
1.22795240790442
1.89693618871843
1.32439835915262
1.63860219987633
1.49001524172995
1.64509133803878
1.86520104656792
1.58790711913607
1.98065399249107
1.71451371413297
1.80961545071036
1.88934412900545
1.80028251397351
1.84843961045402
1.79865371638026
2.37769646036309
2.25422829249812
2.04826218335437
2.05606815571096
2.08125373901953
2.16113249195189
1.67511848835148
1.95065025648953
1.76626697762454
1.95458597122271
2.22163139037352
2.13482057020473
2.22663655479082
2.13130362482314
2.01049179303181
1.82533740296362
2.20579631340317
1.80295392595018
2.05342449003529
2.13659341511953
1.36506415553925
1.81977279428369
2.22649621470588
1.97834124399927
1.60438355853178
1.95413913307627
2.06241486846174
1.8175349826939
1.83729592624506
1.6486060620072
1.98925245688655
1.63887755723683
1.38365721505366
2.08398595848744
1.78731455750531
1.24783830669783
2.09335173083976
1.79049463709668
2.32974741301683
2.19824681772006
1.73541071803315
1.71961050891964
1.78131275341138
1.96436679241315
2.16774389579937
2.41070699168486
1.65499059535185
2.30945311378888
1.75063177310525
1.75684890322414
2.30874957011128
2.12646436904511
1.57452541635862
2.32471907986462
1.81951475486043
2.33363082424939
2.17215226113483
1.74130826998972
1.87041023033938
1.80214189299975
2.10268624062255
1.90143497486706
2.20693256221348
2.20942838339336
1.69311688750078
1.80045288297748
1.74148359572672
1.53238020917651
2.2567704925911
2.39036200530915
1.87562401978856
2.176748451839
1.64807744160307
1.8537262707794
2.15167890292482
2.17306883660872
2.08073105243506
2.10438833612962
2.05528189364247
1.52790855898435
1.66132810688897
2.20343723122859
1.61231357791339
2.09134985275653
1.80162081003365
1.69990115816672
1.98334497682641
2.19477658146381
1.8028070408869
1.52060067245722
2.07495113903368
2.13553057360322
2.00923868793262
2.25328727565289
1.8135794872176
1.89000736610034
1.69590994333998
1.16383791642006
2.35060247954059
1.70138803772529
2.31046708347727
1.6479031145627
2.11580529705447
1.89585507359755
1.8215366104015
1.46922306255373
2.05532012293201
1.82248702551487
2.20320553568766
1.82194984282486
2.1155119653699
2.32136927479845
1.8997453375971
1.66920379734628
2.35478856469594
2.47257626212606
1.61666875745059
1.71120154170889
1.58154255770184
2.08966945853673
2.22904894560428
2.42266143833422
2.02364083556604
2.23081383226699
2.03586684022781
1.93833703251826
2.21555342989829
1.88201269011696
1.78096110519626
2.33247838715349
1.94235644679408
1.85778357272877
2.12549431527632
2.32364350832794
2.10906559483751
1.95032508658641
1.65147711601709
1.60298936635624
2.33396666816137
1.41000509036959
2.17961752755574
2.39265023465632
2.22805897165204
2.119090562774
2.07146257813204
2.30003958918383
2.44624062230801
1.73616665065907
1.28166687779387
1.74161540641185
2.36454055790995
1.89533472799127
1.92566717995186
1.66741975113684
2.28907065583503
1.85123556428047
2.33103105346182
1.77041592833684
2.4392055433457
2.0647176263944
2.24940516036343
1.8984135439076
2.40856465285272
1.79021063231465
2.3907513044456
2.37308438157759
1.60432626285128
1.99833860593532
1.78647334535675
2.06039467174289
2.39724786240723
1.17500496570454
1.570923102276
2.1461520045727
2.4650679925973
1.85270328441907
2.23442051271619
1.89204974747555
1.97793824103335
2.2634700978308
1.81650707190954
1.82948333498551
1.84094792815425
1.48810668810752
1.89332842947179
2.15383202865954
1.95285683602898
2.0964476940583
2.33952141607668
1.23675267722255
2.46828071997005
1.94361279582795
2.38060367953522
2.26853083175993
2.11604901489191
2.0055041061605
2.30789016231742
2.19749744368449
2.265496157477
2.13601570233107
1.96783359392766
2.36418002417936
2.19861698097385
1.88171164378253
1.57373727598495
1.45742261489184
1.87504983136209
1.46185224807268
2.20046584292622
2.20116660648336
2.38195392480556
1.64899167554378
2.02190214382357
1.63796701383035
1.86274904179661
2.05193051332768
1.79586672249163
1.90944164320387
1.86447092562598
2.05657513496176
2.27814895905467
2.02701326089663
1.9995535861291
1.82718182068658
1.88988927007879
1.92983750620332
1.82815940433646
1.78764849602523
2.09672558485173
1.7078756441106
1.46347366157727
2.11619647321313
1.62486590623333
1.92096569743227
2.40597713376519
1.82297180526594
1.94456512685787
1.96765682277254
1.92217120841397
2.46745392418333
1.15696929509971
2.20907192373596
1.7898585389123
2.32219555629988
2.33362697785107
1.73144517306215
2.27343991482393
2.00393394827981
1.81881890900048
2.25385312998988
1.93587049568934
1.84819317903398
2.12355880909891
1.7404959402763
1.62430499279068
1.96579773838672
1.41863225746916
1.8789754247949
2.24065191953505
1.99016384213471
1.92636004273452
2.30611192390498
1.59447617626572
1.94969061352465
1.97548451917131
1.69655408430613
1.84107997829349
2.07268742384114
2.30411313535601
2.41967288694313
1.76806455368766
2.19616272018591
2.34751391420898
2.10407414734255
1.99291978775761
1.83434603855683
2.0755299794589
2.33665686603428
1.90782376950736
2.32523335297348
2.341721538855
1.31136220416888
2.34303128841638
2.33637708775113
1.81382916244814
2.24985497749484
1.98870825462366
2.35981754152011
2.44867563124465
2.33624730580816
2.36633863744587
2.47555512671971
1.63174406373293
2.03231421463437
1.96720192524119
2.26645576267647
1.81012859696395
1.58830032304858
2.31174747140221
1.88366135821425
2.34753559641836
2.11764869142172
2.11845076217159
1.47867020278452
1.63696870546304
2.12123133165321
2.08668288397091
1.85299180662105
1.84310845619388
2.1285743915838
2.17471756022525
2.28691552872001
2.12695631140008
2.17083033707519
1.99869717249623
1.79240365367547
1.88310829772541
2.14799699291841
2.4113650912668
2.42557037868244
1.60255942706758
2.34355867410133
2.10103137514705
1.99776497422498
2.39476332359736
1.82752969392211
1.86599417697748
1.87395139935692
1.15832421853536
1.89979273820528
1.93427924095122
1.84605123988489
1.04379011453297
2.38550662941518
2.05897964199471
1.6321094738714
1.8943670013149
2.26763422622213
2.02276850511654
1.75355771058398
2.07967981627423
1.35845916103824
2.35206554220262
1.63549962733191
2.34398943638888
1.72311861458188
1.90163039371828
2.2481276031526
1.95093715777859
2.06454103158834
1.21965840489545
1.57718380005414
1.79900910084265
2.05233368137851
1.97473275884172
1.63715634631794
1.50636236680329
2.13861053686077
1.52175483500304
1.93226300065273
2.26797066496474
2.20819852289451
2.08219317762752
1.95922925867043
1.54375915360497
1.89467189085638
2.25801635725861
1.99310231775295
1.90943885068818
1.42402415876061
1.37441551731208
2.09074636482149
1.79513838693323
1.77885375980232
2.13590687289622
2.2708234305525
2.41966881970091
2.21080465599365
1.52718504363564
2.01999137364144
2.02525913046582
1.77380072714452
1.48154147004509
2.01343217655424
1.86452295154989
1.95028301109712
1.92945940774323
2.24213684001258
1.96876225042742
2.11146721168187
1.90632280357315
1.8044441512502
2.2529775550017
2.19436495287079
2.09042729402051
1.36649402780563
2.10753268943284
1.89714113868256
1.98704409903251
2.26202782003448
2.00248045516661
1.65456342662642
2.01435985772952
2.19611975753612
1.89281407211799
1.59720682324659
2.19246017087675
1.69662387061838
1.70433544510305
2.18198663994395
2.36514059822098
1.91207648289377
1.85577758107815
1.9418806089212
2.14903516179171
1.47902125151848
2.2379042247108
2.33011142363342
1.7973922941526
1.88817158344027
1.87081734775459
1.81039047450826
2.46069779621257
2.35833831638479
2.0309272822765
2.31905659905102
2.08173148018301
2.30763020363824
2.18151042756385
2.12449635312704
2.28734265751749
1.66457924873783
2.36105131911641
2.12554365677145
1.91702169024575
2.18148793139791
2.12835808424828
2.36132549717607
1.83643911549166
2.12469212905317
2.15883121451991
2.02117032794263
1.98192720831895
2.13164561447808
2.02654261048477
1.65480907748011
2.22150771797534
2.19752045181716
2.08177444958211
2.29028048363887
2.31113874620706
2.11430473630882
2.1527900315122
1.86148919360744
1.63100927925802
1.39658002424368
2.19474466959451
1.70214999036562
1.42070176261885
1.34823040608559
1.42959007152909
1.29198431325488
1.75010548483083
1.61198140035982
2.17546335731943
1.72369824913035
1.65787798602378
1.83146495668822
2.00094536084808
1.79011053366165
2.37021941578503
2.11766134009875
1.73051197903521
2.08714047984011
1.97508126868728
2.35855542998293
2.44329289046875
2.20198843765644
1.83465115421903
1.60018381169445
2.27559038078717
2.23402474127865
1.42229336199409
2.05813824153323
1.62776767129246
2.2483828632818
1.7179747095727
2.22295584143547
2.12585648418259
1.46074487111999
2.23225660360759
2.1843229450741
1.65339195698088
2.00287342343641
2.08408193277841
1.72404989007603
1.82777860895278
1.91790534801804
1.80428544578185
2.31111878089624
1.97308516857052
1.88423803449581
2.03252147493094
1.36852817004472
2.15765771864055
1.65191446962412
2.22286227703552
1.93609046585842
2.32906755153839
2.1879545520075
2.36479311476649
1.79886495945982
2.04454830434914
2.21367959354788
1.33832688378411
1.31021907473927
1.46891677898453
1.68853901572888
1.98073732387241
1.59685004589647
1.48603005916678
2.479836001094
2.24570800536496
1.87667274163605
2.24639865434705
2.34524743466302
2.11686734997845
2.32910573709893
1.95068844622928
1.9656935446339
1.41817849462273
1.88616522089245
2.28711840894125
2.00272444328239
1.83340054553157
1.61030709163451
2.20487605262945
1.94234622889321
1.86179506175888
1.9036597762387
2.11218500106475
2.48773629752478
2.12933377201798
1.97502623215737
1.71974217097387
1.87353812170455
1.94864244431206
2.04471260180124
1.47792444494945
1.98806777123775
1.25190034692096
2.40135250502594
1.32325313844984
2.02929164119469
2.2454593768115
1.25869927092176
1.83394292474688
2.04646135229158
2.30486046844834
1.98649646937478
2.41349079364127
1.21457129480529
2.36707558976203
1.70425274837506
1.38646369228502
2.0617390103935
2.11356050168062
1.6229279353185
1.45560260817078
1.82182647026877
1.76829671805978
1.37808572411267
1.55551514868202
2.12510809345562
1.64946288452633
1.6965190744756
1.7217664689154
1.9618956739235
2.24233040177134
2.10445840944783
1.72580215033678
1.73469871922045
2.30132380334141
1.99781708361464
2.33003006594785
2.11568129788584
2.08554113621285
1.80347791534859
1.73081669840787
1.55710775215558
1.72121237291204
1.57591332820024
2.13472272502359
2.12621374618306
2.02392105354123
1.47470251939409
1.45329341474578
2.04572387654973
1.71355031799904
2.11918541093493
1.46718222284346
1.34291546967068
2.22350168792922
1.89693944701841
2.25665897537984
2.23649843182599
2.04479748300935
1.45533074423388
2.2969723112969
2.2200773247908
1.48027987075182
1.86212401636702
2.35876459733289
2.07220581856186
1.53689288012125
1.16768294452156
2.09449874693662
2.04681705669404
2.16788571123613
2.47075441150707
1.99585600598217
1.31494413292644
1.64298315370422
2.2980167117416
2.0398098052295
1.64174714568534
2.26135112291289
2.30078852835246
2.37193050325887
2.26724627842033
2.22059886926823
2.05484102988506
1.24822025831274
1.87212536258685
1.54071528258175
1.86746155000979
2.17124130803599
1.7846032746285
2.03266091444409
1.97427148913086
2.03720888485362
1.72680073043482
1.59850691160099
1.43397622581068
1.50038143488932
1.94425632620796
2.14794693133955
1.67073409993648
1.93085617775856
1.99453098846844
1.75060894133209
2.3576816734588
2.13970567260917
2.03746265600316
2.04923187007246
2.41519047598424
1.61032905906667
2.03895126966128
1.30636692944675
2.43637236241204
1.75034807710199
1.93345151024155
2.00728327433307
2.3234527931705
1.58548439108065
2.06718477792072
2.19912335530227
2.19220762906927
1.95261798665764
2.2503067257572
2.02177591289196
1.93522944703711
1.46795303760491
1.85283770088823
1.09963278724123
1.46980304473815
1.50887836007541
2.30338076990743
2.14096796124833
2.03647750541495
1.7375896100168
2.05754712389665
1.50492397819194
1.87283951398379
2.03729024932184
2.03156147612628
1.53991499940413
1.96551242131871
2.19639226972458
1.45622749638409
1.89403295745743
1.82824218310929
1.91573105369186
2.36596649551836
1.36899482439901
1.82584788060924
1.61457645789274
2.20363815311161
1.96580475580245
1.76175099182208
1.58734642544161
1.91128411050476
1.77236260775756
2.04396816688345
1.62809955220592
2.04335992853021
1.60862832207173
1.8134580156568
2.12655341708926
1.76891201015959
1.76321889680364
2.26074701764344
1.57172796285948
2.2245795822247
2.18602740327249
2.00350896972164
1.83359870775877
1.67737920729636
2.45837566540235
1.99634483057623
1.94478602576454
1.81380687496672
1.78733671139286
1.78381632735999
1.54495813893873
2.10945606440631
1.87402150152196
2.11485806796354
2.09479592784532
1.91667028357274
2.0699500415374
1.77586753591871
2.05752145076392
2.00662383737228
1.87345532745608
2.04042091730614
1.90417345598277
1.74691932976863
2.13890217059317
1.88473098372328
1.66632581034127
1.7964189384382
2.13012732760786
2.41961973609132
2.47032808505974
1.79722028388025
1.82869849643217
1.87418647425651
2.02581194235343
2.28407706295375
2.21812877030147
1.83733475995891
2.41903636066126
2.20365385839337
2.42954737393749
2.32615553347706
1.99736277161274
2.4150351263794
2.48684976894221
1.72376544846131
2.23459346089796
2.3852721895312
2.26293666987439
1.18266132499323
1.98912980712935
1.54164901945325
1.80519956809028
2.27186891337309
1.69556065918151
1.88738325024636
1.36829929285719
2.08313285661204
2.29409713097897
1.99736096107006
2.18019499500428
1.9109924293985
1.52538844226177
1.4620814115552
2.2482554921887
2.00029922733341
2.14239797592794
1.63596970134737
2.19304712099363
2.1218425178868
1.98962496989974
1.66174949391643
2.08976378361603
1.83939979052789
1.10599145588931
1.81949965720119
1.5430293852902
1.08460412348298
2.13394860406952
2.03051240294946
1.64519367773784
1.74140503214341
2.3190177284402
1.89443716017892
2.14480368203676
2.21934046843751
2.42101892908256
2.18081832325239
2.40290272704021
1.31894508683149
1.63586595617892
2.03414731916068
2.15622767685025
2.31968124140448
2.02523901974844
2.10829793113697
1.95587758462304
1.99446722928626
1.69157175462624
1.96456090126569
1.94100454737521
1.41947568252395
1.83939821988682
2.18223253248346
1.88904014840796
2.05652939125325
1.66308851784833
1.96487471680751
1.8225584592513
1.64790728618974
2.10738458093501
2.22751226804799
2.01866287314094
2.4479867882002
2.21692731761268
1.73621926953892
1.91740898377266
2.02962151570334
1.91973270375928
2.02215386711125
2.33667024200792
1.99718650490321
2.48255635458568
2.45019940011355
1.94734258577546
2.23272618722319
1.50518715791568
1.96606809512162
2.48340863988836
2.394664261934
2.08647956010574
2.24474432452034
2.31697746768838
2.18108768632049
2.3401791725094
2.37897321199234
2.37828796912449
1.88525367240048
2.4741485565323
2.32428958892182
2.09820246541769
1.55769932836707
1.6473563447723
2.08970801187792
1.82160668781212
2.15792360228845
2.18930795598751
2.2288778168317
1.84541604737286
2.05113325028878
1.54311769673363
2.1593495897262
2.33815600399593
2.00832054458023
1.92467041639833
1.86154712939028
1.71880043481641
2.39041176402694
2.29077552570973
2.17241266564874
2.10920571102671
2.39927591226821
2.4870385280003
2.38087345165548
1.9246560393519
1.15361106462419
2.15168325855244
1.33186045469602
1.6271735547049
2.40382335679061
2.42219924414588
1.58361678361363
1.91205378947034
2.32666860824808
1.30809792157368
1.33095858669921
2.42322994274987
2.26616031121193
1.75507835380449
2.11032671495613
2.35371694053563
2.00545616141854
1.15771326044539
1.37975727146333
1.7706852931948
2.15375330542003
2.09895512386104
2.17110519628156
2.24986005096871
1.35541043269208
1.36487613208918
2.26170917459253
1.60655493240753
1.67236709053736
2.0710555284048
2.24656434136863
2.33060704140594
2.19238499772369
2.21044922895291
2.21823096322867
2.17427589186078
2.29033973100889
2.15270078390933
2.2478791724651
1.91297451316901
1.50314928228802
1.46244980019957
1.67221306582382
1.78394673536728
2.31098597504403
1.86604648356278
2.34781846111611
2.45233653550592
2.27509634163161
1.28718584586334
2.0016198734209
1.55083119001441
2.24158460732226
2.01652385148695
1.63357415075344
1.74980460823741
1.40136806449244
1.71333958926641
2.46515468352547
2.12151658909253
1.65297813807346
2.2692526515653
2.46771319914255
1.32135049203903
2.36066337179209
2.13731271961425
1.4367860739797
1.93355697925158
1.4298555874058
2.04074793690097
2.24771300147451
2.07327236460436
2.21616948232798
2.21387763072688
1.68917959172717
1.3724806261471
2.07324758927507
1.57507855765327
1.87440268089791
2.39150090808537
1.29487292291048
1.1757867020317
2.24977037347328
2.05720684237951
2.10442703144223
1.36995875827621
2.35539950756048
2.0412166855692
2.15879747491729
1.48059535815914
1.4092958766624
1.71154759971391
1.85226790731991
2.22768763949237
2.06775098278295
2.08354827281299
2.14256746493709
1.80700820240474
2.09333621721427
1.63268754014174
2.20111634783939
2.49423641742637
1.48947471155291
1.84099249067682
2.43851875152128
1.71335066631062
2.22687811916636
1.65040764645575
1.93262412617278
2.43981982082953
2.05179184029831
2.10076190921515
2.14316959100625
1.52446776117524
2.09941535991264
1.69908274172893
2.15152132786261
1.96761494182442
2.19100015562585
2.23250598460971
1.89199360224992
2.26070919660081
1.43882189459422
2.23834283962709
1.84769891905139
1.84889956014451
2.1737291093071
1.59719510016952
2.12500806929287
2.28650225379429
2.13780890014953
2.15758747562939
2.0862156521936
1.79215970173677
1.25213780252224
2.45430523472102
2.36543163238782
1.99086427239886
2.18572195073466
1.78844745632588
1.66578550950131
2.07864366054705
2.17209650579731
2.38672161153826
1.86701325412698
1.93198110442181
1.82825444133215
2.18244614085227
1.54430565502755
1.76991330497914
1.87752793476666
2.19994871130893
1.92568557650356
2.21127192230345
2.09685434315099
2.38189905229229
1.29104224518481
1.73820304084579
1.79452390565548
1.67131691447697
2.08300083551878
2.13749474970842
2.06999405208854
1.90765998472571
1.45478384886025
1.85841622294289
1.75646427931774
2.33081144134643
2.13252467794112
1.25279194657084
1.86484879835614
2.24042781599087
2.16931644624162
2.38739762569277
1.72311252615986
2.08960886105429
1.61811463676941
2.16841158863856
2.0736353634493
1.97769562234351
2.16222999577898
1.80269282940852
2.28364687420953
2.3728351988815
1.57359474468606
2.26125038777867
1.77245891655372
2.02307642620204
2.1938217378856
1.93689526981743
2.10160307046071
2.3358288736234
2.1634922028197
2.23418085281896
2.16392940545703
1.68770741208027
1.88311733451083
1.76259792104271
1.61917403998105
1.77813825784774
1.38459147236029
2.11711543130906
2.19294937339373
2.3050202958943
2.18073435826453
1.97038305742796
2.25241221125929
2.36712184469998
1.53001998814494
2.3221073059236
1.41679871034429
1.68567325741915
2.25882631236427
2.03749037697672
1.94156291622649
1.69463071833794
2.19146789732538
2.17505034630777
2.41138993069788
1.22918287585189
1.9632739728222
2.13682889981227
1.75386499461637
1.55139618478475
1.86032798306071
1.5843843790857
2.38470911624133
2.41167176805004
2.19401170455282
2.04320720008087
2.12817417913991
2.38717473546402
1.94434672252831
2.28544212501681
1.07697338119946
1.61479121991619
2.4255747564167
1.62237434152826
2.21230449730148
1.63116104607497
1.77760677335278
1.59101725490961
2.13869824103914
2.08920709134508
2.23110080041231
1.45484463408332
2.13508016388877
1.22284802346027
1.48409147511216
1.42147498991051
2.29181078877055
1.34188278758528
1.65728881516225
1.5429724224375
2.12602215522426
2.22599781169858
1.96669316756639
2.36458027035325
2.30623142407484
2.33852131713432
1.89536609102013
1.80585092227566
1.65703102281345
1.72419291552474
2.15561161162859
1.9487387237475
2.11306674469798
1.65205944801429
1.98657074315882
2.12302965792684
1.86911879835618
1.75010754195309
1.96261701174404
1.86361053599518
1.64626027690848
2.03327374153719
1.5905622115944
2.31184192274979
2.24621517828587
1.99304307753583
2.34359461850596
2.24583319145025
1.38124402438409
1.75102401102564
2.40254294402067
2.21062651798132
2.48444755976542
1.41816971417685
1.84709486239011
2.41688505581694
1.47190382477635
2.27894051202681
1.7268075920236
2.24342950760449
2.09137938994822
2.26360090216408
1.38604028686358
2.13388697533919
2.19868928065848
2.14799309088392
2.32418442203017
1.85269877302578
1.97288990262042
2.02297468631237
2.05327574036479
1.57378879403526
1.75491874709022
2.18060874839067
1.93150171794168
1.3185563707402
1.79187282546679
2.11918654338774
2.04939999832868
1.89389683240603
2.27467534082599
2.05553095713162
1.71268485303807
2.0821987845692
1.81159685288152
1.93177663065263
1.91258200942771
1.98606253915993
2.19779462172596
1.74489557045164
1.62060711965943
2.15990790752507
1.98295498001912
1.72718779096039
1.91389373225263
1.73235028518887
1.85131393176686
1.93210867817396
1.54996064902396
2.00470352103921
1.96603805356441
2.25532470476252
1.87349724158356
1.53500781585297
1.62254365977612
1.67709699314306
2.36952884414637
2.064293218015
1.98553242873409
2.12822248559922
1.71221587738127
1.89071987700096
1.7748998158577
1.66718739104372
1.87709398037801
1.78935229490626
1.82007478009239
1.3679051540541
1.8966802014125
1.44420468604302
2.32995343258463
1.69576281515873
1.64648424749733
1.82145778381748
2.00655624457988
2.04317482621337
2.20968869933671
2.26973819683911
1.71768626954105
1.8992071401566
1.50839175565373
2.12275717837016
2.26037146263089
1.56447188057164
2.23237921828183
2.39060371832843
2.35219524521654
1.68712472275747
1.70353617584721
1.83335612127512
2.17939989050881
1.74247931527274
2.42064748720417
2.00279921822671
1.41573982468442
1.51449275748257
1.17393760017773
2.17688395113371
1.57119815540963
1.94223453616006
2.32295832692575
2.2053516147762
1.71544322239177
2.07288037779506
1.59657418277488
1.64452680742702
1.7887913888706
1.8582127631772
1.66330463052805
2.39625915760079
1.94776488472479
1.69414952231405
2.14583095286704
2.08627354258489
1.96491097695698
2.42746303791306
1.8142698207001
2.07254261115026
1.95114389386736
2.1975370392016
1.11787660805069
1.34580671480987
1.37793134135172
1.29923455874393
2.41923171144874
1.38090387390877
1.510740948018
2.36984653278341
2.17926047077326
2.17336108878994
1.77121862035389
1.60098381414025
1.92877981809091
1.28849552120099
2.33090444858495
1.31561306214135
1.19926132088728
1.32879394948164
1.58072189732311
2.34056887775061
1.66087344411137
2.0892186492779
1.89211776895117
1.39423112445906
2.14617827416888
2.10004406013276
1.72486498003688
2.03535521679882
2.24525743111189
1.8584166677547
2.36549337146953
2.41851549460786
2.10131021084654
2.1457151793867
2.13130966704901
1.77773107354874
2.27292354146572
1.54707252528593
2.08987275636933
2.2053958519394
2.0027778418255
2.10402717092285
2.23095331291034
1.96889344242787
2.05969780356104
1.42877996623451
2.04412397243551
1.29951250425399
1.88361660442204
1.95524418887879
1.76671831372492
1.99728135605523
1.79522330981586
2.04456845567303
1.8661826858936
1.96184112411859
2.34174820720217
2.13374488619332
2.47376949500777
2.39585944440201
1.27893687990737
2.36593562015235
2.35752971976473
2.44897821785774
2.43871452331863
1.49992880807361
2.05437590065463
2.11510270793265
1.85842610925434
1.79202473215547
1.769506563181
1.55246728173915
2.25516427279502
1.96196530842969
1.89598836302585
2.19523621468592
2.27278291718197
1.93930591827524
1.51456149475165
1.14059531059248
2.39759553087973
2.45319052617176
1.50993138748327
1.82330129414166
2.4451989348281
2.38310350023667
1.75367132100445
2.05163642054799
2.10486406248045
2.22675114387687
2.01570052405372
2.34034114785571
2.32590040345706
1.65713954527202
1.64873927075228
2.09718914957765
2.04588110472588
1.67130919456762
1.778674266774
1.13029500292903
2.37091933664456
2.28307310615431
1.43537754251162
1.89162411003918
1.99506739857476
2.05153545868611
2.26805038231457
1.62036132700398
1.92474165121156
2.19137177639761
2.20914911698436
2.01290125109936
1.46162294154293
1.5882893763279
2.20959511042936
2.4325187990389
1.47976192960945
2.27917163646516
1.78930707939201
2.11429772577983
2.22166206510308
1.67401326615563
1.78336192737376
1.67897587674891
1.94370826934714
2.17510294058506
1.51176900205149
1.61763741245031
2.0421366882099
1.42313449191924
2.31888282051329
2.33849217971292
2.35271185224524
2.1083086652177
1.96696242919767
2.21045849398241
1.87949298187388
2.23522656863646
