2.12
1.81458561487013
1.23453172246738
1.75456102373822
2.09258340377897
1.60562865280039
2.38402096180144
2.12189124505121
1.22890241691972
2.3711646890761
1.74220431578597
1.16087334400013
2.0364777799611
1.17721305871977
1.25735735628246
1.00365258892084
1.00705170867867
1.76100709028713
1.00014006069529
1.62190788198602
1.06519115406985
1.41087752171777
2.24803969342244
1.12267665772854
1.04692872587785
1.83563688988374
1.36108798870043
1.33892761413389
1.12155452651706
1.26175499365103
1.47532955189548
2.23825349631271
1.95210053907465
1.93458001884156
2.15986159276719
2.19937327061879
1.96138078473111
1.28139145908415
2.39822742243449
1.73672262791439
2.01976314884343
1.11057777555464
1.81777281273132
1.58553724749815
1.96138333090003
2.08362852053591
2.34691874579809
1.25244003311971
1.49131082175569
1.72581682169687
1.92107960935184
2.20639616316979
2.01455874700001
2.42164345966467
1.97189244362076
2.22925546073118
1.75566578661343
2.02516903035898
2.02400837045291
1.37959046804946
1.30830221446505
1.71183011387506
1.37451492294698
1.85208541678792
1.87345300680989
1.62669834373385
2.17657492637429
1.70221244186608
2.24902124461801
2.155749934503
2.18120426972541
1.92151215754167
2.11694867556586
2.30528595635661
2.19591400972948
1.58875854278342
1.96755382359159
1.75837191385219
1.85784736349188
2.09342570736547
2.03671430059462
1.58680811393655
2.0677391072047
1.85993758674702
1.30570628063445
2.23819459913855
1.85044724167276
2.13419445238178
1.59859716397131
1.85607133708621
1.85981406437109
2.31021588051229
1.46404188235453
1.30183039916828
2.22227922676294
1.22119889908741
1.54404022913185
2.08811106326647
2.14040956697551
2.4757133289787
2.18974628782986
1.929766545671
1.88823593766141
1.99569479077295
1.75180760699603
1.83669711045698
1.70278565222397
1.81672606686087
2.04113825637517
1.4614742291617
1.56106665578889
1.88365324810819
1.94807130373189
2.11958694676766
1.53301293445407
1.493637783183
1.74866489666506
1.88117925659011
2.2877250520834
1.43336613053869
1.9712083168396
1.94711543782227
1.42541836989698
1.56235436529782
2.19507982631473
1.68651106852599
2.13994745834296
2.34736997753334
2.10262823131311
1.92980707003174
2.23480144910168
1.47240911511164
1.66904470493354
1.79900664173926
2.30290173692075
1.97746247571508
2.33279363514535
1.9303574892212
1.3014435944949
1.17173366893002
1.99368630235698
1.53809624599868
1.82415255692482
1.95657580061638
1.89465341983958
1.39326411818216
1.21756584793652
1.88292931660783
2.33112368707858
1.81310235662427
2.15329260420693
1.47433466100986
1.92285026224758
1.40128339053582
1.99878410179447
1.72078932481932
1.55546381968053
1.99619353308354
2.04739761131081
1.98712843504102
1.78552151909875
1.9517429826277
1.48487811251938
1.8610339524229
1.99058179694386
1.29745443264987
1.72713385031252
2.15267048149738
1.48997460914342
1.95103723432346
2.16611085458216
1.98394648774365
2.21844434778497
1.75079666654949
1.05210097742249
1.72812655263537
1.57699809861483
1.2338814627449
1.27564858303437
1.87086737074298
1.87206626154583
1.7307063403674
1.75756594925422
1.59057554379458
1.59172137389936
1.53056293205154
1.59992802410392
2.11695264269882
2.01254635239826
2.02893923514277
1.36569950729315
1.94870551307208
1.9811122923428
2.15953122688547
1.55717811866027
1.8117393466204
2.09926501183508
1.87078449368966
2.20681505304751
2.23021219856916
1.90965461064511
1.56259118169394
1.5269788177163
1.73820499626419
1.7548950840769
1.90742820461903
1.65248187030273
1.72085407358195
1.85461462188682
1.33735270897946
1.89272066916191
1.87927337402597
1.57551528972952
2.08305488780386
1.67124375598344
1.54077878724675
2.05804890765114
1.98013482886494
1.86596697969874
1.52336026190108
1.59912170212356
2.0227995561256
1.81220042375011
1.66337388787976
2.03452872508452
1.38271389064059
1.70812164711142
2.08932526553903
1.32055037869025
2.09734071693744
1.82817055374721
1.62950262459823
1.5234037783296
1.26398912327655
1.58258633284635
2.34220344192755
1.42972891092647
1.32958037820359
1.05965500149163
1.52820466085789
1.00592633588327
1.8406943022146
2.0589838807267
2.02356432088908
1.3644274363558
1.56607730348683
1.6617577556271
2.47066115737305
1.21701913319939
1.2804317691453
1.0669565331224
1.26382194354223
1.3647343250757
1.57737407973013
1.46547507569585
2.30971519110671
1.18850034937549
1.29470546640355
1.68339957755662
1.91607984955461
1.64358286146539
1.5473828808912
1.64978093788226
1.59771132959958
1.94540826920338
1.98033851454553
1.92788371019299
1.99785065734224
1.88342320246472
1.97814946516736
1.84527212159375
1.76828647949149
1.8332938909072
1.98454527262599
2.04109440141792
1.86343681770282
2.2693032927456
1.81440041064755
2.13369339543251
2.13400583009553
1.59956365191821
2.13825986031651
2.12270425314189
2.36568852391783
1.69278495469675
1.64980553396775
1.93315881784031
1.74779326034924
1.98353606767726
1.91606330880893
2.1369586026912
1.89426198788144
2.29426242066587
1.80726608887007
2.09611428594862
2.21760393990157
1.45275615166814
2.21502962079998
2.24912728457023
2.07059120844181
1.28351410240292
2.33853536400752
1.6636772280662
1.70032404780131
1.9618760859619
1.96743115075824
2.01681520723129
2.06062448583125
1.74195838622197
2.25881614228579
2.06495852663755
2.15946863431416
1.39073775747134
2.15518618309559
1.52599532927338
1.59068172399713
1.2661583430046
2.30920739854485
1.48598174950111
1.75811182641651
1.96549647620517
1.5723381048283
2.22863566813159
2.37189700397535
1.27117810430496
1.53226424823676
2.08212984739754
1.65484412470838
2.07344782642718
1.17869488362255
1.77540962602273
1.53046013864383
1.34624708396778
1.70286276542869
1.39015153419913
1.44245283503212
1.64727326553079
1.68080894211618
1.93333923579278
1.89610703244077
1.54151955642637
2.0254858705761
1.21277787175435
1.7838148137526
1.67480336232071
2.15638930844578
1.91071097635477
1.655157239326
1.55346055091195
2.152264897881
1.64079372683916
1.80518050531851
1.89876146097918
1.90172264116814
1.4619938799797
1.54774766815418
1.73295811363498
2.21778026698613
1.37009245028094
1.67493152583055
1.77423503410912
1.1430195715413
1.48687658433596
2.28291062942285
1.25044264502704
1.6582122815922
1.56115903732184
1.3683459908008
1.51696339248971
2.28957464211202
2.06460936110959
2.03018186750238
2.20217320364779
2.06804875514286
1.47611993301518
1.93305321634813
1.47726286062858
1.81947566234874
1.46319350077505
2.04593413722688
1.94540576765259
1.06286855617567
2.25462932321663
2.28183173080289
1.5755171129166
2.02106374179985
1.95077897404284
1.55123953676598
1.55716597950474
1.65796046091953
1.75901456358759
1.69123181231268
2.00665719563917
1.84030188294171
2.09544570129861
1.76140237650759
2.01112393391205
1.64286362444723
1.82523288378323
1.78004697484595
1.69228353368601
2.43487708763808
1.51792483363664
1.29906576800969
2.44154704760365
1.68492203637977
2.21928414432533
1.89483741720404
1.88251996835807
2.04495174743244
2.29064260742553
1.49898558568266
1.75860741051866
1.40696382608802
2.05272881907631
1.8391388309892
1.84011892267516
1.85365711894656
2.17564544931746
1.85842921165351
2.25111816212127
2.29389481174424
1.75423178497959
2.02928339564275
1.94149406026916
1.87420897939636
2.20905682999275
1.57045635646056
2.17549805555072
1.58017156602977
2.03910479845435
2.18222905491482
2.36045634450404
2.01863852350453
1.42658632137668
2.19333708903507
1.73113624276245
1.60857195734692
1.50540496024989
1.40864759149069
1.73929903077521
2.10554313039585
1.86170904688964
1.4677528469075
1.75238739209084
1.81805055641823
2.1422910551456
2.02420341608007
1.63682108074983
1.92538668272816
2.08829810782834
1.87844667661906
1.32953488098581
2.15177336481867
1.83588865350789
1.93956553138429
1.86132302562013
1.67851990311089
1.87025953063163
1.26281032997997
1.21579070796295
1.32806025322148
2.01679935994747
1.71369613674661
1.23501225528801
1.47236046939804
1.74064047206244
1.38778659577734
2.33396101462049
2.11268715703206
2.20630891699803
1.88716514357914
1.93125879186823
2.20771761639218
1.99136984999928
1.98634006202909
2.11708922913329
2.39640006952499
1.33907462227241
1.55566417121595
1.88240391890532
1.80012983863415
1.85040173570102
2.07438316474687
1.83401967559194
1.89224211968548
2.00221419513898
1.27087750423643
2.01743573274198
1.40043882771619
1.71701100101126
2.02521074199069
1.85214837907701
1.74969592751595
1.72050995909777
1.76280452200742
1.49713240387952
1.8830738362917
2.1519105927294
1.9400930542815
1.88064983693174
2.05440391765999
1.72263624609506
1.50205166668145
2.04478148809221
1.65562298524482
1.58181110423194
1.48645964843847
1.71207065255459
1.61246944078664
1.96039516556863
1.67758843492884
1.8604843199005
2.0523697827411
1.38942549979553
1.87935000678191
1.58350563511113
2.01061173842197
1.99730179812002
1.75123441883699
2.02876693701459
2.04420398153615
1.87945983926338
1.66131425218794
2.01347990901938
1.63728321156509
1.61629337330492
2.05642833251801
1.60866990435384
1.95033681407897
2.13604425277651
1.31623853244252
1.51374163455425
1.52912415961515
2.35861071990076
1.92742230303428
1.7283112560465
1.49227918757433
1.99255379460103
2.35877717866678
1.88441199016024
1.46083087836583
2.06358460030818
1.54653554693754
2.04198794715212
1.2971382762911
1.42410135820331
1.37970623606996
2.11789550602966
1.80032367083035
1.5635330587119
2.20772649009357
2.18541917139659
2.26035788232124
1.90125639496786
1.44131409609136
1.49241087370043
2.39486725954797
1.14752058274251
1.80197834856825
2.18715713705625
1.17114630761261
2.1124374617715
2.28397334029381
1.17226641108911
1.18855478746742
2.29600290091128
1.17710573568236
1.42600640056513
1.4874521524894
1.75080457086281
1.59922052749703
2.01258189254079
1.77576060288113
1.91580786625352
1.90789666814628
1.27787409253814
1.56417116328081
2.1063306630006
1.53411957618529
1.58568784282568
1.25921824102441
2.13543663553714
1.85670798770181
1.26783081501731
2.08088519537843
1.44256786064052
1.47443471681509
2.1770792757546
2.10744922546273
2.0247352960533
2.22005886346544
1.16916598377323
1.86841063463624
2.0325039230785
1.21316538255336
1.04746668923562
2.02678647040109
1.19765537231249
1.69040969169975
2.10453846451396
1.57873207686856
1.27561893509197
1.69185563614906
1.3438236669342
2.09250620871413
2.25557760202138
2.24735964881764
2.2363451787878
1.17960354702384
1.7215010306618
2.33068701951769
1.83913432534551
1.90157953895236
2.33860422220605
2.3112836774262
1.66754458783909
1.87946211586601
1.25017093593116
1.79994436736127
1.64620789428384
2.12602230673274
1.64155787508815
1.74766015720899
1.68480713660943
2.00652455595252
1.91357891245081
1.84355347726859
1.95175189812147
1.57912881520129
1.90451060255797
1.92268681589519
2.08583118753556
1.86931196085502
1.84766318689018
1.46801509618395
1.62933147889677
1.91026225661143
1.44744454670933
1.73551482249524
1.54317758999733
1.76305031467514
2.15196352686827
1.38843075638125
1.92229468152468
1.57708509963895
1.86791780720752
1.97439019698743
2.20634242216742
1.81001628842716
2.14696649866416
2.03175456876324
2.26385870936937
2.22616220858847
2.20174316167587
1.77763733998159
1.84245813396006
1.87860886973837
1.77138100369314
2.12008556198603
1.76570980278658
2.30300997072038
1.66174270256973
1.83791704922401
1.94966769372164
1.83831314464881
1.53415947276714
1.06158683420255
2.01765893948839
2.18929828332922
1.8277654520836
1.67665557233578
1.85801688100154
1.32909313391908
1.88410576823348
1.54511281431381
1.65904833587278
1.61872414581652
1.36566432317069
1.24375279575509
1.73695439041027
2.26756687603712
1.38558936985806
1.66236433800186
1.42567854260288
1.77729380196593
1.5628737494433
1.54418270398073
2.16019521518063
1.80790756230324
2.07987118294252
2.08158175123523
2.29175752028302
1.44789656272293
1.56500160783841
1.6274575766851
1.40577802978548
2.29834825739639
2.16058232822566
2.31970687756657
1.68789526060041
2.2565962632675
1.77959374622631
2.15864318321315
1.52965295004106
1.87422193296354
1.7674414235803
1.95929071652077
1.95351105727316
2.35772856238964
1.86074592286684
2.01794072071024
2.2848891038367
1.83630328636236
2.09860842526838
1.70000814238468
1.93511583604785
2.03611366834947
2.02662876304225
1.47107745393336
1.52704451678081
1.20819402505949
2.32066726098359
1.91315399394603
1.52544814769717
1.47968052631915
1.30576166907965
2.08944750606723
2.43694648521983
2.23278104703547
2.22747409372066
1.84272574025528
1.86606116060978
1.42725260343391
1.88024181410458
1.62509507976093
2.08179445483453
2.12577776449062
1.52633891906414
2.03446180892635
2.20133232947874
1.65637018315751
1.99555437649151
1.94308679796076
1.60324643068495
2.44899174002031
2.12889200977376
2.03716484967102
1.62001013164954
1.99958306058883
1.12437747004359
2.03530267655875
1.78225513533237
2.08937359951407
1.57580909623684
1.94239540270093
1.8148794538917
1.84199873892593
1.56585693086717
2.27192000975649
1.3580446264438
2.10351564539132
1.37705033430297
1.85740555834612
1.67209240912425
1.62815944981958
2.00656397839614
1.29043194882343
1.63574431190873
2.08054406249293
1.97441061915526
1.88547537769495
1.85554338679397
2.22902382803639
1.4508426650679
1.6562779063607
1.02426853366082
1.23559487363683
1.56235217979003
1.30626549257924
1.62322938476932
1.5095688782136
1.20555288048233
1.50878884645206
1.29161523592384
1.69518279716835
1.8923767418907
1.46944130721725
1.38978868971575
1.34907205301363
1.69928450000955
1.96514758746224
1.8848411323962
1.93402692704608
1.67468394344028
1.76662592710569
2.22645385096384
2.12382066437923
1.64976698642633
1.82618352318823
1.93568298012839
1.93184657215856
2.40214767117198
1.81773558948441
2.38892385381785
1.78793429606707
1.73361620432706
1.89044911011324
1.27568735396588
1.84242504978031
1.16709326435073
1.26891361909115
2.22899277258061
2.09842706933206
1.56025600580837
2.35781215382963
2.18816968309309
2.10064145579405
1.90244137137828
1.77318645677486
1.91139596004525
1.76114608342224
2.0213555048664
1.7602630854571
2.11347839042085
1.29209957041112
2.03992612715033
1.85285504130614
2.01552406834436
2.08894932458398
1.96501562172273
1.64534004748963
1.55671570091542
2.2349434638033
1.70966011066187
2.19105787610932
2.03769797516444
1.80206303920794
2.44900182455241
2.01524949034679
1.64916638759608
1.77011292714421
2.02818300636953
1.64731579370086
1.66504391513475
1.16225922510729
1.67139318621956
1.89347206560986
2.04283308292654
2.03024546768075
1.35659337040831
1.80945261048195
1.76299503028292
1.78410521931842
1.3470995616272
1.65482815524482
1.236265995448
1.33198646499799
1.76832216754766
2.1435326183334
2.01091475189661
2.08087742678288
1.83596724598614
1.95979755241919
1.68502401837706
1.98742486618994
2.20474366160823
1.93312865516483
1.94025308495134
1.71451804308872
1.7346520322244
2.02659841332209
2.12525371716095
2.25837034100102
1.25297623346101
2.29756815373167
1.5914151392795
1.74272033337847
2.03259399461664
1.48695821074516
1.79863905534184
1.41520459439378
1.24697346193109
1.57098622200925
1.2833517110381
1.3280207704254
1.23104271857835
2.07408226212272
2.37463620183562
2.01271248016051
2.23354548434425
2.24117534176831
2.00926871116929
2.27476462115356
2.28076627875764
1.91513006093479
1.77218821681128
1.88081061044759
1.87412050087875
1.8212505444622
1.79016193806619
1.8288296345224
1.78597519792358
1.64226768827225
1.52643007059918
1.63393519906235
1.95046818644502
1.99597463876911
1.42410356447684
1.74504300828845
2.1314553871164
1.62094354329392
1.71866643052494
1.97273631874258
1.51857103345248
1.54781316357249
1.58095548104853
1.81410588551477
2.1336770047954
1.87042390741305
1.86932313728292
1.94129972656218
2.1539705407152
2.31463416740327
1.78441862637906
2.37867609318422
1.84188254538262
1.2772127881129
2.04579975041145
2.07337406696473
2.09437646410713
1.82726215841863
1.65088117495625
1.49169697104121
1.68338217389424
1.51365944154868
2.23603685640189
2.40827428472116
1.46401391579869
1.6319470769435
1.47701936136478
1.78297703327808
1.6918648024158
1.3283816198819
1.55398738476553
1.35169528816256
1.08146266454778
2.01509517413834
1.70385156348286
1.41943481273573
1.51615791660464
1.62442505734664
2.18291320230429
2.2241540216594
2.138230445009
1.57139374278441
1.38773177822853
1.44353930878613
1.83928116830291
1.67652226844494
1.7827988895597
1.54787423356949
1.68828557114013
1.75893126659769
1.63083453225529
1.44403355148032
1.74700742561407
1.58633504523876
2.34075624333218
2.0785139072572
1.83678630056795
1.91379324430564
1.68113387199162
1.5869137020764
2.17538154114297
1.81594626764121
1.90362640355997
1.86113659807575
1.39458865787344
1.6085575891281
1.40874838628038
1.51152904048167
2.14925587414083
2.03375830784938
1.45263876495966
1.94939031720389
1.73223981424879
1.68196115523598
2.22703553780399
2.07855589188524
1.9665696593659
2.16769718497618
1.50856014467996
2.12478592585287
1.92838787372672
1.62546754690165
1.33604552216764
1.88270547708481
1.65064416898282
2.13856038189513
1.9717574266202
1.82867028182484
2.04098132076955
1.7742331722116
1.87264469539814
2.10586455878965
1.87409075916385
1.27898492359482
1.7836158477139
2.2055742141882
2.1463574114529
2.38662975813253
1.39377788671921
1.66972263666469
1.78008133732643
1.96121706299508
2.08415094440452
1.43390815585798
1.94227059609533
1.77210639728368
1.75693602877468
2.06848497367895
1.66462684769865
1.54502451912132
1.81958222741921
2.14032632387612
1.77809230398143
2.17386595581051
1.48900089999065
2.32576350875368
1.78896947445284
2.0181874544899
1.66524365664829
1.64644055715014
1.67243234634991
1.8957553099345
1.85650270660584
2.22209763499851
2.21547440664157
1.55505544038754
1.69802845835132
1.96156227694726
2.17070900438048
2.04821573343035
1.89822398903567
2.35343110624037
1.92444415528846
1.76227095941522
1.80376323257634
1.61803315786819
1.9213938377165
1.84422254318192
1.79365196715509
1.9729557790415
1.70797384284874
1.8268187189181
2.11426694589614
1.35351535111503
1.79051513820348
1.92856966709963
2.40609827563732
2.1182631141624
2.48010214806875
1.58635797266607
2.04921487835242
2.23310406836842
1.90653026550121
2.44882254710528
2.18815091837584
2.21924818188386
2.12375522870645
1.43836352457722
2.06478608540991
2.25988071243574
1.380553022801
2.38615451921287
1.94287328748918
2.21986366994391
2.36267031146854
1.6894399130993
1.72336719506156
1.51734808510058
1.97995353757306
1.83112585748797
1.98190867245022
1.92803481632427
2.00160708702551
2.11458251241152
2.2241485116709
1.78197371471793
1.50982142603246
1.80501914096741
2.30756497659897
2.33219832495897
1.45067539294633
1.83190927531226
1.60719244344026
1.87780588178467
2.06368175082858
1.15868404304227
1.09443604944248
2.0271670310268
1.24081429804542
1.18687454640172
2.27490273730389
1.35465461094971
1.44651775072244
1.37611674607576
1.61000311350476
1.56963650506107
2.15538022081473
1.56047473496613
2.22095036737799
2.0446028402573
1.13274097679159
2.309305651727
1.91107385537187
2.1584055649409
2.2562016333249
1.79216829468488
1.20376611329295
1.74303334319408
1.70419283756265
2.42534625677008
1.94741582067909
2.12970415206667
1.85014968286439
1.7270837215121
2.22956839680388
1.97494288149787
2.02073718013724
2.11649024835125
1.92987715094533
1.66844811725682
2.38688139356614
1.406741293186
1.95108277324399
1.63913304400052
1.69431474150799
1.98772622125415
1.96386725526392
2.00703300862719
1.68944023257351
2.00745322129387
1.31207055122584
1.19255446381246
1.88550752450427
1.81916190254699
1.86244271687359
1.34368812412469
1.6759722769724
1.82220563516036
1.8379887844888
2.09386037967917
1.46270503587056
1.66208911735944
2.13470720808049
1.378369872426
1.85460228005355
1.4553797588939
2.07419428749147
2.04573077600472
2.22781360738846
1.59197743783196
1.35595171163185
1.14193131544123
1.3948357645936
1.14385560012842
2.3150805366532
2.43493292021066
1.49894073192689
1.89285756682669
1.11280095784462
1.59611934631161
2.08146627725166
1.70415292218831
1.92418359412163
2.06205014166929
1.9802256271742
1.48406334051256
1.77599980594411
2.08415990462697
2.16006043568794
2.27858456216017
2.0979981428023
2.05608121791579
1.55459016286518
1.39555321151134
1.97635784172793
1.95103837361968
1.79098604395192
1.64761976083623
2.02682745566882
2.00017941282055
1.85623115746861
2.37761505626864
2.28890476565986
1.61568915126173
2.05559644369081
1.17571075097765
2.1886360423536
1.63824534154529
2.19272963388612
1.91544621612019
1.74134587814731
1.52141743375272
1.87796565556068
1.36763574370762
1.45398018993342
2.02109138506651
1.67129123740907
1.92052614770543
1.80323416562956
1.83667134792935
1.81115189752922
1.71428281841511
2.07045297771463
2.20580989228122
1.84108274980107
2.15552630560667
1.77178803309437
2.04382495488973
1.72136301143789
1.90353156740483
1.58498132730699
1.69414878825699
1.44211158109711
1.89384513171855
1.43547135120673
1.67357085418687
1.79482066028843
1.97875236690806
1.71204627815288
2.11882241465553
2.44668492820681
2.12286748007532
1.71949412979297
1.92326418211519
2.35177893922886
2.14803609730954
1.62329141628188
2.0216072539376
1.39967300806942
1.20858110275082
1.75510878919177
1.76781186483489
1.95771183718402
1.905915284965
1.4366917096187
1.63356560590519
1.64508835257832
1.77817740561748
1.70476245391765
2.32817183885474
1.60001751568165
2.03688314589905
1.69112976043593
1.29816682176567
2.42557832487901
1.52914947026505
1.83436046826837
1.84685452544172
1.78498948315722
1.45923074311397
1.79930953049365
1.4356732359733
1.25190352004239
2.04746237126354
2.16367369765826
1.67375065944783
1.95237811864381
1.87993118272938
2.05516320976081
1.52302589924962
1.663899608968
2.26730890956937
1.89921365643223
1.49167936506359
1.52839660009176
2.05618676902126
1.29152927517883
1.82481473999269
1.63349823675489
1.99840464078644
2.20001150131012
1.7038010781893
1.46594324368998
2.42580987987486
1.98851558136248
1.54190039639181
1.96732801373701
1.88253093092207
1.73841181441157
1.90242405795739
1.50132195755925
1.97028516385873
2.47465368562574
1.9365798280553
1.36929882745371
1.90332759727405
1.84172214516748
2.19375735383187
1.99415206557872
2.35372273492221
1.64397986321198
1.99612548141845
1.33492248607512
2.19333942901608
1.77655933700289
1.38339825077129
1.20859800106047
1.74665127749547
1.7562917233066
1.96487344632101
1.94984419184386
2.37675173063494
2.05132255496395
1.51555566605273
1.91727445976927
2.12381466807055
2.26232782110857
1.48097762203323
2.39136845024086
2.13108836400413
1.60688212962607
2.20234829449716
2.16154723164263
1.63854358260158
1.75762320670752
1.53982455664583
1.68082798500422
1.72995945401803
1.91489546007464
1.7819207400688
2.04348633803306
1.50743458191395
1.75485144865544
1.22231466762595
2.19613192193022
1.76696304347477
1.66273125447356
1.6078228385294
1.52223074487031
2.25742319238454
1.18761064955063
2.32228846965311
2.37181575320474
1.74516405033308
1.59670550035591
1.87874983244282
1.88824345785009
1.36202802120155
1.76843210881672
1.39774588685531
1.39727936865828
2.27616290726678
2.04487729662431
2.10322986595662
1.92375890903829
2.05165756725353
2.23663701916279
1.7901646125381
1.82814576380701
1.85480880504625
1.97301475262832
1.49974301720801
1.93682936745905
1.57006836851943
1.76182828824494
1.74513101471506
1.62664360880776
1.82377272905993
1.62138309542901
2.1016989725897
2.02707092530717
1.99024125806339
1.59635583508148
1.98085469645096
2.06093332737868
1.59434714427876
1.81113024760909
1.6333540253887
1.65586399649189
1.82645306047082
2.00527655813748
2.02155274977633
1.82978944644582
1.49051147835569
1.47806890175922
1.42796142626529
1.77486135128207
2.0616356014791
1.89051530596345
1.24292019595851
1.83599404184579
1.71439689426717
2.14317437984798
2.3545706643596
1.26900889220342
1.49777348913998
1.10975456389219
1.96782912943821
2.42144177516724
1.36648304480338
1.41576579074295
1.09035954792144
1.38901525869658
1.49087180404989
2.12211750332172
1.86825488517579
2.29978976293149
2.0682428435123
2.17257479054097
2.04177232685376
2.19013818479587
1.71920525560635
2.00029843334652
1.86755095098891
1.94817952392673
2.08848234171434
1.08564102072703
1.26217678769446
1.06337182361416
2.42148439263914
1.39380353065789
1.77496766969369
1.63581812699792
2.2150123936045
1.5333150388076
1.96943133237475
2.05336691291296
1.54008710427347
1.38370554485844
1.92614307570582
1.52949479156897
2.13196611336758
1.56224984663231
1.33286260001461
2.30282906416348
1.79212705824486
1.70076197397274
1.83873203757849
1.7992165916823
1.03940512966538
1.22282757699535
1.48817226329794
1.06733218640149
1.07070871130478
1.90501707569894
1.76126956572657
1.57150456464672
1.58006759449272
2.20892044836176
2.02689891585655
2.22728914815097
1.71463347612449
1.59903360267991
2.31136288175073
1.72715462665524
1.57444824901297
1.83210673689986
2.29456853030832
1.45649680153103
1.991490431864
2.13386578247026
1.74962162832461
2.03419006021573
1.80830376199189
1.62223355241783
1.80518528583176
1.94184448487851
1.65474040037587
1.72589859615664
1.83612651471215
1.68465367164333
2.10182126485048
1.99965640102213
1.7045598549308
1.17403699793758
1.22210451499786
2.292437667361
1.12957553403296
1.39460087618481
1.54700321785104
1.93917803519763
1.32937852699893
1.68760602344941
2.00611518743306
1.39260113265198
1.75190417176067
1.43042161704985
1.42385854404151
2.13100289053206
2.4770839419239
2.00278650516008
1.30544290442013
1.40004072399215
1.89839716313821
2.28274740644551
2.14200309564503
2.22492428759884
1.63174372122055
1.92297413083364
1.63036162253254
1.62414448824767
1.94764248229582
1.26554156264895
1.56107173899382
1.75997757244757
1.68472364662174
1.8694220761011
1.84722075668382
1.51169945669194
1.73044745713599
1.61561974718791
1.33647905836932
1.23496109315749
1.36502347452879
2.14222001412681
2.20040210100627
1.89562725616979
1.3022410232032
1.44918686909303
2.11177304070861
2.31436552643673
1.61220934080697
2.49197662603871
2.47907875102404
2.01902270586857
2.44700875657654
2.20186499067017
1.21422544499676
1.74606602150736
1.29372167450934
2.24730267048772
2.35200609148453
1.02768816204589
1.10327920438467
1.82180194409896
1.68034029427874
1.72095055333056
1.9061252091287
2.13720047306322
1.98257804131927
1.39484653036103
1.73468269735207
1.38460225879499
1.93398322107206
1.51307552376479
2.38719131886614
1.52398301328178
1.62813114972883
1.7797795293552
1.90949763689632
1.96315882905933
1.90876305823561
1.50460424891189
1.87571981417431
1.48898670436307
2.33523409638836
2.03133480345066
2.02631598936926
1.216584819611
1.57314251296497
2.28283494908733
2.26603708512417
1.70601927955697
1.49555223123145
1.6226884231412
2.05073896520492
2.08891083234745
2.14317517522333
1.64841902185996
1.9139310804369
1.20387686344365
1.04689818849345
1.01465309945548
1.18418990392904
1.92086424426408
1.02465542454642
1.72995215376355
1.40184191164548
1.39792610863628
1.4076059321724
2.18947550149998
2.16918630594851
1.4374112005863
1.03183743643336
1.57434336381495
1.73634884049175
1.82349859373682
1.70223199626831
1.92234709911148
1.94797032755365
1.30086609226196
1.92194695145189
1.7985383575234
1.69901321904286
1.4520230645463
2.41140707942903
2.27066108740009
1.8950164141565
1.83201715315077
2.25578404026709
2.10352142176988
1.3279176551343
1.83029800976582
1.25604571350399
1.85784499837179
2.01624506970849
1.94510195001249
2.27830256188469
1.76549768276381
1.94892809001316
2.07900885894726
2.00600312179611
1.73881574732183
1.71714671040615
1.66309436557736
2.02388294409285
1.79510924564519
1.84513757645368
1.26184824818894
1.8814212670496
1.9090148498371
2.38143779762298
1.52469660601299
1.66512644474937
1.96516560058656
1.336165059234
2.04852973683887
2.09553963462143
1.85670039903466
1.69949178259531
1.49809478515784
2.32935661439542
1.80183405821516
2.18710908040102
1.2755440892832
2.1044673432866
1.66618967127886
1.96135277667299
1.13690680682746
1.35034523661952
2.27022532001371
1.85433702392
1.37043652075561
1.97761162735738
1.55752663864979
1.8717677530909
1.43412899457345
2.24855488054481
2.00693439197678
1.41865196545175
1.83596201391958
2.26195399129247
2.36537970516452
1.55644664354522
1.74990474210603
1.65288524662527
1.73635757934368
1.78675198670345
1.65252443152274
1.41758745171429
1.37610306071271
1.54672887822136
1.32704438228906
1.25106223330652
1.73021880670036
2.13884515838255
1.67355240233739
2.24502247575769
1.79941853821726
1.74703651906609
1.82843419060595
1.62281374146782
2.16469729735227
1.85713748963288
1.73527806562595
1.9202777413548
2.07123010771467
2.16333130319066
2.28539041891358
1.84373438729018
1.44489511261669
1.495526299741
2.06300842300239
1.38144976105863
1.85335622426417
2.05608699099145
1.59273873807849
2.09337314138674
1.89400852007518
1.97046665174528
1.28450285389353
1.51690826597694
1.92687285475566
1.90657179646495
1.54095301768971
1.70401050077368
1.73352401074262
2.38774088168184
1.71273284589138
1.62031067308594
1.19477929014285
1.95267220041457
1.86164365143372
1.63493464673421
2.32984408525356
2.09929674982012
2.2861879675242
1.92923787862804
2.13210121862323
2.1031233762943
2.01634213274926
1.3583419037563
2.03746797105416
1.91118346487983
1.97386285022009
2.0275874467015
2.03929524689448
1.65175757976939
1.66002451686145
1.54214525472031
1.97107839717332
2.08136847667831
1.30489715446796
1.69521542718899
2.05261606652329
1.30996390872197
1.7209371788029
1.82902940016707
2.07505847654025
1.92732550203675
1.23777144644032
2.07191410521575
1.89806256497965
1.88013190065859
1.46353146854391
2.14995399776104
1.97053655567393
1.64349760969229
1.53865726358178
2.00271545259921
2.15266855714232
1.98087768794838
2.0535791938583
1.90876753007997
1.79203043271103
2.17465360624581
1.62509847894297
1.02933928341272
2.03207689809799
1.12159250415656
1.19133398649622
1.94983510054537
1.68708685755811
1.82695582830339
2.26108879474464
2.05290716170813
1.74398837850028
1.32172292394489
2.03688903386911
2.16415603994887
1.95561183065399
2.06320655977765
1.65519798258028
1.59960369435566
2.41848859047038
1.2020689857612
1.92797270245031
1.97455933306909
1.59261504460103
1.95362431243203
1.64842530160863
1.62321062657177
1.84345310775652
1.77329556139183
1.80046510388471
1.82257162887701
1.96567525586042
2.04997148594013
1.9182206996991
1.71587628197855
2.16293838327214
1.95014807125849
2.1149467770308
1.68614477372126
1.54409398797774
1.59383967956379
2.01602583198794
1.75226483796689
2.24374682549882
2.26949005123466
1.43119973200384
2.36816460576346
2.1217697064063
1.58413897931066
2.14923548248033
1.94671151683725
1.79494923296028
2.03659545286597
1.70274732994191
2.24301909372244
2.27989679889104
1.06607004946001
1.77858730899451
2.14285056948696
1.14512098324064
2.18333667766499
1.86993290158848
1.00822284889992
2.3042260134695
2.02885665407727
1.0150643689055
1.54190933939142
1.69317966533929
2.05664423422058
2.16476663668675
1.99937342801567
1.45947868519173
1.83437116382865
1.55244856311626
2.3390382211204
1.30288914529429
2.41797891101002
2.49293595451347
1.72396763419266
2.05140910272428
1.48844677731303
1.69007700134044
1.50180792288963
1.65164626466017
2.06634093971421
2.23276636782993
1.67249427002485
1.52986503753292
1.68031416181251
1.91416734781834
2.3108051673777
1.42040008222836
1.49538328042055
1.37930021316883
2.29579107612292
2.17182502599403
1.14134191048944
2.25875270445486
1.7212173386403
2.06784924806803
2.03902642337396
2.00340266701622
1.78218347762125
1.86593590118692
1.8578245798185
1.29282089805056
1.6859508928057
1.9509918983864
2.05803095498901
2.17683135019661
2.0046790964405
2.10603082429007
1.7940056476922
2.2792527252563
1.99380345408144
1.61642893415332
2.29468050807051
1.44177680070065
2.07554283192988
1.97855935398091
1.83405584035348
1.65012646005715
1.61576420023044
1.52067897098883
1.94925962819104
1.58149638207458
1.65209028711196
1.76972620196348
1.79522358152119
2.06287460039838
2.29251748887734
1.7204329806424
1.86434881160171
2.17140252539554
1.51678101452811
1.62088179939468
1.44432749365363
2.18053015260114
1.96541026333751
1.68140211281168
1.82929711088926
1.46171312110282
2.03206320460649
2.03740944869353
2.12143867775531
1.90877004765786
2.14433602212025
1.54624673589016
1.79625228605935
1.8026751187082
1.89280637433708
1.41685549143848
1.51238822098121
2.318318037343
1.81691919060124
1.55942952195034
1.27428741065951
2.25394006985235
2.3782275496247
1.45951316277956
1.55541836675874
1.4761912131781
2.02388362307036
1.23276334837128
1.65398170057769
1.43201013794732
1.54250164762742
1.17674963394231
2.08205543546428
1.59700255231912
1.26904901733275
1.5075649490462
2.24392132867307
2.16405167486892
2.43544826074308
1.8376391295876
1.71031308592614
1.6285467961556
2.33660156404265
1.08271277760272
2.26744829636472
2.01831917303207
2.1385561385678
1.64822678092862
1.83623120699856
1.72222068038458
1.54942617712701
2.37078761686868
2.25621283916276
1.65014214121042
1.34062512881553
1.102337732423
1.42246190167386
1.95588585773263
1.16149803071315
1.82561056309834
1.38427277917666
1.20156985788015
1.36378086437887
2.29703384448225
1.78962304272148
1.32017193165975
1.9101981150089
1.46677138853578
1.11743146454366
2.27328139039539
2.20656514001929
1.67477651034104
2.06549990170573
2.01515478121823
1.89420056569282
2.13909541404626
2.29987438384323
2.16254141840263
2.03828777003721
2.2261193418262
1.65891463640786
2.06386849126279
1.7179050678846
1.64990934178155
1.62790892660776
1.93482233337782
1.63085415534286
1.89541699010838
1.40661207520388
1.45276864004256
1.41260991613867
1.62814022583228
1.36234631844872
1.85703271972831
1.78734941987754
1.74599361478343
1.91160211231904
1.40058472250059
1.5410303402293
2.40914452003614
2.1931724884026
2.05509282546002
1.17685809453584
1.78029115643533
1.45073855975617
1.19742038904491
1.3678913166163
1.23810681210576
1.13204992359001
2.29016210621714
1.82265435083513
1.14144048839951
1.55953985725931
2.33927792117984
1.35487531596357
1.90736833566473
1.93664397203635
1.34883292614912
1.76579768205844
1.90530079195393
2.23782259390009
2.02791126117622
1.96652457033448
1.65938288244777
1.8080839717457
1.57909426695291
1.17639939836748
1.30756046240022
1.86546481070011
1.12043664702363
1.61147519929875
2.26451770893547
2.117856351096
2.16284373754759
1.24047383743262
1.78861819548813
1.5504450539673
2.02152256476393
1.59193844979489
2.14799116841409
1.94694326459455
1.26790662004111
1.54845446710194
1.02623049443269
1.14824447182661
1.30196596555632
1.74278231688514
2.10312687185843
1.27200895637107
2.00534301164705
1.40050281314777
1.98903167346727
2.11617402130038
1.28285364565772
1.79334782435951
1.53548401564695
1.71887506754841
1.2135595180858
1.54740191059889
1.77936976375093
2.17525922380007
2.08174162066445
1.24051545964732
1.46319819338388
2.37119701535971
2.12828761831318
2.03610811229572
1.17136978029977
1.65579275367761
1.58254460179533
1.64240939739208
1.63863195497252
2.02700721481076
1.49594274037216
1.62787590390409
2.30101794790241
1.8354069935337
1.30402271038681
2.12806043465102
1.59389603869412
2.07011419079085
1.55977580014659
