1.2114
1.9171784371164
1.41424455581622
1.03450001349635
1.07316125675042
1.09916869684789
1.81317469385368
1.08406230971235
1.01084152333564
1.00101535096866
1.03431364047594
1.27250489450114
2.33400569595702
1.03279080702963
1.70004768593642
2.44916294329888
1.23725777281883
2.49845601930775
2.49962565983857
2.49774974433165
1.79618570436203
1.03539149303609
1.91618816327212
1.44873852152335
1.10596156083791
2.27135580220083
1.32806813157076
1.59357038365674
2.0228647212527
1.18966754639733
1.41003418601092
1.08913043543548
1.3401234468358
1.70603885380675
1.49222685699514
2.266673184914
1.84128020987469
1.0551563135314
1.54074381367391
2.41841170486287
1.52379986419757
1.75677387770115
2.28456163569757
1.54314558556615
1.82766556567481
1.84242864753706
2.30384345722419
1.76728040314168
1.64390225360832
1.23455658941827
1.87321764553599
1.94257409595223
1.43422785879135
1.65771398032557
2.02984914495371
1.92519045602078
2.05478819244627
2.14808658067096
2.04597442728653
1.72515046195569
1.95307813272423
1.44304890187846
2.08446423112312
2.02109571643543
2.09543831214425
2.00958953753742
2.26930809658964
1.83223585732615
1.9229996638464
2.1434377234861
2.08519119172985
2.33048810432066
1.48129337357595
2.1431445916311
1.95549242227942
2.04434340081429
1.67297130849389
1.77584898527254
2.0854045034972
1.80517015569372
2.14665013510822
1.63918870950804
1.81303972840307
1.51887492000242
1.78971754147284
1.77288032056982
1.16635095187209
2.33345540268041
1.43486704905336
1.76405450318081
1.97919301471122
1.05425181158362
1.85075191708868
1.87596987505913
1.52597326734673
1.52840932509469
1.36069967558843
1.86507561252324
1.62895353863635
1.64405732146345
2.0150117990566
1.88576621774401
1.52578554873417
1.63330298238877
2.08391021535376
1.9833899967837
1.96159351395
2.14173401399722
1.66816902972728
1.67667782437529
1.59767662432931
1.89575991896046
2.0297452613767
1.55007474199355
1.76247581556971
1.65028220799789
1.86564402462618
1.460413388665
1.18421616770097
1.89034490210333
1.94666787583124
2.25743161227698
2.0242403419475
2.04277624031137
2.02315373382682
1.99723644182749
2.43541753218665
2.16331221351309
1.54060182208765
1.79266603305288
1.89839088377418
2.10535811219443
1.54701599526396
2.01098101201805
2.0486684248209
1.96644437670422
1.81108666669299
2.15291844924246
1.19773879739863
1.73016378088906
2.34152456847237
1.59735841599709
1.69295378001801
2.00612821718476
1.78447464352337
1.88355903335205
2.13523233358622
1.83540938587156
1.51317180331668
1.86455678918566
2.07422674472848
1.79333087514094
1.27173709662416
1.91305101733642
1.70378243292013
1.73495542492184
1.76570881220556
1.8633679964222
1.5289438625494
1.83184509262802
2.37619752308283
1.78162007855053
1.97693246944085
1.57276284755782
2.28591503766854
1.90234961992993
1.77028255844648
2.28302626489946
2.16180323568425
2.26347605807503
2.22284023376082
1.88847558488373
1.83376228494479
1.38944350531354
1.33277711255822
1.99967594564804
1.1622335882812
2.03094221100156
2.12263614085495
1.63423527793378
1.9129552308026
1.70516333839833
2.00242266128817
1.62718726800111
1.87613470913759
1.68559717241058
2.01543434861655
1.82531206341664
1.21914032399326
1.1738780631657
2.1920275964994
1.75827772379438
2.08557244533032
2.02156480269334
1.25933538339132
1.32512904605043
1.06150314481515
1.90119723171646
2.04645753968482
1.22160036269583
1.86651360006575
2.1746341147845
1.83618343521614
1.93131837853934
1.98966167334523
2.07434907915445
1.65087615667654
1.77420940791111
1.61042377831441
1.39305909942777
2.00252395671179
1.54154895536524
1.47053877325746
1.23091121975239
1.17195838076158
1.94243343935697
1.79591561991702
1.46415014614777
2.22600987100322
2.29793639966046
2.19732628363314
1.70842026248937
1.56660380272678
1.48336828313739
1.47875056130026
1.65933552207165
1.99261262267914
2.06060481867824
1.71544147618158
1.95865125320428
1.94377951834685
1.27912066040894
1.85594234053178
1.5077921626323
2.22571567335567
1.48699386930124
1.54287296247396
2.47680138220519
2.48317365828232
2.45643983897998
2.05153191930504
2.11967118533534
1.81953349375207
1.51630802420207
2.02866336594528
1.5372699996645
2.30062949606691
1.92809214628837
2.3968978658796
1.45053161504517
1.56970036845852
1.9482859461933
1.64635722518869
1.02232901779928
1.12200487100136
1.56599982066244
2.40685944759405
1.31631569956134
2.01299006260294
2.30414022101931
2.05983588676544
2.05004175975344
2.20262519563723
1.32529835566798
1.98880506885143
1.8856254588932
1.68042609572839
1.58119615164841
1.87047461055813
2.07784138073105
2.07012565022766
2.11349978087698
2.02400967990095
2.31697256786875
1.72813241756278
1.80019688239102
2.1746795289584
2.19100440235772
2.03606396008874
1.60054848154357
2.03731375209981
1.99889077772148
1.46102168809448
1.47092371716418
1.38970743872883
2.11164251917939
1.52627946625441
1.72797426206662
2.03346807694151
1.97363883019734
1.78929762569888
2.10362123493248
2.28833309259737
2.3257463250348
2.16302522954863
2.35183232319309
1.85287988511809
1.34145891568336
1.88972827560091
1.71833854163518
2.02688505309373
2.32028500423418
1.4735788239879
1.63100059820401
2.03831600001358
1.80557693156884
1.96157187297469
2.21473343764554
2.13040996452915
2.2885871036129
1.92441829335218
2.36405827133658
2.37207974154002
1.79511585439353
2.06433666535561
2.22080093276148
1.38840813575443
1.63037112545209
1.80722029906913
1.84175882290465
2.00696750032748
1.96097411709181
2.16300711209266
2.0145624628295
1.32383488405932
1.70670427360281
2.34582923976024
1.61217608496068
1.88306775145005
1.5468902369511
2.20574446876018
1.39739594080282
1.81227088872006
1.70696967432695
1.92324054942088
1.34656013276522
1.99248380113737
1.89732165968816
2.01272456621658
1.71245230539946
1.44046575308253
1.16668704825698
1.31778729260746
1.6082476047385
1.62949299362595
1.74519088842654
1.9995252756642
2.08795195168201
1.98882375436359
1.54163879832797
1.87377027462092
2.15851067501238
1.5495978934812
2.05632487776644
2.15546505909294
2.13051714827434
1.74414547522711
1.95838606851587
1.21549861715763
1.69054409039729
1.30422145207254
1.38128167613662
1.60756659024695
1.87181302225883
2.13329997602861
2.01365685668131
2.40646685252382
1.28911518182854
2.43421405145849
2.00422404178441
2.23811793933979
2.35986375702398
2.14708655969281
1.69840442059689
2.16042285128214
2.05629549130658
2.02854894422282
2.07583826831619
1.77802213860732
1.92183827505369
1.76476070845093
2.22316596456462
1.7709523448534
1.42997847341576
1.96964658217205
1.54330569654199
2.30013548332413
1.81550287642849
1.9567160530437
1.41543077811998
1.24763162825755
2.10510881794586
2.28153435307112
1.56347646003633
1.43518231225602
1.98685007871245
1.90024791775869
2.38195911713325
2.21787362628335
1.85778323538342
1.75161034048803
1.80940412885247
1.29906742147896
2.06460825417661
2.01874889509782
2.00892714209276
1.70539921151813
2.03250645265914
2.25037740033275
1.87104488837699
2.48657398716108
2.39723786021109
2.38182361260956
2.04287096350962
1.88609068950887
1.55348503415435
1.24696814199589
1.76985407955111
1.91798667093055
1.2567753989136
1.92242414488922
1.90610869104938
2.14089635628215
2.13847895755116
1.49671508505256
2.07904934336518
1.96535763272394
1.68567867262033
2.23305272808048
1.63231397640237
1.86471275689497
2.05011502649588
1.8162569975041
1.91770881754988
1.68406220547747
1.94265823357989
1.7579380146309
1.70283452933856
1.905004865867
1.76260949079196
1.45568967977412
1.56498760799002
1.69892595506273
1.59330016617837
1.82879726465322
1.88261109271386
2.32858693041331
1.98719594725186
1.57177074439878
1.43258018902999
2.0699752927808
1.29928860582867
1.89257134028499
1.95000530893213
2.02872270393141
1.43002639098036
2.11918542283473
2.28078830728263
1.98835573656328
1.38696459248031
2.29625195426289
1.57747541578862
2.0084158554728
1.82845288193826
2.20505051276947
2.1579110363657
2.07334717035814
1.30246023477677
1.44109744939953
1.26086069828708
1.77719255300733
1.84669319740864
1.83201724123861
1.43200204836161
2.22601377010262
1.95122756231472
2.15095418154568
1.81654369813143
1.98855116230553
1.82262465098894
1.9257546021932
2.3667458858872
1.91885375178111
1.382256936217
1.77633910767406
2.34584509385336
1.65660542575799
2.24258029732536
2.26043898719465
2.35170844768415
2.16261621394383
1.53127717795834
2.06171332386855
2.15050525520385
1.81066683496511
1.56041355906461
1.59637148146164
2.15601022303869
1.49484206566858
1.3315748904498
2.21065319874474
2.32376854157022
1.54801592964559
1.93748690817145
1.75846794842023
1.75229192879142
1.58506497226947
1.86269100372547
1.1906634157575
1.47252512919646
1.96010493009137
1.99392580829931
1.77829148384606
1.17362268424128
1.59675046551151
2.01812297345475
1.25393392975041
1.49236224281004
1.61552496828232
1.67369793134014
1.61867911857241
1.68253595714818
2.27455282348496
1.94524200955523
1.98562711631599
2.33817932794512
2.00087588715633
1.84598930420614
1.83704333241612
1.58594132312854
1.49623854843176
1.77936790148684
1.64232144566237
2.04135465131997
1.33770010189101
1.46530115021404
1.62108257475759
1.38440208396944
1.42687743500918
1.75865379933522
1.89520889533432
1.86078189018269
1.8086941392299
1.98834952310868
1.9031239981911
2.1606200598825
1.59065862913421
1.97247856343731
1.45848310043391
2.11516829208005
1.58279514128565
1.9740586720114
2.28302649846733
1.50321392635204
1.34910863016335
1.89541372632788
2.37939545036583
1.64294755454911
1.12722334460465
1.20560639007012
2.44556577533874
1.43819804774839
1.50706139086749
1.25524130428288
1.58472582173141
1.17994608420189
1.10250624640754
2.35036168190691
1.96701486309986
2.28091547439101
1.63975489889678
1.55335245585666
1.50484567601759
1.77647815640635
2.2554355864887
2.16443211686871
1.72141024938314
2.13700601749037
2.20591005585635
1.41212742615335
1.65704499690548
1.8034961912416
1.93724837123931
1.94531571606355
1.99287882629873
2.21173496187495
1.5434651729168
1.76215260371938
2.27322024667391
2.07276487461944
1.56622066762285
1.8466296948344
1.77240668626613
1.2117785823694
1.65737566618039
2.37377968916346
1.92219051930473
2.09836498566023
1.98115289366495
1.58848178390148
2.29993224269044
2.31834917790582
1.8968492405473
1.58657110397754
1.2189406163849
1.81753320993357
2.12206447423774
2.170191275923
1.54992107378005
1.66950395221756
2.40191273079485
1.61682707613906
1.9184955281133
2.32127857803359
2.15275848044707
2.12386784026742
2.40808510580817
1.62471479639242
1.95630421083153
2.27698616083426
1.6811441652265
1.38598690002481
1.903568218464
1.68296868870351
2.45392908926347
1.36183076578145
2.03320783487356
1.72202202205828
1.92914069367911
2.02320497749047
1.66354888380727
1.72283178994329
1.74975440005567
1.8899547042545
1.25804293120127
1.5757159960263
2.09765299543441
1.48817513690707
1.71947295366469
2.19180978867726
1.5631761515407
2.30638912863546
2.22866294671191
2.17570376150402
1.62935295277051
1.85132081099388
2.09471387440293
2.03556605112471
2.22069112101314
1.94759571647307
1.97738380903539
1.50789620645569
2.21748573141336
2.28239290599872
1.6869710202194
1.91880025937527
1.94780739753658
2.06952067672835
2.25675077333786
1.8672025854327
1.77694183263764
2.09686760684671
1.96688712057749
2.02441760557531
1.63887383073765
1.32573741186373
1.88485837338105
1.7527346761591
2.06066747847944
1.92775633376406
1.72704231502782
2.02179204415514
1.50009566577955
2.41134511925196
1.78901041406736
2.1220338764558
2.31602456050838
1.76758809996558
1.6785160086747
1.62095279428344
1.49902268216751
1.71433286920851
2.29127486187574
2.118537841402
2.01720943342995
1.71863684417285
2.07120761127863
1.55355484640613
1.57451511616832
1.25371501150933
1.33675383650543
1.75629076139669
1.73191705935304
1.54226777361681
1.67988587597012
1.76165258156189
1.48997387596886
2.29182951577392
1.60355233332974
1.91656439456497
2.15161467441431
1.72906474328436
1.81767034991645
1.62038447930234
1.50410215789051
1.68270818909713
1.77629930611965
1.89206485186221
1.95028523136964
2.22061337266168
2.21888310103435
1.43423822880978
2.09044466839647
1.38687379445666
2.12476707686717
1.81753791162565
1.92113403732167
2.02735219028833
1.79996988558439
2.13144043680888
1.65255287597897
2.04732385996245
1.93482291376548
1.6882014638167
1.82947401222133
1.88086390905337
1.93891641774821
1.43982843502567
1.52287760444983
1.70174628399064
1.50468674113595
1.6486665589448
1.93077865742995
2.04367361634828
1.87585729843613
1.62342754730023
2.08024728569997
2.26744775817115
1.84063215796131
1.83177442283445
2.32316197234455
2.17936305028182
1.98779306409479
2.39414301080543
2.24331465526911
1.73783857687869
1.86915525202695
1.86778978131556
2.39704795860512
2.20747689486647
1.69531968162308
2.01640731515389
2.00370319889699
1.53534070254201
1.74469832643927
2.0072760163909
2.05800954182633
1.97070860782366
1.88961475776515
2.35732472534453
1.36413050093863
2.35091002589894
2.38010843777022
1.93489563475437
1.69725689898073
1.9527534227489
1.24722555696441
1.41109484235237
1.96316269288534
2.40186308677849
2.34109296426384
1.65768412412224
1.94796926007641
1.21961056926681
1.93902146183515
2.18210319996083
1.81745637105326
1.93168106986844
1.81734436444933
1.6519151226601
1.22877545659123
1.47294176842962
1.56140990189291
2.15532804221426
1.59153932306075
1.21355074768834
1.90221964543472
1.73672421102962
1.61652850776675
1.42975520659632
2.14667054036385
1.80833287533663
1.66999106525956
2.33296365594593
1.8712290634807
1.42142504619778
1.84266306805868
1.634477908324
2.32823141980376
2.02324376685197
1.66519914106805
1.59586978346024
1.85972308486665
2.27119706228059
1.8539596534396
1.86923415606701
1.43300214896883
1.94018343925412
1.98712959252186
2.0452762720283
1.84918560272691
1.64537980346751
2.11581054751622
1.98594788834987
2.33806416668755
1.97890365080185
2.36057537576507
2.08267255779158
1.62619278417175
1.967681937503
2.16387518237956
2.02180973595344
1.71399898086318
1.80250586229915
2.23746823530626
2.15825404156252
1.95165724140609
1.70381423731088
1.97505051909083
1.84000618403626
1.58268293457405
1.98339312949799
2.30426837500726
1.73433926908367
1.80028040616546
2.25410729605901
1.94350827576561
1.48646568880525
1.52600980878581
2.26828004576176
1.386246844468
2.15436472915036
1.77081093607346
1.93732450129722
1.79550913799873
1.92609506895939
2.33637871271093
1.94157785749619
2.04262662609487
2.49094950575172
1.73106841204151
1.76497216073963
2.3266821327541
1.82197791570535
1.42600691010173
1.92172105587205
2.21205618620739
1.33055488556288
1.83272122496163
2.02711966383452
2.04492588626899
1.55061650020318
1.89711748354465
1.90130939063035
1.50415551261578
1.85000284966005
2.02191469048388
1.46886645310514
1.96398717396094
2.01237345027044
2.02776224735889
1.81775101555956
1.79337296310807
1.99594364586113
1.58398038370952
1.59903771675445
2.03621948313308
2.16427606866367
2.25111413383473
1.12551623074907
1.04439652920801
1.69331819977378
2.14176411957522
1.57357963815957
1.82341596078185
2.2727351426266
1.83055903195784
2.03016625852232
1.94233212213724
2.07857236889414
1.99821823451921
2.32673120794101
1.76875488639181
2.27643423818168
1.69692513994959
1.83095152739329
2.00062511369069
1.77580267601515
2.18935676089104
1.80686017572448
1.66275941189855
1.85638422755392
2.12512135262361
1.95168354958054
1.71002905322256
1.97307260754115
1.68421818357434
2.25343042459104
1.47798316163716
2.26727977230329
2.18476096790723
1.53257105156371
1.61863128575191
1.80528607862451
1.59668083279282
2.48277639342017
2.19064938606568
1.44791627262832
1.88443017278139
1.77016926446794
2.35790020039209
2.00267143357804
2.22063203957763
1.81249761679189
2.17705153418224
1.45419910284016
1.24844944036974
1.17923941783154
1.83601603401334
2.25059230027801
1.95229383966407
2.16980104490685
2.44174877465658
2.27752377517064
2.07493897137046
2.03577373705427
2.23593694836655
1.02480900980123
1.44474581422683
2.02509159678896
2.23245863141227
1.82294705139152
2.26006084976143
1.90233299550345
1.49150391347691
2.15309177481081
2.44998694133562
1.44878459450232
1.75348364843633
2.1227290140365
1.85937901691493
1.69399469907651
2.14827216632747
1.82291260162849
2.08725245241154
1.86106065216042
2.40557111087176
2.16248305848999
2.02627999800255
1.62068064019457
2.03036265631583
1.6353368731265
1.53472532807822
1.46322203167102
1.36595794079973
2.06656105010154
2.44809774322768
1.75533541556734
1.30922754620099
1.58846255666917
1.75227054861769
2.1126928504467
2.13331120631411
2.07288685700789
1.8461973768108
1.80197074847064
2.35056902555149
2.03845070446318
1.8001843566008
1.87851538952599
1.46590975825889
2.0224462402982
1.87921366523322
2.18388105372742
1.83470358572434
1.92344726167852
1.72662906734614
2.0333755263001
1.91101124245541
2.04519911565768
2.16401544154557
2.13970468899638
1.63819609074453
1.79579811148474
2.22950150503955
2.02783131075054
2.17346999619174
2.16457112247033
2.03978096235883
1.85250287955479
1.78197039301404
1.83556707135326
1.56565406680901
1.81439329352438
1.92770327253024
1.7876714381713
2.03192625449152
1.8165344922793
1.96829097583129
1.85408753852836
1.67298172654164
1.14490005554817
1.91902276349854
2.09513572822887
1.40661726655485
1.97429576775198
2.12482212361377
2.16367453071578
1.58075945071909
1.34415589380236
1.73243224961637
1.58642018470775
2.09533710387355
2.24973362270875
1.56606600256985
1.64133115952658
1.94014186773895
2.13572499848051
2.05599011137275
1.45296882392455
1.86696749010746
2.01128260495743
1.69845658562072
1.47386688862814
2.1646520378891
1.72761549295507
2.04345431734511
1.91338787227848
2.13694276313831
1.44655854459725
1.80489488651965
1.92660370804652
2.27752872009644
2.33149031730636
2.07542244572301
1.46421204730873
2.29360922754442
1.71798024305953
1.92378272897788
1.74435754792313
1.68329674115554
1.97012804017461
1.70342900392834
2.04144366235761
1.50375045363787
2.3626892064637
1.03356384738512
1.67550976374403
1.68359596082307
1.41689459308728
1.45996772301115
2.21090390537043
1.70587883614343
2.36388832267987
2.42201538357735
1.7704485387895
1.27433311591409
1.01110445336494
1.02734478311305
2.23324018509663
2.11842569882574
1.61750798294736
1.87242344275883
2.2510691904159
1.90117705246988
2.26336141169901
1.33991175823893
2.44955359316698
2.48345008879057
1.44189210477689
2.10442682186405
1.92169942410727
1.5515894650588
1.97612392957149
2.19950209323367
2.11006220618538
1.90429337174804
2.11980326593633
2.34939542264319
2.34114547478599
2.03181557766239
2.08718179770547
1.97128135303769
2.28095227727079
1.60746425421644
1.61113803858445
1.82442936918258
1.75891311353428
1.88422031992226
1.30666909233185
1.98561922663087
1.84744019657832
2.29958236509251
1.92665666229702
2.18611466193611
1.46052962298561
2.44042596575199
1.79815482160691
1.85458789755381
1.67886974435535
2.26607286942147
1.95241160257011
1.59422230135465
1.7619040423168
1.25991236784297
1.80292730449998
1.40221514975148
1.13995921823006
1.11507108058226
1.55168530124644
1.95165617297901
2.46937090449847
1.94769348973734
1.75425709430668
1.53742393467446
2.26567855069683
1.73441709330977
2.05420793415396
2.20523382430989
2.10757705664113
1.93281432562858
1.59458273624855
1.63216226605565
1.51079860115166
2.18957477135863
2.21087592342083
1.95435525923864
1.24074485219994
1.88116716433167
1.82932830063224
1.85651921735568
1.8456897286809
1.55960752091825
1.55699018688726
1.47913332894343
2.06057979186089
2.2664405332174
1.86129107522106
1.71617730345137
1.84356082335909
1.66839163396179
1.18689295704109
2.05584852767733
1.11943829131491
1.84202666266921
2.33369071991685
1.64106508380889
1.89848571570611
1.52704216870293
1.41872998260148
1.15010698910058
1.50197148114544
1.28222818015244
2.40729948187799
2.35436143741357
1.32915876680764
1.2381513991601
1.86642671253082
1.49726542209074
1.84960975673261
1.33446096832789
1.9605690142388
2.10289410532559
1.9033882799463
2.03962657514436
1.54907706387359
1.96439612154161
2.30367175704297
2.01818615349833
1.9674805571382
1.77997589622066
2.30790099501746
1.2895863656927
2.12880770905944
1.67406434752108
2.32895848571064
1.54705577530144
1.4361780970166
2.3116210684513
1.92648653239678
1.35150202481665
2.06807274891108
1.86434316767956
1.72882114779441
2.06509357483988
2.23010639577766
1.99628343967573
1.81698140113633
1.72170467759647
1.54558179758809
1.06712201025073
2.29048531982823
1.59874865353206
1.81075307118311
1.29692254674329
1.44818008803522
1.40814229335941
1.60846695102759
1.91748960019156
1.69455550662514
1.79206519408445
1.88089342577592
1.78183729159345
1.66334266737714
2.01345897924913
2.08430950725421
1.73991564892185
1.92520599991522
1.80889591325143
2.19245489318246
2.09593002407362
1.9859099579233
2.20525542549461
1.77389714051688
2.00807671331717
2.14692078360895
2.11089560154957
1.51201873602146
2.00711940717614
1.36722235988199
1.7862260008369
2.32418534225618
2.19479990676672
2.07426979924788
1.16650783906641
2.31776440002319
2.43615353966679
2.05968492153084
1.56442463552905
1.68054056729051
2.11004609005765
1.81072326978013
1.48356574365409
1.51566823139332
1.70638186559713
1.63370952736708
1.37548843730681
1.2295133017515
2.43192599360521
2.42048090793409
1.45786608090126
1.22588540173522
2.35639675818955
1.93198125886572
1.40484427978538
2.0249626008455
2.03772453569821
1.43514600827401
1.45442370715307
1.83538746922684
1.53915581485485
1.44613042627466
1.71803043587658
1.77386967321962
1.10786141692369
2.32322158382656
1.21890351743664
1.84422431257254
1.72288224428739
2.17223227647653
1.90160836025979
1.7773592286613
1.99830896527869
1.73441302653611
1.76554301733598
1.73182920937123
2.28001063229502
1.47801022162952
1.85704832175968
1.99133537620064
1.6986205696789
1.77163995197942
1.65113483454821
1.62610111172268
1.38134489388215
1.86318779118361
2.08122061023604
1.49740602873813
1.61722381367603
1.59510448276418
1.46441790730568
1.63498734995637
2.1630352644599
2.16668414494522
1.51274879517015
2.02135931195952
1.69228832766156
1.60994718703152
1.41478365602594
1.32365343853499
2.11183180177242
2.03957949041732
2.04464358056431
1.83259982767912
1.84008021884964
2.40611836454765
1.67886757504363
2.23044574026165
1.18676242627213
2.05898094774291
1.73867649408636
2.04586678166804
2.18919574862983
1.88758566187638
2.1341632077646
1.94511118142976
1.28119047607397
2.04049200052769
1.69665667347586
2.0926273134879
2.11591008145127
2.39729083388703
1.51691616549466
2.02656149194585
1.60532351424748
1.55233045798948
2.09007904598387
2.20056263916005
1.86973352851581
1.93630140291684
2.25689170104623
1.71636746496264
2.00322033654982
1.773706933791
1.60745866511855
2.17967942877321
1.46835772753974
1.87173650156774
1.44189701475651
2.04373531520895
2.17145073846016
2.06709129137662
1.24708395085072
1.6770841899469
1.89646222321865
1.29015103698043
2.03363274452919
2.17959599671319
1.80547212976042
1.74818828547249
1.80261430672329
2.15220361477939
1.63707988417909
2.06193690716495
1.80077792530888
2.1387260777615
1.42191394934234
1.89590944577395
1.7689704910465
1.62745206168374
1.65156868505273
2.00908737815787
2.07917259940926
1.8553601644444
1.93648713274726
2.00619696738715
2.0970874616501
2.31530102475806
1.97825215532127
2.08992622242951
1.87007183359702
2.12794409335484
1.7574294494071
1.98463754666925
2.2330923087559
2.10769042026431
1.62213164010681
1.88102440923775
2.0065069882376
2.14611966628468
1.7601378445908
1.6257814458943
1.91362592165075
2.17634063152334
1.94301794512097
2.28464994869435
1.68145622428392
2.01135878888073
1.78541377159974
2.06948103232754
2.05181587727346
1.54291336393501
2.15711318842531
2.31637813488992
1.82317452747827
1.81940151694273
2.42669027978339
2.17932819632618
1.4617695718401
1.84014258304476
2.23922618925575
2.00300448735959
1.22077650263959
1.36577090386331
1.34606092696274
2.08321362488051
1.73889753858734
1.19951580366834
1.60124280671701
1.72654276996865
1.69929208146364
2.3491666612163
2.15849213370746
1.64081172662189
2.24490595424111
2.19498309693912
1.77564655417994
1.88518316971106
2.06666497205119
1.8271744921259
1.67498555616523
2.21608488031445
1.5736587419351
1.5861617599624
1.31044572154382
2.29212128215704
1.7103293434944
1.44106361959238
1.22645781698841
1.64764128507101
2.0857779645941
1.38014302181008
2.07887086622257
1.56476364937303
2.22245646006884
2.31996612580126
1.52386462530571
2.26586382397643
1.59760809976124
1.92954069720086
1.98533900552542
1.30735266924467
1.69360799152533
1.79750177845468
1.22499114486577
2.3834278265057
2.48807090107243
2.00117584843847
2.28853464479197
2.22617849412485
1.8874295108268
2.04566396448719
1.77979196031469
2.3306617672513
1.72580311083871
1.69215283681207
1.77645067122451
1.83203596951376
2.09589316035763
2.12533778334638
2.03393480993626
1.88051691980248
1.43200228050708
1.56590123056392
2.40395179406442
1.66970145004605
2.17983537691813
1.65328447108882
1.52634333432307
1.96286301799571
2.16788423295164
1.81030427768957
1.66623815743051
2.42238709336544
2.14357646923588
1.33862919444515
1.95313140887021
1.52073879950833
1.93810838269345
2.2903540808187
1.93966079354315
1.20135723302824
1.24716054851715
1.36318662971531
1.13545146615792
2.14330841381234
1.71563903520385
1.72895578333985
1.1223347259834
2.15311598483461
1.32880781648508
2.2941680929742
1.31411136060188
1.41440657875351
1.72401997281523
2.30959475618119
2.01313109837416
1.59943646758084
2.24440078809747
2.26017598517897
2.39294721864371
1.78428913850751
2.02041652877881
1.12381152825326
1.36072672808588
2.091636460922
1.98770461121913
1.92911704017363
1.94105067941206
1.532462453715
1.63068060262295
2.2817174988916
1.4998340251138
2.30494713034318
2.19172655882983
1.80551356813044
2.0114647806232
2.3589669856191
2.48094169804371
2.08629291380142
1.18934139535565
2.3067094969276
2.4343829608927
2.35044944358372
2.36764182649827
2.425705999557
2.46780686881001
1.48508840441452
1.16497217324197
2.30255478371441
2.08577469335364
2.24242015542156
2.28839683481165
1.93253777021181
2.30513596224087
1.71468844577679
1.026985008377
1.27198047870097
2.06699622983306
2.23008384708096
2.15216880432786
1.84804641130054
2.23036600951276
2.24233203215131
1.9738542283099
2.01363145304232
1.6700882856361
1.48684019284466
1.56573141774188
1.97540521097716
1.66771482415863
1.09394750641445
1.85131663383482
1.59881301736858
1.90640201907519
1.18675122425639
1.93998054104964
2.18362460477325
2.20566284808161
2.23985140157909
2.20580859151386
1.68109134277691
2.2452926961813
1.50520987392153
1.48101855387707
1.84464763887079
2.01614273540101
1.62063589208677
2.21942794895363
2.34252144392811
1.90885056259154
1.98448759515359
1.68240655001855
1.74440832466524
2.37876372418266
1.05946463363084
2.44874356348544
1.16354947128185
1.87265892571618
1.28405627347839
2.43945310678131
1.760651104136
1.07206717898218
2.11914905223242
1.62366992868368
2.33673552321377
1.97621403623431
1.36789640645232
1.15335031892551
1.89577576646106
1.5076099338602
1.42259482610324
2.00835913619729
2.11321625424252
1.18473995184966
2.21305907510564
1.36039833121006
2.06569827544064
1.89164633595526
2.21807981402122
1.28160366066872
1.37427906261019
1.92276979543304
2.28536890886608
1.71727591140479
2.26687091805838
1.62310093447058
1.163541137637
1.84667057290045
1.5724183219197
1.86492947330691
1.84010128779973
2.10727679082912
1.43691321190066
1.72993209821495
1.68668108694934
1.60111667901969
1.85945622099728
1.69162044567678
1.73482880312962
2.20764679626072
2.35811532427912
1.82338873628721
1.89047408961996
2.08185093350557
1.34349466674635
2.4645406462929
1.99250296831704
2.27477098240864
1.93379234265262
2.41224530360482
1.39725165738325
1.91346692366584
1.80485424496967
1.32461299339935
1.77845066163546
1.46202823376209
1.0292493709259
1.76459557924257
1.94557363756874
1.82716208349417
1.94794412010469
1.13340003952912
1.68542349756304
1.62947589923864
1.81876260802257
1.24712866099899
1.72365161856792
1.61134526902259
1.26342270770979
1.84758828803993
1.58344414674202
1.99555234772967
1.81159760403921
1.65855532255154
1.2063778875617
1.41983994375363
1.21723111583135
1.91560172424894
1.4834699103099
1.03421450305134
1.77358532072808
1.8520358832979
1.73146138644018
2.21076332573098
1.68140231344303
1.30617942265866
1.48374502006051
1.27668160807565
2.21815840476139
1.86310306093269
2.17607280083073
1.11718232546105
2.11582485101001
1.38772597339342
1.9196606795446
1.58617693275568
2.09158518389072
1.89391721338494
2.0562438873268
2.11189430147251
2.05844475082584
1.8733949370553
1.79929821663638
1.74321439780526
2.199946374889
1.52713442097086
1.93122502203054
1.72781779827161
2.17144831316087
1.51935446866225
2.21483964053781
2.22945712817399
2.29639918500614
1.54039469255679
1.58528652127176
1.83296962815188
1.96343295008725
2.13822457586198
2.13010859021979
2.1834686033326
2.21763627291937
1.65079897254789
1.27585087446137
1.95754506801916
2.21242400764534
2.28214465490309
2.33041147038535
1.55721323970217
2.3475257638594
2.01119116597578
2.25878990744175
2.01073101234115
1.36059843865225
1.54751491478041
2.00510932630227
1.84019274020384
1.84126410802479
1.9651843829247
1.99570018045675
2.08542695505097
1.18678602710397
1.56131626229386
1.67636592999728
1.3541612053676
1.8028161803514
1.64847270669832
1.62151633330724
1.90318900942767
1.82200052630322
1.83387070383313
1.95537872654025
1.60537461481514
1.60550772565606
2.2929818830464
1.71416206664241
2.04891239543605
1.86246305895849
2.22964205504146
1.68000154352936
1.91377980287466
1.99283474646816
1.18078097229878
1.39119082726521
2.17407703156031
1.32434136762211
2.18232991663033
1.5520444603862
1.68515411833717
2.4107902950027
2.04949239383744
1.08268366129116
1.9301124688998
2.32551035697247
2.27937923309199
2.12059138295226
2.18152878881349
1.83985925521889
1.77534847619335
1.78093227824241
1.49302735413578
1.45219809514306
2.18086406678824
1.39678483106389
1.70504972341098
1.73561135865586
1.5729108202822
1.71611941855369
1.23499862816429
1.27249594254321
1.84490676162176
1.44351093128076
1.93176575271475
1.37465950824224
2.23626437261794
1.94044210316494
1.56500186802438
1.84704339966299
1.9180779002194
1.07885870920837
1.82144049240114
2.11126611748474
1.99538784808857
2.06188631473738
1.88956989602537
1.63818463559525
1.60201766602255
2.33550255198308
2.10274273127569
1.91892342891045
1.75284930981923
1.3994426666602
2.22207400812259
1.43270004976517
2.2504699986452
2.37230892309392
2.11444056702795
1.94446085118201
1.88626763408518
2.02633088864921
1.90016354433836
1.8623406252037
1.90780513310049
1.79700442656848
1.96553225728129
2.4918724749187
2.11297693368449
1.58120072555524
1.72685880324192
1.81536373053637
1.94718165712594
1.81655441462361
1.54632266795507
1.27443934485968
2.23158385811988
2.30278276568327
2.03406357817369
1.51258543682533
2.01539018655577
2.04859823150775
2.24643599472736
2.23863082041995
1.46383915080752
2.04978337938231
1.63075302806769
2.15954098419383
2.40191524059398
2.08824071707196
1.95715882315708
1.62915390190593
1.38945788044779
2.09878658419303
1.72926978606337
1.66232828064823
2.40407535677378
1.95764435989422
1.77545711768153
1.89332692179388
1.57232438047293
1.55645609942226
1.84179055421633
1.36789301316973
1.52155205210824
2.07901036654817
1.56969738052215
1.789484493063
1.70929709050402
1.6558775531725
1.75595332543895
2.07059648248932
2.19937800927844
1.72977246253385
2.16652548243979
1.64402315026951
1.81492260391007
1.47009897472558
1.6852992712602
2.22671794357256
2.24469508541542
2.09171397395491
2.07963735365314
2.08814137449001
2.19323588940429
1.96086056341073
1.64840922314151
2.13198145140195
1.94682600141371
1.77710123478931
1.57666236679521
1.44958876723924
1.88062929262122
1.72001735003105
1.52893468717966
1.8141938204225
2.01694074591977
1.52274910737179
2.2659531140401
1.47755227491217
1.73601902299104
1.20588021987494
1.54707581487993
1.9440849679351
1.6624307225807
1.58356979600508
1.78531102230942
1.95879113963254
1.65150794534999
2.05170981502299
1.62833656293873
1.42766912449966
2.21311925202379
1.93687707046917
2.30723014707347
1.99446532315125
2.3046011662408
1.75302365299671
2.08855037339493
1.97701646566136
2.36807526336977
1.92289965823286
1.20729573825688
2.35144668962969
1.38004252325582
1.57278885952785
1.18448926646134
1.49117940604611
2.0892630536035
2.26044362913766
1.8092967619624
1.39291611537994
1.3627679726047
2.1554268051999
2.13863417015142
2.02897475259416
1.96203968803711
1.21186444887966
2.14413011816772
2.06393427276004
1.57787140684641
1.61451305291291
2.27170947651821
1.80767359067663
1.66106732106875
1.79881099653088
1.97067283488337
1.68471164962174
1.75084578507877
1.71744631075413
1.7258935242166
1.03432924345458
1.42815522369089
1.24745011898008
2.12811776934246
1.72564009324604
1.37411171129484
1.97884985478038
2.25029523525502
1.76308019072721
2.00065935036279
1.53498599850929
2.24757191498527
1.68629563040605
1.54986860018925
1.81041407156468
1.94407405397473
1.14653222835941
1.20474496056449
1.42859542929633
2.30218427372938
2.06395824815369
1.59400835077787
1.91490788973332
2.34566709469243
1.70526335193261
1.28083824085335
1.97340711823126
1.8694045409726
2.27759041543794
2.17366975400695
2.20388533644656
1.41318224115788
2.14528234438667
2.2230031019342
2.23930281989669
1.57763266124636
1.795930704891
1.48215393338413
1.63370078982371
1.92702310762551
1.88790419812962
1.71883545545394
1.3956051158162
1.53210458567755
1.51491510514617
1.66791580865267
1.81663569746151
2.1361671691828
2.10743724679128
1.88927663806759
1.8718619153468
1.67495753618563
2.03303326419204
1.92791006253723
1.94867845781602
1.26451328230237
1.9399515090212
1.42204497116378
1.39941344797877
1.48006185058327
2.34856263566679
1.94016834328357
2.40843004818438
1.29732676560231
1.19923125064623
1.69217988441833
2.14471365234998
1.06635587743518
1.90718700968435
1.68184074692233
1.97194551111708
2.11249686078468
2.22999923450762
1.59605199889414
1.43172952863887
2.41136881796406
2.36363447973056
1.61868890851891
1.38813711178457
2.25965932246371
1.68200165800637
1.90905809954217
2.22419877729164
1.85302309240977
1.51851678158755
1.90152617086093
2.25156555220937
1.51827352246109
1.37753514730553
2.21158117354756
2.42563710515887
1.729684914816
1.840504851106
1.83021695730475
1.85862650174228
1.97427617477249
1.95469304892681
1.23139369633892
1.25680646474621
1.27510844091111
1.48105421655056
1.69376173912644
1.96165108482213
1.83325867876568
2.36584890026039
1.8675112125767
2.15417602635888
1.25874735688652
1.86820053507207
2.11162073084737
1.95169407133405
1.18692446739392
1.82663762384668
1.29583019593322
2.14367102962332
2.14114637364872
1.38326497952216
1.63700060019888
2.45519874648473
1.52966366863561
1.42372920954965
2.22001945144846
1.71501869744641
1.81566269239878
1.71882583312769
1.83494313427108
1.69938279159729
1.85684134988929
1.80958138649617
1.4932899802769
1.91896800873086
1.24737632761744
1.69402286169766
2.05901371222471
1.60172172575542
1.7643723623194
1.82072939931623
2.09151805700067
