2.1397
2.49887481772693
2.4998520615113
2.49809958553186
2.26280139372871
2.48780637766309
1.79093814267383
2.42528663986678
2.49874916670082
2.48178792429768
2.49490567380192
2.48518550470203
2.36277965757006
1.92976617877249
2.25213089050912
1.98754225835999
2.11525701341567
1.0020764540624
1.00252480126931
1.02369601956223
1.03322013421118
2.23217567677848
2.46931686034318
2.49114514266846
2.39945821112329
2.36474744369662
2.43995316177962
2.3930819900431
2.09610808724979
2.45069199985013
2.16290808305441
1.79354095538533
2.2864063006075
2.44284938723284
2.39148537574267
2.37282461940954
2.20580167243548
1.94072982295474
2.39225546649674
1.21403324404498
2.46679798414008
2.46445894432309
2.33343995695759
1.94535622733949
2.05805534608483
1.80460510421003
2.27204928402214
2.26554237122773
2.21273708771668
1.85076477570387
2.06700182443911
1.6864929229256
1.78584621562839
1.96669224669574
2.02618297280118
2.03330237290716
2.05015863648152
1.85975424722904
1.91435657871831
2.38470337955128
2.29087995678238
1.96174913307348
1.95931840208772
1.79064222152867
2.30950522489179
2.0008264676535
2.07495067270938
2.39870679806926
2.22025223337241
2.19894447040173
2.01712197889722
2.08689107751393
2.20642361541618
2.16636243841061
2.08377671267708
2.21979906505179
2.14272589600839
1.90974416699803
2.04054611518751
2.12516212916751
2.08467614506515
2.27929935863154
2.388919131168
2.31561783688638
2.36300345215202
2.20609613407889
2.07250370262522
2.0732068864783
2.30249391828519
2.2491140934794
2.31875202720637
2.27801774783652
1.19958175994221
2.01928540021987
2.39183213773579
1.75304009849503
2.47140936063356
2.36611448877777
2.38277056765582
1.91735849642056
2.05914826338035
1.73505423730586
1.90329863663539
1.9966449919753
1.92048331027984
1.85396366335394
1.92583320942546
2.16531022112128
2.13628304966206
2.19694110387351
2.28190307233546
1.55187941940799
2.31333202524614
1.99242596244336
2.00034352123151
1.43044123942596
1.77899348015938
1.88930433048439
2.06907739306436
2.39328993087437
2.40869819056754
2.10341753541265
1.80968558036457
1.88277653719412
2.28630334219253
1.69240307898738
2.09969100419136
2.15901013360319
2.14784987962675
2.26966693017575
2.06303942580987
2.14655250091534
1.77922549841279
1.72320761608862
2.20946430460037
2.04360524094652
2.37894975960737
2.26894244648483
1.87543054913298
2.27809609319751
1.73880817773185
2.23568076931067
2.29844231795213
2.15853904925063
1.73450577445178
2.32334197882212
2.39726688542343
2.35710365167018
1.9295854258412
2.29489726046178
1.70046041338994
2.13522436919965
1.953848172445
1.74732954686066
1.93521769821744
1.87846914205587
2.12442040224477
2.19778990947849
2.27105426332592
2.21734016044813
2.09902437279505
1.92880705357164
2.27546137241189
1.76715531310993
1.69367645840258
1.53945052580818
1.62539925985323
2.3135548931372
2.34128909604236
2.2941103235023
1.76399088767643
2.12558976610547
2.17382104466983
1.47630219868914
1.41461428234785
2.10369478988339
2.27255944636174
2.00465423258997
2.04458869410725
1.93652955650141
1.91790431988528
2.07513741365473
2.08196467185825
1.5408170939928
1.93738271119425
1.99919802823543
1.32972804107218
1.95517736033803
1.49865414731242
1.64820587382998
2.1436018103553
1.89545440793807
1.65923902782581
2.45350475960875
2.35178728225628
2.35484542295083
2.39990060827382
2.42190099299485
2.16172279193735
2.30245351417328
1.78698777282832
1.79887969254948
2.20321178057594
2.11364234210862
1.89866139108123
2.17353576121572
1.76328718642428
2.13943792954409
1.81553321782084
2.00748199643987
1.85078524625373
1.81038843195331
1.98177318931312
1.71284346058677
1.95357840186401
2.06599154274433
2.40158624026592
2.14651034801668
2.27383147044777
2.0044711070666
1.96214398698155
1.66480398927399
2.30057314612919
2.06656160657646
1.60856915278895
2.31744584264345
2.19368695817409
2.15403846454247
2.12428747203271
1.99147654625739
2.26916396554739
2.04723025168862
2.11151959062545
1.86053606495968
1.95599226117858
2.44257247995849
2.37724241490301
2.44453884743797
2.27568746285732
2.4623689756732
2.48253920619961
2.43666441906403
1.73668043529999
2.38680639083025
2.25422981554906
2.25794132906136
2.1652155698232
2.13338538763687
2.34701383513806
2.05577068122421
1.02841232486094
1.91761803237492
2.3643858108232
2.15580218520115
2.41194266032686
2.46083589491883
2.34719343556049
2.13562706607891
2.28295750010137
2.03046537582991
1.54320491242016
2.19508329117106
2.08380157592429
1.9264062660821
2.28368809841142
1.97365742707162
2.15364842165786
1.93210977002811
1.8330804640707
1.81333872977513
2.11908092049581
2.32126904009699
2.3079097205164
1.86739603061911
2.14761781196051
1.87803940538357
2.23364673598645
2.15045573161607
2.20156551342478
2.13589134601278
1.84500402944127
2.0367877017434
2.07964016227896
2.00620643238941
2.03394990507889
1.34869700023879
2.0121238999665
2.4048254222812
1.35266883764032
2.24034862504728
2.26410798119762
2.32769981175875
2.41310402912187
2.116511731937
2.18080662681416
2.23695676562424
2.30855662564889
2.431645297688
2.20702660815584
2.12457760113869
2.33929619649607
2.13483160374314
2.24028707482872
2.15161941441993
2.44532533155782
1.9047470750559
2.10313875053653
1.83534078226736
2.0458340780825
2.42652257840165
2.22577196010613
2.44240133727307
1.85700166377523
1.84639952177705
2.17017487244344
1.68024816316728
2.42925255192045
2.12485963425985
2.23548148002158
2.22284917499694
1.74131407519947
1.5282034729589
2.12952231802705
2.16396349658616
1.17053444474878
1.88376047448601
2.17738484281455
2.30118573861198
2.28486543247426
1.9437352288976
2.12609274252493
2.06558855690735
1.7281799581705
2.28217692777157
2.22551388866995
2.28911832662002
2.31380026765827
2.01748096390193
2.09682090307179
2.4714237589403
2.41992107026243
2.35410377415295
2.18607066473881
2.29956482970717
2.07020479207067
1.95584724656606
2.08446095579695
2.14850357519314
2.19841463458955
1.61023224564167
2.16379932144121
1.94039929100571
1.56574381490346
1.64739340615023
2.32408984426277
1.82969592469369
1.59481986958347
2.02156702222081
1.58905094499992
2.23846123301898
2.40523421317787
1.83772324372263
2.29316469609957
2.40272720597506
2.29559367015059
2.11986368678849
1.84768874946034
2.24548624877441
2.18382263759591
2.39414436414287
2.00127037913137
2.3836143115859
2.33579282165389
2.19784898039979
2.0676333936101
2.00310783910427
1.97911625410465
2.28599480174214
2.15217863460305
1.55640910452351
2.16397518133888
2.28461065359258
2.07372736620073
2.37321626902531
2.37287566904296
2.40885151211203
2.40698320359035
2.33601659670722
2.27294284027309
1.80482044914161
2.32695710277967
1.90629654283085
2.20585763989597
2.16568432967775
1.88145415816511
2.27559441224796
1.87533898293606
2.46202857367744
2.34987977194112
1.99862402785835
2.02862446098987
1.59263885046997
2.45698391793045
1.21406487176812
2.41068845673814
2.14909510462352
2.00706867092804
2.20430537838437
1.95624824998072
2.01486217238452
2.26892572227947
2.26843020788038
2.28354825238418
1.74091631172941
1.55259168597617
2.12268896357811
2.34607447708439
2.41601990348356
2.35391660963716
2.27058139762056
2.1556079404988
2.31520996876718
1.81775463209162
1.89616233239075
1.76151802946619
1.84824840650095
1.93433489884862
1.87591906855205
2.26374592615124
2.47218882100965
2.1061286065366
2.06254644296694
1.85261420045146
2.18412157443601
1.94088295619155
2.22784101766735
2.36679260881318
1.63672740363912
2.39642216726751
2.43499213262252
2.075090545933
2.24085718269842
2.22236252377808
2.23478667537104
2.39680548151397
2.18124483367216
1.94499546814324
1.95989079753422
2.28099654618646
2.3455656642382
2.41249253589776
2.27885001741956
2.40439010747513
1.96627480782008
1.89945758282641
2.04878229657602
2.29382588031136
2.19302923449778
2.01807661551328
1.95623987507674
1.56509609817703
2.08808876341612
2.05420321416083
1.6499463281213
2.37971329428192
1.30351565302076
1.92524515674325
2.20190445968205
2.33253412659941
2.46708285075702
1.81807350107382
2.04196194764621
2.15499878007268
2.26898472332348
2.03985260103006
2.44807530970835
2.08617149582601
2.27796296725481
2.03106584347547
2.27061848082683
2.28167994417432
1.68010476097926
2.36495143292581
1.99771351760657
2.04323302845636
1.98017264267596
2.25389077534452
2.22145084234637
2.36189995606068
1.87689784618644
2.0328231210093
2.323230827309
2.32434720526805
2.00908072367466
2.33708773028123
2.43332357728177
2.27290634844859
2.2661885203019
1.88156346193505
2.18494240147605
2.09610088593822
2.17072988647576
1.69165134050854
2.29333386397875
1.68918030722623
2.36352501091842
2.19169981737573
1.56991393187733
1.9461719220009
2.15406770915987
1.87452845568722
1.76292905831046
2.238903439017
2.40354755023662
1.1893340003286
1.686354165708
1.9280368126562
2.30273822683581
1.52306889170593
2.21928099840182
1.63911988964713
2.07092190809559
2.20052548651499
2.31306663951959
2.09575297422602
1.93181986214151
2.04131501006147
1.78757327820664
1.76063802422457
2.18870262159335
1.99183500241444
2.32631391590847
1.6841558976385
2.16319071307579
2.0918743965137
1.79280576538086
2.47909118614519
2.28856331936467
2.39944665817793
2.27478390744074
1.67722099403536
2.19719757622751
2.13150115807578
1.75586908254281
2.03777174791734
1.88226892067925
2.12021260021767
2.23060971758445
2.1832243264147
2.00393250679409
2.19418490623331
2.44407659979665
2.22831539580387
2.3973257175996
2.25809576349353
2.37042139030392
2.45475918977589
1.9534119174285
2.46633151466598
2.43080735105067
2.45502166312225
2.11358331432177
2.4393250650201
2.26740514701502
2.14172240908133
2.37079746458492
2.35833855495092
2.04888153557177
2.3251337125162
2.40536475750485
2.03793312669468
1.95374788691714
1.75157867426131
1.79131040545829
2.00634133273224
1.43057546775261
1.90694137395674
2.14984460140778
2.23241491282321
1.82442671959948
2.13889283326453
2.1406103243056
1.77866085404346
1.99705616835548
1.80308991352934
1.772873946761
1.90527395812309
1.92433216044223
1.77314568988134
2.26977892451915
2.3645562311595
2.12878762144505
2.26780630194578
2.09067879384627
2.03886476310517
2.13731025867834
2.2955810409713
2.26261532762531
1.77585530642329
2.37479512503655
2.46785825683631
2.3639706245219
2.38316800695466
2.24775928473451
2.29813516836435
2.44398886435815
2.06554824228287
2.33820685373127
2.41787778121979
2.36704583172439
2.46722563641074
2.35119170173893
2.46301548096922
1.84452022891935
2.00999055300275
2.14019264418292
2.38847635925962
2.25288573676766
2.35318240009271
2.31392766316919
2.1777131416323
2.257812372571
2.09660117738137
1.78329993056862
2.41967844272875
2.36344122627219
2.17592026049696
2.38155667527155
2.16912465986964
1.93480581010348
1.61258680825627
2.19670419149866
1.98835320073958
1.81629425365547
2.2832189116759
1.6132899794638
2.19741617648552
2.3114498456781
2.12279464969142
2.06716675846729
2.27688393814878
2.09398569110705
2.10167017707321
1.64908745582371
2.31352340969408
2.37794841261257
2.10018464304849
2.14603626478404
2.18298696593277
2.08928604372148
1.74858322325226
2.04312171652584
1.80765425232711
1.91707638669731
2.05668508467427
2.26992988831932
2.18249205167923
2.06177936832655
2.16068104246979
2.07458399385582
2.21485880458738
2.11139879190803
2.22213795755693
1.84232801411258
2.08046853126753
2.22901370011943
2.24930099796086
2.35272363147848
2.04842817154504
2.04050949119876
2.21276227626709
2.1896657425279
1.56044260819535
1.40828528066743
2.0462315761515
2.00188087310998
2.28609386100242
1.71609104078539
2.09871059051545
1.9481432407738
2.45636497785805
2.01224789933535
2.00731928462335
2.11109840825102
1.79341188633671
1.76443895976794
2.04253622826916
1.99894781913545
1.81959257931776
2.06124860177017
2.28804431171404
2.34719613479773
1.77574152869918
2.04917473445351
1.57931330659026
1.77996575957472
2.10271375294041
2.36664408965372
2.36698280254328
2.14446880424022
2.2368611441987
2.34208301580599
1.78945987284626
1.6418139394698
2.40197069436172
2.15997535599314
2.35076837632238
1.62173400203446
1.72973483232661
2.15607684542332
2.09980275078738
2.01164382177853
2.40354372904175
2.0163635457334
2.02558511261104
2.19743440802695
2.3041612124799
2.2794452596073
2.33851635493797
2.32972714627472
1.55534436435804
2.11994217484615
1.98652178889081
2.12474324708599
2.06520199713549
1.55970259751835
2.42897086123944
2.39796307176906
2.09547499493399
2.26958429129978
2.07373535779619
1.91751086880014
1.70112924928848
2.19340898614821
1.82650710776421
1.91148592142095
2.39003964546491
2.16958385784793
2.16582347243433
2.21084344850647
2.19679799906287
2.19040036805329
2.42930341131359
2.31914289367116
2.47745015369445
2.23891051009725
2.43998917552408
2.21161445128158
2.22672792803577
2.15468967710435
2.25684426659914
1.84197575398578
1.48079354869072
2.13155807969301
1.56955549681345
2.06554523005038
2.27991959264777
1.83820681204463
2.2614422299049
1.86942893285967
1.88204029749609
2.04746056241155
2.11717342205207
2.27323501036209
1.19094455922629
2.27223187202261
2.21525205861678
1.65423516522199
1.97947604876208
2.43522658008251
2.01625801438358
1.90686918838453
2.12772781089558
1.97617805921464
1.89634784071631
2.12036620613429
2.11209092355878
1.45526145248703
2.39108464217539
2.06107387212304
1.61782186199728
2.07076384661821
1.99239821922975
2.250914044548
2.2758466286057
2.32546635211937
2.25438035234894
2.33827849615548
2.41048642633165
2.14298452502029
2.07886292724165
2.34209767152336
2.265744688608
2.38573140696255
1.94742784772274
2.34773540880178
1.90246502110181
2.28297858729274
2.43880085366511
1.95545340010735
2.0957248629637
2.42973923238511
2.38918951456771
2.4201224629521
2.18206458996702
2.0106262377125
2.16642217393586
2.1368776512636
2.33353116719365
1.99325959596134
2.0631538557066
2.15845287962556
1.7967624081491
2.32556335725452
2.37403634446024
2.42741536446746
2.16013980790887
1.89947031178091
2.2192375248456
1.93336218318206
2.35553582092197
2.28657158060148
1.98641176378022
2.35254366903025
2.04686217443059
1.83946009881233
2.21589222687253
2.15292064867352
1.77253587461624
1.81446929599396
2.18982855928036
2.2001766830072
2.09410076959607
2.09023847043209
2.35817026350023
2.32036354245141
1.82075970172208
2.23263965613337
1.92144757322212
2.03338467504729
2.19393309357973
2.0831935945527
2.03811614890079
1.88954123225409
2.40443537476629
2.20579249989276
1.58864581930977
2.22090697157329
2.31898713394654
2.26528125495616
1.99503598183161
1.98948992454204
2.08900675004608
2.16751311397261
2.08671882106503
2.37847771708135
2.0896015373536
1.88911953633585
1.64284155510647
1.94377281897717
1.98293087725822
1.99005614685997
1.73110849943658
1.83299472680073
2.04018652892606
2.0300453753307
2.20121915662707
2.23750742674048
2.2982481770062
1.96859558408815
2.0541565391622
2.19508123939187
1.87503410405059
1.85314674568498
2.18733885479415
1.80533356311925
2.01263839981264
2.09311112651959
2.29140952600408
2.36284718260187
2.29891804498641
2.32651012054448
2.18098752238716
2.46611176049143
2.19815011288627
2.13500363692047
1.86228642387775
2.15550871774132
2.26985841882463
1.83776712425984
2.28890437948529
2.14937786925096
2.30325649414683
2.33327685880824
2.3803076507556
1.79631955273848
2.21643113253999
2.06311313138383
1.95751746746855
1.92861565417876
1.94436761687428
2.10467982466306
1.93977949239548
1.88794036984457
1.96485832009947
1.92158377438289
2.39909780002884
2.12507932833609
1.98366973842099
2.04271076910029
2.03860602662814
2.27278976638494
1.56689533365872
1.91810108168735
2.04634395131231
1.97566028453187
2.1435277860565
2.24857010197468
1.96361775935871
2.13904101217304
2.17943777763877
2.16580897405487
2.03547359570221
1.82068859555752
2.00570799791066
2.33278451451664
1.69647655585703
2.37131047773879
2.46068318861637
2.41280304763424
1.88798939716658
2.42899059532739
2.31555357255641
1.80664499542155
2.38580976330265
1.99016048680242
2.4406298800289
2.35330431714141
2.43084150012587
2.11585562513811
1.91411006810725
2.16288554609247
2.47624728664902
2.29091801162183
2.09919768659446
2.41293436410726
2.20216895515158
2.36970709440161
1.70917664255865
1.7006669212907
2.32823609241122
1.53868582149549
2.30704123710184
2.12656205421746
1.8903692429249
2.20129967297204
2.30359597128136
2.12097988768853
2.29798270370866
1.81472952345538
2.145774713673
2.00782331305538
2.11030930681829
2.05459088156032
1.98787294134597
2.33135723518667
2.41028486824561
2.13655951530947
2.13625758504708
2.15778696527844
1.74781246817847
2.06246263553595
1.840076432032
1.89613696790984
2.15394979487726
1.86702369541222
2.1689664365407
2.34480728400786
2.220779879012
2.18176909375001
1.46976328085465
1.33387619946581
1.94481634146986
1.96887872427177
2.35324814619869
2.08643941263774
1.60487014057798
2.37908148255573
2.40633262735013
2.31698974961264
2.37450902596374
1.96028882754935
2.37590304106423
2.21139980097291
2.02193463660927
2.42690053021147
1.69126870621842
2.14831469740979
1.89142673615174
1.84970944353927
1.9682388133198
1.9666956462999
1.85855582342126
1.77233297995147
2.30829494244769
2.204127150694
2.18365762661558
1.68891841681577
2.10712253380255
2.46585972074124
1.79348987180617
2.0895548616912
2.242000866097
2.17657422225766
2.33318335117072
1.92667817538865
1.28520846007617
2.05269393635411
2.2316657808791
2.27907858295126
2.07040762794818
2.10102412025332
2.32338084858856
2.19478951999422
2.0320701025942
2.01619711309714
2.10344932605308
1.96233228366025
2.03119454453232
1.95068958474443
1.98063797984474
1.79303760320798
1.90600858261647
1.98658832114318
2.34680781118092
2.33117562843297
1.88391661999343
1.7384149805222
2.28136008095145
2.36109752770169
2.19872423806745
2.24296048221788
1.77483795579786
1.74630350396684
2.10079963364754
2.37519703819586
2.2686963760754
1.9781298528628
2.11450060958823
1.87788038491019
2.22742132849117
2.17245975501463
1.96816068657258
2.30420608899212
2.05608354589778
2.078661843322
1.92155669083938
2.17405073877588
2.08184680533845
1.8456092777443
2.11512948609036
2.19775655325651
1.89077276101102
1.95429949284791
1.88340559190539
2.41905294588531
2.3904325411117
2.40039228399158
2.41887106188738
1.77278258054917
2.18354198360932
2.37909711441432
2.42501393697752
2.26118640708832
1.91764260474444
2.32990027102557
2.41217614542238
2.18343885942255
2.27605101223407
2.07395210098282
2.19272777271839
2.25599244566838
2.1443593068173
2.3168338811634
2.0768087393029
1.70519926592262
2.02568129740664
2.00607100551886
2.1202157420268
1.88263260816718
1.9081241573411
2.18621756048508
1.75868713149559
2.1419266041625
2.25815477353944
2.37558509612156
2.0870006653954
1.79382979530221
1.64055939321055
1.68650326277302
1.73471513103066
1.65992143478092
2.22158424441463
1.96677664318315
2.43899869802693
1.2758053594459
2.18525173863778
2.26052787257371
2.40268886670693
2.21626565445119
2.29719113900779
2.17296305902085
2.08775709771077
2.32908044087322
1.99467309207735
1.82907663064102
2.04184196744207
2.34005628992886
2.35615439834515
2.06484569292919
2.37259774752628
2.24381287358864
2.48054045292079
2.25748467053688
1.87386166163848
2.44054444727459
2.44668005256948
2.04837262684009
2.4851366112502
2.1046795285276
2.33387689075269
2.12118554299064
2.18617975039783
1.65962508663775
1.88493616351711
1.92399853292214
1.64904133002393
1.75000008978466
2.08948740263073
2.34502621881514
2.04141202102231
1.9537708358852
2.05803173194437
1.45335199643853
1.65218256969719
2.18256842095486
1.37023654491169
2.01036232735366
1.84954025521456
1.83031934662469
2.23995736045206
2.25625184198024
2.32844673616601
2.3561062055601
2.36255913016508
2.20936018633215
2.12898814966874
2.33015420593726
1.80009419149987
1.87126616638303
2.2211587084806
1.55011095348045
2.4069985748985
2.15889816011707
2.10936714493389
2.28519871656163
2.47366773246719
2.03668664879352
2.36309083895864
2.43261348865265
2.22749677356931
2.24423614753785
1.87863665733268
2.33361158002005
2.13070955693277
1.81817759299455
2.14872439181434
2.19802470326732
2.18322975260107
1.86974884239935
1.82090697253853
2.13249017245313
1.89459913131903
1.11870305586449
2.05864027347289
1.68913357608607
2.44978436526804
2.36381835116568
1.46216801959444
2.01066943594593
2.17182301109475
2.07012234634456
1.98758471142277
2.06299202362987
2.16879063848662
2.08002076618616
1.77780929446273
2.20084671706964
2.40474696275162
2.42869783752734
2.30889547948267
2.18375141684564
2.16545725664037
2.47246226676816
1.57241499896708
2.08545876361719
2.36995034230639
2.46203048084981
2.32236248220304
2.31347886094441
2.05618447919284
1.99152156195794
1.72193767982548
1.89642210179345
2.22166210831625
1.95706135632811
2.13871812315587
1.94157502665814
2.26929372265788
2.20169658950135
2.15294048316704
2.06459660724691
1.9334894944242
1.96444428503905
1.98168765749103
2.01255168395752
2.12298718784426
2.31281665567477
1.8192252069792
2.23472083668627
2.06033539819773
2.10707957131229
2.09151351669144
2.09274575802329
1.94917455376744
2.20067647848717
2.1221548688386
1.96637950509067
2.20899649848058
1.77539995648486
2.15688142132712
1.90361678186986
2.19167540128925
1.90624620806624
2.24740906968362
1.82571707524529
2.25074091372291
2.31854920967
2.4471526269769
2.0236743643685
1.99908209177579
2.33441311964209
2.23405695322877
2.35451870406703
2.45876225647797
1.85038088369634
2.22178334215804
2.19380394951483
2.35076948917887
1.54386421034276
2.31033611297299
1.55712802880512
2.00403374008681
1.85504606361974
2.32802587114618
2.48684703024861
2.09823641824583
1.89637844041317
2.1533478253014
2.17732422551297
1.97179089320799
2.14977601445017
2.05787910849635
2.04550058332098
2.14594413826238
2.32566889233029
1.28744265058627
2.32285338688898
2.3190125992341
2.14319877687063
2.20470778459175
2.03951822058777
1.84543863187323
1.9339153435891
1.71534337643167
1.99387279603216
2.11124988538651
2.00257957993352
1.73719329147124
2.29503144479195
2.2888020562839
2.34133833326321
2.25994435902446
1.7472789751434
2.2050278695365
2.16389181355793
1.83667026620791
2.23349227140745
2.3117382586449
2.21740008542068
2.36681594935433
2.16054698637107
2.10930512575767
2.28368976262907
2.24309713933897
1.79653483972949
2.16341427589362
2.46231269844133
2.03210692988657
2.36198660940416
2.20600158196587
2.2027126108578
2.13837783480038
1.40255017199691
1.58902947693633
2.33400828604053
2.05992094431334
2.17456127109999
2.25903449894823
2.41943198354104
2.35089046203199
2.01221696922771
2.04058882236652
2.08295291087199
1.87695748164164
2.13597535289169
1.90766153177538
1.90644849558019
1.9058785225474
2.14327054423447
2.02017169315339
1.66177895544439
1.47991539382987
2.2348393428816
2.13701882949364
2.36576824739209
2.38067243887929
2.14881937783944
2.23587148409731
2.00539918053287
2.03127649873731
1.47649321607737
2.39168539634088
1.76003306100542
2.40280681553214
2.37771121187497
1.76224107980074
2.19870871775471
2.14154239963516
1.83881668492866
1.98906308476526
1.91943470532516
2.02542530173778
2.3084608003211
2.09471605321075
2.18181209340517
2.20184781439126
1.74683154099419
1.48673016124512
2.20593134765233
2.01472611410518
1.92109873013533
2.36091093948218
1.77611353902439
2.33878463853163
2.18056114343584
2.0405269743625
1.63733314047608
1.77562529927837
2.13016438911896
1.8887629672735
2.16652190205926
1.87807404673479
2.00153255780337
2.14548277077044
1.98987236339083
2.28524118278182
1.74159472319392
2.22353728382308
1.79792450754349
1.88948964057391
2.15817767994303
1.7497796656286
2.09894956229295
2.12985506676314
2.1214989919324
1.87299875785937
2.07618933168092
2.30530522779426
1.9217572328354
2.18260880509951
2.22973975145669
2.22086019988036
1.82453080180657
2.16083452511477
1.9503282368409
2.17354183063448
2.2771953859755
2.37621161595476
2.46830563693564
2.36786826151212
2.4684648872154
2.37707862610614
2.22516088409252
2.42423760315057
2.19448986016017
2.14123694507569
2.44468372450732
1.57390474918676
1.87769459887234
2.13839530628491
2.23516365250139
2.01091441042674
2.2596032046766
1.79305515078359
2.06727181891157
2.3276209583223
1.84302542629919
2.37966712988308
2.37384194329392
2.25645704339444
1.78044817382482
1.75588926913318
1.68822116650287
2.2133229391287
2.40525734555929
2.28871527874325
2.14586908520879
2.29026183337707
2.10290217558284
1.83046736143716
2.16139505621903
2.42754592492249
2.00029415226945
1.17685378261202
1.89242273765537
2.01142751252049
2.44294133940084
1.9334757814645
2.28175956663245
1.85176608071148
1.87939182798732
2.28251675677635
2.19450230225039
2.08519868833918
2.10477072175817
2.40320414510091
2.46799029205298
2.39534522733508
2.39834005979094
2.03797866239406
2.13393198466164
1.91402460656318
2.21542227105742
2.04136803878597
1.87831632156487
2.27767883619752
1.87959064288954
2.28034233858897
2.22281686772671
1.87305187687642
2.1047842400324
1.91123716000533
2.26977997346144
2.18496769640093
2.06749755812557
1.86077024916861
2.07738880231457
2.10815904590427
1.97102363847841
1.90526656516584
2.16399799270327
1.80821829238319
2.19355077988986
2.16477384159995
2.22808241262376
2.19556884168135
1.69094774332989
1.845901469212
2.17018190691468
2.39717233985652
2.46244172558101
1.87340246409753
2.281427934499
2.46340834251299
1.66952023735647
2.4494440194486
2.27159707268657
2.07504791124239
2.36940457312931
1.15005466996986
2.46159861399016
1.696819198689
2.02133068650538
2.18796443191506
1.73855847249946
2.41662791248262
2.34850837153349
2.40122069460616
2.236232998094
2.46448684800908
1.64853394444891
2.11588946358898
1.42817697103252
2.10622354173846
2.01035141853078
2.20723414974317
1.51249030712397
2.12562744013976
1.89120630567593
2.24251528138653
2.16784334411782
2.0768042866886
2.34229909171176
2.1855655641926
1.9698585473908
2.46325666191038
2.01842083057957
2.37291124848313
2.30156035552134
2.04602588846378
1.60909934700181
2.29024164355673
2.41623753334723
2.42880278818412
2.34024101842652
2.13278527959656
2.23572097871713
2.28413101660551
2.37729916714639
2.47095952657061
2.36748150832455
2.21982722577253
2.29950270032401
1.71545516053325
2.40809846073722
1.84731080337052
2.29935104528068
2.32431257682405
2.20156457416387
2.15474478386397
2.47598727368703
2.43306036857896
1.75314371346509
2.36862200244295
2.10119368101028
2.40170219142961
2.17226054250033
2.18772680692398
2.4357246994071
2.21616744087261
2.25461274656834
1.6745159901553
2.32248461483466
2.30669771021156
1.98096591602646
2.28713757416478
1.96467203901634
2.2325597364164
2.21319361178633
2.28952780391249
1.96339818166992
2.30135497552346
2.38465208923488
1.62877932172325
1.91440239666251
2.40596199597261
1.85629304887092
2.36390982714554
2.19928109790394
2.07450455380358
2.47782644000803
2.06575133625535
2.43057754674392
2.05009647021554
2.10473027133965
2.38293747171221
2.43926060344691
2.33292269621276
2.47323316159697
1.83369890824789
2.46664356486907
2.45169142520042
2.32527723897062
2.17960816943348
2.36710197354993
2.3754692571126
2.46385513912086
2.06986998465388
2.13673351570777
2.20806069864339
2.36472507232751
1.87315712226871
2.45286328360172
2.47387412650413
1.73835747220843
1.90882931331885
2.2169432914453
2.46432592654378
2.3029452898131
1.77138193106325
1.81136937934832
2.24419412576666
1.37394031799057
1.99559489715708
2.09114834153655
1.80348389807087
2.4266581027531
1.3797762885788
2.24635889116281
2.16129050518399
1.63557276385777
2.40512577275018
2.23865870373408
2.44128274405014
2.00724194436576
2.14695724490551
1.95450393953585
1.80662651548622
2.18995756994342
1.92645041932894
1.93480008797129
2.28993735694741
2.43304714072223
1.59608797917287
2.26372397210027
2.42221516037119
2.37049231810388
2.47742474837103
1.81011558939886
2.03755193178091
1.97825098956058
1.50535350159831
1.91509485996809
2.06858145582579
2.29037130906088
2.25726970294998
2.37074576059672
2.18345365290522
1.81898989320358
1.11231420450471
1.78099083601786
2.36636368260326
2.46364548841917
2.06512407012252
2.44323881759744
2.43660662141348
2.31314636915388
1.78585037094605
2.14059192657737
1.61000989895234
1.86158716188404
1.97579981903908
2.37378077016665
2.12658707361968
2.43145345704255
2.26229340084427
2.37141389327294
2.3042002856296
2.13430987839114
2.23322013201219
2.45925748953544
2.36863161335451
2.0818837976369
2.41696512927036
2.03941993915993
1.72695223907705
1.86625891943395
2.26387049848724
1.82654919195305
2.13048058130745
2.26840985559212
2.14954014735596
2.26635451914548
1.74442527588478
1.65351702989508
2.03724780162336
2.12654945638604
2.36728960041406
2.11376993267813
2.19986470081691
1.42062522981735
2.28719248628981
1.88261111459199
1.91294493730707
2.03718040691075
1.88586883133847
2.0594973023607
2.01937105441361
2.14769644009303
1.31813445017328
2.14820389265759
1.80299214738243
2.35610883396207
2.36394783183139
2.13127197940556
2.06509827836359
2.42831256119863
2.45213091923212
1.99135547401179
2.12799045636653
2.36232593135204
2.37722231697366
1.3679154780788
1.89600442193673
2.36798680655909
2.37494060588279
2.36651932451766
2.28219545355702
1.93569053026252
1.97748935625725
2.2283023690211
2.29359211504902
1.51276994394936
2.10444119697844
1.91316571788454
1.99373809131811
1.98083696426854
2.08260166310699
2.03324816706025
1.74331002206686
2.32306016946178
2.02548854035139
1.87637500576351
1.68226342067347
1.97836436592034
1.29514488342134
2.07775329158338
2.02790611290867
2.18081183025892
1.96573455703642
1.80660634779864
2.289943203122
2.01112351436897
1.94085776617084
2.25597062456545
1.96177195262624
1.85124493455963
2.26232821878787
2.28218977121522
1.98983498210008
2.14842083366287
2.41302372582147
2.38182582768071
2.11791650120288
2.43493838328782
2.45999805997094
2.19735840673916
2.08909888711949
2.39046638052491
1.98861083392644
2.03195145187837
2.20295722267282
2.25471509574361
2.21535932829439
2.2612139451476
1.96558669255228
2.38539459792011
2.38342080571232
1.62089652646146
1.74486619005528
1.7743122869203
2.0713267506349
2.03052535129177
2.08278207795525
2.11817719859232
2.03281674607781
1.88309387893346
1.79662885259113
2.22607358968774
2.26329718768925
2.24534637484469
2.07420682349415
1.78924278776523
2.02005298624925
2.19674593015762
2.05290381102534
1.67644878760774
2.44364796861969
2.2188254773743
2.36738089461105
2.09644807974816
2.15625644810538
2.05430653902631
2.0119344493191
2.10267338419958
2.10593007290769
2.32100890364052
1.98333493570253
2.40438907690241
1.76761799487122
2.32662057264649
2.0795224304035
2.07276542506201
2.25897787864026
2.12090662919514
2.12224376384584
2.32595517236891
1.7006059004759
2.22668510059124
2.19397806127535
2.22309649972069
2.1214506822029
1.7456571424014
2.38533720285721
2.12892581209069
2.38454857603486
2.24539472272257
2.44606133135213
2.00484866011836
2.47626746303117
1.79909637399126
2.42318755899246
2.25481637018366
2.13775325350165
2.04397125951089
2.13169611292551
1.83962881706019
2.23907626115843
2.33821187459352
2.24835787245037
2.31758146558494
2.05072894519806
1.93807031848355
1.92283423346781
2.22270053006777
2.04884018232778
2.283439782473
2.32018366632582
1.66192196672964
1.68812518696923
1.74294373339034
2.22644828099375
2.27602942759586
1.74827264622731
1.37306794185
2.00556672297851
2.2566302465132
2.23328507756429
2.182997916546
1.77092719608647
2.05822973893497
2.44349467093282
2.37216640897219
2.24415004880034
1.79154124320945
1.84040811941364
2.12340899107843
1.94085227602537
2.27976479839269
2.25699958109522
2.23707405001521
2.14134478342043
2.35141327496629
2.26657528252296
2.06246408305855
1.99517103213513
2.1063617099778
2.25209751471038
2.22762088293923
2.27382468033092
1.96765405015173
1.94339374437571
1.87753816473993
2.19782279932594
2.3023277322116
1.72101634769645
2.03361311235324
1.68763133499879
1.76747562903581
2.16474629413549
1.29809577241256
2.03275247571117
1.64824090456569
1.91786496679889
2.39489929824777
2.02747173508001
2.01715812099041
2.06362664453455
1.63329978401986
2.39343475566317
2.1134013762133
2.245921240693
2.05192872285036
1.97321282748308
2.21531354116735
1.991021587572
1.94061767301023
1.89408585600728
2.00054458240663
2.31625924413152
1.89839387733132
2.2853312484757
1.70109349795818
2.20789512048795
2.26594270796043
1.72149823816692
1.59073466917958
2.02016262634295
2.02053023187527
2.38759290583708
2.28901746484496
2.09095351216756
2.3994434754966
2.38013926147996
1.95581281327701
1.83868299177082
1.99896127459959
1.81866819438417
2.44605570135922
2.32964051648619
1.76415629065945
2.17584245471601
1.97432775102712
2.22111817808171
2.24890639413797
2.32999257957005
2.13226501862941
2.05566671357332
2.18113081840611
2.28417453508409
1.7746324695274
2.02153314018007
2.32029145177003
2.22207761470115
2.11839206072085
2.07851507517726
1.96893070476832
2.45633086735418
2.15815808088352
2.12891027387165
2.04143497154611
2.34534630743313
2.4020966611073
2.2057418371472
1.99977622738057
1.93820431662204
1.82378862110632
1.47589452389266
1.898931557986
2.17834628780094
2.2693521201792
1.84571334682858
2.02951803199554
1.27056139955251
2.1388979449756
1.92899048380454
1.32004906239245
1.82733397224138
1.7106792332063
2.12248963674231
2.07371852149407
2.24254365035379
2.36418156719446
2.11502547964438
2.38601089932291
2.37380792255601
1.85655866378325
2.1441328811863
2.01586516334067
2.3732646971654
2.3476220889352
2.18980209946951
2.05589696977017
1.90132557736531
2.1598183755719
2.02008814976399
1.776677063634
2.22819148645986
1.46223415497541
2.26124897248254
1.92388176276999
1.73514077638898
1.68378345057277
2.15927404568928
2.30818337139003
2.06570453505951
2.06580627871878
2.16235582820479
2.05812865335295
2.01668024388095
2.10600566060672
1.96151620115619
2.14002759696347
2.19505652094745
1.97371538384536
2.12370602576244
2.44079345718656
2.47467250259287
2.19169715791901
1.78016190096752
1.83781469267255
2.00815730153209
2.42187632134621
2.19567385305001
2.45887834361812
2.29088129143326
2.19517305571786
2.30778664003711
1.76803724085724
2.01874935873745
1.86444986662144
2.12784678030626
1.95222013501218
1.60528844171208
2.03139248965374
2.21382546810222
2.12769759004564
1.80567119939061
2.33782854725401
2.48313711264571
2.21511538869103
1.60656995533407
2.23011731486793
2.43042212873301
2.20594583808228
2.31809031417279
1.99739172633697
2.34943619397247
2.3606762391202
2.27975778599569
2.30072059701895
1.64879752466835
2.20115636481862
2.09872175399635
1.70612575379654
2.08433370544301
2.10002374288505
2.48707898010073
2.10911810149578
2.30588749178366
2.430733446673
2.23842920838105
2.2267350858372
2.03293696314319
1.98330145212371
2.34445159613078
2.3722914071442
2.34733403763611
2.21901975176346
1.78566948103232
1.99780766834108
2.41907696924339
2.35284463602075
2.42274684794331
2.32339573475262
2.23725861576485
2.34770979100845
2.31201138168099
1.64841990474411
2.39444050167451
1.8119143094499
1.98443757555789
2.25801320510529
2.22222489299984
1.91074632665243
2.11458086051523
1.70945701896521
2.18919885603451
2.07917874650002
1.97738200158747
1.83449556237789
2.27468558054229
2.01112252369124
2.28815490774011
2.11686331807356
2.36669426265147
