1.82258464741967
1.82566170145918
1.82423384146877
1.92705666373602
1.95447351894771
1.85739572585452
2.14901025633361
1.86077411579377
1.97164733536147
1.88789681522205
1.87624283460807
1.82494998773931
1.68256051997562
1.99726251669751
1.68887299581902
1.73903006530777
1.5929680163229
1.65937621072502
1.80914973128254
1.80130332279436
1.75732084834908
1.70623901561136
1.72866107240034
1.71874088311884
2.12854194860816
2.00196538280779
2.16275045056238
1.88154536873386
1.8385277758047
1.759985894902
1.76318269962789
1.7822163243677
2.00455944849418
1.81861698485998
2.16747327872388
1.97912895057183
1.74788019557307
1.89921055535201
1.82800973585841
2.13781422037219
2.09581414886683
1.8138601865267
1.87684325700295
1.7600415966946
1.76449843959758
1.80087809138686
1.75509216746037
1.64199720182623
0.217663966747932
1.82258464741967
1.82566170145918
1.82423384146877
1.92705666373602
1.95447351894771
1.85739572585452
2.14901025633361
1.86077411579377
1.97164733536147
1.88789681522205
1.87624283460807
1.82494998773931
1.68256051997562
1.99726251669751
1.68887299581902
1.73903006530777
1.5929680163229
1.65937621072502
1.80914973128254
1.80130332279436
1.75732084834908
1.70623901561136
1.72866107240034
1.71874088311884
2.12854194860816
2.00196538280779
2.16275045056238
1.88154536873386
1.8385277758047
1.759985894902
1.76318269962789
1.7822163243677
2.00455944849418
1.81861698485998
2.16747327872388
1.97912895057183
1.74788019557307
1.89921055535201
1.82800973585841
2.13781422037219
2.09581414886683
1.8138601865267
1.87684325700295
1.7600415966946
1.76449843959758
1.80087809138686
1.75509216746037
1.64199720182623
1.63588082106855
1.82328075087888
1.89462916057081
1.85686218687039
1.93384073391849
1.67144951706734
1.79660582574115
2.08247146814975
1.62121198138381
1.53164445137203
1.85918804210801
1.70321610580441
1.78255396827663
1.84557078934106
1.80288490181903
1.91060554292598
1.78363407280713
1.9323463278383
1.68737793614456
1.90691291915668
2.29129859123162
2.4123233050631
2.08691263940079
1.8033405200225
1.90765610595192
1.5234021269881
1.86310113238739
1.94971381350495
1.78195742004493
2.15986237493252
1.74414197973682
1.82046503203561
1.90434983834974
1.83723763890419
1.74858633669851
1.80400347695413
1.78926567145602
2.08451400402023
2.08446288691592
2.08442544776581
2.08445322759448
2.08445742160981
2.08444406198724
2.08442359202385
2.08448766478355
2.08468534541782
2.08445498126949
2.08435872884073
2.08462599772643
2.08446655604903
2.0843229661942
2.08444705239173
2.07811718559759
1.97850785180438
1.95998886878964
1.95242259722788
1.8588137984718
2.00912503638285
1.79393379297221
1.81732670834886
2.09545137400267
1.81273910308058
1.86778929321515
1.83870282948885
1.81444938501799
1.7184836428062
2.15323635613356
1.5593309807274
1.80141958370525
1.54395720346031
1.97300319690626
1.85589318810537
1.75781790769968
1.76312323052934
1.56932619007291
2.01474399830092
1.86385367319089
2.02901880508419
1.65011425078505
1.94031338451534
1.69609633217658
1.80590212003495
1.91717462467573
1.80134354574803
2.01752685162497
1.8987454293092
1.8837256669334
1.90718731180763
1.89777345333903
1.89628684606465
1.90108450512781
1.90065249844946
1.89494782238361
1.89834567743847
1.8813783963218
1.92267284149003
1.93756372211185
1.80189994050556
1.85448431416004
1.82707755546112
1.7447272676855
1.8310593929474
1.82043411116994
2.11266564287709
1.60021833809737
1.50322775627512
1.64330842347646
1.64407768719198
1.89195387200618
1.7534108569472
1.79930468082023
2.03231373629731
1.86090943132815
1.9643019148248
1.96009978842241
2.07859102996067
2.46002848824698
2.09215977152785
2.02062276849924
2.16648726583654
2.53775996258626
2.01232124090785
1.98244913939237
2.05726887863186
2.07298698743513
2.17695847563399
2.02011289279763
1.91772236112289
2.08568753901571
1.76007348522037
1.93185892982261
2.01830599184513
1.93665080152452
1.91450698967173
1.88109886431715
2.06747302784068
1.80045395385218
1.79167594768912
1.76477783187643
1.79465814313353
1.84255169281543
1.61133907161788
1.89483479003936
1.82951469280179
1.61273526907192
1.94328062974358
1.81861298697673
1.9159609747298
1.9367257158062
1.74854244905947
1.92775117764949
1.88535792057471
1.92091715653736
1.95237867560961
1.79630026907621
1.99094774561309
1.78304240943398
1.82650602702189
1.82561047699564
1.85230020765668
1.81771273647404
1.81407849383875
1.81288882553062
1.80574795271105
1.7844500028114
1.77481623888462
1.7738828647426
1.82496578011358
1.78197950224229
1.74446320747766
1.64237571124921
2.00281814049671
1.77917047367462
1.8726160882595
1.9310848400794
1.95320938698221
1.79975671989747
1.80064104744359
2.15448703245407
1.91767968967971
1.98170301321714
1.87624329646726
1.60386199410995
1.89470442192959
1.79142255399024
2.06174352173057
1.9778472591558
1.90618544202377
1.79273942469183
2.07499890287194
1.97174458135499
1.76122994039231
1.83861317034898
1.88122226418622
1.87777937781521
2.27099593544597
1.86979315100108
1.58027202919095
1.90326847181107
1.87725900890426
1.57474600353211
1.97744440159441
1.64426623095812
1.74887279979683
2.11784804768171
1.83454289841889
2.00329788317607
1.90202802016407
1.96719118962793
1.91646813711654
1.65671563626424
2.23557383538252
1.89761309109842
1.80229590517686
1.48149531280209
1.85891073442966
1.73558532626198
1.79674715494527
1.82244236675173
1.93503611784712
1.9256833496747
2.20272171979274
1.86288734648209
1.62732299714352
1.80483622492639
2.21235100147215
1.74495464424721
2.1219071394894
1.92205922674098
1.75365974366482
1.60463310402529
1.69227019496678
1.74846207744126
1.87488076284776
1.7428809544339
1.8617396455167
1.7024915988771
1.96342456522709
2.09941229605846
1.87460184667594
1.87274998586679
1.88357462411099
1.88347805293137
1.90294878821226
1.97560926599762
1.71212006713801
1.84605342612904
1.80599186795391
1.9343481236353
1.89647069058848
1.84792165995449
2.20166656058849
1.92878616468786
1.83874063029668
1.8275798953066
1.78862479426186
1.81587406189899
2.2330735255724
1.75978707019996
1.79904380716063
2.04996175390164
1.66732430576678
1.78816781973769
1.93991106139366
1.89865331905393
1.84662925658279
1.65887680521887
1.92708710635242
1.81333192640555
1.8424346157121
1.83284022374425
1.89636697891342
1.76937901083818
1.58875701594013
1.73144334956218
1.83695209862006
1.90756112032776
1.89586763626543
1.92501835992121
1.8574880417892
1.71418633583907
1.68900783846657
1.78548435084597
1.69135291492702
1.79189599285192
1.78903471268247
1.83947010715092
1.78573099153592
1.76913490520575
1.9856254360363
1.89043665426745
1.80254326868146
1.78975643863024
1.86403054963309
1.9080570321503
1.82159457309642
1.9309958538863
1.83599666581504
1.57833914531489
1.74526512495306
2.00185119563901
1.76479824064205
2.29221503100194
1.94863490093456
2.16599886590663
1.73498042527725
1.96324957844599
1.87266797474894
1.89587558948734
1.85619759213356
1.85356016167515
1.82556744739891
1.84140158289135
1.87143654982423
1.85574615231461
1.88168945047009
1.84521143694503
1.90287786996068
2.17283504463173
1.77014811949415
2.07615540168567
1.73625091596386
1.56498752548
1.68422149385926
1.75755726943146
1.9014691491378
1.81343327518419
1.90189293221409
1.92482914494561
2.11655172733803
1.92739737794264
1.98317511261859
1.63777644826436
1.87871444033312
1.44039720099479
1.96532278310132
1.94064744014844
1.87397027596625
1.82730775888124
1.85972902820585
1.94923426757428
1.58918339913585
1.7904806036415
1.59764931285465
1.89065474313695
1.77170191860952
1.85061740777955
1.83294393701214
1.95970362127297
1.80806030983948
1.74747626490778
1.96364181415082
1.86071390954526
2.13423305682853
2.08443321926429
1.63934842193486
1.87764595801299
1.66313911351658
1.7296149881252
1.66317559049915
1.6725207300544
1.86245539944539
1.74401871761391
1.79161281317935
2.0030978054091
1.86352606955434
1.78609564784153
1.86326989121643
1.71051290232597
2.04816466561909
2.12136983639263
1.76183977503634
1.69735757009541
1.64929980777251
1.9712141407111
1.92309447993941
1.9852343365374
1.84685582126694
2.0365301771747
1.97167547355429
1.88576482376569
1.77028814802661
2.02999124623159
1.89125979572646
1.62738401673642
2.22158283444992
2.01991190708932
1.95897531421251
1.76245458540055
1.90116541872175
1.69036658817828
1.77339792560467
1.81742990724823
1.8015495717339
1.84368985417274
1.84765222553464
1.83937807827669
1.7677956145159
1.7317439177876
2.01377163253558
2.08080095667019
2.08283435492967
1.99030869603382
2.03523544145549
1.8816521310479
1.79411996937605
1.76709706347585
2.03266573614011
1.54756158169879
1.85890146814469
1.95644042317976
2.04910265543347
1.98147602828827
1.97133679053035
1.99350875812677
2.02865200229083
1.93905032322986
1.84195576676019
1.80715939706846
1.93986513221288
1.66094316280774
1.94407915698067
1.79796551756398
1.6097320931942
1.75603246156616
1.74020941329699
1.51695061525046
1.73014944225694
1.97059223414503
2.00490662183472
1.89356359795594
1.81943916246383
1.8173427060602
1.83139645574752
1.87663914683638
1.80913490585377
1.81768899300635
1.89935670746098
1.89038249835018
1.87498442126765
1.8610667634189
1.87316402518472
1.91416767727118
1.99313030909287
2.00527998422728
1.94933198676041
1.91217794529277
1.66204673183087
1.71724722299393
1.77918163370917
1.89912434622099
2.00545561698451
2.00933207388806
1.74781604890639
1.63943887525839
1.87925668491987
2.14994093056047
2.13902634087764
1.95238185433328
2.07472539572731
1.88066288943031
1.88071116611453
1.88138787928775
1.88073247338496
1.8804029919052
1.88486925058528
1.88452539481649
1.88348215568985
1.88283129855417
1.87582042810829
1.84121791877785
1.94366891765317
1.79995192090979
1.79309213472768
1.97232896425825
1.78511231957645
1.85251155918016
1.83244461509762
1.46097881438562
1.72134407540806
2.01474559925651
1.62857520418234
2.04273977408641
1.78042141871118
2.00266306963204
1.93954934003653
1.53020696242522
2.26840883291786
2.01643672132145
1.7495892433661
1.74995535895553
1.68712009507655
1.97891402429501
1.8954113784306
1.80491034891337
1.76485614036059
1.91087380420566
1.84604291232175
1.95702024983044
1.99539521766609
1.74508267703305
1.62656476230281
1.86284980132173
1.79241939051916
1.85964285414893
1.8417684673932
2.00142969418407
1.86702778962163
1.95345050726278
1.87137425384009
2.02693556620936
2.21783692582199
1.92407507626443
1.87969425234207
1.91263258668744
2.25397662089491
2.04896399461857
1.8947085784875
1.89956584006598
1.84272883542582
1.77147004105485
1.76502164447544
1.837893737166
1.8083058674784
1.8946728884506
1.91297409787463
1.76893118383488
1.64196139576202
1.77914727529145
1.93139471616434
1.51792437694629
1.81716718004227
1.5637236771003
1.60892707213453
1.82495149264831
2.01637718290725
1.87519490243213
1.70461720764454
1.79290645348334
1.83058238338265
1.85321633565128
1.90129963790847
2.15983864329024
2.06421515786758
1.89854053778563
2.0021815839981
1.91860755953328
1.98943679459397
2.0051289429093
1.96230438380599
1.99841995790035
2.06462608645948
2.00308633004871
1.65989286397199
1.49382399277242
1.86995911867125
1.89784039749635
1.68209350496436
1.8400591957685
2.00354269191778
1.79863196414274
1.83555995810159
1.78979649316941
1.99383442999155
1.84331974959124
1.84277113930927
1.9504050694336
1.95851988785818
1.85080410557031
1.76994362223805
1.71712415362823
1.91596953322881
2.30021989542013
2.01205712422306
1.84836336289258
1.89158072722504
1.5855839744425
1.89377753149135
1.88717351333882
1.99258005744624
2.17996701524981
2.21647961044822
1.68601042693854
1.78316249988318
1.88514791050163
2.01206462200712
2.23074552983055
1.82072545540363
2.19127768811272
1.7547192408708
1.84580615375351
1.89760986931871
2.00642128167625
1.94447820393364
1.94381614308358
1.97102512672814
1.92958157715929
1.72449417144278
1.62605013116833
1.48318371730605
1.79370743972706
1.7050192267366
1.64174858234241
1.81927188952117
1.74031707732268
1.73048082882406
1.79553566218722
1.88785214209979
1.81519260045993
1.76705866448647
1.83093642771471
1.99189138503257
2.17383916648243
1.81326862832496
1.94494062967423
1.80645957090858
1.84288552795786
1.80105924245876
1.88803368024895
1.94153427383021
1.91438167567612
1.93955252168059
1.96426606389032
1.99387255833415
1.95438175653186
2.10529814952662
2.05670891426828
1.87025867850251
1.8185710213984
1.78335700328785
1.75759034248779
1.6385953407491
2.22471799260828
1.83718784734304
1.85327193045014
1.68110492787508
2.11349279934302
1.64851723340105
1.69354439907535
1.74638307817682
1.85864436305238
2.05668696409531
1.97661362062877
1.96022971667136
1.96999598684103
1.97522426871246
1.97380538623805
1.97442722491998
1.97132039708085
1.97519013483351
1.90545578244579
1.89876476256665
1.86229281254761
1.83358170124049
1.83237731541033
1.83420239998966
1.84925496383495
1.86701395210559
1.87692821557745
1.75105748589987
2.06326904560314
1.70462720277425
1.84037439396705
1.77799523227758
2.0164967642059
1.94738020713985
1.99940855601004
1.96920503182063
1.96114674980333
1.95712629530173
1.93918354187733
1.9526867821975
1.94928292294825
1.93928397311476
1.97943215140808
1.94958279833179
1.9346555736698
1.93061114449772
1.93446269934367
1.92610517744309
1.902748331975
1.94573365686473
1.53875880196101
1.94349693337732
1.76706734961688
1.79986409549431
1.64992693940994
1.80455183376096
1.62535693495316
1.80313340249383
2.20194019431033
1.96076380124189
1.58006375841963
2.09747102125293
1.94444431130173
1.81183167614337
1.84573323159166
1.84570043126824
1.87991430414678
1.87753214848362
1.87117472923736
1.8844096339168
1.98710545949499
2.09296306918898
1.87524265890158
1.57636709750841
1.80522327916677
1.88451882016202
2.05393133026416
2.54060580317995
1.69684312772136
1.55381391668909
1.72357677442714
2.04556942094802
1.91373187778714
1.98199944319229
1.95915274654728
2.27420588322684
1.92961751625903
1.88593109679125
1.92759595544278
1.7939436969533
1.90018104114779
1.88622581662678
1.94195890829744
1.87496257364233
2.01858326528053
1.77521605619267
1.62265518059363
1.75905353825499
1.93776795507291
2.036391445804
1.84820212719405
1.78536415418233
1.63199562177745
1.66477182416446
1.98367756160196
1.93717555471006
1.94206139698117
1.86196504585647
1.85627254238332
1.87343996032472
1.86225152709913
1.80186875669479
1.93014146937618
1.95892789135928
1.87176768516784
1.72966625169595
1.76580607966054
1.78165776968337
1.94378587729879
1.73410675185589
1.59603420747646
1.88580673397814
2.01059632543978
2.08013937240793
1.93049239082177
1.87546751306129
1.85904958545147
2.06852294760362
1.87457408285377
2.09373108405842
2.04627937573728
1.90314725511029
1.80111773154889
1.95078465108279
2.0158522745156
1.87116329327647
1.87828024053012
2.08885304134778
2.00865095592933
2.04285474218593
2.14552387575087
1.86944114059925
1.94117637344946
1.92291382022969
1.90656709107788
1.97103772111591
1.99030222635485
2.03650113919462
1.9682637974002
1.91901743001948
1.89804467594032
1.93024653562884
1.98811522864026
2.04208293649465
1.95952499474361
1.96507629739737
2.09155396350224
2.07137481806381
2.07134730755239
2.07133860534367
2.07137696818881
2.07134842958729
2.07136533633178
2.07138716158746
2.07147085418545
2.07143956379203
2.07145178322023
2.07168823387415
2.07233788065308
2.07172290834121
2.0715908530187
2.07138091039004
2.07180857293627
2.0722042026358
2.05252636284274
2.06040111947237
2.10404348453659
1.94072150905484
1.69428453622258
1.87591346473905
1.91117693589784
1.87802225210013
1.87761290082526
1.8896501961332
1.87866590956031
1.92736085601316
2.04827408514549
2.08249253269639
1.5496046439096
1.84539655757184
1.97523291451313
1.71133424311466
2.04193169678412
1.58374911144625
1.95165354238239
1.94591064265495
1.95832242889869
1.8298271978096
1.92112914272452
1.84401586053445
1.63613225736573
1.77591473434746
1.98665917895633
1.57308241625893
1.65984396832876
1.60843242756519
1.985512394001
1.82063194139341
1.59715613061776
2.02000475887775
1.74098891194859
1.78253985713538
1.96670397846421
1.68283730198753
1.71441614462965
1.89220586092494
1.92646125163985
1.92146787605048
1.81382138499116
1.65365628536412
1.83522988442106
1.67045585563767
1.82492042310179
1.71215859389418
1.91149927036631
1.86272489934748
1.89080901076283
1.85746558270443
1.98812825987908
1.98958491663397
1.90776403237762
1.94518069122147
1.94547195910788
1.99072715155715
1.7486683306738
1.85094053585691
1.95726208052244
1.67372686556843
1.74050805502232
1.61389560096585
1.59458733636414
1.57713844204734
1.64654005750182
2.0189809926723
1.83082784356185
1.90886359126758
1.88623514364756
1.92013524589556
1.75072541086101
2.20062540590882
2.12551016878374
1.86837076997227
1.92803879410466
1.95332932684369
2.10295900153976
1.85158445446169
2.00318378756678
1.91764359515968
1.81529201856938
1.71630986765694
1.78621541432589
1.85177560495381
1.99416344436836
2.18381863416324
1.87202774969539
2.15657987595667
1.94001282879409
1.94963226879415
1.90006526453013
1.93505316843399
2.06758185640707
1.87667617523159
1.9715416257841
1.9512771536311
1.984406644114
1.96253565822945
1.96286048839157
1.9613766931264
1.96460762332432
1.96261646720394
1.96200675840939
1.9530936443965
1.95709860792355
1.96464504513678
1.95895805209076
1.95535357259876
1.95946962994093
1.96745002194154
1.96281737812704
1.96205770106413
1.96889712250381
1.95956519799408
2.07796218375279
1.88701121844679
1.87620500236759
1.84739114397652
1.82479363934557
1.80616967675607
1.75927808012953
1.8721020481079
1.76160474576728
2.1699570043129
1.83403256485095
1.73187134140102
1.89934786036841
1.86965510809582
1.97834866550945
1.83116093272704
1.903278234672
1.94889875460016
1.9054788729189
1.85673780256645
1.90742629776861
1.91680317245779
1.90882773448057
1.91904451222771
1.76388815333905
1.82047231015013
1.91217213955759
1.59752340729493
1.99117552191002
1.85086839626757
1.52282906083882
1.89998239749696
1.91650196968588
1.75804532128984
1.87832997554413
1.86544028227463
1.90914373645352
2.07295139555114
1.57759074024811
1.73509816166026
1.76791932460942
1.90822634147964
1.70782727576153
1.95071727130706
1.96066287049847
1.70928667455745
1.9516497311677
1.75065832403155
1.74831824988808
1.89033802629105
1.81297140387277
1.85405025916729
1.88050473139001
1.78981450530227
1.78275222487545
1.84897059291591
2.10384631230937
1.85709608380388
1.90925921274852
1.78995704560325
1.7848109341059
1.84586811634917
1.84124674807763
1.98912206668217
1.77479995063353
1.88439915857176
1.79619294287179
1.89562983696139
2.39238357934964
1.46802541009749
1.69544313683506
1.78955935756164
1.65205013454612
1.60100625949298
1.9191128495828
1.94085589602446
2.01033419172925
1.88030442246946
1.7516647127091
1.92782452814819
1.78371709517199
1.7778195993795
1.75744405124611
1.74715567989753
1.73957645682792
1.79476719148558
1.96484916198089
1.77291902037554
1.60970230319785
2.11432049204179
1.76371652011973
2.28905511601611
1.92327549534882
1.84364606104821
1.80755569917571
1.7256463381222
2.33532500844085
1.66069414226514
1.76371658527149
1.47674179721007
1.77679463355357
1.68595993849501
1.92417992077127
1.97458544132898
1.96695861145299
1.56874318162228
1.59087884710942
1.75228808314541
1.85775748476084
1.80577068040283
1.91530099239275
1.83001566973927
1.9217311178705
1.54668018648929
1.71784647209004
1.70404621570963
1.63384465448244
1.74407820819203
2.01137340860104
1.88347739351582
1.80083789485127
1.91420281015503
1.80110661183808
1.81154375377301
1.82057260616723
1.79924392135404
1.79850203280257
1.80781768629369
1.7777808238899
1.817249694302
1.83700330890239
1.65357046809972
1.45916578268754
1.69900713015199
1.85994458646835
1.92787710712481
1.94010017837283
1.99706952312116
1.94812635642441
1.88709537813787
1.81014481367426
1.77994422730869
1.97476601050779
1.68643397788823
1.76002333020305
1.72626924557836
1.92014462365201
1.81069617656726
1.7521108392163
1.77459946019549
1.8313658818938
1.98519851179181
1.7478295098057
1.76921603947651
1.95803913963171
2.06231711752145
1.96316160319253
1.92816017207498
1.88010346066602
1.85036659421392
1.75317376623707
1.88065206148867
1.93664964465883
1.67841050986306
1.82645022150989
1.75774130477207
1.76990296329456
1.55357976556836
1.57626506614926
1.80432348847556
2.07436586302287
1.67972239452203
1.72389507699419
1.82352945681621
1.68673470213008
1.94883161468577
1.59602690086427
1.84674417680821
1.88409150605697
2.30169684240634
1.8119520498094
1.79218951535095
1.81552215797445
1.89127128611307
1.69326374535566
1.86579435112906
1.96952885212691
1.94635440177696
1.78851582178967
1.85698459994142
1.8465036952503
1.95269886788796
1.7385253920117
1.77538848186017
1.8364423976927
1.83937074400748
1.9429795004849
1.87140525480817
1.87255322853403
1.86606035434008
1.85751172842244
1.87425938969886
1.85315500876558
1.81723480171745
1.74575909819004
1.61348752094419
1.78642002677387
1.81914118942084
1.94768956561317
1.93674626073777
1.86741706374664
1.79349185394354
1.85200817836565
2.06358409689633
1.69903958023665
1.85120111217184
1.72471794518419
2.07226797379017
1.8081181566782
2.04256897160118
1.61711584135203
1.89009901019242
1.71470473637609
1.71993505747551
1.85046282819085
1.84224800516207
1.84628815461237
2.04596895938708
1.78932782358873
1.65518287500618
1.9946390695183
2.03080700879167
1.74311694856622
1.80504885742045
1.93857753224794
1.74173943282802
1.80681664802308
1.99783602376859
2.12635334278771
2.03716063083011
2.02526385635326
1.91084231603233
1.88275934975864
1.84322298735907
1.95160540320575
1.99035937035567
1.74593883588551
1.9499561718309
1.83185276635006
2.08367392882309
1.76413532531674
1.80957055861702
2.1689274591507
1.86368863568159
2.01078691363197
1.92363805324049
1.91536051193224
1.72822835936943
1.92040994511543
1.87077783607372
1.84324867960623
1.79994476885712
1.83631036122584
2.01766131192746
1.79153454531107
1.70727918146234
2.02664334225764
1.83629686493995
1.84277355843681
1.83925297910058
1.8376963613995
1.84313757017464
1.85035770809083
1.84452948466973
1.83616136281962
1.87412685071943
1.88057638862917
1.87870765487183
1.87241879095772
1.8600181978094
1.87164432427094
1.86254896059463
1.85625823944848
1.86248598245562
1.88112695195605
1.88973718506526
1.88531318215033
1.80191702108222
1.86354382063559
1.78728736732413
1.81006423195087
1.96664958457245
1.76299987383046
1.91352844683416
2.01948790612633
1.96499628546112
1.84540281053307
1.79401218187418
1.77536821445776
1.58786778406116
2.10359535304874
1.86488870226016
1.96967236525008
1.97457408310769
1.87187367522021
2.06377757786922
1.81902784030133
1.71713572244382
1.79030199703218
1.7229013791668
2.06301833686122
1.87409480295772
1.80398418266066
1.66071243358291
1.69818707304063
2.01473584114974
1.83512764457008
2.0654577233164
1.6455406233308
1.76804375022479
2.0215862018452
2.18272703724788
1.73112577349053
1.94362012421136
2.16414642853095
2.0019603867637
2.12501944714034
2.05811565131097
1.87404586042842
2.43101164301571
1.95505459194721
1.86654192079852
1.71764741755978
1.93724395126572
1.92234708931645
1.8764618986734
1.75325452704787
2.09345567728044
1.75168606868381
1.7552324885754
1.89399854633744
1.93406418475417
1.85080669478683
1.85713634668459
2.01295719791805
1.70125160728939
1.67400742412097
1.82177882501505
1.51899736529352
1.63775653248688
1.80922408035065
1.68699699260083
1.65191188281609
1.75033433203951
1.89722053257311
1.79147560716709
1.84686810591803
1.89758629622878
1.72564351092073
1.75702139763737
1.74851309515479
1.6648595352006
1.96200645179067
1.66157194132083
1.89458593949658
2.12730365425422
1.70158902525748
1.88460675727523
1.78744465030029
1.79537500810813
1.97025320928353
2.00160710903034
1.97718643601285
1.80499331883995
1.77244473253414
1.92354251252865
1.77835976041038
1.92860405311245
1.98952687023642
1.93931871978595
1.69020256917482
1.78261730281775
1.92257243383425
1.82790102005763
1.83994358292994
1.57633271894031
1.99575057444272
1.78208637843238
1.89196338901621
1.56281646584215
1.64983969673571
2.25759108696076
1.7896456219473
1.88836777517209
1.88940666623234
1.86828777512928
1.72956953388938
1.66502220245579
1.66347156437744
1.68495494472514
1.88141347041077
1.78458275721451
1.70633941104218
1.70610286366976
1.75145197822327
1.98391370645066
1.82851166249078
1.72024215315484
2.13532419181578
2.16901996087209
1.61186630494264
2.37825565795557
1.61923506318627
1.52470113095295
1.69838863203132
1.70523945362814
1.91942574871716
1.96046416653866
1.80487073792543
1.84985345435397
1.94722743133726
1.86313029361737
1.85108804873815
1.90654400880088
1.91702669109198
1.79767524632751
1.83865202231392
1.7419098554184
1.84566175910069
1.98823054703103
1.78575692801663
1.63798135844322
1.60955916905758
1.82060493968968
1.79116722902194
1.79496528483468
1.90065474607284
1.9193082024853
1.89308805397561
1.90402576705572
1.91370478811138
1.90432351494278
1.9227418605907
1.91795429819399
1.91582432993642
1.96861622113044
1.9597956452978
2.18095051508506
1.92366790922455
1.75487884112314
1.78708151074335
1.75739043942349
1.62920750193914
1.95911058580035
1.78383083060764
1.89202999742888
1.86796506778716
1.87382852489347
1.93064297308136
1.87259397312235
1.85430818863816
1.91160327562548
1.84747356608417
1.7727407842907
1.87227424124383
1.81687665222906
1.71853081095085
1.88900376669776
1.92970869252784
1.95552581231666
1.90190887349366
1.67679701655043
1.93643064382349
1.91629049525235
1.99631846350709
1.87131777185403
1.85881599998901
1.78968513529322
1.78419626234285
1.96425155254475
1.77141726624192
1.90199961566914
1.84367724660189
1.88641746454787
1.70290777537245
1.60411679789607
1.90259747077071
1.8067803401788
2.02762046556263
1.76970024513941
1.69285224113227
1.68237563425208
1.84132746794087
1.77930352235819
2.02811509866872
2.01573805112432
1.89911654854693
1.77817257481491
1.81927676840531
1.43920572804488
1.72189852818951
1.87665573179175
1.52179285001049
1.955632694539
1.68365518394239
1.76883444092364
1.73117158502363
1.70162100642393
1.76792141766028
1.7828681920805
1.76087724468536
2.02510305201458
1.80105555553705
1.71949329838826
1.83907933285972
1.67796163304839
2.01443253662094
1.79783269379504
1.62139042359573
1.75306813756108
1.65847827443092
1.75710414548737
1.95881907755609
1.75775965657882
1.99458818549181
1.66264250964092
1.71912966100946
1.61165485509546
1.71029961795542
1.74662663564929
1.89080467584777
1.78132841012273
1.81231673043261
1.82857915701796
1.80238772897374
1.75924356558286
2.1040845750415
2.02085529330801
1.59417814344462
1.76197676890751
1.85526722294928
1.89071922732307
1.88174792178431
1.80073943383717
1.78027214716812
1.90491865890715
1.90088030867959
1.80615020313786
1.86368308241758
1.72517552931717
1.88175010732458
2.22872533155188
1.86612197482896
1.8930819317509
1.64906532231862
1.83503784972067
1.94330329543149
2.21817511717919
1.80679786476511
1.81903492521085
1.76348061914034
1.88109321188716
2.092881065478
1.96508855278044
1.92513087806897
1.59603945202798
1.77579294431606
2.02980720489519
1.86629519413824
1.74099173423119
1.91703125940182
1.86034310742661
1.95760669213812
1.8946382465306
2.05039587580088
2.33254934378242
1.5811570757916
1.92249905101766
1.83281186787808
1.70754599636987
1.89136908718392
1.76901012640178
2.0802785364507
1.88195222067409
1.74747868504473
1.72625344878038
1.78894504944384
1.78203895855064
1.81152678392059
1.6324067065924
2.10621039565474
1.85919403557274
1.91736467735182
1.74322730924138
1.94078625528091
2.1782095318526
1.53137148252083
2.0935408116993
1.73066006308488
1.78982746248822
1.67757286632957
2.14229314347045
1.83819486083817
1.73871735066552
1.92236525194721
1.90231014580316
2.02136990264848
1.89623476129376
1.908977532396
1.87502201168736
2.09947652815658
1.97435511472469
1.92992406090369
1.76141336342468
1.73596707767747
1.88236459524153
1.8524430131755
1.67182125455575
1.78091813976955
1.63853435549456
2.07571786964907
1.7590805089822
1.708597766598
1.66986358219237
1.62820771407377
2.07724748568884
1.80292366815969
1.81425861127572
1.64703775888304
1.90190828598068
1.91867028921898
2.02383121305434
1.74349288130844
1.76064830350373
1.93623930753356
1.61865289000666
1.88747594726605
1.77340670022255
1.90337016180024
1.81392020458228
1.90061931985918
1.71642711215491
1.8935689121191
1.64115434564119
1.80853021017051
1.55630042072354
1.69746489818272
1.73984414048602
1.84034363986635
1.72685137350075
1.64550823776309
1.9846935273591
1.67955721341823
1.8334004792579
1.74629894018267
1.67072540213561
2.08150614922999
1.97062830603384
1.63596903614495
1.87695075419449
1.90787468212161
1.81720398893116
1.8268489564792
1.77015358891627
1.75058881127225
1.9454116068063
1.99408585253241
1.48619984042735
1.63786023039631
1.78416854639734
1.79126626172192
1.8482075453749
1.8208952766828
1.69287910137877
1.86317372902599
1.86429965454654
1.93975047470064
1.83368401156089
1.93705872426422
1.90802926281056
1.92768670393294
1.91058432841582
1.92091962745406
1.86921270540031
2.26970668976041
1.80032856578336
1.95182675837082
1.68699588699746
1.82798046168599
1.76035985967482
1.83347991722771
1.86863761782749
1.8187113259765
1.89966298294076
1.86169732148682
1.64977736924044
1.84245683472056
1.81596292086028
1.86958580640211
2.01745157595749
1.78754563343924
1.86309920886204
2.04296491684719
1.80436974922002
1.92843894173326
1.62016763819303
1.73594587126234
2.05046849289509
1.8852357392503
1.87045987804725
1.82495164347326
2.00681299855127
1.99401289850116
1.81014250399556
1.77861751207001
1.76895935564277
1.86538833065717
1.49752928063864
2.01430659665905
1.76414586629977
1.89891932398111
1.94525749885293
1.9451195306661
2.04421904138598
2.04307268535811
2.0540829248044
2.06119389355459
2.06245028650538
2.06908425461925
2.17354610789738
1.77745837378767
1.93312672592778
1.88995849047876
1.85079430058632
1.81998159999623
1.93930739913742
1.83378840981318
1.80475974374656
1.80377093844859
1.79371663172191
1.81887702688519
1.78119426290175
1.65390428431402
1.75025059139316
1.75887454923437
1.66845464227731
1.79300073265653
1.82297356034679
1.55023225411271
1.77668747166679
2.17055565948226
1.90386289205533
1.87332780353586
1.7509708040822
1.90515896580787
1.79811345854238
1.94898680439559
1.86213634106404
1.85578133956921
1.83987132456701
1.85683512178071
1.98582242759305
2.03142457181584
1.96035232486499
1.92785790047859
1.95758277107207
1.78637274491187
1.87643806183538
1.89561217451935
1.90545935823971
2.01174989931893
2.15863183071806
1.95105732993106
1.77679272971002
1.46432710317553
2.21436751699297
1.99007846725092
2.13212038300057
1.64522516821973
2.01288775766069
2.35709728482573
1.98456205326995
1.99162041180334
2.06471267212706
1.90640560998818
1.96103982821889
1.70036257025185
1.86049638985728
1.97244100979734
2.09334289847763
1.70807246915828
1.740989391813
1.53461156029989
1.8436182367047
1.79443735089767
1.75799336746616
1.80984083523031
1.94222146531169
2.34906058373301
1.80407620430886
1.86446849554616
1.73586595740246
1.98512504640533
1.84655857799508
1.84656159366537
1.93681515935647
2.0779981239106
1.70268282511498
1.83543592809249
1.71144152092714
1.76630962406329
1.64487558304522
1.88093120106411
1.90379837348875
1.85911230005268
1.82993816990445
1.73512529392765
1.60844858756959
1.71107522960018
1.96823384477887
1.797675855356
1.86049141147711
1.94928414248254
1.76214878180473
2.00433746195041
1.9171550554859
1.84244630769771
1.94169453154678
1.80040641590878
1.54939776607716
1.66756723764494
1.93515187358136
2.12015363700007
1.74192070280253
1.7198918949084
2.00693161838602
1.74855075583288
1.96586548708326
1.68405952545173
1.79783717050988
1.65978110620774
2.05848776409684
1.64132470678955
2.01423960799198
1.68978719159622
1.68755771423535
1.89503542614097
2.02046157249132
1.96575851127676
1.71025612474833
1.93643559821615
1.73013470508705
2.04649246540351
2.08772104063162
1.88704948148715
2.08834452249006
1.99768797647737
1.99177934066768
1.97948318349169
2.32097785899797
2.0834764090515
2.08339818841342
2.08345113172514
2.08350673148711
2.07802995374124
2.0875173313154
2.08399665819871
2.10233501244363
2.08191568981446
1.84028159500977
2.01263132841264
2.13283662109362
2.06827112541667
2.04365860869685
2.04865962490264
1.80495322150484
1.83370053231436
2.07382633156174
1.78319417832751
1.71121897377043
1.66350412935629
2.04968967776238
2.08217875729739
1.87994661413204
1.84785529637175
1.75662112637818
1.66765182670622
1.79812212026984
2.06988399374083
1.92223934067849
1.8484535072669
1.85410052889094
1.85885116807297
1.92658334707726
1.97419426595928
1.80472815560663
1.80543646115413
1.89201940250817
1.7083029640319
1.93923928795235
1.88070117963725
1.94215074136878
1.86391212764643
1.59162890683606
1.83364359402875
1.90636438122545
1.87644410316359
1.87857762684651
1.76954613208963
2.05855435542033
2.08922769027078
2.02886556511083
2.01804951433574
2.05206569710979
2.02225224770129
1.98617645679334
2.00368052162591
1.87216739981379
1.96397365188821
1.76162295238835
1.77180650663387
1.93597016729344
1.60198133557374
1.79002593494867
2.04770617759065
1.90166167534457
1.85026574108068
1.90564798862674
1.84607582695111
2.05783933837973
2.13411616191461
1.61448063425137
1.89375900406337
1.82627559308342
1.78526656320626
1.82047454724919
1.84908312428167
1.77221564124436
1.8154371172134
1.91522184677034
1.86245651137723
1.76728318134228
1.59416858094316
1.76946416643006
1.66305906296443
1.8702170805301
1.82646536899645
1.88496621684657
1.86457461826466
1.86238003939473
2.1223710020787
1.83852950337108
2.13749962199036
1.79701428103088
1.81871328998552
1.83122252863982
1.99658439467531
1.87728011190019
1.83053071180412
1.93295719452509
2.06135825766496
1.78352270417311
1.72547736432025
1.90407897203879
2.01077994199993
2.2099286399322
1.93407671612806
1.70213296321418
1.45495239007041
2.04711813097823
1.80831597106625
1.95109446982997
1.92366050414756
1.84303438002405
1.91275655085698
1.89856604283441
1.84206798376315
1.7354537609835
1.84995091994517
1.91700709162717
1.93530988065172
1.60870333508088
1.83619633383844
1.74925419231078
1.83622484579649
1.67756339717145
1.62897609895262
1.98203853245368
1.74093914327204
1.69760132977804
1.73563823245627
1.77394525919241
1.82277485466991
1.84961361084531
1.87968260542574
1.96623005963948
2.02232443106741
1.97188059969857
1.67945169026338
1.89346748359406
1.86218339277326
1.8558051561341
1.87400406714301
1.83611644558712
1.87369136790615
1.8074562657173
1.76938490292069
1.73339273922797
1.80819737703558
1.83377414348194
2.08644436337676
1.89501269967349
1.77257303119885
1.91239314572075
1.97811899622183
1.96796743748441
1.97659696340139
1.99773493478472
1.82214398151642
1.85493116016257
1.79017958354753
1.72924030433821
1.70538549629513
1.74158358631638
1.8552663730919
2.02610228624847
2.04512142223683
1.84996929594868
1.71953903268193
1.69194748564316
1.91257896752128
1.64780933771334
2.01541679249917
2.07270021421934
2.11716403563506
1.93969585803676
1.88225915766485
1.88415107782347
1.85589528189908
1.90736247660781
1.95833278923931
1.61458396769792
1.86580672344974
1.76725131090632
1.67741949411662
1.96767804872538
1.9299003207553
1.85813875201303
1.84065007421666
1.75400952848409
1.72748072831989
1.65014453105127
1.66449977632512
1.76516282966154
1.75490647703293
1.58400362347766
1.78620606884636
1.58250648835785
1.99710804231561
1.87468989909291
2.12981717097487
1.99629570690447
1.84306238160079
1.94151471492696
1.8782226423988
2.22608219212756
1.68165181366252
1.82821008105447
1.73763421625761
1.82453399062977
1.92521793087908
1.86372854507824
1.89166934480343
1.94435379316465
1.89301460330327
1.75818559855633
2.10102225748763
2.00207284492105
2.06137144328707
2.00635290577794
1.86748569231471
1.94016480407762
1.97393402174397
2.06548681678943
1.94895538265604
1.80659980345433
2.02902484509645
1.87281491964653
1.86312478592549
1.7411904130662
1.8421109629352
1.60039735295922
1.78207341196852
1.84685418707588
1.78770120043213
1.60027650431149
1.76318975320594
1.85319737352499
1.59812257587058
1.83509952466921
1.91448667411899
2.01176619781131
1.74505902681082
1.92710746366616
1.82196054012646
1.76646245012669
1.85386994255541
1.56220186967172
1.94839780849219
1.8210194792765
1.57622093165728
1.91460109730205
1.99390070454773
2.0168783576734
1.96292684436091
1.89948603652688
1.53220948014205
1.89438672732425
1.615299376901
1.99491376582993
1.99890401961475
1.67845322599813
1.86685203732857
1.94805032843676
1.94878458666607
1.94135886938413
1.93740294722956
1.78150794455857
1.9595690359564
1.89163207657107
1.8772075410985
1.8154475616903
1.69851995424371
1.87462583939914
1.88098928506344
1.93867442919466
1.93014383142397
1.81937472697246
1.76145155621354
1.9666325508885
1.58194118172991
1.76395038877057
1.71479337281081
1.72422740876741
1.83658461797683
1.79471815884501
1.66778583203316
2.03173391202759
1.5536740803793
1.89704663609835
2.01798618325766
1.77827678018994
1.98309813727037
1.74010689781794
1.90842629016089
1.78755814300737
2.01237822260824
1.81025740631638
1.94551537592138
1.84129844435855
1.70308674287025
1.70863099008602
1.78359402431372
2.12167468497873
2.04679878499938
1.83610062230785
1.62087704452479
1.7353204382743
2.30243404086536
1.79420515916421
1.87780749027825
1.92217886793284
1.94296973670562
1.92342053305513
1.84594844920543
1.66012380409585
1.79256058609836
2.01342568403068
2.06212611497204
2.04004990722683
1.90903568923532
1.88930679886215
1.87410831160426
1.8789201914974
1.86456361733832
1.93372103451617
2.02914627302985
1.90991569323252
2.21624449739801
2.0174722819171
2.06706307949239
1.50122833817913
1.78537235236247
1.7935026383193
1.67180604815322
1.61580168383796
1.96440891852158
1.77903537331921
1.76532432685845
1.97486958003954
1.70894221795007
1.68347552121745
2.11544291356585
1.7915158503883
1.94415265487338
2.01385258702971
1.95026600505082
1.82897645941029
1.85189688414989
1.92882322059676
1.71205335475555
2.22168999442117
1.8590073253497
1.74253056343771
1.81111342865345
2.01814760810535
2.08056930372832
1.78019313802463
1.9037618013995
1.8898377247493
1.86984219035521
1.89060527585098
1.71574736470158
1.95090587089494
1.81475152549061
1.76200615181047
1.68056595596935
1.85531820474151
1.70822606898952
1.92147319994288
1.97013170688108
1.967853509554
1.97267067124908
2.02497177778176
2.08854694205579
2.0728251439431
2.06935134536432
2.10511877147169
2.11205778807702
2.18411069360845
2.00815748956888
1.81921621414634
1.88538609354343
1.85240094927926
1.89635353542795
2.01629437085918
1.66370937085182
1.85853186904625
1.85923459409771
1.8323765437942
1.82986721199781
1.81563615431917
1.99897789116915
1.74698347569473
2.16418940309851
2.03838338660618
1.84240175937364
2.36573752327166
2.00411981957021
1.83075771142971
1.87640218381617
1.92398154549376
1.9459530969885
1.95316175383179
1.98094152868407
1.86670538016547
1.8233011040474
1.83051760698796
1.83771856568724
2.14324258298527
2.03634087311864
2.23784986114706
1.99989070806916
1.81480737182232
1.852802423736
1.54947654626709
1.74294675189524
1.58440100237492
1.73880326047018
1.65412114831835
1.85998010327446
1.81533125434179
1.69778087661456
1.77562746398447
1.84101103083542
2.32506331004037
2.14425133068374
1.75645781402233
1.91832489210391
1.65805307611951
1.79277591678159
2.08686287848797
1.88920464845009
1.6829077253222
1.86372671154053
2.14120777448111
1.7480370808366
1.9211274077425
1.8076656834828
1.7479849871722
2.23055518574787
1.78263338291876
1.7924564921467
2.02095517549047
1.92508422535276
2.00135496911149
1.87027165469009
1.81646365839856
1.7621713294404
1.93749470728993
2.13325741090376
1.9870095339204
1.90895525568708
1.90708030148378
1.93884670017984
1.92807854972982
1.81235064314556
1.82222319868401
1.89753860822878
1.8537607617298
1.84660458061787
1.98034921008028
1.90973180752453
1.71224146871356
1.92151277272305
2.09906173859289
1.83203944512541
1.90980406659091
1.6697083508757
2.25418078437994
1.93540500865723
1.90149150817272
1.74374918605609
1.73811063771986
1.80171234635953
1.91559836391197
1.74244556667668
1.85101486484411
1.62611391500489
1.66960971341986
1.76325168581575
1.70559789782232
1.8167533698961
1.94026322289909
1.84792656471026
1.95228713672885
1.80878401554019
1.79757204627745
1.85172557628456
1.86104119552042
1.85712969243588
1.98320101575837
1.86072453319608
1.7293876136867
1.78691822931144
2.0030948680897
1.77743778468182
1.82964894120844
1.84517109811754
1.89387545605732
