1.87803063305438
1.80686213865404
1.78318916256646
1.895504257994
1.74102047317922
1.88724750209905
1.82165394029509
1.8784033442372
1.93932441015778
2.0155683549801
1.77472241514059
1.71450421787811
2.23218924527002
1.98265612376008
1.7965126198219
1.58163232723687
1.99787156336976
1.91081952146592
1.84298618609626
1.85548921598954
1.80556818263945
1.83307002283854
1.57144987172989
1.78755403805585
2.11726000917761
2.03924875889397
1.80848649449309
1.76360537395293
1.77667585803292
2.07307665418036
2.00963624702294
1.95156947836123
1.70157300693679
1.75889490586317
2.12799218944327
1.83434511291686
1.56173463897793
1.8304113045397
1.63897858765864
2.19586597845248
1.8205904525983
1.86629824015803
1.69649881863451
1.6976772066095
1.60468063776142
1.68018852527485
1.65423102911642
1.88763577294884
1.27027467729058
1.87803063305438
1.80686213865404
1.78318916256646
1.895504257994
1.74102047317922
1.88724750209905
1.82165394029509
1.8784033442372
1.93932441015778
2.0155683549801
1.77472241514059
1.71450421787811
2.23218924527002
1.98265612376008
1.7965126198219
1.58163232723687
1.99787156336976
1.91081952146592
1.84298618609626
1.85548921598954
1.80556818263945
1.83307002283854
1.57144987172989
1.78755403805585
2.11726000917761
2.03924875889397
1.80848649449309
1.76360537395293
1.77667585803292
2.07307665418036
2.00963624702294
1.95156947836123
1.70157300693679
1.75889490586317
2.12799218944327
1.83434511291686
1.56173463897793
1.8304113045397
1.63897858765864
2.19586597845248
1.8205904525983
1.86629824015803
1.69649881863451
1.6976772066095
1.60468063776142
1.68018852527485
1.65423102911642
1.88763577294884
1.68539290016474
1.78661366779979
1.85970013540703
1.75871314186565
1.83023937710292
1.53839189231038
2.05883378056977
1.64469128249004
2.06884283058072
1.72787328244541
1.97122290299764
1.89456897836699
1.79024263787227
1.78621961164368
1.9280323458174
1.92670580452182
1.71285939128918
1.97974479794748
1.70767881502123
1.71532898852847
2.42337238464442
1.8551966204563
1.59178255717796
2.31427538073752
1.71016181908859
1.95208602197717
1.56331752685752
1.92766686006971
1.8975795641045
1.94579383405829
1.47956165079616
1.76462235562424
1.8247888945176
1.77220818901257
1.53334063438336
1.82979081548663
1.69649579855857
2.08451578463768
2.08445488388052
2.08445633851647
2.0844376444527
2.08445117667441
2.08458252989508
2.08460515365865
2.084613821341
2.08463661176701
2.08440879018295
2.08442994006943
2.08483803084036
2.08467144152804
2.08451337307682
2.08375882856539
2.06777553099007
1.99724040602711
1.88378678379502
2.03836212910077
1.80275595890015
1.75789958386514
1.98169502211878
1.95063934881161
2.27339708426056
1.85855256342684
2.18724024956435
1.97626724315838
1.90320524771286
1.77075396490952
2.03856185451532
1.76415753027191
1.81485956658545
2.15864870156576
1.83085279553837
1.76911823914627
1.84133390021125
1.75101994054822
1.83749822820618
1.72250534726372
1.95907971365722
1.86722735253772
1.99736161407001
2.18473638338485
1.8822907868655
1.6482529128518
1.92865895152103
1.91786110301617
1.96183082935764
1.91921650099944
1.88790622360476
1.90614107923081
1.89351189424203
1.89605878288648
1.89810359208344
1.89513358659654
1.89515853218291
1.89271915956873
1.91619885374608
1.9068216196955
1.95648388949309
1.88176558448686
1.81090198684694
1.7640302410668
1.83647535913818
1.86286938811154
1.90456951495606
2.12373844494511
1.6522347565803
1.64671582106041
1.98309721756178
1.96391884203337
1.96990495741548
1.63790374599468
1.74240454598667
1.75764645988493
1.88868419378403
1.92819168688782
1.95785939796062
2.08784344226786
2.25338397263386
2.08954642751295
1.86515252171628
1.93523007693081
2.1200849671488
2.07958368388375
2.01028453718499
2.41800101058675
1.86855917034717
1.78678275537653
2.31740867989696
2.29349395968185
1.85976644010706
1.86782021159671
1.99646998809073
2.08787282382705
1.94396361844925
1.92272973861768
1.80382191304023
1.91870588425203
1.7866352050385
1.75874582910098
1.65072320922446
1.80833589777869
1.87968455843489
1.70773994876341
1.75018528773141
1.59312912256031
2.00259821944194
1.83212534291286
1.78716860684549
1.85143223154843
1.74660019537459
1.73921293969073
1.89779882850499
1.82983070694174
2.02911664263256
2.07053798962225
1.77983692637429
1.77201231884216
1.7987064503955
1.81978222594379
1.81059079096643
1.85865116722544
1.85686484570943
1.80960098369527
1.80484131887673
1.80804506293495
1.79462878383318
1.77385862610536
1.86569407808353
1.99498041137057
1.92516581514935
1.70507439236905
1.80566284204414
1.88288901955226
1.87617726749148
1.98817711939752
2.02919280367184
1.96331122923813
1.8180280839564
1.86579881450386
1.72012355586131
1.80536964467716
1.92811323632966
1.82664757515016
1.26940748219321
1.73021695856286
1.93991318079448
2.1148370594078
2.0912124025378
1.88503402148536
1.76699856916229
2.09884216002993
2.02673317683
2.00609932699399
1.8807782682042
1.83263497795677
1.81313630204779
1.74226442792184
1.99394986511287
1.68394770436708
1.91553560055978
1.80804987826991
1.8993619714301
1.72766149911951
2.0498605777594
1.83435103973025
1.79940408330728
1.7572726474707
1.76814243978464
1.76659417794731
1.97516601242929
1.87676468716956
1.72054851071033
1.83786773188684
1.96074178419093
1.90111467626529
1.60689372498573
1.90865728985445
1.92892582923871
1.76810444897428
1.72832916459562
1.8543071567793
1.9561030128859
2.10074909635965
2.02532378282923
1.75764535464563
1.55347614795971
1.81228539599925
1.85549966165233
1.91909062445886
1.71088180134761
1.96993668472123
1.84109515952306
1.75529732794829
1.82252809131171
1.98207598121853
1.83648434088012
1.78980033540564
2.31450716133674
1.9937327835177
2.30379947811679
1.944120308291
1.88060568101268
1.89624204114778
1.88254222723718
1.95768429005424
2.03982854658336
1.71768888355724
1.7727447975443
1.81502560598582
1.96950183120542
1.64545672336832
1.99624295129668
1.72124049841268
2.10056612236268
2.05682069219718
1.96866436500818
1.70902531719235
1.92374409689895
2.54695468747387
1.91043856329122
1.87485464044465
1.92333666641837
1.69581588712971
1.90513943904233
2.03754631054545
1.84800039580459
1.84130263860704
1.71478020553847
1.85544503260548
1.75739887652302
1.73372840624076
1.78797253413486
1.83766256803644
1.84652855099585
2.08677323912698
1.76374378354171
1.78406248354668
1.96187300869341
1.83939794702233
1.88978799021097
1.87102457842602
1.75463393731885
1.54442134665034
1.71434011544993
1.88673632840899
1.76859634620819
1.84885062310286
1.88108909240985
1.66948281905235
1.62984124075451
1.70107275697087
1.69636072156549
1.77265541710133
1.67302969792692
2.04890263958559
1.61321566445684
1.57034776753551
1.94662757293109
1.73748287937483
1.80231324933941
2.10813603424708
1.86498298853033
1.73356804846426
1.72438092546619
2.1367103904746
2.1315812341869
1.89677723281805
1.65880735073026
1.86393631847634
1.88274516288621
1.8337425080788
1.84495970624257
1.84574148574982
1.84158741277348
1.86364344777751
1.84782026922198
1.89692313435293
1.79887872538586
1.88532657635777
1.84976123229495
1.86107419536587
1.98160085182095
1.91867160164267
1.46858248668453
1.88333685370864
1.91332381813744
1.80833748451909
2.21942680177228
1.81981090194808
2.00295402792994
2.01344026702675
1.91592079224516
1.85401863405879
1.73646291689322
1.94400161525021
1.67107811359702
1.92843689984379
1.7920542834301
1.86192865089978
1.83999989795367
1.85085485402729
1.95698713996405
1.84269630172271
1.96520335032113
1.96858764962327
1.82374494196496
1.68850053670706
2.10591182634855
1.48343492247692
2.152759882682
1.88649123658166
2.0079177626607
1.82483768329026
1.64286225056422
2.09559431871955
1.98895177198622
1.77211285486723
1.91896186866299
2.09412678015901
1.58735829160581
1.57108188448457
1.58970105121606
1.58882405422165
1.70110596936891
1.76941350670727
2.12175147412673
1.7258395809791
1.93321585196326
1.92623040115261
1.74272653922954
1.9093818402863
1.93037295893366
1.9589342400487
2.01021578112685
2.05255174759959
1.9151579395686
1.92711921609945
1.92519168270933
1.90050455280775
2.0153879552777
1.9664492722382
1.92331841937341
1.71925277018074
1.89561885474879
1.91740126120579
1.74266095943418
1.847495569006
1.97970669864218
1.91987370073655
1.90396277676023
1.96370975998612
1.81127148651793
1.76838935457189
1.78806398951094
1.79365569783637
1.82329791389438
1.78922090368439
1.77841015107994
1.91386866040383
1.7640496669515
1.97888658587114
2.05652690967358
2.12664957950185
2.09392956609484
1.79082106601867
1.8444322435091
1.83213714484041
1.66492894466504
1.81207650317198
1.78004002291945
1.68155255443391
1.94976092930794
2.06424762857097
2.0039707421861
1.97324270914587
1.9806251725906
1.83222913628509
1.98382735678313
1.90266682838677
1.50688915818608
2.45265210772976
2.37567738028542
1.93230954550431
1.99657622959237
2.3978906553845
1.90400979129846
1.87307785110103
1.70817707847552
1.8144352121321
1.9016176543412
1.94711048708683
1.86095603952754
1.82533818126456
1.81304523126052
1.82303630485756
1.88373443300212
1.95751313562062
1.92378741461979
1.90238272362621
1.9283483196881
1.78731304166809
1.92539266175106
1.88771394063288
1.89256586052745
1.9884986957391
1.93509955659677
1.76699567498911
2.18714855431256
1.9416832302511
1.77639804491475
1.86807945972596
1.99081210588274
1.89274667336309
1.91163259488066
1.80031024709676
1.70274127957313
1.91145832952253
2.07137111133788
1.74215432531296
1.95665654401839
1.99910914919731
1.88049322625441
1.88086728975942
1.88250594328061
1.88073677346076
1.88054787001988
1.88535030422094
1.88580487634045
1.88690946668186
1.88172392007176
1.87503626876021
1.90778047601395
1.82054451706329
1.84518014471642
1.7303903610049
1.93164792578424
1.89052329689794
1.86579311846999
1.76398522330789
1.59741163246112
1.94187332160261
1.99513934734224
1.85155821349277
1.97525371467491
2.08012761313653
1.9782809698932
2.05333684133255
2.1281480723524
1.49056899489322
1.46813086834255
1.47959361345697
1.76146574135764
1.92580028089354
2.24013366563359
1.77163839953779
2.08824473627668
1.86826643059585
1.90765962777872
1.59323505325017
1.89158082912589
2.2113367529494
1.82421445560489
1.93720535452191
1.85358573238698
1.83653274516251
1.84633186482743
1.86900209380866
1.88028457571467
1.86342469055315
2.04185080317115
1.90455755123877
1.79958454008059
2.39839002509335
1.79162979345619
1.77912831556818
1.77285291334307
2.05904966874917
1.7505417078507
1.65654004419929
1.90619371555555
1.83649465737504
1.77697451401784
1.82664888428659
1.75377646287313
1.90161654301303
1.8023514395974
1.91415992543525
1.77594757855139
1.60147806285816
1.84415903902567
2.02334829087314
2.10189584749281
1.67975764338553
1.86380112159581
1.55504975071521
1.85706068269663
1.84640179986836
1.69322243223865
1.80499600239486
1.81065512879634
1.90044705803242
1.88284407568067
1.82496155410494
1.84801778024005
2.03180200431622
1.82838074228349
1.99170668587541
1.95403289685631
1.98908349564688
1.99004697962846
1.98541908023701
1.95788712386117
2.02240368244728
2.05953883187519
1.95190943042269
1.81736723865601
1.48353022122004
1.9175666548517
2.08186158384403
1.71641500835145
1.95563811117442
1.91336474202193
1.87420560603509
1.84141632889502
1.84354544637413
2.06341212953469
2.28679824200288
2.04529401299016
1.57021210313665
1.57353114955763
2.13027476861935
2.11659663821137
2.05267853017196
2.09044241305821
1.99079203475757
1.70996969135905
1.96039841731089
1.60057336511374
1.90875880188078
1.83236071245936
1.69823263126788
2.08031075863496
2.26118202551404
1.98424631112546
2.08616172114544
1.79968284383642
1.8668764798416
1.99960015929296
1.83844356700827
2.42806571528742
1.78892274738874
1.91147612065238
1.87344125327006
1.96043776045368
2.0299149370424
1.99224349218877
1.99990037380486
1.95386586455569
1.76080067837733
1.64320972908148
1.79371894193773
1.80409208139529
1.77472844613526
1.58022330400302
1.80671403854274
1.84997240273773
2.17026566227498
1.88824354193541
1.59073168583179
1.76317011025635
1.77460482000534
1.70900471494526
2.01082298357678
2.08958743560303
1.80597807732711
1.98913984531667
1.88836983867737
1.87097735345927
1.87728344624454
1.91037650486608
1.93730558614223
1.86165972867509
1.93298086721718
1.95367657331846
1.9647105254793
1.96223196221246
1.88495738036212
2.40356735623365
1.62745344599072
2.01845331953414
1.84517464588676
1.80036264319816
1.85957317416077
1.67319154768287
1.91969056496644
1.68551842902531
1.86503280650927
2.02478719123176
1.81355627687555
1.72868094625835
1.95572408564521
2.04827054483118
2.08764881217723
1.95902460096894
1.94608592549957
1.96751255436793
1.97735570389194
1.97150787136119
1.97470393741628
1.97094388096466
1.92696682357357
1.9260265101102
1.85463033355956
1.91081013202846
1.8290965833512
1.82847153632376
1.82940930443951
1.81610668502624
1.80064288244013
1.77421426036739
1.77208092370694
1.64380847363714
1.95327193057344
1.9324188194565
1.88213131151625
1.96388939526735
1.96365686664393
1.96008011673374
1.96106217757722
1.96494938333114
1.9536090219138
1.96681690069213
1.94391046780493
1.94020350046552
1.93554616861763
1.96225455310303
1.9489567149933
1.91209734322805
1.93151979829065
1.93311175910824
1.93214257957395
1.91840920318445
1.93646213990688
1.78296455196237
1.8839902318465
2.08494524773489
1.65849643984312
1.87981937911128
1.92638816312751
1.84912994285667
1.81629922772529
2.03793521822324
1.67021563506847
1.78334208520046
1.94223403990643
2.01454542991631
1.79061136100045
1.82095024843322
1.84840435425876
1.85173067838877
1.88445569258595
1.87323622319541
1.88427203577453
1.6983935825193
1.79548028053068
1.58346055852869
1.6397333806915
2.11453161157943
1.94001764747303
1.92315000108867
1.85995062941533
2.07378616116418
1.85834291954436
1.55785331587826
1.71229492759561
1.92705838658644
1.85468626784941
1.9339470457897
1.81741200422884
1.86285546285327
2.06119131537969
1.88267502133401
1.87628323652256
1.9577962138875
1.83910018046985
1.88226685258916
1.90151248708382
1.88896893892525
1.84650648633998
1.79260946528734
1.99345410681844
1.9505703532738
1.6921223863231
2.16160834042638
1.96588992597235
1.67685953724258
1.84958373738047
1.77372041492371
1.9921580353235
1.92578457840817
1.8743824978125
1.8589378024953
1.85803053869134
1.92737340215327
1.64935341837886
1.9298820084757
1.85760212502683
1.86360185429981
1.76999900431207
1.6798481708204
2.02448755928027
1.8631057615767
1.86583190868558
1.87870723356676
1.55515203934569
1.83720459642239
2.083591105107
2.02615847697442
1.73163936162546
1.88206055950262
1.56230363137759
1.86406022899573
1.92968569920574
2.07081001965005
1.71204553432183
1.98286821320503
1.9257117511234
1.81972246497945
1.93653993725051
1.90825575015232
2.0283793467466
1.98187178140728
2.05399025084114
2.02335337080644
1.83460608288326
2.0241178126355
1.94544809366193
1.90999817079633
1.90855544390643
2.0041622465999
2.01877811148195
2.03337855978036
1.91968749192742
1.88891042252563
1.93855979804237
1.97269380739593
1.96002283319433
1.99723404889278
1.89435698095739
2.05935149732198
2.07139342390787
2.07132638799772
2.07133845134763
2.07135853779255
2.07135181372313
2.07138562775213
2.07136781991855
2.07146376880188
2.07142236102391
2.07140969267428
2.07193727740442
2.07256005817176
2.07187060741374
2.07152876611717
2.071474245456
2.07094906009557
2.07172462225794
2.05978740873415
2.06080849485553
2.07884108494418
2.07312588020163
1.74564650001318
1.76469759088694
1.71520393063589
2.0691502935065
1.83469352587105
1.60440072825955
1.63636583784654
2.05421327281366
1.81514871620726
1.49986932262084
1.8281777036032
2.12308172393633
2.09127519366242
1.78293268243421
1.66030520949659
1.84254882454604
2.08011807868577
1.8869626382698
1.65447237983394
1.8909940110977
1.83077377203708
1.84748450193658
2.09520144409233
1.80854156690573
1.96039179887898
1.97129785425982
1.88376025234371
1.94793219683982
2.05302846886809
1.71251334303261
1.97722308283501
1.71878724474167
1.7205898799761
1.80256399640281
1.70369458400509
1.83556242637933
1.68878678323578
1.71044736184788
1.86223057010924
2.35955466669229
1.79143073253212
1.9341384557518
1.75244284938128
1.64855110066133
1.97723969468643
1.81721112231174
1.41514856250794
1.73401146896335
1.82071816248574
1.86772132065634
2.16572430180355
1.98656065452044
1.79669365472644
2.09237785880319
1.85774746377836
1.77938290092392
2.11665812240867
1.68822309118893
1.99106089549554
2.06505023652913
1.88620004099718
1.95578894575028
1.95545534163687
1.91740988723079
1.90537340881127
2.01934066212294
1.89724639876314
1.94236069736159
1.87714971948066
2.03629837411373
1.90730105813913
2.18927291027324
1.72127590016092
1.88790997477899
1.94536200825656
1.82595987234491
2.27525492491649
1.98375812608285
1.89774320243864
1.88215996913203
1.92710107931386
1.84947282772219
1.75112092203739
1.96192928560356
1.74971859207911
1.99794315779618
1.958535671374
2.19209536662432
1.87961274060547
1.90910453092193
1.95130980291565
1.91960690797029
2.14439451230888
1.81193354143444
1.97414016884916
1.96462587452014
1.9754544905065
1.96027657423168
1.96159527510031
1.96133938292649
1.9662120512675
1.96376750215034
1.96153298266534
1.95953762270167
1.96797844212751
1.96012255727225
1.95938259694345
1.9595776074636
1.96000535253464
1.9627555219085
1.96481596837
1.96871410735876
1.96244315902165
1.97522656315147
1.94742274992761
1.88453253646771
1.86745022961662
1.69301675669139
1.84866297247237
1.87513482185632
1.72734607898944
1.90563638163598
1.93766511969769
1.68620162758473
1.64346510662895
1.72259966586
1.90585428719568
1.91750760499024
1.81671683799849
1.85323501269795
1.74949285821204
1.86688330583985
1.86589860302692
1.9337658080683
1.81266787542042
1.91546103346553
1.90129179086102
1.92005821199677
1.9327135798151
1.79800754456639
1.83380466649384
1.95221453606675
2.13802268980294
1.76383133834054
2.17165649534307
2.00776616065422
1.86107541530182
1.8470350644254
1.94494489218871
1.9986880096682
1.94399941118845
1.77419749325481
1.81922187832973
1.89720638484103
1.78615322771039
1.62112905391992
1.95308652768013
1.80518699493495
2.02574142621232
2.01727017379533
1.73405465761811
1.84086653489
1.7461922990843
1.6772246819101
1.84759008686473
1.82204647438918
1.95410010821094
1.93744628291825
1.85267772730305
1.86350726833741
2.19731669446985
2.16929543869229
2.14187576668798
1.88928354583537
1.79537420841459
1.74255862343656
1.74497568895011
1.8846024419232
1.84437640585985
1.84412256504511
1.93703566486319
1.82443342776553
1.74209745003163
1.76305192132085
1.85605678848627
1.84657598258658
1.92853188411973
2.08280242250592
1.63307566114477
2.074997173883
1.93930311022658
1.67639082303585
1.69085583864662
2.12069538978447
1.83832643705751
1.78008099459847
1.73488054559057
1.7737081353342
1.7484891948653
1.82541831254563
1.93326682742853
1.9159538007778
1.77040662333156
2.01055886337819
1.90417933680204
2.08194478030501
1.66253318385451
1.86211826219724
1.96014723893053
1.87830272699307
2.28442771288136
1.69279044316024
1.79932161114128
2.00884825435301
1.91206637866087
1.7698050038424
1.80045337131843
1.9510856566624
1.69613124705526
1.95060976491754
1.89102671862538
1.81238676583936
1.61052025247454
1.93655879226352
1.89984906347021
1.86312707081792
1.82867349782558
1.73434764708879
1.70989974360539
1.82714815640657
1.69973045013888
1.96314453781468
1.86943192687874
2.15236888392035
1.83314371550533
1.80834145352422
1.75178062858544
1.7997259239146
1.81419639309467
1.80475304400607
1.80278359523892
1.81113273950736
1.81219848860022
1.82621243732441
1.83113559631949
1.92179852250086
1.82323523527955
1.84365589766147
1.95864521033598
2.00459119393447
1.93474063444163
1.98733538966949
1.91274218595775
1.8521199240838
1.75124711261559
1.90859630014855
1.85544358745
1.69847179534841
1.74612849485348
1.75537663629005
1.75985490725948
1.84245935683434
1.87049004142913
1.86185906869771
1.76027780576071
1.92570572544084
1.81120625810573
1.87865682778923
1.84084504389325
1.77358089790173
1.94269596211369
1.96336615479563
1.96491248811891
1.91488164824787
1.92390421235775
2.00518570671147
1.80489203020367
1.82552777662344
1.80284952412779
1.67249582740008
1.6838339218972
1.79421850686898
1.89669295081208
1.73058282061533
1.86467302880426
1.75652678098485
1.68756939509322
1.74650991969906
1.53935628779109
1.77509761896992
1.58018465757661
1.82017577569932
2.10881450869374
2.43788116148548
2.13408582458884
1.91576571939224
1.8486468024068
1.7218157357893
1.6007439134401
1.93226938280982
1.72643331228458
1.88441627041145
1.89257440866831
1.84983883766714
1.88232913661674
1.89018689603206
1.8472828693037
1.84131233194749
1.8323067754794
1.87456358287704
1.86701900332451
1.84003744135537
1.89075306699809
1.88188309808568
1.86076450135584
1.85346899456252
1.85009463725607
1.81022304190428
1.89538773865988
1.85061829398791
1.82185982656981
1.90674291082424
1.92464265242173
1.94210913397609
1.90966871733863
1.77580546390097
1.8229182324064
1.90783995345374
2.24207021717753
1.93871981056275
1.72436048901587
1.62497456199561
2.07486712572779
1.9963143231213
1.88527788598826
1.98035490927954
1.65055258086155
1.70869535609978
1.79466420489819
1.88039235019232
1.83719502472203
1.96567293035767
1.99519012165982
1.78718658602188
1.86020425957131
2.09664629290564
1.9967027501604
1.76182167568564
1.88283990883249
1.69375065462275
1.9964082164659
1.95595487894163
1.8760756800865
2.28273770780697
1.94893254486077
1.91077911812692
1.97797396455503
1.66781427077448
1.89324711117898
1.67468696807009
1.60703508420767
2.00240890156245
1.81017973322164
1.60331895623787
1.8919786494278
1.96097210483369
2.07451673253905
1.86571017333538
2.17759313302347
1.75227744714745
1.91813945400598
1.83968480078196
1.98571457750489
1.76251690957251
1.80384392744525
1.65023564837525
1.77124551262063
1.98528817408063
1.72623408393069
1.9215958825915
1.93761735281534
1.68180676914722
1.7378944550037
1.83316538607373
1.82668472334377
1.81702371527309
1.84278359172961
1.84460828298815
1.83468710511478
1.87759510535889
1.87823621908681
1.87768885312539
1.86941490583666
1.87307769713418
1.8728254466576
1.86677873878141
1.8533344606836
1.85717447353253
1.84894994620808
1.87770802118495
1.84754858022756
1.80246876977158
2.03629904539833
1.88952747834896
1.83621289096999
1.91972439686352
1.94144380723048
1.87905280629938
1.69731396602113
2.1101736570202
1.85334725209494
2.05458385301045
1.8108947852527
1.80313896546591
1.87334301880626
1.87854587613091
1.78261594260893
1.844077241694
1.65937672700089
1.89029024952186
1.80581600183189
1.73399424849343
1.83000631006619
2.34965178171711
1.90896636656953
2.08800455558215
1.84419049854032
1.93323446909387
2.43563470485808
1.98889315680956
1.73589137260823
1.82435609503353
2.0650287400022
1.56009640885426
1.64740896792479
1.87823020587048
1.94037747888316
2.07629176996831
2.11809601579493
2.02611495102845
2.0303421118101
1.91678845385735
1.84282044976552
2.49280675781971
1.70540745629736
1.74709434819845
1.78379590660162
1.69225514314653
1.63502991712382
1.72958934429584
1.78637420626573
1.70143066541179
1.82127430807416
1.73815202296199
1.83290873365089
1.89610561537555
1.86408453680456
1.87243969541904
1.82738014593733
1.70765315733929
1.65790416961784
2.19870582478471
1.63073223457076
2.07895033891162
1.79398960309761
1.96432133698477
1.58321714182852
1.98348248562516
1.77806387519067
1.85496039792178
1.8658221362245
1.83991606083578
1.83342400313952
1.76440297984448
1.76984085814473
1.74220219200649
2.03925538750465
1.85583140291866
1.65657428630099
1.89957928723749
1.83803243888313
1.41517738596374
1.94392216352556
1.39472952889681
1.99438985232142
1.97468937464116
1.87573404733334
1.92645990671702
1.83170574798167
1.86396670623917
1.8269858824793
2.10428940563002
2.11788173825954
1.9575816763706
1.83257376915402
1.79636652452918
1.88852127286928
1.85373818267569
1.59862247396003
1.49504381860854
2.13723246884209
1.83557651815476
1.90262507401389
2.07809119664321
1.7742572296024
2.11687704890769
1.79348194154874
1.92913394433359
1.85954395281439
1.69949518280087
1.88097434406085
1.76473443755081
1.66771924377734
1.94481550635278
2.37616449155667
1.8540431820692
1.97965589360543
1.60888098183717
1.84394298167673
1.8608412744595
1.85263720499567
1.68545646249083
1.85339765902143
1.97185052963309
1.94685894886034
2.21711593271792
1.83240084352531
1.79397932843718
1.83637773940305
1.92587063010287
2.04842175646087
1.83905565672485
1.86241748927257
1.86966844736882
1.82995815495965
1.84853582216132
1.88276916629636
1.91654923747336
1.8788488619929
1.86390824869822
1.74233196283388
1.71591412991321
1.9462922623614
1.96247126286573
1.90077792228357
1.73049118663334
1.76136903016901
1.72218385272965
1.76363434727562
1.81158491119784
1.88374058216109
1.89311936484881
1.91965594305889
1.90076424968824
1.91705763684907
1.91102634554604
1.91951485677314
1.90201894632258
1.90182216929103
1.93329004082261
1.91482396693768
1.87770795008695
1.80873572029063
1.80324636846649
1.93233352383584
1.63645018708026
1.84719187576425
1.87976844854176
1.79693599140945
1.84498515710911
1.85292385031418
1.90068243204069
1.93780424340304
1.95948721933913
1.80125445754073
1.89547917237723
1.88810451124569
1.90095922894562
1.77415956481473
1.50169074349344
1.79762023617237
1.80054197867278
1.98087611876822
1.93500617485175
1.9430040308291
2.0581444080442
1.9037579385613
1.91459736954354
2.06081436185045
1.75178783362233
1.89034565800834
1.7702676044869
1.69509015624931
1.92208941550666
1.437138992724
1.83782303680338
1.83840649809451
1.87450357312069
1.75993744312692
2.01607557704627
2.13657797982881
1.80843799087249
2.07986802460556
1.75959565692798
1.45207389174556
1.85253017481482
1.75599587312391
1.61039555959125
1.80056255675835
2.11391779524391
1.63611751830215
1.80478035141788
1.76217431301895
1.60480017094585
1.98140729092534
2.11600180322651
1.9208250150111
1.75936457072767
1.50209720628688
1.91371738571813
1.75569534427744
1.6489400846477
1.87098302792914
1.78787541593787
1.70808395798712
1.77827026144507
1.89682376449214
1.77176568740034
1.79697276090158
1.72008304813699
1.97994436634309
1.70963922624979
1.73103678880317
1.67414005709832
1.52896045612038
1.65457752390318
1.64579291540341
1.7409240812654
1.94414696213799
1.75927332592399
1.76224917516929
1.73912710043147
1.67093175190416
1.93290747780048
1.92731918834764
1.81552994066812
1.80576409873535
1.82727006364029
1.71876714187423
1.76142379351432
2.1462799227891
1.96292688850715
1.97599058304243
1.91863127271772
1.78759260682937
1.8448680731213
1.9079716429509
1.79864830351495
1.77343358095264
1.94282362340624
1.7868085007079
1.88277796695462
2.1374805914487
1.84319953176754
1.69361458958911
1.88472457439793
1.73058049657835
1.63833053726823
1.79232204806995
1.67717338531071
1.99801710806543
1.98867787840934
2.02106313130393
1.71559343244789
1.78502126289809
1.74748497642266
1.77888556292927
1.97781718748964
1.83304571447918
1.88103030876244
1.67990143666389
1.81045672443337
1.87486785994468
1.79108284212702
1.80060524435707
1.96341774170687
1.95164802335361
1.84507576396888
1.90557039388157
1.86222185199503
1.70854835469453
2.06123603649766
2.09662399336855
1.80128700603132
1.91830337041036
1.84100916769823
1.94417930056231
1.85693918926339
1.89041151298254
1.82334536108364
1.66177783114133
1.69507309926876
1.93588035685377
2.00763473647347
2.04846636515136
1.83175503073169
1.69245031192893
1.48947826946301
1.82809827745107
1.9475643076795
2.0593329561029
2.07685132144409
1.93042853461022
1.77860616146336
1.72549836714412
1.97931548511352
1.69798368986425
1.89786689164609
1.85839745837003
1.70304212061592
1.61469099620766
1.87197268307849
1.87465849503743
1.9779706946278
2.10821585694635
1.79861527578388
1.85874801387424
1.72561733158754
1.87332620164022
1.8883738553606
2.01572462438391
1.95645556937275
1.7210024361094
1.49996165142346
1.53489000529339
1.68991412152426
1.83598613277069
1.88055742361295
1.80762467233533
1.67170078868959
1.81612724522736
1.78279308679408
1.61317271476186
1.80964343114228
1.9543759264643
1.88669917292746
1.87931948420554
1.72662251671633
1.71574522157031
1.74721569711557
1.869837607827
1.75218754883789
1.63529819248235
1.79547222318336
1.76098835301822
1.82319937218132
1.84838257574915
1.9705000016216
1.6961790543835
1.55413769681793
1.7227530885337
1.69530514232459
1.9666203655962
1.76676808577014
1.75228830015801
2.32645409659137
1.7816278037044
1.95610560136137
1.71113002183698
1.76831129168448
2.28646261973008
1.67526672499875
1.91350434896379
1.96174782119397
1.80115209486654
1.80917071183899
1.8063209679597
1.75876396194211
1.85213983097689
1.85250694818656
1.97941618507802
1.72309855405345
1.82253979829217
1.82571482368882
1.78526099212492
1.86616830944064
1.85048336193264
1.74951263925005
1.97914379808443
2.03081758338941
1.96452200947747
1.89828620110774
1.91555145417028
1.88028084911333
2.11401768871847
2.1212910654516
2.0149861645459
1.89278989149223
1.81943708639425
1.81492145104084
1.97779045677561
1.91106403554836
1.77768495327323
1.79318522874984
1.81625768791311
1.84847974031346
1.84615315376792
1.78873469059687
1.87222235477669
1.90254569106277
1.66519858247211
1.79623415210458
1.77781349720343
1.69154270091006
1.87724543687887
1.57802577849954
1.77029268531087
1.49638679677038
1.73732240893397
1.73380268675
1.81538892691648
2.15642238721361
1.87581664410633
1.85325518531016
1.82097306633206
1.96637766554071
1.73252551490289
1.72901309915569
1.68193388426829
1.67998710649419
2.02127658082619
1.64438259564025
1.90994041346564
2.05427468580315
1.8790903848386
1.90741183600896
1.96721432679916
2.04948875680203
2.04571178244723
2.05802125136938
2.06304076822513
2.06289701166489
2.09906667018634
2.12242681510302
1.98748988910162
1.94540900430985
1.88719357775474
1.80363318105107
1.84901513703599
1.90733346178749
1.81933667786298
1.80788085026413
1.80466282553231
1.80579707819127
1.86549792455057
1.77823442640761
1.64265826431875
1.73124096795137
1.76098291786377
1.59010547841504
1.72474955291868
1.95710737492784
1.66002549152611
1.87167761218024
1.62028225980975
1.97193337298389
1.81703481550916
2.04242351177985
1.659443644535
1.94383702376403
1.73566251499984
1.82277228123391
1.88332650115012
1.77184824578704
1.85461053455988
2.08042692167221
1.83077795838271
1.79851036455791
1.79425198753529
2.1706547899502
1.90367225495733
1.77254726537105
1.88521125833271
1.90871742563445
1.90183997204409
1.90555994764528
1.89571943907906
1.62948869784465
1.62840549940032
1.90359331084456
2.08458571725838
2.32447866771636
1.79088353831556
1.83813103741851
1.98083986669751
1.68226790378127
2.00597103501461
1.36184390966179
2.05315565545594
2.10064071102589
1.86341236556015
1.81101164676171
1.93855330171429
1.98756043558004
1.7332916530953
1.77029828108362
1.7455836392823
1.5397430086236
1.90352943711061
1.94380680271004
1.75281214753719
1.81724749245289
2.05997988839756
1.75495178418503
1.81663758268151
1.7800585696372
1.94809986452572
1.84466454023125
1.79366449113546
1.87522269680359
1.80093029521941
1.99491458393662
1.84309618041268
1.86221046781309
1.77912199480497
1.7927279014543
1.83413765520942
1.96850050045717
1.76942290926247
1.99232470066179
1.84532781674274
1.737651263163
2.05842785427518
1.96114820099456
2.1855512252847
1.88022950147504
1.98660609173163
1.66288636922745
1.92096032455024
1.98836274303115
1.78263809425698
1.61728847816776
1.65257254268092
1.53726394485775
1.85625813341976
1.96935621180592
1.66942205132837
1.95198808998821
1.60761941597248
2.23420995694884
2.03009664624653
2.06422827057147
1.68949128254016
1.46097082337422
1.87899647715245
2.42488321119974
2.1045284528268
1.864761554497
1.50886367140104
1.86314889253612
1.94196783408067
1.74468540655022
1.72860075796011
1.56583109511042
1.68993014290267
1.99980157856473
2.07422071556112
2.01293535408306
2.01692425822578
2.53402150815685
2.09018795933839
1.94419352735837
2.12799500326516
1.78678379952621
2.08350487044643
2.08349991095714
2.08365184775663
2.08193432196041
2.07582449147624
2.08134216317737
2.0893400967144
2.08835124425566
2.09318550945763
1.96836359926076
2.2663841414085
1.99950894478455
2.05496419753659
1.74506590475391
1.96144292997371
1.93304016097226
1.79287600083543
1.61906998774733
1.73392127906899
1.58209575282488
1.61509702957991
2.15340674722832
2.02292701441871
1.59619498596167
1.75075598349012
2.05231730589552
1.6772006079932
2.03331966478741
1.80336922673406
1.93378042947936
1.95930965105445
1.89870376939385
1.93916360215048
1.93560777906157
1.9710716237753
1.66301108376485
1.70661443598061
1.97049210088769
1.74288276394177
1.98145992990735
1.89964585666217
1.89179339144407
1.91885324155109
1.87613062603266
1.80308201749944
1.7736530010342
1.86730484839786
1.83336217767417
1.32523370081793
2.04249019247825
2.10814202025507
1.97412695732338
1.9965099412853
2.04241026651877
2.03731620916984
1.92471945341897
1.99120363627342
1.92255991000238
1.77099316284152
1.69957828245727
1.80701705221187
1.85890858806305
1.80654519855215
1.82775047586257
1.71063431893385
1.83731457482674
2.00083708365736
2.02240561973807
1.86272046805435
1.82285444168969
1.95189476528563
1.7549094839157
2.05933012642871
1.81150292939392
1.76198830564793
1.81139539668605
1.77596159297694
1.8015542651625
1.7767491871066
1.83081967545633
1.81995154679063
1.5898426924022
1.70227968395495
1.61545501874261
1.87743344211758
1.9073007811496
1.92413769068817
1.86566997306013
1.87116715493209
1.89642453341408
1.96428291690882
1.85280555711029
1.63011238311352
1.77995817364052
1.76071340908681
1.7591066694734
1.75088972145172
1.93334044856452
1.95843371177744
1.82865075966825
1.57495436238271
1.83421906469301
1.75099993411905
1.95849124974209
1.88943474109507
1.69093667331088
1.76643620020869
1.78129784875408
1.80902171411902
1.54796930935292
2.01876617143453
1.94726916009367
1.99080645987853
1.85851288415793
1.84802647166685
1.9462874028383
2.11199847960397
2.19911305470939
1.8072734972594
1.90180732360243
1.9794787626964
1.81380720812422
1.74092517120435
1.90751343499784
1.85577695084032
1.99994964557395
1.68919917683564
1.95348411376895
2.12959546532117
1.91659469570942
1.65073437291629
1.52671044705394
1.74582016500574
1.91551642378146
1.9067135257211
1.91010770881215
1.91525153917127
1.95615600098153
1.74854851957224
1.77436075487352
1.8391893614646
1.83669069503992
1.89448157257452
1.84028281260545
1.92050213986184
1.82459996896566
1.81838819204034
1.68699172881924
2.01588482693309
1.86202219369535
1.89068206831509
1.92113806363307
2.04100565235846
1.88373056109984
1.97118736139949
1.98665284098965
2.04449303146454
1.83940919276656
1.82629456720545
1.95977506196033
1.76456135515037
1.80006724632472
2.02092793693722
1.73043903648437
1.84439605096776
1.85298684557218
1.96748118993553
1.87464231498681
1.57735400337074
1.63099304823319
1.87466356215733
1.86074516465716
1.44858057486099
1.68929344431391
1.87463756303067
1.8161308463401
1.80118985750271
1.90381427883478
1.8536476921749
1.85237986034979
1.90170515087864
1.6428116300751
1.94677985283351
1.53610252281933
1.57515971777659
1.49773285739065
1.90443311882997
1.84267924872337
1.8469200282102
1.76484670620348
1.70687315701895
1.68758709616254
1.92664545310853
1.82538468198913
1.77435054400831
1.75902969719982
1.80749226133923
1.57193563795837
2.10682520123338
1.75297137652132
2.43063797778684
1.95233735055458
1.84847331296645
1.63124605625012
1.79464808490987
1.65261174814499
1.91720708022172
1.89059481022309
1.8731274798073
1.79181886207397
1.87496393876724
1.85493482534484
1.89022716891247
2.02527630426263
1.86057160145573
1.84744759959676
2.13235355807213
1.96528542740809
2.06361082435067
2.02734267120505
1.89690485308405
1.91285199438265
2.01209185975419
2.08044693710876
1.8426875482053
1.85415549395224
1.74672343391615
1.7867804877397
2.07867116106301
1.83491024849616
1.51533709611649
1.86340918689534
1.84735572814321
1.98459795634577
1.59812802206744
1.94022198034313
1.87439139621371
1.73008486242038
1.47540769159136
1.6429539021409
1.71397584344803
1.66707112027157
1.81717701685274
1.74591483363992
1.85488309763573
1.66302328410512
1.64592239267276
1.87605208818711
2.08274060282387
1.84948239664852
1.92037939482369
1.81135980738626
1.80140890232004
1.80807305273556
1.91812642775113
2.33107674677206
1.76392360786248
1.814104276497
1.6688390612587
1.81448645543275
1.59225162801229
1.73683090860235
1.93060063553454
1.92783219440018
1.90943249640133
1.90498830997962
2.00046670325119
1.88046494262876
1.89625038691006
1.81380327759499
1.83793486592789
1.86072390974836
1.66248367571181
1.85170456292442
1.92367764964135
1.91271810112907
1.91536538537902
1.84060379947482
1.65949695074433
1.7624248898262
2.25530812136803
1.7325034005337
1.84378474698218
1.81628441511226
1.86866293542388
1.73505141271303
1.72397210305875
1.64306394883645
1.65596882441561
1.86094262054005
1.6422755875597
1.89120561128554
1.91899611162342
1.79126235975652
1.82286003132872
1.86917584367732
2.08703453570878
1.74046233074227
1.57419597395599
2.04549773879566
2.16948841797544
1.83153340344644
1.88438961662233
1.95144748765854
1.56174912255178
1.61711201787927
2.21920945875903
1.8256903631369
1.78569405062128
1.87618436800741
1.79320449366146
1.88924409050474
1.95169364925276
1.91643890511758
1.87960927091245
1.83962828177911
1.68580597618049
2.06903262113428
1.77588391785203
1.74678394247042
2.08118622125951
1.90113806008934
1.86849652900015
1.86925553212983
1.89488944605626
1.94257322615638
1.98750899286679
2.21882653192781
2.22450501653063
2.00183191163533
1.83125425817649
1.79258172980549
1.92747577751938
2.02597745976801
1.7770848692768
1.53157171988317
1.83365673888375
1.8475326181576
1.99691325698041
2.01173583523562
1.65581845976206
1.76369018353369
1.52562852781132
1.8579475244271
1.86272997561494
1.88972732201154
2.00458164774402
1.88765681619178
1.94650727341731
1.87070803060236
1.69374750379107
1.93368861255652
1.6960382196214
1.9783899342023
1.96188982011317
1.76621497493521
1.92381012071846
2.00768511325649
1.85157809896627
1.96451030106056
1.83846569964418
1.81480781204787
1.78009339251039
2.00079104135437
2.05744866635764
1.79364746264666
2.29817375296991
1.83893580106222
1.87110413513377
1.96644062678227
1.80314803775183
2.03215732731893
1.95614919944638
2.05186813038046
2.0792050907879
2.07152059865827
2.03959462351
2.11553678319768
2.09324498306457
1.97102835228886
1.99576084278522
1.84477024823815
1.894805223552
1.92197151624313
1.92287030440285
1.97028395275019
1.76534415286359
1.8719612780637
1.8500683893137
1.84150996903613
1.80197032645433
1.85545562721685
2.01378325338333
1.91665477215859
2.25576135662552
1.85961877977878
2.17401625033377
1.73626796757342
2.11746107637023
1.83786901119475
1.79731818019856
1.97773589265145
1.93410198202901
1.97959708855862
1.91222000282353
1.91068573498574
1.92654377141578
1.72851519471466
1.59205796936633
1.88569853066134
2.01202866013209
1.94318565720681
2.12247971905937
1.98694211976474
1.74961746127803
1.8789083776264
1.87013965290469
1.44423793975681
1.74340051104316
1.87814767127677
1.8684008216466
1.7928775216017
1.85691922780747
1.96012680398152
1.93698920835921
2.15244806167462
1.80563560314994
1.77888705793425
1.99435370025411
2.04123513072379
1.89372152388066
1.96057480140797
1.71631167354776
1.87450602060557
1.71243331069888
1.90670371929949
1.82370646476541
1.91305888066103
1.86824257134118
1.67021997818905
2.09229042654309
2.13210161520459
1.85502474779119
1.79622529102862
1.7249467946143
1.76148296561102
1.92508610930471
1.83730223818374
1.78942957122551
1.92686741843523
1.91331301737819
1.95587764724452
1.95111058217293
2.16056565410659
1.97485658732869
1.82625490475422
1.96635953382319
2.00997123866869
1.9031520947288
2.24076325119232
1.53320551837239
1.68779981949176
1.86876904440333
1.73275818680079
1.62726188635373
1.93823568945561
1.78096387492295
1.9172319102217
1.69728295692757
1.97521883077504
1.79380140102637
2.05852189387278
1.77156945985968
1.86049305075647
1.87667922950492
1.61812092119296
1.52990705412901
2.05694531281694
1.97413372923555
1.97874465317461
1.95070771438817
1.89737821346697
1.58247161817559
1.79457261336915
1.83347731001995
1.90853077859476
1.50752887400433
1.89414397423665
1.97490628371515
1.84001691343977
1.8128390675822
1.7633755304387
1.62444444083023
1.75232954837884
2.12036736080487
2.12179162666118
2.01065546345556
1.71240316105826
1.59052921661791
1.96176841953201
