1.84036192092144
1.7997946462685
2.1396846001252
1.96993742169116
1.81880751987448
1.79683887678723
1.95272683787749
1.93424851207382
1.96567895833401
1.87913654274269
1.82537812004264
1.8678805307089
1.88833306547419
1.90488399964831
1.43262241443291
1.67893225877449
1.70224151960913
1.88775781427035
1.88212683834191
1.81034203075278
2.07549660153735
1.97810121956043
2.17170441502389
1.82535608938871
2.0489754381556
2.01639613420763
1.86073886381545
1.71072918889584
1.80490636272735
1.68044348815278
1.51059099960869
1.89054793427626
1.97135599080632
1.88822015266287
1.85047470207438
1.79340654267545
1.75400380611575
1.65627712766227
1.30019637229016
1.70350262129523
1.99391340166118
2.29755785393935
1.86229500991115
1.7587932296555
1.60160483852468
1.67980369997439
2.11794680270702
1.67011266693071
0.214900813624263
1.84036192092144
1.7997946462685
2.1396846001252
1.96993742169116
1.81880751987448
1.79683887678723
1.95272683787749
1.93424851207382
1.96567895833401
1.87913654274269
1.82537812004264
1.8678805307089
1.88833306547419
1.90488399964831
1.43262241443291
1.67893225877449
1.70224151960913
1.88775781427035
1.88212683834191
1.81034203075278
2.07549660153735
1.97810121956043
2.17170441502389
1.82535608938871
2.0489754381556
2.01639613420763
1.86073886381545
1.71072918889584
1.80490636272735
1.68044348815278
1.51059099960869
1.89054793427626
1.97135599080632
1.88822015266287
1.85047470207438
1.79340654267545
1.75400380611575
1.65627712766227
1.30019637229016
1.70350262129523
1.99391340166118
2.29755785393935
1.86229500991115
1.7587932296555
1.60160483852468
1.67980369997439
2.11794680270702
1.67011266693071
1.66268730677988
1.57616136704036
1.54746255676094
1.79934258696446
1.72718659504893
1.55245599374168
1.89066895915439
1.55158124595511
1.61621566285308
1.52951907639308
1.83213831494892
1.83709255786981
1.83612206951429
1.71548158950901
1.83038004878801
1.95872285878226
1.91886800684043
1.47474598662429
1.50449810268445
1.91192170238731
1.7119324080318
1.72378714769715
1.64585066933305
1.68537010818153
1.51600313751772
1.75612286707926
1.80766018825465
1.69662192310597
1.88238138952887
1.94870593136597
1.36303202970095
1.70464498085868
1.98085121766606
1.80434997389251
1.8199430576909
1.79475175651026
1.96866036401555
2.08451704867082
2.0844880923347
2.08445146817373
2.08444928542918
2.08446041359408
2.08441972189728
2.08452401549589
2.08467342958233
2.08469440740373
2.08435902257195
2.08444687681052
2.08450466437042
2.08441683711186
2.0844953104378
2.08180546403125
2.04590073685004
2.04826135539623
1.869832327384
1.7954924116322
1.76930221329388
1.69322037527195
1.99844148047974
1.75960803021301
1.91700139426685
1.85107909692584
2.13277394004314
1.81329069031853
1.73771128232045
2.09303324120538
1.46637384489673
1.82933526211044
1.68209321530072
2.07157456570404
1.82240341399455
1.86499926080293
1.8719552621908
1.57560466640308
1.38438966956119
1.68104039969281
1.98550519431066
1.46034339413423
1.61538635916424
1.71652281661863
1.8453503026095
1.86014917062471
1.94983610380692
1.95437297629361
1.86504380641047
1.86334696498612
1.89483982900713
1.88956715021327
1.89820324018796
1.89788858055664
1.90038841057551
1.89904899373244
1.89433706512524
1.89998627714129
1.91374804914602
1.91666709937383
1.89933061171938
1.86597737821206
1.86673791530596
1.79707157528424
1.6837764184564
1.65082353463962
1.96612421252424
1.80896096930681
1.52084682786497
1.69177255659321
1.96303483282892
1.66031417964431
2.00096312577145
1.77036967561028
1.73145453321731
2.00948386346957
1.9369103292995
1.85697350036647
1.90025883757155
2.0570438792379
1.90154021607739
1.67270367342122
1.93394755995511
2.00148779312219
2.34868393136323
2.00180637611905
1.87955228311497
1.73274228800551
1.80737949333267
1.79271214743065
1.91497247512317
1.49310561281366
1.78695484403063
1.93108905332489
1.92981520882492
2.05331866396723
1.88650974487659
1.93854726121922
1.83227133022809
1.92438397116631
1.82398552681724
1.78833691569261
1.82025455288283
1.85331968083552
1.71130117424543
1.90931375024116
1.58516548173304
1.72948635697304
1.67979119003599
1.84594292140483
1.80786431368698
1.85395318747552
1.81676659919329
1.7572303629233
1.88090718177612
1.82171092493297
1.85312644565663
1.70883665412501
1.76328731533794
1.73298886509754
1.79402308270869
1.8265652881865
1.82338372802365
1.84090760855407
1.85434592754136
1.80132781765501
1.81716554173309
1.81945583473949
1.79288498781959
1.79725274069472
1.65784367224941
1.93611340522952
1.78015820090812
1.77693572426699
1.62104832150807
1.71826316353653
1.86694036517874
1.9298581675371
1.92365179106388
1.92804645665344
1.71095740596493
1.77120880696926
1.77596749781619
2.04751696705046
1.74520700531601
1.85414181036535
1.64864834556013
1.78949663957488
1.85036244841462
1.89936506385908
1.77669082725258
1.85533979824416
1.79219252187921
1.92626364593495
1.86932410694461
1.95689949202126
1.87356333981208
1.85149904436375
1.96554587787594
2.18776394409265
2.02151580543414
1.50045689022869
1.83008431154136
1.86223083813433
1.6741380467777
1.65937629875576
1.52649056374563
1.72620083036763
1.79970204165407
1.82115795336834
1.62405181713874
1.7620421804956
1.93569263836377
1.94094311620304
1.67096619934102
1.87804895210455
1.86277028325957
1.83075827781556
1.71083818139907
1.9064039147688
1.83427312965273
1.63037670258414
1.82653352373955
1.90083491924937
1.76788364110498
2.00756169032277
1.91770770564575
1.79673601969534
2.03571884011011
1.93325904021325
1.71668936541294
1.18496632019838
1.65590335035832
2.02489786129648
1.77650882672956
1.97844152979828
1.78651626364387
1.73557891663038
1.79100013472056
1.78791232224463
2.10035221246104
1.73201603029794
1.6189608828038
1.85249769016997
1.84747495035997
1.87730556015628
1.8855269959007
1.90911366726062
1.78045054813834
1.98124430676405
1.90520325491588
1.70804624253613
1.82027702886703
1.92072428913549
1.87459411206868
1.5321611759198
1.42516875015803
1.55485601796305
1.77952323339357
2.02491673063617
1.83395930046722
1.69516448203137
1.82822909338328
1.78421108888721
1.87346956113936
1.75138966439964
1.57490797800745
1.7592752921625
1.87754335819175
1.83862828340073
1.7598124815942
2.02046185316429
1.79678027764583
1.80315486675161
1.8661123655009
1.82172668727236
1.97262302648412
1.80738102523214
1.82065488034204
1.81463231619701
1.90628022913884
1.82702836233341
1.90990674418098
1.76316419285085
1.84832905888533
2.19274805847673
2.09568927015499
1.83245999385939
1.85533418562928
1.80417353157488
1.52290191520081
1.79397958445924
1.98076605314155
1.74792293581214
1.81504710159198
1.79402787513393
1.894125905623
1.81883029048981
1.81719328911697
1.80559412150524
1.85388024317039
1.67772949921076
1.75582978781063
1.74927403674769
1.85983321433655
2.17182842742003
1.93856507142984
2.25374346898541
1.6469529936707
1.93269990250831
1.77189280864296
1.85430616949865
1.91840076923717
1.82864202228364
1.84726331760183
1.87735450870357
1.81907969758358
1.86213673470422
1.86750779266972
1.85521729155498
1.86924532384074
1.76127161828627
1.83594249662048
1.72871445431433
1.68826943003617
1.48235097073967
1.75800889851139
1.59859824930968
1.75466323134896
2.11409790428221
1.64805571796186
1.89786678467089
1.94137908613174
2.00269655586926
1.92542907383842
1.56511586093997
1.61167806073034
1.59912577098788
1.69126721765772
2.02903038466767
1.88393432887884
1.81026231788703
1.81491042166525
1.84366698994682
1.97695120076493
1.68483580593685
1.68535295076417
1.5206085059956
1.64277214823463
1.62168616830076
1.89103437963637
1.4703225376885
1.99211654603103
1.56984720753279
1.65293288637129
2.27311046463591
1.56785260064968
1.85548517012497
1.52178536387278
1.87458536716395
1.79581720443787
1.96867371467362
1.89888800337001
1.73406832224614
1.60024806343423
1.88481396474027
1.80664259126501
1.67009288174371
1.76594911989677
1.79807097828806
1.78102694502248
1.58180753766107
1.86252509105584
2.2414750540769
2.00421478945833
1.94856908286825
1.37924292213955
2.00674773111862
1.86734137337897
1.9355974447921
1.87244572617616
1.89859825230638
1.89473251288927
1.95435634059746
1.88040034830894
1.88988550333576
1.94291125712769
1.87926571238879
1.86331459527202
2.12990104418507
1.91863421735801
1.8169540794757
1.91856712975758
1.6367614033055
1.64965477896883
1.74800615027999
1.79014768423227
1.80776763090743
1.75019225283567
1.83944908619395
1.74627649709404
1.82517062641749
1.79078946162445
2.0485051081335
2.02124294935442
2.09822221762784
2.14296807689095
1.73139550269494
1.78686280825656
1.93342091739166
1.77750706738661
1.95402104892975
1.63889987838675
1.97025774027297
1.82191543319414
2.01874693511701
2.03203438080872
1.99314104262751
1.96059886866728
1.6579130172607
1.88512740002659
1.73153095167409
1.73108212482644
1.92425700032413
1.9439172336955
1.63383894245982
1.74703301229256
1.68281959449124
1.76316589990692
1.73062581579752
1.62395667984012
1.63134697506433
1.96754424690132
2.11379464044155
1.85649062136053
1.79302351985053
1.8175247013652
1.80176196952958
1.87010603096326
1.85187128775925
1.85712025933349
1.92859457039218
1.84343270685888
1.77252516664221
1.77136675658167
1.91748901248312
1.9195686587416
1.85179685796147
1.94109456140567
1.95380078555958
2.14306442970805
1.44916418943548
1.74499230534874
1.7188112818122
1.94851177555475
1.79877977102237
1.93943123326908
1.73977300382585
1.64854068063938
1.86907857397829
1.94335329656426
1.55287450999392
1.84522664844273
1.70422191807581
1.88062414457382
1.88055156108555
1.88187757152233
1.88109174664129
1.8811699330043
1.88515327966704
1.87961107773652
1.8812243269072
1.88055721083065
1.87968547161859
1.89820718551818
1.9146435677492
1.73671766543193
1.87891478792261
1.76204633763589
1.90254983083682
1.80666777432568
1.72678496023731
1.60887438913009
1.98723354673801
2.14462722226377
1.5124502230973
1.90476001794134
1.86634623868836
1.76342036079624
2.09338452848586
1.46301010661075
1.92177595049769
2.1692246032527
1.59127263380348
1.78198600382674
1.59100451762796
2.43444977689988
1.77489905741491
1.94922008434044
2.12947229949577
1.99861968625671
1.87197861818102
1.92672234965266
2.06304434443743
1.89789144681899
1.95218566527968
1.67473452854865
1.89614217834955
1.82407306536306
1.83375805639046
1.84876013366455
1.86053149890235
1.79244933767524
2.4295250934132
1.93021903019405
2.46154861676292
1.98348345027705
1.76788662502853
1.79653014269181
2.20201795833602
1.93297108355222
1.77093733997798
1.88054962210197
1.90496136898122
1.80839244899948
1.82722394801051
1.81854004681948
1.8712266928144
2.03240767953067
1.91589371082306
1.85816161366224
1.65016018247338
1.57608545568793
1.84276398041609
1.6436431545271
1.79260346680136
1.47290709255776
1.68897317648227
1.79618563548527
1.94601974070081
1.96515840585997
1.83428040832055
1.79986064130085
1.81805065671986
1.69740725350757
1.83273355780173
2.03128385172768
2.05001095315735
1.9066124335143
1.96513788247393
1.96043161614693
1.98024285233571
1.98118094413757
2.04685699261631
1.92096715961061
1.95756887728319
2.03886768498328
1.6978170342829
1.78016534672064
1.55578983630609
1.85511208862369
2.13356730294049
1.84325334496734
1.92959107370664
1.66729404712881
1.88109827900353
1.77122159690415
2.0657621199687
1.79795822006502
1.96860162872131
1.88784016174311
1.50719427691776
1.66011503058124
1.92501775656649
1.46130981022771
2.37871222896355
1.63081507129645
1.91769608571529
1.87770657361237
1.47852963139791
1.48114343482704
1.83450510731741
1.98620681739675
1.88628173900929
1.93115671954936
2.16066230916564
1.72026954603061
1.75207530744323
1.93745708518485
1.67614606922665
1.6840137106763
2.03484976471473
1.59391362958717
2.01236947981167
1.87380131247305
1.94624952684644
1.54913648966366
1.76373752254507
1.90998863419023
1.97646917629513
1.54210614467341
1.94201460177388
1.73288567866377
1.65138992986919
1.5417533853604
1.58237232601339
1.64903323325309
1.8023207610077
1.90190789942678
1.51522905013162
1.75229425008795
1.92368736719407
1.8117920944363
1.81825344646983
1.6989417276011
1.88649261966308
1.75616462663583
1.76184260796457
2.06989196007025
1.93520244032084
1.8550593851205
1.90561561748825
1.9246491371485
1.93501208594105
1.93994786676751
1.87696232123508
1.90205985620465
2.04479152985242
1.94745731294413
1.97409768275602
1.71264391061654
1.57044845232147
1.70486312222848
1.64522003895146
1.76245977871581
1.87877217206336
2.14804376355386
1.80217022712172
1.89772108486426
1.85231594245648
2.13227918865586
2.00936225755774
1.83250333142781
2.02747945122754
1.95216425856785
2.0609079158495
2.02960010029035
1.96357622772539
1.9654538172306
1.97420396354393
1.97231759304679
1.9750880701288
1.97015537824098
1.95679643508705
1.90166501944705
1.87615829628014
1.85439307030285
1.82426332047334
1.82978816595599
1.83517118640866
1.8224967389239
1.80962717211232
1.83489187330928
1.75169355576977
1.61962900033233
1.93369015256921
1.68852404111734
1.88112664103019
1.88534805396694
1.94397938758701
1.91175944381744
1.95085630716941
1.95231071325512
1.95529163934173
1.91535648165314
1.95085472535119
1.94285279045999
1.93794167893238
1.95836362592399
1.94092193114778
1.92085774957175
1.94172964408069
1.93113028592851
1.92728830379724
1.90812562839202
1.95228765485898
1.60173548329711
1.75648949651106
1.83542285133565
1.90565041591557
1.8451831317233
1.95641155314918
1.74837695612244
1.78153273424192
2.08370976624835
2.15494275627646
1.87315905186964
1.9742426116028
1.88333810204036
1.8043574201811
1.84031115311391
1.86753075411607
1.87632091652775
1.86609398543187
1.8754688945502
1.86411794520123
1.63794540733792
1.48490786483813
1.73991868259297
1.73598481832406
1.5418059771387
1.88015455789606
1.98825352901388
2.10107672189276
1.63653448170625
1.61966021807175
1.49134702402802
1.78614259320011
1.92642497029024
1.85293252648146
1.99602551971306
1.97004914716862
1.80999838636387
1.55046775013513
1.78081713386634
1.86816694183201
1.89584697859109
1.76477926713303
1.88198459160573
1.93247001767826
1.79376399889068
1.65238556212975
1.75050240082039
1.5535477312379
1.97869006106881
1.94339654926803
2.17540865605232
1.94057386821153
1.79210150280221
1.80815657353588
1.63692909389375
1.96424936547753
1.8311692552325
1.86969816874953
1.84764578316584
1.85605339230978
1.87305927127394
1.79886417602234
1.61621289130351
2.02521384229415
1.66988027356617
1.69321371422529
1.62404067329232
1.71911577024607
1.78172607296372
1.76953972274704
1.7630579444424
1.34489421008271
2.01217197374321
1.96711482354106
1.68504417811381
1.72955977424615
1.87339912087524
1.7517116938026
1.85637750630962
1.71812775881201
2.03401994527273
1.82595439191106
1.65310918959833
2.04324421626146
2.09061449374091
1.78536827731876
1.9550751802703
1.98077269484695
1.98245829223208
2.01546225941736
2.06398212357882
1.80851980568474
2.03667962531676
1.94863020554566
1.92759089723661
1.94424758759174
2.00478062930952
2.02143609908765
2.08214628358668
1.89798669875145
1.87355874297691
1.90767064235653
1.96251736519325
1.9326912810701
1.95496770081392
1.87661090626924
1.96378450496915
2.07138808787161
2.07132143897904
2.07133239712877
2.07136688512547
2.07132411073108
2.07134651509671
2.07138387625523
2.07146214293033
2.07146140151224
2.07158321287371
2.0719364564089
2.07242489439837
2.07191152707077
2.07160552171613
2.0714354274781
2.07061809929546
2.07106572807591
2.07001063468912
2.06240464749913
2.08722959342172
2.02514185743561
1.79702602539794
1.96315015693012
1.7631113874651
1.71157918159033
1.78497767034332
1.64877148656029
1.80125793316738
1.86685346109276
1.75839669669489
1.93610325541728
1.48124104071744
1.57094553184886
1.50020992314219
1.86535074741459
1.86314723056924
1.57239094106167
1.86717941564993
1.56622797434598
1.53413880225282
1.58530322133434
1.96412991192888
1.80455330520662
1.87766760799596
1.78582011171051
1.6173797976353
1.81161245597988
1.83190476845287
1.85998385355361
1.98371465969495
1.25872576241003
1.5529882453952
1.93265403153265
1.92813470708521
1.78639479098211
1.72017510722007
1.83299250410299
1.72776836196159
1.60964252716512
1.6394502101031
1.9643415718716
1.61331815994354
2.01535886692523
1.88118182442517
1.79587968086894
1.79548926207286
1.8903223042455
2.32550616689074
1.65127512497005
2.0598105407631
1.93624392589134
2.0120742359717
1.77695429967527
1.8331012389412
1.81312842733866
2.07268165659196
1.68561747220238
1.62070546842304
1.65604090087887
2.0476745214408
1.43344615349291
1.59091834010105
1.94263674669482
1.5075410438878
1.69543556501866
1.94198397806079
1.81470208323387
1.9265015180193
1.96133858474237
1.82668661696287
1.89250659680876
1.8979891186093
1.67290619766433
1.9658988084253
1.894222133973
1.91704217859361
1.91655873607398
1.88722653711636
1.90772365601787
1.98845705304789
1.79325961385218
1.56770088380682
1.78897118419404
1.66617814767072
1.94146132767781
1.65465660981422
2.12888736209862
1.5937136115924
2.17780942196205
1.84003217780324
1.89650678019827
1.74051029256603
1.96188070829933
1.86497721115984
1.6896228284609
1.93844181199583
1.96140282520091
1.95724328866445
1.95748705731548
1.96259899027673
1.96219402117676
1.96787383744976
1.96345194078667
1.96484486909718
1.96086255762978
1.9608499106884
1.96376360747293
1.96109811265966
1.95552514818792
1.96019896236915
1.95912874540855
1.96092478324862
1.97089152861323
1.97072131993324
1.96563158208155
1.95079115983498
1.75491295342309
1.88361197878668
1.92386458108565
1.90595025384667
1.98411703716437
1.66738507348323
1.81758450659508
1.8989404289538
1.52422714583742
1.60664780513636
1.69784631263754
1.88975180992085
1.88921215414813
1.81228825207722
1.84439652004898
1.73224443248255
1.75354336335166
1.90062427516966
1.90921229548335
1.89776837022609
1.91527075573222
1.93335535969511
1.93822854965416
1.89029123215201
1.81010732523662
1.74128784501955
1.98967199613803
1.67986515348058
1.27289019042095
1.9443661923159
1.71340480446132
1.95063554392242
1.7955222702853
1.91468624746996
1.89296280726494
1.83796001722098
1.95405796582001
1.92027632153029
1.75692756000557
1.84353798786608
1.96525493809645
1.8770531951028
1.8119756399335
1.66902419287575
1.7637512066336
1.74757635443715
1.74223412963139
1.88903789492382
1.65636698829822
1.74601249693696
1.94652709006753
1.34323565802516
1.79202751895237
1.84918054184942
2.04794042765607
1.81684492397231
1.88116124474779
1.95087810348792
1.92651656003991
1.94821271880305
1.89571693292714
1.76385192618015
1.76999638708249
1.93634216497297
1.87951633986576
1.87388326887184
1.85799338635914
2.24740072562597
2.1169563316244
1.45500626473741
1.76921830964676
1.64197420985895
1.75255013509138
1.91213245060355
1.96965615638661
2.023153797142
1.79864852167666
1.61859284192051
1.86474597115447
1.78098954971824
1.75639640973668
1.7284043226551
1.76806882714045
1.73287163750137
1.81190684465729
1.87697802123896
1.83702695644755
1.77033675196481
2.16991721076422
1.8602942112006
1.69507550493084
1.78590123545522
1.91195135578222
1.66834843589001
1.4074541350999
1.8397814279232
1.56535005249212
1.77564846385167
1.67646304016008
1.72233975255543
1.59642420948632
1.94966256276461
1.92828611380033
1.68614609152558
1.40280120001407
1.60145824586226
1.79322294031927
1.76140116151552
1.9090524598427
1.78194017254333
1.8048802477854
1.52069159294009
1.89116302871826
1.83817875841477
1.79398677282319
1.80316464911195
1.75770636580879
1.60044134883463
1.65017861012203
1.74859683423747
1.89549947555172
1.87614996347189
1.82700433607774
1.8180653194616
1.8046901745195
1.80752341339683
1.80920930896493
1.81681785059103
1.8314040566198
1.83348253740572
2.17197222854696
1.79955789158152
1.86067772908183
1.90425261080391
1.94247036781761
1.94896633354604
1.93828031409052
1.96022397640172
1.80837224424233
1.77236714487675
1.77150054180219
1.85346409002122
1.42580899221554
1.86765752217343
1.82695111141671
1.80993759007975
1.81402828348542
1.78764492758517
1.79014808658273
1.78324660733291
2.0294124522129
1.64539842985261
1.81082864198877
1.8174761149556
2.14466754390605
1.95186662719703
1.92965528278672
1.96052189290846
1.75391465347007
1.79762851208067
1.88537311115875
1.74040726312107
1.69846211522912
1.84860676009934
1.33932087718664
1.57644002133984
1.55481794648631
1.85490399842868
1.54504028810894
2.0263001817041
1.74722123727246
1.70755227638266
1.80181713946203
1.55501376140339
1.95676115501529
1.98328841814449
1.48744483544083
1.57247970391022
2.14100016561072
1.78616947776488
1.59416308527623
1.83959367232339
1.51683227250338
2.12999231193229
1.86329617422783
1.87747867459083
1.918658602387
1.81694602119209
1.86203271818529
1.91707965924786
1.89405064845413
1.78852020877685
1.78224098965994
1.8246694455894
1.8296572324598
1.81710826022565
1.85697020268885
1.88196000260793
1.87311641392688
1.87459909205909
1.85029194043697
1.83349607851643
1.80003761395686
1.86788943888186
1.89348244316312
1.82646478583981
1.81899414544385
1.94306362524982
1.98173844413754
1.89258303818697
1.82994303678901
1.79423477437813
1.89667701160524
1.90148391735519
1.74547009297647
1.56327340749123
1.93374961331093
1.85799467170263
1.79887771935245
1.75290132497568
2.07847945891836
1.7372585768904
1.73368620221431
1.85533069935003
1.92765514069244
1.90686996676301
1.86954316394736
1.73212555509552
2.00988032706681
1.88369882083219
2.13082074283524
1.93825568122185
1.85219205287609
1.84213974860945
1.82007859636006
1.68147593252065
1.69052132577098
1.8636869236881
2.0656679241695
2.02780186889655
2.01939087034198
1.94273552979518
1.4593574386264
1.74216711095853
1.74456413868695
1.56057288424319
1.89383104649949
1.90680081041537
2.08627517395997
2.0716717832137
1.8323661315109
1.67140920158565
1.85076220254368
2.1078869601817
1.63804610638906
1.90371441471035
1.72000907859145
1.96245320343237
1.73667085213549
1.17054101356687
1.61483322444142
1.73448917511705
1.70160342961581
1.89200786755091
1.87165406648453
2.14888668329971
2.10871146440548
1.67184325145139
1.84966655737473
1.83376972967345
1.8459807989999
1.85107808020236
1.83675931295989
1.86180343531044
1.8804169486174
1.8772575868663
1.8770347773034
1.86975851555533
1.86320693560974
1.87109167561902
1.86954169325092
1.83864975404888
1.85961798758386
1.84397283987029
1.86988637277654
1.88194197312658
1.87447355740426
1.99441332499999
1.89346033939573
1.87321361930659
1.83239107595936
1.71876338580111
1.96537702202792
1.82979797631066
2.23382128185623
1.91260743122785
1.70704848541431
1.86809426761213
1.74929325729812
1.96156279260529
1.67940833730729
2.06391395373966
1.82950448420054
2.02062916000738
1.97438329291379
1.80131107158521
1.74428359007429
1.63662536856172
2.15993817056655
1.78126646915228
1.83187991735434
1.85728560478429
1.90521536646714
1.93783471337395
1.92848549146641
1.59320460498771
1.53448922931614
1.7752282402311
1.77547478854795
1.90257768242881
1.92973209587314
1.43043085500145
2.17922630609877
1.92945748655902
2.01187078103486
2.01116304431716
1.86462516162376
1.96216046408427
2.20073185128117
2.2492539526185
2.12903794863843
1.94208883420933
1.33531151872491
1.9839082900914
1.85711880470154
1.55736214833844
1.5763490512819
1.86022027875895
1.70596318341106
1.78874894526108
1.75905847951876
1.87936938331879
1.85648459167638
1.68158283864466
1.99775067542063
1.72856640900887
1.55626581401186
1.63330697855248
1.80679808130401
1.84616159438276
1.65125142562037
1.97502414549269
1.48632475267602
1.83430048681478
1.80846843408045
1.86104008464769
1.72939153433721
1.68503309741095
1.78443600152502
1.7370054772558
1.689491031834
2.3380824967253
1.61485155338149
1.43771801403225
1.72433297560726
1.80913494684385
1.57298919523177
1.75979652541907
1.91019782613955
2.01020927529764
2.04175500826508
1.87860039321543
1.84453947198278
1.72708797548789
1.67761547664369
1.82221913137941
1.9812676120679
2.16961757066573
1.76613660825298
1.80100202420973
1.82852397410703
1.96458865088183
1.89693843842732
1.67062390476562
1.83863917635992
1.58531990309086
1.85328451026366
1.89731758467095
1.74582556930979
1.71096035503789
1.71127929654669
1.76606423849962
1.88170416342936
1.90984693694447
1.76864232538533
1.87250731994889
1.72143051751533
1.82755863740627
1.8415923549446
1.79723552527609
1.8077642939995
1.85661894713168
1.73510431663915
1.79559569063023
1.75377021096167
1.84928592677941
1.67346526226636
1.92651802603554
2.01762124879141
1.70678227840562
2.75242078788244
2.03930547795611
1.93729301282786
1.90203136338235
1.67578030241968
1.74983285943151
1.90723544133547
1.95336892504158
1.87977838227911
1.87060474418267
1.9047520735612
1.83938310309384
1.86700134480157
1.77789450702898
1.87741931372356
1.65991536130387
1.84455841705755
1.98717514284867
1.4861383306487
1.59384205588563
1.6371007782459
1.95534600488735
1.76393167109327
1.77463133433865
1.8140349709532
1.88673670047897
1.89069432111636
1.89704360565299
1.90085320254856
1.91109168096334
1.92937883174405
1.91356279666906
1.93042362900907
1.92165771298901
1.93777627657267
1.8283723826078
1.9887802050412
1.94031961638923
2.034025129939
1.68196566938397
1.40639536504137
1.74758830282662
1.79079731400341
1.6706260169692
1.84726869025299
1.83803937213324
1.88779108676201
1.63171306576643
1.85172199553197
1.80879145670651
1.98511900986642
1.77615892363317
1.84331613436604
1.80081951555788
1.72716439684646
1.62018568008823
1.76076292600348
2.00258638223765
1.95046146164514
1.93765499854355
1.51759230103973
1.90979826477902
1.91563461920551
2.06556172041015
1.83547100313214
1.85717240833405
1.70229010413791
1.67901644786617
1.79999299658701
1.51217803006651
1.78014461076247
1.83922932118651
1.60425856345155
1.50529211171732
1.62183798185364
1.76963372270571
1.72663081020861
1.70682059569006
1.82054909139016
1.99130366779182
1.84220719763378
1.59968360588887
1.68514941307098
1.99215303292727
1.84202452956731
1.7024562823536
1.74861948979624
1.86795318463546
1.73233652524042
1.37948566241251
2.15656904978562
2.15885158857999
1.62708528570825
1.98803581838924
1.53854741056713
1.5690197380433
1.6220795564362
1.87648751115494
1.59116669083474
1.52795106168461
1.70142050929994
1.99694722842029
1.79364973486795
1.77186486057851
1.81291414753639
1.8665140874859
1.763853348933
1.7156981381018
1.65597148687593
1.56202266011474
2.02456420625873
1.74449057066548
1.79076349991781
1.50066751956971
1.67804543743361
1.73818029889898
1.50185637909534
1.89507913658522
1.95967456075663
1.80631658796313
1.83684260453933
1.80676817703097
1.84152609890147
1.82847522208997
1.71413702222153
1.83284507648616
1.7822630224854
1.7600254711014
2.11653842603906
1.86718486346717
1.78246557647664
1.74759500191169
1.83030114692487
1.76740478334174
1.92861386079699
1.62304297827186
1.80985900116801
1.80520802889461
1.45572243044498
1.85364365904728
1.81125057876696
1.94252798985917
1.64857990513987
2.08796044448382
1.87931143760851
1.93982215383926
2.10223745548558
2.12907530220137
1.73109909702728
1.77744473290097
1.82706710712122
1.90024305412014
1.83441929238666
1.8498861144805
1.8107089443907
1.6445867198966
2.19551206966512
1.96851155455302
1.77215595984954
1.62211538776721
1.97992726941578
1.71661437805374
1.78936878197554
1.97952107519115
2.48379600251923
1.78299141297572
1.91030771985502
2.64476037366677
1.58355105143942
1.85301463816048
1.78161528227821
2.01571728752344
2.03679707149158
1.76803937963096
1.83893757619043
1.79958406867193
1.69200917247779
1.80021954503344
1.75621297551751
1.77587906590867
1.87539969257738
1.8579714809722
1.77017688323725
1.8677422129607
1.80548391923748
1.79053549691341
1.75955066878546
1.71857344231649
1.93090549434099
1.79983091988899
1.55619106120237
1.38761798833612
1.5692343541092
1.95997201910462
1.4554999920432
1.88698610794564
1.77050096806115
1.84532158343911
2.19712835468344
1.55165128230296
1.59703029369342
1.80844465765869
1.98122131562323
1.62996087369363
1.8736148633482
1.9574350872513
1.72558855223731
1.59054188382779
1.6899963354727
1.63106600318054
1.70470547571944
1.57906290526768
1.53573253612575
1.97690548344602
2.00328748909319
1.82385393206632
1.91561134845726
1.56706680479892
1.87801256306771
1.94522757430205
1.9301751472106
1.83555865271009
1.18995292961652
1.42892112972703
1.85213941634704
1.89216019234206
2.01992725575662
1.69907063137896
1.4293547088914
1.74209376958953
1.78285531555082
1.97606383679179
1.53360774743057
1.95622095969791
1.8569663233363
1.74551394461291
1.64248240067689
1.61335294279547
1.77152918840158
1.65988961993074
1.52700945160673
1.81415186437964
1.87549783714371
1.75270694586396
1.79858777033206
1.93762263817034
1.46312129792543
1.94102663596025
1.84831678929403
1.87837019725263
1.81736097359218
1.77649428373061
1.74701408105484
1.85096023152123
1.69185174149016
1.83989606313953
1.70740595101286
1.78210455040914
1.805265980119
1.87197063124973
1.76819072140248
1.83112998658798
1.89148708523134
1.93637796949129
1.71527748566801
2.0389455422499
1.82257807473764
1.83590887259108
1.94931170064769
1.79976219348166
1.86232054797021
1.87328407065544
1.81136818845089
2.01620657237663
2.16626668558009
2.03438130372761
1.81811240790422
1.80371997014393
1.78823245463076
1.77004996607473
1.89663895471874
1.85245985259326
1.87419068627339
1.65213700824185
1.74198921506626
1.7994496546872
1.70559170529382
1.76776614940634
1.75775083017708
1.8355321713462
1.87086466700797
1.96536423743333
1.84304665655008
1.79883655133349
1.82127458892268
1.77281115207215
1.59425860867081
1.57201998960154
1.74154629177744
1.81344879047412
1.90931655132874
1.69982832426121
1.92721506637961
1.50566077883029
1.60985793534841
1.54945411782875
1.66487900067039
1.91125284007555
1.68818770096115
1.92815743028768
1.93294383248688
1.94365584518544
2.03214052756427
2.04516497118805
2.06596021193261
2.07943315731625
2.05901171591827
2.07601884694145
2.26816821232456
1.7872655986961
1.88770337910015
1.9284388344027
1.87975257997188
1.85089731397919
1.86688207774537
1.90238473007166
1.80950572867206
1.80862180451282
1.79628332090957
1.79343590042523
1.79166491890351
1.84846281270499
1.7567689344031
1.71280224354375
1.83070572839969
1.8493283046091
1.7127632669925
1.67104060844667
1.91873621308472
2.08724077834211
1.92896549701665
1.8077426556847
1.82370120144455
1.59555281859761
1.79062539585005
2.14898215622082
1.72170953639882
1.92670760177456
1.94952811242952
1.75037864090859
1.73286799817086
1.87361660843461
1.66869759891311
2.0337619556841
1.6504611783533
2.04445384463963
1.83343613370799
1.89645795274048
1.90567622268672
1.83096051173013
2.06547423440999
1.82864316324579
1.66835650341711
1.53698880774558
1.94718034411828
1.5389585789273
1.98617000916797
1.74761027003065
1.95933124468851
1.81864006753536
2.17834172710878
1.99296253905232
1.79266210395525
1.96143807212234
1.81629745756427
1.92298961676479
1.89511678636007
1.83579023427254
1.86470284809058
1.67692363565244
1.72837983543281
1.89124337303419
2.01734291154801
1.85686117523969
1.98304059568357
1.84319778889114
1.84923636597384
2.49994814490066
1.83635984191982
1.78352899429342
1.74111448323352
1.96397453323241
1.78742810543024
1.74563931124167
1.96063975426981
1.89124392165416
1.49752532559276
1.9773803635322
1.82761481313895
1.76008233532914
1.88966860463528
1.66081453990235
1.85329694364413
1.99145778559537
1.54871600206039
1.78837060792229
1.73838581946924
1.85396111906277
1.80346947896085
1.99893945580899
1.60772575914368
1.95256379438015
1.67502861387671
1.80545922102958
2.02158705771117
1.94345457936875
1.69349958078912
1.74593146102683
1.48335075516054
1.6760488737202
1.89807412014215
1.43390392821077
1.66533983874734
2.12050306997324
1.79375375474142
1.8964761335525
1.70888565747095
1.78264482817696
1.57304113269985
2.07103537438994
1.74509769970614
1.69383415935528
2.04082423508577
1.84745576982233
2.02112635874925
1.67807886546115
1.52738199408864
1.59638573304493
1.82066783052269
1.99364979860738
2.15564331255552
1.97810050872007
2.07874343564266
1.91186436891539
1.64560587998294
2.09917565890835
2.02702774567237
2.04819541653318
2.30554848950102
2.0835000182785
2.08337467462962
2.08355013965811
2.08366969777984
2.08485847602884
2.07587512383897
2.0982006480361
2.07145711408281
2.07792596015859
2.03875147662217
2.22560974040886
1.80490642616296
1.79070168756733
1.76363752442209
1.86377121796087
1.68643408703293
1.6894043838484
2.02578459869407
1.64835856582352
1.59487274589891
1.85934150083582
1.98843484902478
1.76350416284762
1.53585501143594
1.68296764386636
1.61535082503669
1.55395274367561
1.98294058699157
1.7409030686101
1.94733622872237
1.9235117709778
1.89649733800618
1.8823320368955
1.93728085834655
1.91257757477253
1.52369643475299
1.79565176243129
1.96637703729355
2.11948199136704
1.92937615182099
1.96894515625044
1.77092905239456
1.87206251209833
1.76283878577115
2.04359368951617
1.89439394830446
1.85723045723566
1.84134897162183
1.69365055733075
1.96356314660744
2.07780050135984
2.04372548724664
2.00005243870884
2.02096560271067
2.05448157915095
1.97130743408732
1.98519257809234
1.95741540049802
1.81476307136749
1.81359092226824
1.71587027580709
1.8942227483804
1.96505103119172
2.02349689024576
1.49874516179523
1.61409011374314
1.90928403965874
1.94088924897451
1.77593910700867
1.68701086200983
1.92714807084973
1.88770155149956
1.58734072631445
1.88430657916859
1.82710161595698
1.69213238291063
1.92459758654511
1.7714601717823
1.76569661358818
1.9488890264793
1.85974212346132
1.74633078040232
1.76322332775453
1.57810445066371
1.84204074805034
1.92060237945734
1.78462085699224
1.87289931364711
1.82533068556411
1.8155152937139
1.88865527654692
1.85654036113293
1.94232697810837
1.95357961025503
1.75684730824304
1.82322085252519
1.73609448364197
1.85774037401656
1.8770346698622
1.89979912826922
1.99503266287406
1.85881273398734
2.00645145280895
1.88296838878521
2.07933115478838
1.94699831538451
1.80160084578491
1.71518658335497
1.88103981119264
2.29748635346428
1.88476349906917
1.95348893188559
1.92316278813098
2.00611447359741
1.86303984930109
1.95873130887455
1.89817792735162
1.84386307006093
1.89056522641769
1.95605966509134
1.95899843770868
1.87605648343356
1.58917093885515
1.91105682274961
1.79452332412638
1.90985005548902
1.56980140195838
1.74499103281229
1.62923338817013
1.63746086794394
1.64163203767104
1.82979890311716
1.67297226010029
1.71508126172579
1.97834669755923
1.90386351917245
1.96395816690143
1.99465293734838
1.46946733827349
1.7656634987172
1.90210967200615
1.8564628710112
1.85217620353471
1.85884916429228
1.90276947402068
1.76474649302148
1.88684920603844
1.72634962733843
1.90951294879328
1.74963083513734
1.96099503790746
1.85888133359013
1.96829312105777
1.92968079488387
1.97203465381241
1.98240432713147
2.02229534550834
1.9400783168222
1.97899607686572
1.94828959533899
1.78445316713411
1.93165895736398
1.89723294197583
1.73617529407049
1.83685300396924
1.93418567332609
1.93416518005344
1.79447611124953
1.8527973975465
1.47322786218088
1.71284178053105
1.75933429786527
1.36957712491277
1.87398689945507
1.98160486281184
1.76907300522237
1.71895950525318
1.75429293510915
1.95274634140102
1.79491940077927
1.84775472881822
1.74316925422093
1.91622056729275
1.80689761075256
1.85539040843096
1.57294106401955
1.88844797068863
1.85643055294631
1.90265767172449
1.79501619617382
1.65806732725078
1.60911418213469
1.77824430513198
1.98730281144319
1.80055203350534
1.8381147357549
1.60705527736016
1.71635641677586
2.08232443280869
2.00469850716776
2.01202760664561
2.1539139787096
1.73893587897269
1.63844540648405
1.68845116138246
1.58408267200526
1.94282465050727
1.6368933186547
1.74023067033091
1.89200608864927
1.88742479225806
1.89264584885759
1.83682771793417
2.03867218969472
1.88431044232484
1.85641489362636
1.83063524717086
1.97894794385553
1.99862597328839
1.95980939923096
1.89742831985668
1.95868739913149
1.99532418668768
1.96349087501076
1.81910072873078
1.76232676481468
1.88768585525482
1.97030380462051
1.86888091462993
2.02012815381753
1.81807926129663
1.74622928451402
1.80257917039795
1.69042903037695
1.81341736767826
1.79482429723423
1.66300201696458
1.66394765792993
1.73882747406468
2.15324741015741
1.65024690533302
1.66921941133698
1.76150134526725
1.56491962683525
1.68249175715417
1.55283545369311
1.70444857534274
1.55463527198637
1.53398453310891
1.66498582065103
1.76179389412283
1.81818708811019
1.74161492222718
1.40941596906652
1.69598218281576
2.00706881129803
1.65781093949965
1.8131518701615
1.64184246062226
1.82247798804685
1.87081425449387
1.5069478914613
1.78792654865091
1.93622699139952
1.91805433086243
1.77090429793716
2.12011923776144
1.79140303761996
1.83527789529715
1.82209478068569
1.84014820134737
1.82878782839914
1.6745674236809
1.92438694788903
1.89328735998897
1.93400274478233
1.98783358410489
1.88265461637665
1.47510823911071
1.83835352349284
1.67204113209698
1.75105169884559
1.80884495943836
1.78432664058926
1.86670313317829
1.76840886279227
1.86165193268013
1.86616216474339
1.63424686293506
2.16335210809334
1.79223215582388
1.92387539022824
1.91111737350047
2.09894077671245
1.92445879667632
1.44763491170028
1.92620121477816
1.78302198044531
1.63275253931772
1.95570359009396
1.7872895510306
1.80150256650409
1.84024993011308
1.6443792734312
1.64393326566447
1.55954435751566
1.73684524551274
1.7372661634833
1.90142293647633
1.81258364366309
1.87500778778321
1.87261886456558
1.96102305688992
1.87481451018734
1.82304589378995
1.73443399791454
1.58988939000078
1.72166242369355
2.20024832718784
1.85601308164798
1.80572118293425
1.87818290274043
1.87150207016234
1.87419018074513
1.88742558621967
1.92305456237068
2.24970560788531
1.5934423298162
2.16038343064795
2.03046206935935
1.71280725466371
1.49248688803461
1.90878658625577
2.03589246546815
1.55580475346927
1.79408916006832
1.90075397603537
1.73669921760897
1.83815213062859
1.9826172074863
1.98764490583582
1.55927341380409
2.32086624435923
1.75215343334703
1.89796746836641
1.9588918230451
1.92291920192687
2.13010346219632
1.76607697720985
1.97458266956505
1.82485453542956
1.45763882810667
1.87658129629652
1.72509028353582
1.94374581402032
1.97692026857767
1.68447217267952
1.71801186867247
1.7077242230125
1.85535022108185
1.83990298569204
1.89280207953624
1.92156217945896
1.77129610645068
1.93397527415456
1.95493829835776
1.68651258302018
2.00398232130545
1.95813663227413
1.6106983945055
1.98313124446554
2.07314800693096
1.95754985952213
2.06474770695553
2.0783238451318
2.06683703418238
2.06263364068573
2.09476839235678
2.01954714039403
2.08898945120406
1.88880387347736
1.82525025143947
1.92069766432324
1.89395026238852
1.89513707798298
1.99596326582238
1.76712512456211
1.85768188474944
1.86356817368351
1.85983611223766
1.80719138330561
1.82701171214535
1.81916482269609
1.68464527313839
1.86135232598601
1.81579105514332
1.86695224582455
1.66815581387907
1.59280715397633
1.70368236883212
1.71676818088058
1.95902910910797
1.93942051712999
1.95460940725621
2.01563604577557
1.88063342089488
1.84246249603512
1.84091616285282
1.32383633454392
1.64101345008379
1.98251707595838
1.76448089703078
1.81035905122863
1.6829682709178
1.82603199073437
1.99553293790458
2.34897377402311
1.73734362334992
1.66065454555368
1.63681777208368
1.77284889205189
1.81108750253163
1.79477462238715
2.04709859974214
2.02101661023234
1.98784399834661
1.92989307117847
1.96401884313131
1.76911835590905
1.85996015012291
1.95423629549583
1.64640463326209
1.78828956600108
1.65036648419517
1.8738840771131
1.79130451614573
1.59014450364217
1.65755121338418
1.58911805397435
1.71020556350367
1.95357607182032
1.53473308349894
1.78514937027514
2.07933052884049
1.98798053711072
1.61453322867299
1.91805477696967
1.82513087658483
1.62884230264813
1.84700805035654
2.03456717898904
1.80032811639521
1.92025590170648
1.8523402978636
1.98821783932143
1.91474079161462
1.83073647630267
1.90247752669097
1.70727989297263
1.86941135926433
1.4613382251715
1.80924016259719
1.56342211503164
1.67557888327257
1.43813227083697
1.86709387245768
1.72720886861859
1.94115978185095
2.00749608965499
1.71397306939596
1.62337926985143
1.70129196375444
1.83581788608833
1.85407530892425
1.92029281594953
1.99848155626196
1.93262320822658
1.49607244207377
1.80068812085926
1.74249482925482
1.74878174182625
1.66204211645954
1.6588128600001
1.8892683790384
2.05346781342579
1.96969928065042
1.97054367682502
1.95228434051597
1.9515962964352
1.85297608444774
1.86155319795623
1.65806499889993
1.72540949071719
1.93994520266262
1.575801649801
1.76622897580071
1.907216741628
1.82996743973035
1.9838100992564
1.74657929280727
