0.687931566635544
0.930335421760844
0.647184396926002
0.745455858609699
0.760228368786397
0.854664654053287
0.925060000732295
0.925687279903522
0.93064900946995
0.786542727477235
0.896593231055253
0.708768899495735
0.830767742506238
0.82219459971853
0.726830102941493
0.636377088141974
0.864094501909766
0.790613300497139
0.792755855966123
0.785449058334037
0.783651982411403
0.714324943853585
0.879962198469966
0.775785400022696
0.875344742703691
0.817183504504306
0.797841601378394
0.910456847932053
0.649563718023475
0.891540146798369
0.578356985914575
0.703892546447033
0.681021008988532
0.826861695787773
0.807693407915954
0.823228343360929
0.676654317413243
0.819093682659382
0.782292274335298
0.757300190647989
0.789872488443357
0.835412037848373
0.645514433919223
0.665848181479982
0.738104513379452
0.697887104935057
0.813116212192992
0.677700654612617
0.735322051914409
0.687931566635544
0.930335421760844
0.647184396926002
0.745455858609699
0.760228368786397
0.854664654053287
0.925060000732295
0.925687279903522
0.93064900946995
0.786542727477235
0.896593231055253
0.708768899495735
0.830767742506238
0.82219459971853
0.726830102941493
0.636377088141974
0.864094501909766
0.790613300497139
0.792755855966123
0.785449058334037
0.783651982411403
0.714324943853585
0.879962198469966
0.775785400022696
0.875344742703691
0.817183504504306
0.797841601378394
0.910456847932053
0.649563718023475
0.891540146798369
0.578356985914575
0.703892546447033
0.681021008988532
0.826861695787773
0.807693407915954
0.823228343360929
0.676654317413243
0.819093682659382
0.782292274335298
0.757300190647989
0.789872488443357
0.835412037848373
0.645514433919223
0.665848181479982
0.738104513379452
0.697887104935057
0.813116212192992
0.677700654612617
0.820700029846079
0.561681312729725
0.692615442261363
0.760977119088199
0.898089607149895
0.712571694424329
0.77871351049765
0.826685998080679
0.805459269080654
0.64823305192603
0.867811664371479
0.767947208598784
0.555356132240709
0.827350658640697
0.866806299546768
0.942252854356259
0.73093914723927
0.865161327870568
0.671787859144625
0.73772315308899
0.833788609779972
0.872185584693922
0.674109730290492
0.744952791076029
0.864282335824517
0.648152114037244
0.781400684782638
0.646794394620184
0.725685514574664
0.785086754965149
0.737778457750768
0.781336320783762
0.571574648138218
0.891691392042088
0.816996797099723
0.938873322796389
0.718004000375931
0.835037431422386
0.940643323863213
0.891173658492245
0.895355942006767
0.841932379727504
0.879416787356264
0.829750819509036
0.893016552325236
0.857627704993806
0.808155346163238
0.84986326101677
0.812379555816162
0.930791086765334
0.73447947683883
0.850146910844228
0.786830435021199
0.722135708067333
0.783026788640104
0.908715266431386
0.739158863495584
0.738173716514265
0.707977842819303
0.71921718651469
0.813633188987216
0.794630153352779
0.894783572638295
0.865368993492198
0.82385588482475
0.798367385465015
0.815196108767576
0.732398311871183
0.800940182955946
0.680382256913828
0.719605888205323
0.898245486785883
0.793367532634753
0.77505350391805
0.602167338900573
0.860940298622187
0.678573765662938
0.895531787466141
0.878385757545676
0.770159882399561
0.608602169021578
0.872181611321157
0.981710856993523
0.64957732149472
0.889747573396394
0.819928595911246
0.900333953272947
0.687777344155821
0.696887685567011
0.723048293835372
0.82331261883084
0.841428264466096
0.774747395958792
0.787362746279896
0.8929448732963
0.850877173201588
0.744816275961318
0.79553848765923
0.709345157531337
0.766891497918347
0.677292094493419
0.807208951196983
0.831063265639742
0.891280774018069
0.965166476560525
0.461887340267411
0.917368295955883
0.828776228412864
0.76300432982371
0.872033137038646
0.869848977006407
0.78157334678952
0.687373227582862
0.821941811098028
0.864904744749947
0.807907513594588
0.982347700074422
0.801096562988925
0.78924515308637
0.812815932361654
0.878644111409103
0.870744040077247
0.778943672084973
0.93903134360088
0.808346932957336
0.872662341068977
0.812449671643864
0.76103564880798
0.81516122614989
0.915113852089034
0.947438247737703
0.805786836448962
0.843395491903644
0.889819509945808
0.780073055870513
0.826140465047353
0.849223568349455
0.795889990524425
0.663578728745448
0.779966238580987
0.663309366857081
0.899159063417919
0.763953157024916
0.732225321653491
0.799978172972546
0.857707328005867
0.774920483341662
0.879622719827124
0.84655244568953
0.881047612246777
0.854950349449976
0.710591501513185
0.845902624706789
0.686669851664438
0.451538749948113
0.800612339615041
0.845101821942683
0.697263156500563
0.81957364551571
0.732565067832255
0.76516172557979
0.831823582109111
0.728464182590755
0.765072492663466
0.831941879101108
0.835856429053646
0.82721135046307
0.77861096970867
0.684290664442575
0.743218973544658
0.649920861666675
0.687231807723103
0.745036219261818
0.681128475283119
0.829278460533329
0.835384053583835
0.801752055567695
0.707609557850114
0.747774015865253
0.856963472260798
0.884256881783839
0.737674251433894
0.798703863849444
0.793059435862263
0.69650941743661
0.733627982589527
0.994624967032574
0.849228149531886
0.640320416440716
0.817561852072037
0.830647143170125
0.74941457039853
0.71893866229477
0.902536919668658
0.813629057786698
0.909113025567684
0.846857673036037
0.772870962320652
0.616330596762609
0.678325107122189
0.755861008259419
0.734977913963066
0.888312110692571
0.790767449725482
0.740124121538112
0.765322289959144
0.763657698495851
0.752359768507056
0.988421158636023
0.746837308476552
0.832040515598548
0.776554422731557
0.633254216771619
0.82240911543535
0.650371631340213
0.872917057261174
0.629610377713877
0.939143187046013
0.908055481544911
0.743685945262996
0.819267728032626
0.933693294753556
0.984238699935053
0.53984091249555
0.953771988196273
0.860427800059097
0.728133640938169
0.793885995952553
0.748651720673478
0.736436457245182
0.778511475737379
0.599342807414457
0.936473234981355
0.699039804286858
0.697251379805897
0.823183765842359
0.812050284540727
0.608074861284169
0.784559324341188
0.801064119040584
0.78128386346531
0.786804116465882
0.719690909923113
0.726077487956374
0.704440054679439
0.785977932606708
0.785264809599758
0.739597834399064
0.808520637239988
0.863469076756425
0.824679268909662
0.790892549024627
0.814143533840214
0.822300251074408
0.74652312409532
0.871773918695349
0.803275114318631
0.86012991353744
0.953743912413021
0.755630583086326
0.781765963485081
0.817283225457633
0.703729604778735
0.469821912470219
0.668316337327484
0.629098136052802
0.928966677677043
0.8650878096552
0.769366644990934
0.866719666666652
0.845375030812102
0.773079859574291
0.747279998196262
0.767036457449387
0.837637029923046
0.781741818540326
0.743747266199024
0.921905772951905
0.642891789580575
0.68851178371714
0.708103406930079
0.904174805518038
0.857096604348268
0.536139021480181
0.735863065765204
0.984010438151768
0.891045199909805
0.976086925303991
0.669927426045587
0.720847272439013
0.766586776528512
0.6148056695765
0.908940547345989
0.786648468222146
0.791759551197195
0.786915338544479
0.710978655815792
0.78550603173949
0.779218759184681
0.8242708017449
0.714582369615845
0.846868027539907
0.87871663141574
0.847552726248284
0.716855094064164
0.839587330674023
0.811979334064321
0.856196916070611
0.885276222650504
0.785285109800095
0.788665284716402
0.880197956009174
0.879709963970803
0.72753717056541
0.949581078928745
0.938384554249151
0.772216732582093
0.72830217009767
0.623990724904002
0.795707914144826
0.884274531872763
0.77260945142406
0.714129741934747
0.758683946746873
0.833021598557055
0.860054294072979
0.861475491337798
0.819425961764322
0.840328301292932
0.899740071896252
0.885087671003235
0.900101079417481
0.796897078898594
0.668366099523131
0.838440103172413
0.917529442469839
0.747979318926897
0.746194736917234
0.784726267559829
0.854205837695209
0.682371875171115
0.819223580677377
0.779281334137349
0.722293579874813
0.741462902788645
0.759422438364459
0.753123170076837
0.752648776496178
0.772340404015479
0.754136671626911
0.701575680772807
0.811450728086254
0.752494729293883
0.81427312944806
0.899187183788272
0.745132946856184
0.746292691768738
0.739733967172376
0.751743181749559
0.748309581545506
0.757649365608018
0.756647221428604
0.748197498172447
0.756706168499015
0.742554442725588
0.750560349686547
0.753092736644599
0.746059058365197
0.804195685163359
0.754159525165622
0.741996739399876
0.812910830956738
0.770887830267635
0.871904187513033
0.888303586076021
0.850022811704172
0.935628405892819
0.851800157650986
0.720819572683708
0.823341473230979
0.887963203753943
0.824324777199511
0.855837409859693
0.810924296901702
0.997989227684187
0.764685847544628
0.609388275343638
0.984243878977059
0.728636667371231
0.839484027195001
0.951297055318486
0.655278747764253
0.770638670878992
0.879686639060178
0.703960115785398
0.773775045803284
0.861334220451091
0.846315587433049
0.793894795269756
0.894731043946276
0.916854697536872
0.744476391413173
0.883322023120065
0.925541701102033
0.854086686259122
0.782323011274285
0.66787589901016
0.767005294537237
0.718696145836184
0.895935727164732
0.888027097336748
0.942684856340207
0.716666863981987
0.838359968203751
0.836834729394561
0.909848983783819
0.651592665134817
0.683308147015456
0.790159615150049
0.885789942461733
0.636350994059124
0.900520159631473
0.729858266330136
0.753309472178708
0.796755506502951
0.8386364806503
0.776994456148004
0.632669944639933
0.822746769136435
0.853306999108467
0.823330358482119
0.678294214511127
0.441317683296441
0.868475100130426
0.612946588199233
0.907122592075286
0.706164421511774
0.784445179097417
0.68133471924989
0.675458561432306
0.571672963831682
0.944778679985954
0.722139773823951
0.852100539409579
0.897783552217964
0.780871468729273
0.77324056475806
0.745508396947146
0.758364181469766
0.816378416180544
0.605919837485524
0.830268017260038
0.764955731224165
0.786433700721556
0.764944874721164
0.825885768805848
0.838456532380266
0.825615222318519
0.839175721350395
0.890356160217585
0.732890396519602
0.739515521624634
0.682129254629898
0.563300585293903
0.686565100645311
0.733524843077046
0.826804007174498
0.810918708562695
0.785899861572278
0.805232755750887
0.966213918309217
0.864419665408118
0.645572852349382
0.725670939680743
0.819863411238518
0.788426048004359
0.671648391721834
0.722194011756135
0.850862757703652
0.55389228360008
0.714936755928278
0.788145868891813
0.869544889254468
0.879985764598613
0.841369633171767
0.837766041712414
0.827039337897419
0.878223128229613
0.826698886262219
0.77547765662786
0.922446000071513
0.818372091937373
0.715459633858584
0.648511893713842
0.587178043780903
0.83125556335895
0.754741229129591
0.614159129361027
0.815186798667766
0.836232568340587
0.578229708568592
0.76951634693182
0.49499084836557
0.544811775908016
0.851459235654282
0.86727679114817
0.878431947572459
0.688888005096211
0.796252706841246
0.738185900015575
0.784192751476378
0.925322397370444
0.862522059746933
0.595926873067191
0.904913666665608
0.864685859941326
0.799291274904467
0.774399782348376
0.666026285656329
0.829289399387488
0.633652445075492
0.665804841893178
0.820232923083746
0.869764634728843
0.826002951277373
0.779461241118905
0.680279529458362
0.431204626588475
0.734107949666309
0.698092874390812
0.645686461137679
0.735902776870068
0.820252129815031
0.781174765191343
0.804765601829197
0.794536291303743
0.566359618681209
0.595182485321746
0.680585101948941
0.882010454341689
0.832377548992062
0.876025152564381
0.789262990020395
0.941503222716497
0.747924639986303
0.878358526462864
0.751700732326569
0.728037960372068
0.834952042748658
0.683070348335106
0.861838780200558
0.875874355603565
0.884290446673852
0.705834265929426
0.58654086226274
0.52315712097457
0.812321348936261
0.715755070990259
0.735496473025863
0.763763360647528
0.712917673564936
0.937789126494455
0.778476490087402
0.762920564751899
0.789741264753263
0.799958224919351
0.748687232822718
0.761234440557325
0.841213040644831
0.746427294367317
0.804577750250468
0.869462048392036
0.814299334878899
0.802451053900074
0.904876275699959
0.862264850572542
0.823409628540404
0.82549520449194
0.817155119927942
0.823308123779381
0.819773652129266
0.821461433696303
0.825354012914617
0.822156861467969
0.826659848572799
0.85354259388128
0.851452845216576
0.863963591359921
0.862570145614276
0.840535102961885
0.723294734230694
0.580804145153771
0.683782794120206
0.748351788177273
0.589002154209295
0.780827103812502
0.670840237151523
0.54011803878416
0.670883504200235
0.849545945908175
0.646950020261695
0.671132827339896
0.658312592642679
0.576085359270653
0.687521256902223
0.835962180802763
0.763865093075508
0.749440417153927
0.788730691167034
0.677331012970977
0.834064002112699
0.646044324801871
0.877363966916771
0.854647222504739
0.945240535214377
0.877975098255765
0.86975074912918
0.894671151284024
0.826153985104461
0.792577111534964
0.898402210257447
0.900634613554677
0.822931532987019
0.979196305161142
0.766571294332741
0.900365211303825
0.920317334902918
0.751328759558497
0.886194549934792
0.906021997259075
0.704476524827574
0.484769182266345
0.848998105557225
0.612624788894078
0.827285060912785
0.859859563996644
0.872716363505416
0.92796407812668
0.71564409414589
0.862439246812
0.930539191646893
0.871909709682787
0.849637122355349
0.844283343377821
0.726224508879761
0.801118090402611
0.812908606288001
0.913271067512775
0.821844822780306
0.811629616590988
0.777352089992452
0.908049674152172
0.764084206391221
0.70212198766658
0.740849930518453
0.73855089612745
0.90817883433476
0.658973754592931
0.68069837410543
0.638921700065993
0.862374097280876
0.744364907209236
0.767443754406288
0.884634415457122
0.698346474586801
0.762966843784849
0.876985407088706
0.780296877552448
0.772421546437891
0.711859723209579
0.821109393776234
0.722736198150537
0.871093600077941
0.841109913025098
0.727897515540427
0.784207955492737
0.697863084943679
0.834107751725191
0.922603084136358
0.810812177610542
0.859651656503982
0.983761368469281
0.618227247341907
0.713608704174695
0.90178633293758
0.728443508673683
0.633044673947142
0.683183388160833
0.716730597578187
0.841170066764215
0.856842312656431
0.609880695771796
0.912016243393996
0.866489637121642
0.699335767638393
0.672150994511685
0.66793972150729
0.698314436214471
0.78730766883125
0.892932644755664
0.913678669281847
0.752188291275494
0.708258236034148
0.790206886660706
0.805121114130015
0.714397034018861
0.612665609681922
0.901548463085644
0.822509991188845
0.825154627419343
0.800748730769656
0.75023107813284
0.389013307508638
0.772278870432392
0.713804169108019
0.838890598184329
0.897693321435269
0.822255765055501
0.993207525364522
0.839001151098069
0.888397410452628
0.775491002480196
0.747819897549758
0.548325914352651
0.824480112459918
0.818619741005554
0.788498858275045
0.727225348407241
0.881975113873073
0.784973386810085
0.87916444252407
0.870276241502557
0.875703003555825
0.83146524791816
0.741135403138719
0.895868577339901
0.836862063743351
0.892363713673431
0.849093145305176
0.668666470336451
0.877727175757563
0.612264455200134
0.846370216744667
0.784564064928682
0.650961493433774
0.834518564303262
0.614748453162016
0.756216209488978
0.679512620283498
0.75875253018753
0.773728493619005
0.865036960190921
0.775277765753721
0.932085309291852
0.824904618310495
0.812286318094666
0.881046756367521
0.823700966604748
0.844508800976163
0.875139781691802
0.904047377158185
0.930074935847796
0.740956576804098
0.677798854662014
0.77085113913625
0.706971479649632
0.878661269154388
0.7558588464323
0.950282546288284
0.824591990947164
0.914657291325868
0.848031515507778
0.827239146544043
0.803190307609268
0.735440805239116
0.826791852281198
0.776273322889654
0.860983775943412
0.787289856103957
0.824736326776387
0.84158449142612
0.766157544735276
0.777210636437708
0.922702256166487
0.889114928630573
0.746517996359067
0.796064656661063
0.799902073590675
0.862414858549689
0.808588038680267
0.821395804554128
0.954251597120745
0.914745494273588
0.782157997723491
0.777225464584635
0.879434507025545
0.913280069894961
0.861297880771184
0.735230133430575
0.890379196475145
0.882391078631516
0.960710619667379
0.962871507142307
0.847722059023139
0.740916431246693
0.92675406986326
0.838924514741649
0.844810823841843
0.847736553825923
0.787671625547663
0.812056773057299
0.748158165993031
0.795322793799242
0.798740639668685
0.793434357343591
0.875939936410761
0.784343359717367
0.740487527453888
0.836717269103651
0.824776344431115
0.679730396638368
0.784854161751483
0.805891119219392
0.82305656860001
0.809738108853864
0.778150099206523
0.781314477698704
0.786824495352326
0.782447130117955
0.771374845465977
0.777497282181654
0.769841481580592
0.761232674093402
0.759833508781694
0.741408794452003
0.798801414964474
0.678011746500252
0.753296116777826
0.738575794956604
0.749457461109689
0.757844418033332
0.786337793330439
0.78124784756137
0.849860468313416
0.814259308575704
0.613613563313912
0.834610053100025
0.756705781250986
0.849810186603382
0.816552858856156
0.873786337797711
0.793610689786136
0.759424836635067
0.809650493147084
0.74479554635352
0.791052994746578
0.841058236466179
0.746439839552116
0.776447389860274
0.794931544148448
0.925983747809193
0.607937934691418
0.707791948984141
0.693955094882661
0.755242043118999
0.710892691860492
0.77968679303174
0.816076578203578
0.882808318000943
0.798278614672597
0.880926965472767
0.64962058772576
0.793390125810186
0.837501344804022
0.799571872839075
0.847034207473386
0.802118726380094
0.985776069297249
0.791975730992125
0.717386784440796
0.885004351873461
0.704215264958897
0.792280961597589
0.733615105055135
0.679115152194414
0.80090508140255
0.831165711000274
0.750405968823643
0.89458793708421
0.904851436911191
0.789680409699424
0.558570323367366
0.715553752427276
0.872783952184477
0.84519392855851
0.673197289794329
0.715247493350379
0.820860644219842
0.870875490543089
0.866003826083363
0.85544930428284
0.883986949695431
0.822248411358176
0.71663498293594
0.814797558580009
0.824908265910252
0.821596108574803
0.831544729698375
0.875416831506497
0.864944125326309
0.737994430918241
0.991663769482417
0.919358395461252
0.858493410886749
0.750880739747126
0.920162466797821
0.926382553000561
0.935214339435641
0.771657334774187
0.857563322808824
0.817932740856152
0.767500017743833
0.739117500974768
0.789383349604202
0.790495183804528
0.851188348946555
0.718949100482274
0.90391961192846
0.939387658502073
0.781726468819683
0.64348098209814
0.641643651130752
0.746488182204421
0.783608360013608
0.847171881781593
0.614274151240514
0.925913051259089
0.869227007342691
0.815660716383223
0.582415143767241
0.692125079187651
0.789430413797524
0.939654253764526
0.769483567575155
0.700876195674074
0.751195615841688
0.757173351304533
0.778665687742495
0.820609649583588
0.68839957756043
0.729901784728833
0.793321809099501
0.78191009387181
0.9122165141084
0.693021656581114
0.795936866320019
0.758841490356342
0.741566459818941
0.790418130194264
0.817804194620639
0.819989338030452
0.748374616722224
0.764420827541022
0.706691536905574
0.798936012794844
0.779031177983809
0.839056502273491
0.78630887953434
0.743677318580521
0.731711559034561
0.800110346203754
0.60593925473384
0.988155622507218
0.742084128386466
0.855250786613516
0.835507987300418
0.660435978579799
0.714771995085057
0.813634077566413
0.730372003444343
0.868376055538806
0.808773792005096
0.838132740042235
0.803235461864171
0.861963655086503
0.790466892570655
0.764567290341205
0.70828359154615
0.825363435095824
0.867529579049069
0.682836473497366
0.912918592891002
0.915746485550999
0.684843181331071
0.642075049800303
0.861721955218703
0.749488914504777
0.726128240461486
0.755513228754609
0.764740456572339
0.814775670886212
0.80539124561801
0.690514115219414
0.793910713912769
0.684562605750331
0.818048120162537
0.69889512934367
0.906017638496377
0.597434609706419
0.81295527142774
0.844500469970888
0.788984043685008
0.906213115605735
0.743908894554678
0.834620044714022
0.72894069658005
0.735504213080965
0.756863777797797
0.727703821553805
0.737911926406492
0.922844520913573
0.808813911658734
0.748673251926327
0.679609986507616
0.724218180292086
0.817453469880217
0.829259698361443
0.566020005950359
0.706118183372393
0.865056045804048
0.62122526624999
0.435161050806753
0.380400323230256
0.940508953938177
0.713774169296693
0.619192731686701
0.706109929701489
0.936633671006437
0.826425750733418
0.968071270111585
0.694492748187762
0.706433790596561
0.613284027786169
0.975925908800884
0.80879050197473
0.868814388223202
0.820222061541457
0.638163241846287
0.633140467044177
0.823905692875672
0.587575383811639
0.793179058493069
0.713781672520075
0.661083959179289
0.870610850919619
0.776541351003838
0.466288581654327
0.693112016402933
0.834613033620172
0.884446418826628
0.78778987945253
0.814930369848801
0.809190432413576
0.881953023271554
0.861234751749778
0.819669875322994
0.777478796730484
0.831605707453321
0.959148216157144
0.709738892884694
0.745778321646617
0.701957616878887
0.880429185345408
0.703568035569734
0.705004421589564
0.531625485131485
0.665975391462468
0.796864163112014
0.710509540178298
0.91327231000653
0.815245950934569
0.856198392938814
0.902915160329232
0.868974096086734
0.91487294386091
0.839483375368605
0.908301447845629
0.907154768126763
0.837575902466542
0.708240450064502
0.760738726985672
0.0883607280595885
0.828726854305609
0.757597892971504
0.870034023006499
0.775091295998017
0.785023901916106
0.773972390598616
0.768297186732669
0.808992727579335
0.784623570552722
0.788086425616597
0.765730162683529
0.933575560410369
0.781875750034634
0.64637870738058
0.78642869711571
0.953467741336825
0.894720375525712
0.768235188583333
0.761767302735935
0.88231228311201
0.724289883525683
0.82487346103689
0.571645727313681
0.634023514259965
0.874889284160607
0.916389480541064
0.851835501623276
0.78897751667695
0.644218663584956
0.87224130952434
0.551970559820388
0.82220457080141
0.606401004441555
0.790328378822854
0.77771487982701
0.621369963584249
0.617149569931892
0.626816335954045
0.625059526513037
0.781540674403793
0.975529131760844
0.762884332341701
0.829451650104058
0.620741531110871
0.800924429266666
0.695690256274178
0.803458372044981
0.724592481828909
0.67093708128174
0.739166395030203
0.708836444936908
0.573901339068672
0.678283912000361
0.676500251144724
0.825607323229368
0.776279013062201
0.761067518009631
0.932576033525583
0.876912844651605
0.974026677914106
0.768476530309038
0.802327629019642
0.798259866616401
0.754433054482058
0.701157545574073
0.816450622781115
0.889612025106129
0.866406079126001
0.749603785839521
0.815957328661517
0.790751534006375
0.752564343618351
0.75850151236459
0.981191172460622
0.841758791908156
0.726835350969373
0.825183134356351
0.771266976140357
0.669733079437837
0.769644999761601
0.595818305409669
0.851091305548757
0.842666148425551
0.695100477122462
0.902440396904395
0.864638034997271
0.748783051236226
0.786998745885457
0.339075584022338
0.959690475034641
0.814633629288813
0.483973489082973
0.824884444350291
0.556332155891753
0.879845181530844
0.779789493801734
0.863398015498976
0.786018138842368
0.851109660353459
0.79078710301621
0.402868570893519
0.723090770483081
0.632689447097486
0.571386135275018
0.716767818613838
0.79487543216537
0.648442384592206
0.745626437504455
0.853418853731526
0.764276667676155
0.739081485862893
0.752155339004662
0.800669055851532
0.903566380175311
0.698655471136166
0.836420071288425
0.869842423596362
0.957760771444976
0.708325576535743
0.966324186994257
0.833067414322559
0.787944151898697
0.850575281630827
0.748374677638089
0.827204861148556
0.774386728050077
0.847719163286386
0.764976265236325
0.70398068961848
0.765655052423832
0.78734700996291
0.646834598542475
0.741276209881273
0.561220045797767
0.845619054910653
0.785651923336234
0.794307378691828
0.812598034872763
0.812966706266734
0.805153186933649
0.793389895279442
0.780437796524606
0.498280569879195
0.806596519539291
0.813622767089433
0.781768063610571
0.914588100180044
0.888728928605711
0.619002412705434
0.686264933946359
0.884108334677306
0.589046842640572
0.989105888388018
0.803848146290965
0.634212642008611
0.839397898515372
0.874593136758474
0.739239127887495
0.808852387710912
0.863399442835645
0.826802993093431
0.832099990778834
0.909345916960988
0.84222042748815
0.7613902465039
0.73306213635067
0.750509376449034
0.660606364872274
0.694206557941304
0.635726255857169
0.826821863560767
0.687895298188976
0.963759981976628
0.859733515096259
0.676556042131668
0.746597699305124
0.896094755296508
0.753664092163873
0.824324338088173
0.66243915528226
0.49107083231713
0.993314375225808
0.732073841565779
0.546833532748513
0.887783055821169
0.60113835829709
0.615305809426305
0.801178829266639
0.614523655975519
0.422561743502296
0.712581752191226
0.732061446282031
0.829943567691858
0.562071473644843
0.855973643951196
0.871284626228651
0.830020630372722
0.764515350539212
0.746483482489741
0.740985344433722
0.752086454300276
0.789890600951197
0.970129814489684
0.909312376397739
0.795087815753461
0.81269557253792
0.655130038526521
0.658409190543696
0.729744270248677
0.712995628911719
0.776206742927675
0.850652516817703
0.789182791093512
0.744112776751835
0.960363667722779
0.685171395067125
0.717861746861906
0.596011453583766
0.951558610624942
0.808954111141444
0.873686139760984
0.93333073403297
0.885534415492011
0.886992144206728
0.891354617023224
0.76494578737588
0.764971388417229
0.612836623507669
0.942275492258928
0.773690520990331
0.729103866692949
0.869044754739436
0.804129873182993
0.652292389464872
0.712966725358621
0.364837565136032
0.821318306025205
0.809436260016646
0.748773821068442
0.857995374471991
0.80352812006272
0.883502665193332
0.831590947748968
0.868855005063876
0.743919803136021
0.787100518524422
0.93176905123157
0.844327749863627
0.835313545826279
0.883561873047364
0.710081182995716
0.849101806689819
0.834058568614161
0.757356067356629
0.819461167449282
0.745392848425551
0.815715760058113
0.720289599928953
0.80801342277475
0.775786125256199
0.926631639165655
0.755270091801032
0.737995425368766
0.560990690273723
0.728864150763423
0.802048532236032
0.789921793765155
0.775515763744408
0.92655666918766
0.809101410058685
0.672609588469199
0.817035244198355
0.555748828343973
0.750086904660795
0.829115587938881
0.786000706871281
0.908927588125446
0.846458377657004
0.731714583298008
0.795481948836114
0.847702997961478
0.659247837406197
0.754508059002834
0.563416931903008
0.518994069324866
0.777674775252379
0.763188978837948
0.804989424806756
0.644684281982231
0.66268785432391
0.793213827171481
0.777178266809066
0.660507932066319
0.854303886668536
0.953171056601965
0.748966388792543
0.715986866333868
0.708326225827643
0.566048047055558
0.735663841541334
0.680942807267701
0.845486475302352
0.852175539814363
0.861842401625961
0.872240135979572
0.857213916251549
0.871626026386
0.901583513193639
0.838809337646571
0.902014310868749
0.560598889291461
0.858145866079815
0.755829182271631
0.955136618326235
0.845636564600988
0.607592044644219
0.723228449661234
0.772077954276784
0.825628197100342
0.769457824530155
0.679138782247126
0.562632630966132
0.848477685112791
0.799101874183639
0.740584269338609
0.862150326506046
0.944800741083517
0.68840966771427
0.87264303689373
0.878960552490646
0.788320847421986
0.965170452109371
0.80853104268217
0.914011024659622
0.83007643060028
0.831369015479563
0.746963215830491
0.692079014945433
0.884028348796707
0.775819432368594
0.792412341531207
0.703132133384308
0.644088122998011
0.621170742458588
0.791496452629688
0.755850037013514
0.783408490595907
0.730555051622352
0.960408541291064
0.807262492531173
0.777265185123798
0.599149459469689
0.874264361377247
0.805683380334512
0.695867546703796
0.940731339922882
0.90194015493114
0.730986107712852
0.713541935728473
0.864016795707387
0.675678745541416
0.747395913523827
0.80434781737736
0.662770385628803
0.794641419354193
0.702813990024242
0.696931626353109
0.831719630053475
0.79127076371104
0.80063184047115
0.842003673596674
0.846973442699691
0.917579181375814
0.892388382580343
0.742539118858828
0.787183342026221
0.639642029796303
0.810590921293726
0.807185929483879
0.664063744552577
0.682921049207343
0.715129102494391
0.706182686994594
0.714630351048365
0.74951069846535
0.722473419930053
0.844588835787046
0.721656716704749
0.877726109963194
0.828868410769386
0.961563803160763
0.83222271943838
0.948379528512655
0.785668867941972
0.815579782282448
0.812458559671845
0.809207112543659
0.658271158544844
0.630528374916556
0.650406755128673
0.659778146809171
0.718794034687484
0.764952346403602
0.770873674682462
0.788000021214487
0.84691216989046
0.799328575183382
0.84767074699845
0.843701347905819
0.724565955845376
0.814999553501251
0.862256060206344
0.795832522604046
0.653861672528024
0.797479149809314
0.794241791765884
0.876501239882766
0.919036100347857
0.755150424612715
0.762599487567756
0.794392113280382
0.808193351085848
0.796332184796308
0.793850222520278
0.793224912584317
0.793887131429079
0.793625022273502
0.793900577814755
0.793167327400226
0.793417718763375
0.793274895645416
0.79325490603051
0.793264480272881
0.792994483160553
0.793084549050407
0.793344189745319
0.792165345614827
0.793236942168339
0.793484038628879
0.79389991377702
0.793749414254237
0.793553798854671
0.793873507812851
0.794400742343753
0.794841261243243
0.793698736078679
0.793691635077014
0.797372167688707
0.797100792185616
0.778034610961938
0.822130547154914
0.665261974928326
0.770009569606907
0.760273245846979
0.773084512357453
0.856325415363332
0.688265733711548
0.718863618103649
0.689956044547628
0.917857688250782
0.689800029906586
0.938583275873771
0.903854095238696
0.820996813375115
0.787190119785719
0.753017683128917
0.781978801259102
0.653338277453411
0.892441962873037
0.633692024353704
0.799992467455615
0.621625997765248
0.554256980028012
0.88474353529985
0.629230864583826
0.676845104201021
0.695412559497063
0.888395491006744
0.44027351791637
0.821885066091203
0.705093479647128
0.524457539712178
0.646200425554162
0.799365847256616
0.683710962171701
0.84096402530577
0.786364775282747
0.624204653258692
0.869187691798281
0.881767549965635
0.745173058757182
0.886433235040441
0.80144422819801
0.826592495709782
0.784613328491933
0.759682498048071
0.706034303294379
0.796461886484342
0.716412875752082
0.617251676616442
0.65446930902923
0.669457372283971
0.751271761826464
0.835721035493653
0.811569848971822
0.887637829804598
0.773658236780382
0.648569318653649
0.851989973487679
0.717390504863014
0.713691695000269
0.865342746692671
0.832832576015555
0.777644181007175
0.823576098910576
0.821362255584411
0.880817252174248
0.919777122438761
0.86445704637949
0.576628355651003
0.665027183669403
0.647166070243316
0.549121494957686
0.819284825087129
0.857561859209558
0.746954062899473
0.788226265216401
0.741450796267454
0.737787282611801
0.743646420736628
0.758269288214231
0.718982373590919
0.601807573088887
0.55491003948901
0.851480570428971
0.821909961917645
0.829439947352672
0.931492903973488
0.680062927867762
0.79554545623811
0.88779621551501
0.607276632197225
0.917669195579683
0.815996680135696
0.821181904014012
0.675670859696186
0.778462340424107
0.749803091973426
0.833913574237337
0.672578268941028
0.779344643214852
0.639561897673011
0.870537912276178
0.975956875815246
0.913942586344578
0.822228782716618
0.821942886388055
0.872205795603562
0.918536657164541
0.99617900228662
0.974711406223065
0.965495051499738
0.787297525214807
0.83944323497843
0.813140814221407
0.802542619564776
0.731565032592529
0.760584295367132
0.5236959974812
0.91584258425984
0.795137825799158
0.655324660837728
0.630395610010879
0.769205109973337
0.892116563502144
0.79551245295255
0.840465487610999
0.500227178613476
0.861004180424042
0.684404190153693
0.450337755548572
0.739227565940403
0.809956687571356
0.800815158544131
0.832964169892153
0.703820900778945
0.654478978372522
0.640257398090191
0.663309253000577
0.769678207536676
0.836708894807813
0.616559158522671
0.944313559849871
0.803841438164545
0.908349162534392
0.668452543717553
0.756492263374022
0.831536388614466
0.807266054692607
0.709353627058915
0.642379113316169
0.829880468661294
0.933075779378872
0.864264798666703
0.900024100348195
0.980718793140374
0.796937714263424
0.768274031264154
0.709565953025309
0.866276421315025
0.897092953213791
0.81484037214739
0.771291392748033
0.848413634182447
0.800176273973483
0.746667606682533
0.792030762842973
0.877407961791203
0.822995697467032
0.55800915647947
0.880497019485677
0.838220621849912
0.552881613887807
0.749771887990893
0.775697897867522
0.72274023077273
0.71888239718465
0.778774297980422
0.734730312675304
0.88005107096711
0.712531195442174
0.857601648133218
0.798000457042981
0.574035109524579
0.836013810987644
0.810882142441988
0.666024729435494
0.922113312382099
0.617839623065476
0.791376143930934
0.734235980261722
0.710321106210235
0.678709067472884
0.719351839170924
0.704327173011828
0.715094795709392
0.954212509354043
0.734309854456081
0.82449890636509
0.666182561322749
0.780076940727584
0.755898416185322
0.703988117839466
0.657915708211504
0.679308140353494
0.709670654647819
0.792191749558873
0.736579395019524
0.77848967146831
0.69858063535007
0.650662630834209
0.624875670103845
0.634737366615318
0.895427413046364
0.807332722163363
0.866254675821087
0.653931546754609
0.976838997355228
0.789112869369885
0.76396921097834
0.77384346710616
0.912530923758229
0.782008855939724
0.742073098904445
0.790006098021892
0.812636229777614
0.817013019341526
0.769679386842108
0.7142396147368
0.739067660999882
0.82980048398396
0.718920035361846
0.850384863087545
0.832244977706926
0.796343253798778
0.887548939546919
0.859520332202886
0.861516208171342
0.926297692829661
0.911501330689055
0.917645647169317
0.903030967050812
0.945975835500197
0.870090605227714
0.910080565039652
0.830817006822944
0.920320729305993
0.870493286643708
0.869630283133779
0.80227359877675
0.884022934577318
0.788139236349743
0.849666323985567
0.912999839890827
0.817030697201225
0.860040915800333
0.696917247916563
0.767785925397932
0.816996133249792
0.462488573706872
0.781365331341884
0.734345794859947
0.834981786284912
0.756647396173883
0.861012791550452
0.773284300220145
0.690991995619691
0.71315940092285
0.818905133459634
0.833770247406844
0.792029275619408
0.872112543274248
0.796951710505677
0.647305984103877
0.816665173687601
0.890647159220894
0.665463299842185
0.695920661226821
0.748964128441687
0.793486256945267
0.966728251821698
0.723067981024681
0.969177380041759
0.800731139000533
0.950952965001557
0.739517646209495
0.623586033706892
0.718976998005726
0.785331398443971
0.801454862442809
0.846631543431862
0.776246670230147
0.857853467485677
0.784808564254102
0.880250115062356
0.80298704063844
0.833570946527354
0.846412282632021
0.770756462579296
0.671274631767474
0.850901847048134
0.729168141323292
0.715850347999395
0.650263935641952
0.728798151841046
0.693018725134069
0.642347961929405
0.786892750987321
0.596241615452448
0.844841463690289
0.763184891015868
0.650623384285507
0.964402945309726
0.794148409074852
0.865817753179052
0.924733779235128
0.742834526298386
0.445834237263102
0.758415257828671
0.780113393293132
0.663767566715461
0.858025793324086
0.455122610161736
0.808476980625929
0.627685711313124
0.535779415226382
0.581347721645886
0.920096682753264
0.800446090634117
0.622248689497026
0.718716590874176
0.850527022564417
0.855553883468222
0.690947055728896
0.658751541249913
0.886562046006599
0.758342442626958
0.841130793299445
0.730080654849527
0.813549920067711
0.949530701454585
0.876895248038776
0.842593999364182
0.706429615119445
0.863567122433422
0.819936412387854
0.966103921724113
0.82036906446361
0.918849599078575
0.811441704900083
0.910341872626761
0.861900272186875
0.654100777098973
0.68242111887469
0.808952140270787
0.642804103338724
0.946222916244508
0.841999469431766
0.807998259638441
0.86302527073377
0.781818843053384
0.955293347470564
0.836475977170418
0.783491455329442
0.939595707935812
0.738346097838914
0.841257876490918
0.575724767835725
0.585345298576054
0.686177882606986
0.798887952102096
0.728795304353028
0.744579646616049
0.673173003560854
0.630461789741079
0.661554308996061
0.618354221234033
0.725715365605321
0.73962360034289
0.860625160958805
0.755686099679295
0.812884079437793
0.692817853439611
0.816130783693509
0.602309822693189
0.770929606202522
0.913722147793534
0.921439049792988
0.720893997812802
0.546034525297296
0.761441295724614
0.738632473869358
0.91929755483936
0.884025557591351
0.777639477794327
0.953181332270229
0.786065707086887
0.780576399423622
0.724616608962887
0.575385064996166
0.713334439687347
0.865004961105195
0.717390486427889
0.657078466624651
0.969950131307989
0.671622416085399
0.839780169106271
0.789711146226204
0.755840637062632
0.916946126425502
0.688149777227172
0.744447514309378
0.660685491678384
0.702654287518824
0.688940259818789
0.677737576258962
0.661814275094554
0.794576914390322
0.712579776954689
0.815255425722242
0.764748703771825
0.89428158647822
0.824343019755114
0.417187442043122
0.664383451848194
0.711868605438439
0.459362178223068
0.867118027844902
0.867190341741743
0.712604419508175
0.804869528781359
0.776964351866385
0.661854488502177
0.502201437337229
0.863835154208385
0.504758099284289
0.724734450541594
0.688600716532305
0.850134031227957
0.527563899316756
0.839994896994259
0.944446828513277
0.81476317826845
0.821593534028874
0.838347175196397
0.858044314833647
0.733648785315557
0.649780402318227
0.802723859920239
0.615679722033798
0.913647706150461
0.637461230561553
0.853534731927672
0.980042318682029
0.752816883588862
0.797508082519172
0.822942110795062
0.685750518410608
0.838584723058418
0.986456359376253
0.745000386321937
0.864747020390627
0.870985709922921
0.738966821703031
0.853001305062818
0.977901585682222
0.730791631380272
0.792869913448387
0.641337984877204
0.714188441943866
0.801054066631152
0.779309534587328
0.622065065551942
0.727858433383437
0.73462781769337
0.715923901039856
0.77242837118209
0.776296231891893
0.734150997198896
0.64544027957357
0.680928471146679
0.720465938939425
0.717980180608684
0.718105295658425
0.712932902407505
0.72427569044857
0.722671831806861
0.723021529209793
0.703114673083546
0.739361621830253
0.716233420776142
0.751263928735777
0.534800283303677
0.799130955587332
0.645252832808534
0.871281118472224
0.749881135166799
0.808551187533887
0.790158643051337
0.673049033618014
0.719357391228229
0.932876237422464
0.704032692550802
0.726137757882617
0.644296773579803
0.780939732106903
0.801589744152123
0.948177620441934
0.750894379894723
0.671955417188433
0.534032806242273
0.678425364803211
0.817700161941951
0.746641253103724
0.685225010085558
0.724773935348601
0.853275093309623
0.931197137427485
0.662706199703043
0.764674841243154
0.813461144279487
0.61319356269779
0.788889677459533
0.964677476761805
0.736472354523015
0.708687045329698
0.803285049397977
0.847667719645575
0.759389979018214
0.870875704897185
0.53628131136939
0.88542071346498
0.711375930118021
0.78638891587558
0.790258937125538
0.806322678175699
0.779278092746659
0.701188028032088
0.786696984053299
0.794644818517407
0.76124369414737
0.64833778137425
0.627131217000064
0.705426661816916
0.902697584409367
0.634720755138363
0.713234602506832
0.732824744657034
0.73951294592745
0.792539489681322
0.753135175879959
0.548960229876865
0.69581687869173
0.73294532971592
0.785626430473341
0.835084243218281
0.830787546928222
0.719835762409288
0.752887802340124
0.962906118734706
0.801466011256288
0.781148735487994
0.814134311730516
0.721079361178844
0.808040480716132
0.776979374172272
0.717158772632847
0.827611238344304
0.685020021577412
0.684088117668585
0.896611988963425
0.828289977202039
0.792821355881725
0.792160333966389
0.759443610510625
0.433882036368594
0.747605682780542
0.659424711570971
0.945727778207072
0.701660405142144
0.799564453162814
0.865441366704035
0.814700002208115
0.789543534794071
0.65159891371381
0.802928081931112
0.828860054484278
0.783048725605974
0.878556419460654
0.813011076098028
0.794948349948178
0.828810951902522
0.858701172512085
0.680325197876873
0.559652753666328
0.800489660311786
0.862919874832851
0.708147156014351
0.732939687789718
0.584435736931912
0.901672825347375
0.860230550718343
0.864793103400354
0.821312864891159
0.72773772531685
0.886425881177923
0.798616821026817
0.76308135746063
0.742735500941255
0.786518377512749
0.790861951587348
0.592215023158126
0.953706865802978
0.918116169152792
0.940405975544779
0.859513268915149
0.982912834745122
0.836670637481141
0.939255175300467
0.897330407771971
0.85735351426922
0.74342374656036
0.848342401059035
0.59810165297386
0.804767319040092
0.724255465411281
0.712931809831743
0.843274906021098
0.802870812592519
0.833029119811902
0.885270391599428
0.829655292774388
0.778329226864446
0.890635162638029
0.82204137440038
0.812286477216006
0.825107533790368
0.803023100047642
0.832392131637729
0.770402572507315
0.812182503979192
0.878151997261731
0.720574671831844
0.854452863134303
0.766432531152445
0.732182120811754
0.880832408774258
0.77777980521108
0.729367152476415
0.644597082898128
0.721284670140396
0.864221029110584
0.69546465573108
0.819603714009392
0.84360779954146
0.702073021642106
0.745421830492722
0.833203120959341
0.861691425719689
0.608492547026025
0.667318160028934
0.799587230746016
0.652432829532675
0.820571556039399
0.823203768783398
0.821603940942718
0.715604429657841
0.792247198045222
0.703552021745971
0.86500556700318
0.830366245021706
0.566268017954779
0.761844376287306
0.839293777534949
0.868409378493218
0.900014649255332
0.92403927221656
0.880837462714617
0.749138443157777
0.774653862451582
0.626251589240421
0.834445673254482
0.749010828925472
0.741481400905205
0.611363237593684
0.720247787580297
0.809651783529647
0.747860766297981
0.682729865265712
0.715866960818678
0.74590539116672
0.792356705972483
0.790556168117295
0.989552721826262
0.867800463443834
0.948441130139098
0.866975437475126
0.883919151348642
0.715702348516117
0.848174549177764
0.589823831929059
0.907792181459867
0.745981585607718
0.781740065060214
0.7928863451869
0.78430948640488
0.791349954898478
0.78825230956063
0.783853514732166
0.782732302725292
0.754251163004214
0.766310703378885
0.753564675368722
0.766000014899738
0.784170538677124
0.781635551448109
0.810329871979594
0.823961868373307
0.797265177919482
0.806900027945828
0.844821874100297
0.713147010334262
0.744699039990895
0.830422541520977
0.860293221055646
0.654955618560911
0.741447447366616
0.913243161039782
0.685802090954227
0.818078440375274
0.948210073434044
0.753873613697998
0.813018341858484
0.795349855989231
0.853557737187246
0.716107738285962
0.773386901269575
0.813187260447674
0.648122434779824
0.995509583741524
0.726962789705422
0.931195423383361
