0.81000370371655
0.866562980358824
0.935538864859883
0.812785107320447
0.967020578852757
0.866765383948462
0.86664540133689
0.937756046000096
0.902286756078555
0.905220850664557
0.978227111093603
0.999250409412209
0.898024920225753
0.962728968763989
0.682111727288782
0.700707297341837
0.871698408015943
0.839001859891224
0.994964529932781
0.860400562227679
0.988678797476436
0.721037598463261
0.836376345354777
0.883816150520084
0.933669839194282
0.936592845230719
0.861645598428999
0.936644637951985
0.971104395446398
0.944848100754434
0.838747624199677
0.76556257756946
0.855652460613641
0.909888411504726
0.69684491022322
0.816371629737666
0.693595516945124
0.782044220749293
0.93905151903011
0.946904585898912
0.998131561701064
0.796038667447425
0.907769222190852
0.706820400710483
0.760149219358267
0.94223575835633
0.835779337302497
0.835500600349387
0.190087116789073
0.81000370371655
0.866562980358824
0.935538864859883
0.812785107320447
0.967020578852757
0.866765383948462
0.86664540133689
0.937756046000096
0.902286756078555
0.905220850664557
0.978227111093603
0.999250409412209
0.898024920225753
0.962728968763989
0.682111727288782
0.700707297341837
0.871698408015943
0.839001859891224
0.994964529932781
0.860400562227679
0.988678797476436
0.721037598463261
0.836376345354777
0.883816150520084
0.933669839194282
0.936592845230719
0.861645598428999
0.936644637951985
0.971104395446398
0.944848100754434
0.838747624199677
0.76556257756946
0.855652460613641
0.909888411504726
0.69684491022322
0.816371629737666
0.693595516945124
0.782044220749293
0.93905151903011
0.946904585898912
0.998131561701064
0.796038667447425
0.907769222190852
0.706820400710483
0.760149219358267
0.94223575835633
0.835779337302497
0.835500600349387
0.884011255667065
0.866729083098482
0.62327516611301
0.688784951728496
0.844344622934033
0.639016865138823
0.991790479561019
0.901403117028212
0.763227649727005
0.826075268813734
0.923176155505872
0.924194573892746
0.697580667253249
0.85025154681101
0.778548629709601
0.878752858630908
0.852600534980966
0.846411584423915
0.716587888677233
0.872535688814854
0.948458803922149
0.955678587627543
0.915117586694025
0.869113167067495
0.448560776791947
0.875880371483987
0.926426854997313
0.854219014182739
0.873643287229422
0.95393988756216
0.839412897716568
0.773724968216369
0.960470255446485
0.772652568678341
0.954945150480315
0.708939508186201
0.904833729225601
0.844118947086265
0.943738869462783
0.981450461521955
0.947583228140028
0.979634935561145
0.965825282833166
0.90927056909251
0.89415354661212
0.997260650198934
0.951240389369417
0.905654151820704
0.996495247429116
0.914981430280634
0.952129152769742
0.917947653563304
0.88735877933855
0.880047422839268
0.933057504482716
0.922414532714588
0.833427489968867
0.97399184563308
0.976840427186508
0.84465757622554
0.809064936581743
0.822715134235202
0.90968788017738
0.905600504353666
0.883074170934054
0.797165661406305
0.758600627360159
0.925767605632852
0.915105008224106
0.796342170365232
0.812848508865577
0.938064716110138
0.766753484553502
0.699688051155006
0.852449529579703
0.996500483749266
0.706714695519669
0.84392269812982
0.785204242504573
0.944443757021404
0.838549273977884
0.896860323144967
0.930094565812384
0.77957818477812
0.750859616772508
0.94802613480523
0.9959620304556
0.938635688607654
0.922784919425949
0.709321995279146
0.924981698404704
0.995498762475045
0.977341398566226
0.9685321081842
0.866575729882785
0.892998838575363
0.864525160148561
0.949969756454488
0.895436439694266
0.87284278712869
0.86406331160866
0.820856260063343
0.93196255227971
0.932565882778199
0.885831505291482
0.709379686731267
0.984788868081114
0.918962343810551
0.977615783001444
0.738232091679358
0.933896556457228
0.945062302853842
0.90552530898915
0.926870854585083
0.912581786492708
0.910516609252791
0.88680613455454
0.857207446724083
0.83181806193613
0.856107731032883
0.919394387950126
0.90696472304478
0.977217598014211
0.886423072414647
0.783148918734597
0.992936228123777
0.532654823325214
0.910763375812488
0.984923060454281
0.851068552464366
0.885617862884001
0.86994650331838
0.989241742178084
0.878006151717057
0.873760260257109
0.958872159279496
0.797522931188003
0.940843496513155
0.850230085129513
0.83743852769416
0.712570208037316
0.892279814483831
0.824584759032704
0.757057109751295
0.830123617939765
0.838414384038424
0.926697435955315
0.935452597111077
0.84355158334629
0.787294434441535
0.754640044251266
0.936471774267786
0.724572374001166
0.987039682657639
0.895874431935455
0.860550525147839
0.862916940304232
0.955370194307451
0.970495364403939
0.975980563365932
0.712074215709518
0.867306437218558
0.739444793104014
0.849912881824755
0.810488625002415
0.825221549360974
0.907789623033995
0.892356270434395
0.94014943743046
0.989125915560703
0.833555854640383
0.980497136368773
0.908508378834459
0.959250570001553
0.933970120598969
0.854160514984605
0.796681164758308
0.916939634706291
0.866025036639892
0.855910803455457
0.835276386562202
0.753163157160132
0.815400963263661
0.791757926310176
0.962875634418421
0.87636125725703
0.997161815039497
0.962512787085065
0.893538519350973
0.908870665047447
0.978521938941344
0.916205340683329
0.866402457632553
0.948570774905127
0.910932236806045
0.921736094232352
0.86562908237869
0.843827732363007
0.94943836511006
0.839151839467788
0.719000762748031
0.813642166826364
0.827962173651581
0.971154751262212
0.847367334696143
0.942719922643047
0.789436285086281
0.777750466792737
0.930855972393842
0.90595536001517
0.788983092864569
0.83558804645561
0.837324001067365
0.85778524436082
0.720102903881096
0.940887956462163
0.968833645275268
0.997710444441708
0.922166335010907
0.917549183154195
0.837628531334269
0.825396250268361
0.73513619725314
0.868398030161124
0.999449364976289
0.7905945788599
0.802106662453907
0.801187922074334
0.796329498209483
0.729093723401655
0.967240903426405
0.844808244299176
0.545895631811158
0.961508079286814
0.877551754100725
0.81960400735043
0.926319311852241
0.614360242259481
0.97785862118416
0.954503386459514
0.885290929259122
0.831347965164136
0.935995917574606
0.970474477730101
0.940875832308309
0.945990926480727
0.80760676002134
0.901717214744148
0.950437988089294
0.816387247546956
0.852498344045106
0.824974698670795
0.819845445646117
0.79378669583325
0.751247018201042
0.8470408935866
0.894195603321243
0.643598851317248
0.900365626004564
0.80510672460594
0.847171547966318
0.776269969292885
0.292321121439378
0.757282105292517
0.901269243912355
0.784440472180822
0.921381877903972
0.87976242780558
0.453554518010795
0.801521812044725
0.718001075627166
0.776105598242422
0.931093813765921
0.79840790616984
0.981397144945717
0.952409440813672
0.913947925258073
0.766719038409729
0.77670566677513
0.858725393727969
0.859521939169775
0.936872302545626
0.787710504995875
0.833846007105889
0.91783923541786
0.829632239708046
0.843839006349402
0.693446667509664
0.906056722203259
0.957403409620757
0.88137262955124
0.873837441358067
0.785066553325105
0.698936314492618
0.764895311665551
0.795399894143828
0.986586176942728
0.843063622256023
0.785476662801367
0.877226438800118
0.962192745725747
0.947347546189613
0.812487742482313
0.914676566370976
0.924075652693941
0.86786792279547
0.857684539104417
0.848048336069223
0.891382296298282
0.884507457044739
0.815252497547591
0.934296124638296
0.950986870955911
0.807933080372291
0.92554032100322
0.97012849943792
0.975644217812312
0.996877556798284
0.908648061825572
0.760526341976608
0.835548185269744
0.906999051332345
0.693602518194873
0.64099024500048
0.811337927945246
0.830572681367671
0.824439419247821
0.814695850866117
0.860001584746093
0.823728373805923
0.862985198841719
0.534957621913654
0.503235859786243
0.912454128693259
0.668777420058292
0.821912959909349
0.819102972499214
0.983809965039813
0.852689023978781
0.860162714842204
0.801462490136915
0.799054125404736
0.764494284159869
0.710879529631705
0.77386790892024
0.766298766017448
0.764389267527442
0.751162502333583
0.760910879046543
0.763599900313356
0.743723196414363
0.83636271092348
0.824371553668117
0.92895843384281
0.83629259591111
0.721134637173304
0.740919505442453
0.745798135422668
0.751447962101649
0.751575380237827
0.752228734795789
0.763323410429627
0.749497946032447
0.754032369095756
0.734531486484713
0.74680645052229
0.761018407192498
0.763337357979328
0.749035134500728
0.76535766064969
0.738431330653622
0.92194181714859
0.916825920869184
0.925169048631006
0.735926054605615
0.949662298303875
0.937063746894147
0.655684195492463
0.976453495960936
0.982167809466046
0.868799581617721
0.988974153684622
0.896206845552334
0.811501156203797
0.948234690372575
0.745523233575451
0.849195704128532
0.936436017642535
0.98533110913794
0.927594305624533
0.955658187669187
0.86319979707145
0.7225316214069
0.846168257125091
0.999952674104653
0.859169619777004
0.842772894109296
0.854633792294132
0.899979349938433
0.890983638451541
0.93044073529567
0.995773169555605
0.857899120168424
0.787755629442325
0.934291112052039
0.851452289428365
0.795807007719897
0.95987748505371
0.707073484531794
0.926464752061118
0.746633788254893
0.840777719949185
0.873570875735631
0.965422303060399
0.947192834708058
0.957649063160337
0.902600027608503
0.706150289561308
0.790809494027513
0.97770937003759
0.834386804477174
0.991305650038875
0.803476589158302
0.771454919168418
0.985068261540177
0.790081837914077
0.876319931297514
0.826923861028326
0.958726299836521
0.982059462996642
0.901889714838977
0.926800713831866
0.684233936167182
0.892478646473005
0.851685238479315
0.891682449258578
0.918809246128027
0.823359454039889
0.82805727776961
0.973546099512588
0.785176028918874
0.864226722316944
0.83198030358712
0.821625933982222
0.897405819949572
0.951478573510964
0.554595303412222
0.80118594292937
0.78651129074286
0.87880630302635
0.852984717710262
0.882332084607729
0.824287733985291
0.875097375661264
0.681426922369056
0.913617341918308
0.863393576562866
0.829299291404618
0.814770470797016
0.695280334134071
0.766213780063411
0.8941899796862
0.916039586933229
0.848485538453024
0.827906348829361
0.930547755019965
0.919216854528032
0.821986341544338
0.959568785237882
0.757528823899828
0.869297034335045
0.880494725348293
0.887228878180375
0.988446061628588
0.8998888414641
0.735111870102484
0.898930366020283
0.74158913214607
0.761034515825156
0.835577429415387
0.870199995598623
0.925031074864389
0.841509956466344
0.866309097729951
0.837092942242435
0.846365036830076
0.844893944989975
0.875786581615175
0.833450507047103
0.764320637443905
0.881747879073942
0.901242836163299
0.680780000155983
0.923376662184369
0.676141060034418
0.793334738775084
0.958152080516575
0.585945418628694
0.965690123832536
0.993025157012909
0.584026485899452
0.907129987880103
0.995057130976266
0.927758058032041
0.983504758487619
0.924760737656638
0.800314908697748
0.843049841257406
0.747126248333418
0.727412847713158
0.866261511816349
0.93529044022074
0.882737602300444
0.960546172489201
0.883570159561949
0.849021703842348
0.78928379581614
0.904368183205881
0.862430567188528
0.797827876406329
0.717067801978644
0.634170539276544
0.72684515733968
0.782786682679587
0.949158053117356
0.752007212025778
0.940951345514859
0.737810174226701
0.951560757316556
0.883076820382975
0.647876455221886
0.859108761398174
0.750582132861232
0.82121904897142
0.800543634257803
0.827792603209655
0.919297294291404
0.872090937602122
0.617039559310498
0.904325976565528
0.919690967323256
0.848142302663911
0.958706724184725
0.964479977395731
0.848008168428551
0.895212675336186
0.854175056552679
0.922142867071978
0.931257601506984
0.878803774024544
0.797944613742563
0.861611295273846
0.940209066551702
0.885973725869157
0.657693206818472
0.620391431753339
0.962747739447768
0.893836492776057
0.917897849240202
0.779672449703933
0.889771506789169
0.779913542653746
0.85325575612827
0.916771106228768
0.741187572925873
0.801248805193423
0.77139329390499
0.768800313359333
0.785406240091833
0.788817420298901
0.716747438411594
0.915906000724769
0.909028258395289
0.796529984779198
0.861517022447012
0.787762883157088
0.823935900052877
0.820067617787637
0.815926821857979
0.824125057264528
0.820969349558276
0.828714441711953
0.821254332237143
0.822492248358983
0.827273729955247
0.850065239676366
0.865598552803072
0.868343677978504
0.868305971591047
0.750074056320736
0.891432155800003
0.457548655766704
0.73597812162641
0.801897536602986
0.832840040031536
0.817261125513664
0.785773023166808
0.949832265243322
0.638293821851025
0.766870572461739
0.547111738598341
0.676077437263113
0.670981236495871
0.925814144882143
0.953725590174781
0.909773245046193
0.779817742367825
0.740171279290076
0.916928185429916
0.902496197095783
0.756061474495487
0.99937047856766
0.96820184031193
0.917813792271652
0.881444249125347
0.903599877826703
0.885391741655554
0.791489339740479
0.791133951252375
0.982285245143553
0.88390214545977
0.983061921723101
0.965548198029322
0.889947774716235
0.923985199119736
0.93756154991475
0.812887090536652
0.933103665638755
0.95359244778693
0.81516118851942
0.926642283153071
0.859456113269774
0.895139941754989
0.912547374684621
0.797817818315793
0.954965655807111
0.768175269169088
0.87621487347022
0.986952971393295
0.996730424435192
0.933350918820338
0.90740584897257
0.930527618193301
0.85095282562553
0.853119089443451
0.963365966710448
0.928952971161609
0.945247645562558
0.990216283059201
0.886099988844239
0.852181541135135
0.829170284809695
0.908689631481744
0.96244289383315
0.974138551008005
0.842256591957589
0.810826781417907
0.788693958649054
0.859047359938998
0.980482473230498
0.772715734796443
0.747654704519777
0.79030061434
0.830673121453571
0.979041127630144
0.87543750738454
0.921854285242813
0.920657315774517
0.883673727368416
0.948537038618193
0.894666836876912
0.924339317862525
0.91033167917657
0.919961796438515
0.957719495067308
0.815159449189881
0.930037717238018
0.870734315059428
0.957361703623475
0.829643481841859
0.980911815793233
0.969780351941783
0.960853362571659
0.962904564516213
0.861590913845191
0.783458556186965
0.894724989400146
0.957771511625756
0.690419696914522
0.952651987090625
0.881474525848629
0.76307606905226
0.746833368684358
0.948211471759176
0.852416356221872
0.791149217298906
0.85073591117508
0.966599822028189
0.9974642703638
0.875099153518821
0.920124467761869
0.841125547641267
0.794459459388908
0.736949420432304
0.780790347128469
0.823382383533646
0.792995950380899
0.904150274686938
0.85275564313635
0.827539078071932
0.913283519872535
0.740571229134821
0.600547675949333
0.8734208862836
0.964167994503556
0.912923735954251
0.838171876229269
0.887811451025213
0.94304413838743
0.887673624780443
0.860909734275153
0.973708054867318
0.843822672031531
0.94951148692387
0.865825547801256
0.960190427757989
0.969064719428153
0.927294708934499
0.819141461683555
0.875724979728465
0.920225618136759
0.996549747894608
0.859801777106388
0.832935352212306
0.730025295947341
0.797539517989139
0.87270325950258
0.991946272582501
0.892180923086386
0.904913447948392
0.921458780578412
0.93277396075819
0.916224316752179
0.940640618804771
0.853239616732571
0.946590223538415
0.870107435003581
0.861115303056581
0.97095099940711
0.635262172315196
0.891577614521852
0.952236450607849
0.751544641252577
0.798320594872853
0.931382648664585
0.883528887887378
0.927427042022712
0.780459149754815
0.845187280500373
0.861461586674969
0.98709737263768
0.847160763975554
0.829171532199892
0.708938811063128
0.832972325032423
0.93750904495004
0.910142981716856
0.966223979671519
0.86692207960261
0.876953776280451
0.983018764612945
0.931148063900527
0.997045148801891
0.916567477032931
0.81730131371451
0.867001187596791
0.960292039738482
0.994133713972854
0.910187903136932
0.966879760575912
0.889775865771515
0.964739464117847
0.953791953582396
0.908710012517474
0.830172419758443
0.9576441762777
0.995387750438511
0.871808178358838
0.993980526561334
0.850656643776664
0.924749593594018
0.879147266442447
0.891255792191268
0.928430304559988
0.990370714291282
0.932824731429108
0.892540366353818
0.970642468244315
0.994073837087202
0.89154115098233
0.991156850082333
0.878294545910479
0.888803039077188
0.932003238883802
0.915657567740663
0.949151899886115
0.978129904350264
0.93085226442075
0.936836176149216
0.99565131451476
0.916249352961055
0.850749656213506
0.732682500517158
0.548365547041657
0.77046372972454
0.763253514908162
0.865582619952513
0.881049197188618
0.811179825508339
0.814953347978506
0.778650859443067
0.848643232672382
0.791161596968526
0.816936928862101
0.88204769541192
0.788455549315263
0.78280097675724
0.788608545048387
0.776278423439809
0.76982990262501
0.775862016864917
0.773086170436831
0.75670133616696
0.756142654838079
0.785353840271404
0.799450613245377
0.710787595399021
0.741207600497504
0.777310771154698
0.747886901481872
0.746184732839264
0.851039923261766
0.923921239736672
0.859755715817559
0.715642061102736
0.922391960332236
0.906710058570183
0.941520900810786
0.819797194084701
0.782519125695929
0.769151862664656
0.791114813467325
0.861363470222569
0.750751147281189
0.779350074990379
0.805750497428378
0.818476875868079
0.757338734469334
0.777410061131647
0.942668749907617
0.981091844110979
0.62491548038304
0.901628743543327
0.960144445678889
0.979986496513586
0.888741600096295
0.909702196975563
0.782278430882867
0.965132897140763
0.820707607476324
0.807906841412385
0.613103918369934
0.748781973372042
0.725554921275345
0.911516680128266
0.787061427047291
0.931832182003095
0.967350478342217
0.861846570464649
0.90213426779193
0.944475592615767
0.997254368372581
0.871388611115392
0.856726132449228
0.852063130117341
0.87868738422678
0.789421138789759
0.876201359138578
0.85722528929423
0.889279461958908
0.853642428390338
0.847462287432983
0.87629207145973
0.992761170611941
0.92960980200044
0.940315896960864
0.853455963640241
0.827911439115846
0.799783760228503
0.863410849278119
0.866055946515754
0.877802007409232
0.927003399159901
0.960314938032611
0.868006888980301
0.863378646828185
0.961820710631561
0.886257789423006
0.908280438614982
0.955802019408559
0.879539345828521
0.772944862824037
0.902396506309743
0.963125540625381
0.996430556588285
0.938600098081106
0.903878044195134
0.911678280534768
0.80476862062677
0.913189667107383
0.903941856022229
0.969662390453023
0.998895573639423
0.907779750119143
0.919932584360609
0.825907158931024
0.801784384730829
0.904937916157886
0.841520343013986
0.827530602943585
0.69414914161739
0.897286708149917
0.957678722026701
0.934609803160799
0.814449418857332
0.877986310808467
0.900048136181114
0.93381464457736
0.906115267215018
0.985383260550824
0.82157573222282
0.914626617108911
0.86801097541762
0.982339870767053
0.805880053460286
0.933885519341507
0.911323542492908
0.837418169998201
0.943463903100171
0.774269252164463
0.859914739571467
0.966354043672675
0.775386169212849
0.83549460269041
0.779899205993828
0.798958849018863
0.952082275085842
0.766738771955092
0.801760263492087
0.899184115356601
0.831177445816153
0.79674856687489
0.846270054381219
0.792134373017067
0.796284191341992
0.869597444254217
0.764028720171084
0.802090724226399
0.789033511087722
0.699878240513671
0.871107512128433
0.91174896374491
0.697481909002434
0.901472547484162
0.78670608677824
0.798266837366968
0.750408726631616
0.762563369522124
0.77323053027103
0.940919505831289
0.925254683990754
0.757315820379397
0.82044270414126
0.777184279789157
0.745293708035895
0.819308251064273
0.812953610511695
0.743775114009514
0.913726551285544
0.851491465875443
0.939796965016786
0.969936067310745
0.889918513619074
0.992626074280956
0.843720830024016
0.968259864241621
0.99948731030639
0.906854300102422
0.900795996655259
0.845745351219304
0.903003792917301
0.821853063167349
0.774299179565417
0.782640040932947
0.731661470727319
0.738304665974889
0.835901961306879
0.975296047373432
0.92612157939934
0.935218679724041
0.930748600353304
0.937100520220368
0.731484715354772
0.906419340085017
0.963244312031775
0.883628512108466
0.836801965426012
0.884541919325242
0.741317010013366
0.81126537637648
0.924110582638365
0.791074831559984
0.876758354479294
0.854077068624053
0.790084514522558
0.892255389929476
0.771676867422152
0.924131164923468
0.802608406798278
0.696169304099188
0.975037200546462
0.671600886095268
0.414876889156065
0.896179734185151
0.884732307272596
0.871482848124772
0.972774668737282
0.942093922028586
0.707816064502416
0.878635883643077
0.907069124650215
0.867067168749324
0.892438019374869
0.911725497836952
0.80592556887442
0.965004099569961
0.882544567153235
0.926633033762703
0.925975361249975
0.705483752055142
0.986418837120447
0.769518287336501
0.971381728142613
0.927811601697949
0.923807126115311
0.872774116497796
0.899443493182214
0.652500282920982
0.938128263151914
0.999895245694319
0.943316484859813
0.857712937942572
0.795586671242103
0.808149781270849
0.886678871935948
0.932676901324895
0.90807079780457
0.838125426152895
0.769852027293807
0.910596629563464
0.80508360344848
0.88648464424616
0.839672913234439
0.768036722607532
0.920138751809874
0.883845559801591
0.942401969064231
0.856414473129463
0.921492245655593
0.805250855884202
0.911758632882378
0.89456524632421
0.765326730361769
0.931567886374909
0.931342245471771
0.910782965987872
0.877574601662542
0.722209473009186
0.882505698498937
0.83899743521299
0.794680673626332
0.905519545335029
0.937906445141139
0.824231618836024
0.793941329042224
0.709441079050829
0.826398163749442
0.924765298264802
0.816467337009841
0.703811374358902
0.84440195577217
0.722171805165963
0.7551963680408
0.972411711782276
0.911561422509711
0.680365049396605
0.898732705460643
0.906340824612517
0.753114311585963
0.830070640738113
0.973247556615107
0.79845190649631
0.951243366037377
0.845470845023761
0.864776524893684
0.963668965559066
0.937169527741021
0.942905876815354
0.864774168328242
0.864457476042993
0.974137701982389
0.870053753489862
0.986111066814926
0.871686530702632
0.86168356925109
0.866048885804594
0.818703968087706
0.830787060345451
0.879208228544199
0.833352996529018
0.914111937676553
0.911600313184786
0.996871856482766
0.953286797943906
0.846898688313514
0.766301627953295
0.795367666052814
0.897999562092923
0.959596639159217
0.832127130223128
0.869763629367012
0.904386942063804
0.955003678232443
0.924031628572005
0.966148188057083
0.904466020918466
0.715264987036425
0.929729027826401
0.858486685411579
0.916055856704679
0.970223680916278
0.758334297995257
0.840796610010517
0.822731085422359
0.825129672205482
0.917117813633417
0.983654088942938
0.809960020338795
0.916218483450954
0.767470810099584
0.729694560929555
0.883625106627731
0.785762625980758
0.731033477111635
0.710106312633603
0.812562568617164
0.963979693532476
0.710379325425629
0.893327830829454
0.79196220523426
0.974229995062214
0.879926398583883
0.992555965094474
0.799791048689574
0.848842919999556
0.845251813884599
0.987433847448773
0.908645792353426
0.955108348024608
0.954405963903279
0.924333156705209
0.904876868265904
0.934542779412495
0.890317918419278
0.743351749841131
0.751381406182199
0.830953542235219
0.945733820860743
0.895752271129627
0.880429625322375
0.735993019899181
0.706061245981688
0.972170233724329
0.880313505706567
0.784856956035495
0.994680300537597
0.827785355901132
0.964763483347626
0.763609352386139
0.931775351990972
0.821009673229761
0.715124839148771
0.982066984195867
0.925327459264372
0.968402930971597
0.937256685976095
0.994157687444515
0.938418637165108
0.798280945237491
0.983010898927558
0.940720300383741
0.980938347465602
0.857211053348404
0.89999227512462
0.740169869239863
0.936418567030704
0.810834799158154
0.95685976098074
0.832857395477746
0.960449990863955
0.5779103530602
0.910518226872827
0.831845834442553
0.928580539442235
0.797261328073357
0.863174490636599
0.931950796897669
0.788360990205145
0.812186826757315
0.820750630741967
0.79837526900999
0.795979401820223
0.802899673184506
0.792165743792412
0.909526781893103
0.821319840715887
0.893393399674183
0.976553210175075
0.834634069514367
0.941096890836783
0.886893655999189
0.76866861786306
0.608415514618864
0.891963187874679
0.726439194182678
0.849183942570581
0.824289425746841
0.936624479436216
0.968048370032771
0.971007119387274
0.960411192850144
0.976965503973268
0.835971065850724
0.832284805522983
0.968416044090775
0.883953618748127
0.846369800137417
0.502463965896017
0.712914379404463
0.727598681105365
0.841621095486365
0.747138467835433
0.950615835262414
0.885220464592633
0.998829851875662
0.757319271757874
0.950282760183208
0.914753806438662
0.757703158319806
0.804660600407939
0.96670236907623
0.940697988558725
0.727973984201886
0.821845310518583
0.85029002865977
0.758174878738481
0.791148193023082
0.843978903897359
0.837756400602448
0.824447784246863
0.99265296378973
0.849357752614742
0.992973454994576
0.840242954324038
0.755187677746878
0.919349839639824
0.837692923246075
0.742614311572494
0.794757430914244
0.750687771566308
0.732211820646122
0.800053180305554
0.797773591005584
0.889396279541003
0.947844118948893
0.907240445351531
0.865151196855613
0.769393898650887
0.916882435692382
0.768833689712253
0.85786881045231
0.934019839304282
0.874165232060229
0.83812170438792
0.753012169907621
0.977088026927015
0.790503248060952
0.945932714031916
0.885147107683559
0.747099173602538
0.736148557283392
0.992507841935816
0.903170215367029
0.894209512763052
0.881866886991668
0.927104922785118
0.819009441186661
0.929988483022845
0.980882002896803
0.987083408637845
0.887800679078216
0.940345324651351
0.731684175449382
0.903404579356287
0.96346796263182
0.798057822518038
0.754658906155327
0.696307646400314
0.818636174181475
0.931963961852474
0.880141207432597
0.888437986613984
0.921812120505264
0.927906207367652
0.886640982776908
0.89345798581353
0.760639885452145
0.73985323456172
0.950054240886689
0.839088025280674
0.883446943873608
0.751292286605981
0.812994978666299
0.734762617601306
0.76917922903186
0.938867420693771
0.819584153218308
0.874926875391167
0.957050750301415
0.709257343613099
0.817961925085161
0.754268289982573
0.921934642949699
0.800960636228646
0.999041345584057
0.791110485153252
0.881009758405848
0.929210606156185
0.678384036415296
0.937721303865894
0.848288554412843
0.950309241378394
0.844788132254739
0.963588869915406
0.948491634971895
0.814578326912754
0.861183345947074
0.934359640243969
0.942176117169039
0.924860721505532
0.910871838559458
0.922851597321378
0.983659980276528
0.992241905462203
0.791053965650147
0.870520005339157
0.892497675701997
0.811400809971355
0.723103897015259
0.960017282047279
0.825509728774595
0.931689999508968
0.970094237548916
0.909252786134365
0.791964573688585
0.907286647285833
0.742227693438725
0.891701787716955
0.804554483940931
0.826908115801425
0.762489225654071
0.839035714016462
0.978727116512675
0.863016956598949
0.955264203906206
0.871062692510236
0.831676466192769
0.851297894904174
0.85874902167392
0.775788459192637
0.817062305890928
0.87280461345953
0.956399698415184
0.844208357798388
0.932411892689917
0.9986305411046
0.783113994320933
0.909692805660352
0.647922575292588
0.743839797917213
0.711228946309987
0.926686024822923
0.664999651838582
0.699672664662027
0.838099967798461
0.995730183308411
0.712155102572936
0.976346580223547
0.853346983016846
0.880704981123568
0.764344168662151
0.943309359347256
0.863469996041784
0.916656263233258
0.803224805732219
0.850523759289529
0.987394508416887
0.764890918577952
0.781822251297166
0.755163339302518
0.640412768453581
0.758394481762339
0.768776719763554
0.775124614392415
0.588506077878458
0.646090309920554
0.798250615883711
0.84721847399297
0.960468856232874
0.905287111123151
0.750106152262744
0.867399275166628
0.76881211442205
0.532742685557474
0.77244992281798
0.787538384841463
0.726229755178058
0.715974043751172
0.863368041678738
0.93569638014747
0.802258925446989
0.85254197136212
0.922149704859847
0.967432795610929
0.899903152344983
0.806749565996751
0.981996742706765
0.99620879914811
0.802988803255562
0.794674516361152
0.814436323920059
0.802831880428579
0.75463461284402
0.833299911225755
0.728573713682685
0.85183311980404
0.674650622136813
0.819472283156938
0.817862293548103
0.885512808448878
0.873816872130348
0.891535958230098
0.818601505783489
0.778523098343708
0.701668218926487
0.724393176856912
0.768664998543443
0.953183030244713
0.709896555485376
0.835462870701303
0.954604974517674
0.89874630823016
0.958469903195122
0.840071435853492
0.931519306494851
0.908396478036536
0.997529635587362
0.82753014262942
0.890899601069918
0.865120858351532
0.858696620650177
0.988944427469255
0.954692594000401
0.870745261173392
0.723770424272787
0.721980858391452
0.783633651629654
0.796409748112144
0.976957022262865
0.797194977775298
0.905918758228234
0.753693429150007
0.628186075842515
0.814248086886868
0.911020706706249
0.86346863587722
0.900544486087001
0.764228471405072
0.842990919049325
0.919518165737872
0.803725578236764
0.773635266876224
0.794678955307732
0.792632488314736
0.793031163898283
0.793783245869057
0.793166781364609
0.793381968179029
0.79338131433242
0.79329626892315
0.7933808350078
0.79338681399573
0.793251836402085
0.793242344141853
0.793248957382389
0.793200953339687
0.793002467730377
0.793068923170036
0.792412907203623
0.793368896743469
0.793624855802746
0.79380606471632
0.79391809505203
0.79368437982993
0.79440205671663
0.794621399802063
0.793792934464237
0.796489860535174
0.792906551031608
0.792809462954349
0.789932940116811
0.803513471234474
0.721118346379088
0.784082463862078
0.869046119440348
0.846840840912837
0.824351251154941
0.668801673186568
0.816523825931155
0.825048270992311
0.84561495562397
0.854904590049665
0.884605339600564
0.952294448171723
0.970649334184742
0.865866589585874
0.918677958627174
0.818726067226848
0.856020796431993
0.952076687538333
0.84101191309181
0.920637112046379
0.824482404857207
0.817144897092138
0.809254564273891
0.70344624250489
0.705008998929935
0.805147068698336
0.903290591260862
0.854274028846229
0.633211089657155
0.967186435124818
0.927242849720759
0.952073227937126
0.937635003361713
0.812285857558982
0.613502426316269
0.856628717618554
0.880418152591009
0.711333184051293
0.939467113484896
0.949660316287901
0.998181955124487
0.758038547296396
0.803699188522705
0.762596505201967
0.849800266966611
0.883813578705091
0.943616095918016
0.984242517600994
0.983778004922347
0.929285874312445
0.924412018054131
0.941605383238957
0.800397448852324
0.816984310352952
0.923497849287572
0.983996459797375
0.842371314435168
0.842047023891483
0.688772178448919
0.864512966721032
0.78813617019637
0.995427176891674
0.86115156756714
0.818935137002653
0.804090287679963
0.929557611153096
0.912674006543894
0.911767255119862
0.816519370600831
0.834486038095527
0.772608825768597
0.994689062872157
0.774774618777454
0.972627696218243
0.824153652081808
0.754292819228063
0.755640808361301
0.678991281786049
0.733231439078875
0.723136419038932
0.77066580648291
0.823884524753694
0.738119071466281
0.937056439848035
0.812950154461882
0.705906139745314
0.881031089884622
0.651937819021935
0.479257049792075
0.825669213627472
0.860997067941761
0.80646290973564
0.877237713396647
0.983010482672638
0.776553747603424
0.94221172736444
0.836991094956351
0.880888059055765
0.794514381205748
0.991124914700085
0.886459968580474
0.852327381007882
0.906237183847791
0.780832647143681
0.84847029389527
0.974973133805561
0.947349584869895
0.959603843759662
0.947589619005035
0.803715423632158
0.969125824544071
0.924445630868217
0.880869092745568
0.860656218423716
0.876224321135742
0.879147831707844
0.847042368678895
0.842409523580984
0.994506676768309
0.791456026946448
0.928684440637212
0.86394089553844
0.837721808433188
0.873942151960473
0.817249536666646
0.73797366288341
0.828994863177388
0.956552352831823
0.9037839935105
0.658033678846178
0.511636959480637
0.784305639440462
0.843223331854418
0.863344578690187
0.906950026369439
0.858477010986666
0.943757942779572
0.621650162970895
0.64304409538654
0.803735619835488
0.890503223828755
0.791068261411066
0.890028178684446
0.863194959122297
0.907953282127251
0.855781581731435
0.841310143613831
0.913938959382502
0.789395825267352
0.916395315902318
0.857400020322884
0.970943152286193
0.995681138545215
0.955943026144184
0.951706617294776
0.770578200475685
0.750653142974414
0.920707853371467
0.745259597438184
0.833377603219243
0.911771011103245
0.968115558230803
0.902856475148053
0.871753673354249
0.81399298348887
0.666520668226426
0.861408145739991
0.972677563015424
0.693786569946408
0.924049107138384
0.925758420679956
0.867408331199128
0.972324217430148
0.82784231940961
0.767177622408181
0.757146400309306
0.84549898257349
0.872101492392075
0.934077368475678
0.866952339266535
0.844548459559858
0.743223873199578
0.995752963253882
0.920761584731539
0.955251065250614
0.96507723535061
0.85667135626347
0.849345944872738
0.957039789160044
0.854754891335761
0.901929563928192
0.807784114032924
0.746887784240341
0.867004131950381
0.998000117848846
0.950937117352155
0.938481670998582
0.790776060054442
0.859237005281697
0.790846025351159
0.891690014678663
0.905802152114193
0.868266977767114
0.869233812167801
0.899174942691356
0.586984333201782
0.996150168426933
0.899441523872387
0.733912422719615
0.863004264387628
0.674486296747783
0.555608654220484
0.605237295866832
0.876139747446475
0.868878912823058
0.813659517945751
0.906797807353163
0.878491109928981
0.851713720509114
0.82898799548356
0.802481525551508
0.642783676328497
0.89559166279678
0.879642034512718
0.713353906202555
0.919856432798977
0.734470893809889
0.950125279778577
0.722324188236955
0.906780154055395
0.924453452552584
0.52872024862797
0.899172489062191
0.870006045036384
0.89611863993525
0.953394295893655
0.880826019224688
0.916227420144307
0.807984635303446
0.977168857541395
0.888991999487794
0.968165977285671
0.921213518154886
0.946066463742834
0.920382496008965
0.983719569952844
0.982380384274451
0.986210722648574
0.953233245575519
0.844986004184858
0.888484743976878
0.880741730461534
0.975469851231529
0.957948625926145
0.987761554723577
0.777130206853392
0.689474891743228
0.935565843948876
0.883736590724639
0.973630395887835
0.978638345201745
0.895066642181772
0.902923135472596
0.907746448557079
0.945322501959205
0.855586789385271
0.769117231635653
0.705412509822001
0.957138408942245
0.829364495830295
0.768043495513749
0.803560961851623
0.976025445306193
0.979657619805005
0.960987103240485
0.870254089855273
0.85581085846387
0.695435193143561
0.584195081817705
0.756954732655547
0.837835959619562
0.899559046456397
0.937574487677172
0.854698150450369
0.899754467363696
0.950784041462848
0.941029917951543
0.888237468785698
0.924675399468278
0.853828182318584
0.89292340140598
0.889812164060988
0.934187175088113
0.966552569395221
0.983407808485347
0.989784058118478
0.908340339329454
0.881977973549693
0.810226656941845
0.893724473095909
0.77267863180949
0.816158652079697
0.970513721737168
0.98784639197665
0.822378530050163
0.753326486821883
0.860306597373454
0.793402945184671
0.875127869791958
0.998274769209327
0.884794818725758
0.641920319440174
0.878758979778244
0.80456217924306
0.878127324598933
0.969862568751206
0.90929591830941
0.92935672601798
0.701538849090543
0.881445924374422
0.973591406716367
0.897587712875092
0.87122521838863
0.792354979992509
0.704485855207604
0.71299929655079
0.835529910603546
0.978378855337881
0.911214485183268
0.908014503977274
0.905246800582332
0.803428581119673
0.891484517222457
0.917476251821082
0.958134045688327
0.863702198320676
0.799902861059008
0.806678736806436
0.963237896768707
0.937188713034335
0.964326503697157
0.902653943995737
0.760699604847159
0.789785772508811
0.837442305585862
0.963847013015733
0.883247543697502
0.782922458907884
0.897328003994777
0.873095024002793
0.296347630227104
0.633722399368223
0.923478553550745
0.697169660838728
0.897757488098536
0.716867112578346
0.89100896628927
0.892138100088058
0.872975375835809
0.882918104027482
0.832772653261317
0.914650093044868
0.775380422319521
0.942020289783698
0.685636208293741
0.909177126832718
0.814470281328847
0.70670920291228
0.929197417185883
0.964935862367315
0.779188726378673
0.749461850927771
0.710391519364688
0.662219918240532
0.645752554271611
0.662721974760248
0.721649948255253
0.911399712934665
0.984002412059789
0.929965946047363
0.854430192623477
0.756915149168558
0.884763784968302
0.876384147798121
0.795384912362524
0.942933746248206
0.934837320568705
0.804701241198451
0.850719160395186
0.841093723721581
0.982789303140402
0.977646967069286
0.962939994365858
0.969184276198127
0.980459207321601
0.970532392736172
0.883689807285434
0.996952948164817
0.989978378017318
0.996006551296119
0.864023434065806
0.913349454762357
0.899094349036648
0.897326903549517
0.97727729270194
0.925417500946354
0.913150703990564
0.874107074257913
0.89670554429984
0.882565479088357
0.914038446392703
0.792458368846588
0.752525872096527
0.781145023712555
0.672643042820697
0.745443900330635
0.970147180923929
0.878012211665927
0.794073606780734
0.83724216544595
0.802798365737477
0.891856757813729
0.91722187116893
0.97220499312051
0.941286670649653
0.971071222541795
0.799493901731345
0.883082337824132
0.657478357776909
0.859409608981936
0.893362529959298
0.912909200879786
0.998579762950462
0.73089841525143
0.880551731952743
0.769736866464005
0.874124307008115
0.996229088662703
0.871249628377599
0.42095805142262
0.853537491107065
0.816416693342891
0.880697374613474
0.768109057546621
0.846927270535048
0.877772228180398
0.794040628733751
0.933970764656768
0.981000694076529
0.910846222074788
0.892857495293345
0.845269318566621
0.852260834650587
0.972743474570566
0.920115029868894
0.938794756013333
0.905332584400626
0.795260194279363
0.712271710104627
0.946221001049611
0.951224801295708
0.976477517939501
0.913835824831172
0.929126877381962
0.931057606106324
0.940053214961383
0.864935312560527
0.690661414946329
0.913290653331664
0.826514530788743
0.787006399128818
0.771114851841749
0.732357856159443
0.738280726494162
0.734373045799476
0.733238298705984
0.877207970138111
0.782639067461396
0.932268692874497
0.628431669499626
0.695216691374548
0.726441587993386
0.715413323773562
0.718498784293721
0.710790031760522
0.721661036829678
0.730315573360373
0.732786033941052
0.763509331258007
0.7367638188972
0.708971809150736
0.816811930012446
0.738268839383888
0.932906238039596
0.695248019931689
0.663464857938115
0.839294693419452
0.821518604562991
0.477051921830425
0.862657158939682
0.934760152794238
0.993691430993319
0.805460824130882
0.677663457476636
0.873468891836238
0.819106203285694
0.819631809418865
0.984102676111184
0.99079193720288
0.95927652327548
0.8205432459575
0.972655022100866
0.885064880723684
0.744275479598993
0.767645641817652
0.811806665381161
0.997128174024383
0.999163767908754
0.97692198004892
0.800692065364706
0.84438558077227
0.811004917271028
0.987707405681145
0.795015529834425
0.789476431607343
0.848698417173785
0.868342144286258
0.750180736677155
0.771633527909346
0.667673669484944
0.57224023942558
0.953825880814661
0.877557128026285
0.900878338884207
0.985800602188684
0.56750950298181
0.952354454487479
0.812601104379076
0.679133980936482
0.760688750921472
0.709319392540913
0.70251737957918
0.835755058021288
0.919669403737312
0.843498231526073
0.709028645188094
0.695124547788327
0.764553023690782
0.729846328344823
0.835671993896513
0.839945354942022
0.860365156928716
0.982778245445609
0.853205174567691
0.930626245939958
0.960787483876193
0.949834783258376
0.77674696434196
0.610326888003106
0.869871621689492
0.850327032205382
0.834898697742162
0.85086700519827
0.871967526143842
0.970635392024225
0.948915106655723
0.975083474343112
0.889330635130599
0.962865656354114
0.916623460798582
0.91972622277354
0.927726502553071
0.7683509697929
0.685776218806242
0.773809143545376
0.820033455475825
0.770455181539252
0.915592340439819
0.979655975372373
0.755671194081707
0.930578303235808
0.924561197385905
0.957912767565562
0.971111489169305
0.855720783081875
0.751842244378304
0.90052700393793
0.931029111748077
0.72422281660774
0.887513634886706
0.924594442352202
0.838353657674329
0.841419481792454
0.90617129016005
0.788049664627507
0.880068453949323
0.98039137809766
0.937910011743587
0.941187991355266
0.790359371298391
0.82735625457947
0.813868629120786
0.85439187522143
0.775608079262688
0.919156813921179
0.735300196452495
0.832542088697343
0.743183745213712
0.98367607847885
0.78220360178928
0.967740479655022
0.800567381459303
0.89596151263748
0.812640938408788
0.894186191966916
0.946646357410387
0.91847783749969
0.916384775058489
0.986646196305297
0.901293689522871
0.912460170627363
0.956915874143414
0.934512428170808
0.997105751357039
0.836076582833552
0.807325011645792
0.831994166370344
0.917952560469364
0.907177331517057
0.968786781544831
0.853188748623272
0.986525149730161
0.875638190613821
0.873039357826675
0.904976747963548
0.838415811328579
0.835186635943447
0.849373696282766
0.869658674100047
0.819470956487923
0.837038213512573
0.797166021829524
0.922262396594705
0.897622767203095
0.853102770628952
0.882674200231649
0.922654859491771
0.903041618297685
0.982174955412713
0.902844199634137
0.894053890175922
0.819095329694887
0.912489161387401
0.795531657453997
0.843056170129517
0.946569313097063
0.643710879729313
0.569793829179049
0.833172748716543
0.611732821626435
0.812901872752313
0.930895923079642
0.944668734970745
0.796903817610635
0.799056634355407
0.875902460008009
0.78310619530978
0.985662081840244
0.930370034507077
0.735329365977587
0.937729512168211
0.552279932718437
0.916225689630522
0.987031336697043
0.918625913346934
0.940990853632652
0.978652648352069
0.922910003833839
0.910171216723388
0.94364264328108
0.902000675471936
0.736090900753692
0.951078938214723
0.789205165698287
0.843559206210875
0.803894350199747
0.938571422977923
0.99109035414113
0.919984892055977
0.753380344604773
0.940739280961818
0.938578909889162
0.842450139948919
0.908058839807519
0.857346434613297
0.95550914936032
0.787351773411469
0.868118550504012
0.831520153762114
0.876893637179796
0.996560953145204
0.978603776053201
0.760153965995612
0.776340884804288
0.781589726663427
0.784941889917617
0.789179134382254
0.804247195860096
0.785031204167952
0.773032321579477
0.771547500589625
0.783151780065826
0.779526638995229
0.767501215893989
0.771787841431346
0.794212263935434
0.808289117311976
0.813311819031837
0.81074099034961
0.809094805651483
0.788527254466825
0.750984915486673
0.897800986848395
0.867793678978338
0.970236120487991
0.961985415376858
0.9590980920699
0.822301346720742
0.864124675109187
0.974388979708227
0.828072630842862
0.799258410191042
0.945205288451003
0.919622774825997
0.760796325919291
0.845920454463936
0.804798571008028
0.790967543148037
0.890241141973049
0.851077372677294
0.844485748039047
0.964852028990879
