0.17
0.14203141724041
0.115327448919495
0.160586922965246
0.114226912317956
0.163927621234966
0.178954355699901
0.189964755524594
0.127131796093579
0.109173419519954
0.111910376411523
0.123505724467419
0.142708517558701
0.116601907824779
0.116062127939758
0.123784242341804
0.142808634763314
0.140489207566534
0.130894137595481
0.0983550962836968
0.126931818331762
0.12072292378433
0.105890935550871
0.114258927996878
0.149663657569337
0.125902565850833
0.153391267722047
0.110163097261116
0.116744342759709
0.150525823041601
0.104944624919871
0.17557162309789
0.123152544156483
0.10989795817599
0.132186347322359
0.131313255586567
0.141018698840587
0.108695238787848
0.153667719162498
0.148818476587092
0.147096035670287
0.107256109837471
0.136972510184218
0.0974375508671509
0.122192502254355
0.124242790901882
0.135105216106289
0.120323574625804
0.0887623344620936
0.119785192261007
0.116570308101732
0.0752050259121346
0.120606835781845
0.162776337800042
0.173949179241489
0.138004876927968
0.140333075437891
0.147240614122515
0.101710641965778
0.137000254488149
0.150652289006925
0.114540778589243
0.115247946485063
0.127849945780182
0.095863697504621
0.137400641930814
0.0933738063942092
0.0961974593397656
0.126799361499304
0.133116860352648
0.196932046450595
0.123343099534366
0.138241946222685
0.131597351495991
0.109834769782024
0.0973759162799324
0.122956272242096
0.168222117521715
0.11655258620136
0.163619421651337
0.157444629686259
0.169866406399613
0.135429376598765
0.0947091936623712
0.0813490975072243
0.0885768329699947
0.141910061186516
0.108517871598869
0.12537410858363
0.134083773945927
0.121902891649242
0.143778748487481
0.147843756688405
0.12558925063161
0.0950708339444081
0.103318281414064
0.117617149385599
0.108965031085665
0.133546136024366
0.126989368314963
0.148552182643554
0.122372747326115
0.134453594918849
0.132354086952541
0.146475663412406
0.158216738683374
0.104715598694401
0.112883027527056
0.106460194965811
0.146935552691815
0.113847204377934
0.168614183481236
0.142112896318668
0.180185342927164
0.108679742090244
0.118899844026941
0.103122841320737
0.154258420806741
0.105385535122892
0.103057064657688
0.134338661181698
0.11205077764721
0.124473970642211
0.155669451711796
0.173223649902404
0.117578277214882
0.17340217842774
0.13335568127123
0.0807958623126195
0.160686055687572
0.106618408376764
0.133425283899086
0.167965755096381
0.154854725371514
0.190403596908255
0.155526885684621
0.144858056601594
0.127953322228322
0.19338336720483
0.0984006562218098
0.104590993316903
0.106973048470022
0.107678405345258
0.162979095301477
0.131057247294189
0.113590901664231
0.10953956623377
0.114161565236559
0.108014123550338
0.0895239192621076
0.103030958691187
0.116674869815977
0.113448344709037
0.160516618080494
0.115561594178593
0.0958367604851696
0.102654274851447
0.121523162834451
0.181068999981946
0.146939748654961
0.174088656100826
0.155674081561327
0.1213019215879
0.146891147751638
0.124050852196388
0.154401690197106
0.133318455000442
0.113087992618629
0.123770705771172
0.114237329757653
0.176429541257599
0.145072665861905
0.211765032906138
0.205200039185043
0.126595297299065
0.141838253906112
0.157176530512864
0.107967925178537
0.0960883414030901
0.142238263580124
0.149719622468495
0.151983993311707
0.140358087809444
0.138107888295456
0.108595149671888
0.170775305220146
0.171531056753919
0.112394223975355
0.140456454894728
0.132140186506838
0.130895773877014
0.108840876866041
0.113235670526883
0.0946193302552919
0.110603802992838
0.110193472641971
0.143789654047956
0.167881235916361
0.139625630259963
0.105799607149865
0.129398378834919
0.159885492126611
0.160212819742894
0.107427211969503
0.125667419717172
0.128563943929633
0.111046538368695
0.0982380899759821
0.136343575970708
0.115991888729087
0.0948578130388569
0.132963383670132
0.185483267622577
0.145011930196688
0.185341383035837
0.113447571515544
0.133889321097017
0.153657461806364
0.0978843760308334
0.143891801356552
0.148455886448227
0.120320576009912
0.156489501212615
0.129500079365964
0.148011422675302
0.142750565831225
0.161789439588847
0.137879326009424
0.126627152375496
0.113409223988248
0.152758392618394
0.120341245562845
0.168397250250979
0.109192002588892
0.118849647229504
0.169453614391816
0.108874813293727
0.16701919968825
0.12160200222832
0.193812951455165
0.104203225365662
0.12154906565262
0.0925876150410735
0.141190693549909
0.114140986234846
0.116585698392533
0.10634221590514
0.12145374896446
0.152843539712561
0.128438660577381
0.0716777718006821
0.0961732699948866
0.122353578737308
0.107136454506845
0.173332412678799
0.155993067900903
0.108925039915682
0.132334563483478
0.119959967409208
0.157909707390965
0.125560405931434
0.157445464032626
0.143014095625298
0.148356065469452
0.109401878845623
0.122513493344865
0.137750717050627
0.0952404576624781
0.118807010631236
0.129506751458118
0.0861284349763533
0.13676093836145
0.170111446410384
0.118716590660234
0.121924722947014
0.14356454930666
0.0803087943121889
0.126945829761208
0.12006560182765
0.103774500111171
0.162769268693866
0.155487309047706
0.149702455630773
0.116580529209513
0.15917907630547
0.113609573062345
0.159559102381979
0.155671562454382
0.112518953167551
0.0996836161066689
0.12114344413623
0.122237808706117
0.13619342531163
0.109675248092342
0.108320495319323
0.150707724575238
0.115730978014174
0.100511715318
0.0944633685971189
0.110057415029886
0.126305528594326
0.125509960114356
0.127065411239358
0.112156144779158
0.138539539517986
0.101505710866665
0.13008465730922
0.166954007658724
0.129234841748476
0.155711439032079
0.144148942867872
0.134020525388977
0.12329615879109
0.150461448508671
0.148372712259851
0.105970194510243
0.123677300693337
0.106069760037181
0.0908413349523955
0.103115155530577
0.105197880756039
0.0923182763613904
0.111185090445041
0.108477281437674
0.135083787659195
0.142050632928224
0.0735409118221989
0.117807840999838
0.171645097592947
0.114332812272466
0.108368185833094
0.124003865220038
0.0876573289187614
0.159841601308052
0.117917443565453
0.116659596158384
0.129948346814417
0.0906603046446854
0.12324587279309
0.157626035384866
0.104473723856889
0.177778097888182
0.101317222622673
0.133996549300015
0.147401775261581
0.106820714523821
0.124529155918351
0.147111609662231
0.152937575220626
0.129158665120819
0.119178978193827
0.113613781699603
0.0986038193767692
0.1351217437334
0.125090346862543
0.114360096544894
0.104903343510001
0.203141566710052
0.111612347443712
0.14523594227577
0.13078053875324
0.105375268943878
0.115510060079497
0.110432716359383
0.109441308946094
0.167896336098203
0.147902366026046
0.113545458251076
0.0920999138983966
0.134594056851357
0.13768580703695
0.139204776301901
0.0959925107038736
0.149674644405416
0.130832121517645
0.0889458250931824
0.117311400759323
0.115801685909997
0.109510436524436
0.0845788968059447
0.0909010697011282
0.103931160562208
0.118730108136883
0.14029928848434
0.116323385916888
0.14427713456318
0.117886408311044
0.181960625269235
0.135096440830297
0.0962884626375955
0.128505117540737
0.110725373950806
0.138601650935395
0.14371317980681
0.182434101121239
0.199344817171159
0.126360813595452
0.109668145536164
0.0790106151118929
0.162683712221342
0.195100407423313
0.117143345593953
0.200316397683534
0.103543290559339
0.0958413261617117
0.0812452315443686
0.0990198083957398
0.140962511923652
0.132836806591515
0.123924530043321
0.0951225175861974
0.105682227621805
0.0973651891450742
0.15554510868626
0.181023637347425
0.136800345746232
0.174045121047088
0.153495470740264
0.107481187657803
0.112356249611792
0.186387969611748
0.14055258310505
0.165790721083324
0.184402110572412
0.0773549832886958
0.125706500844281
0.124825216670816
0.123545862293341
0.121078463915006
0.151709547445521
0.127769444005751
0.087468683115352
0.112540946849047
0.142829652566997
0.111007037836934
0.115888762719155
0.13363963539559
0.156962101796469
0.127931438598852
0.103645393973627
0.110958397498331
0.0924876628126678
0.129719283044526
0.133424560747127
0.100469049482323
0.11620582986569
0.153626353007596
0.13169238279631
0.154534314020141
0.163426213144586
0.168980897658151
0.186695475738974
0.156524427955422
0.12501470808803
0.11236680513703
0.120226186061145
0.0865214945764201
0.097988067695725
0.130171372614117
0.102938744669133
0.121223006250043
0.110267644206475
0.118960482883929
0.117482641683392
0.184700233152627
0.133493022846361
0.114549504181048
0.0971614502673675
0.137652804034252
0.104942343048886
0.097686863789369
0.115509255202932
0.141203741650482
0.16902534735411
0.105519762053696
0.10036275898807
0.118075951039716
0.112940768070615
0.0862229067790079
0.114948122718262
0.111675424799111
0.134202456537697
0.179808567549152
0.116344038616834
0.15555662716096
0.171970529821504
0.154641135497587
0.0963225740155443
0.131730606687801
0.104864068731148
0.124785064800899
0.142265502511739
0.123276454357575
0.134852005897921
0.0977933859528688
0.10456458733933
0.141264939172504
0.0695718360443226
0.080341931630626
0.103044021497664
0.115625970337482
0.0982199128247993
0.124160183715619
0.108390009292091
0.0956445861172939
0.172381952435172
0.199661388437846
0.113395130943091
0.107877858608739
0.0898977280123605
0.0802677787821635
0.121993352236646
0.1088921514424
0.128965400622369
0.0955993516133224
0.170126089500567
0.14181772878906
0.134673080603243
0.114143354640449
0.126847633462582
0.142607230004252
0.128606977952653
0.104123707296149
0.0897000795016369
0.158762111598607
0.105274567495405
0.117774214977758
0.0969459621985408
0.0895465832563884
0.0876515799155523
0.106241494575149
0.126096370403974
0.094812029108735
0.117104121925897
0.087541881389933
0.105778749976573
0.144705094586097
0.113697550811976
0.148611554458539
0.096235953555753
0.113655681730511
0.108044963675039
0.126582483742662
0.137262134240644
0.168259846214321
0.108427792861032
0.126386393545599
0.122172108219634
0.144486252448456
0.154452324503193
0.107172472855297
0.140900011728033
0.156831667021309
0.142031827608765
0.132129961959705
0.153827845489437
0.115042080136268
0.133968020666527
0.12880811132325
0.112382172991606
0.116106305796437
0.0920209883345829
0.0927847822857839
0.14449789454463
0.125660879736821
0.1701188155591
0.139450652200847
0.112376339600395
0.205895652623416
0.131614520412676
0.156592011970931
0.149229452770315
0.162568097574088
0.18717981781201
0.11289044542715
0.164562796054061
0.10459033924084
0.139460947786406
0.154982327650285
0.0907302933051724
0.0859470195212056
0.102944626326239
0.109115244684864
0.128635755352288
0.103361679673692
0.114297508103267
0.133608677790415
0.131489333675879
0.103687156034511
0.074140544609364
0.148444388872584
0.120615782310421
0.10185250199001
0.123198531757363
0.0978837976199592
0.154369937180102
0.112257463697496
0.0957766379508782
0.142987502965057
0.145042367575096
0.17083144326269
0.0949217781841337
0.0866510720878878
0.0773391331706021
0.095052806542225
0.122042541241935
0.17348298660406
0.119945432704587
0.140366050571994
0.139850405904071
0.121444646404423
0.161556535210804
0.0820703165976471
0.116112246350018
0.128622173466008
0.107370604089335
0.156471650115846
0.115160107308251
0.142959765901412
0.09859553460996
0.0970506998682718
0.168229936237978
0.107058425588496
0.128147563611361
0.100043798236716
0.0979676035402762
0.149082438228644
0.119511753534188
0.175615009737472
0.145535478211577
0.118257833748289
0.0893446781415724
0.104908995560462
0.105836087915837
0.15781180751385
0.101586378875362
0.129874184117071
0.115730591785969
0.117494969890517
0.0946392577196669
0.0813106454925238
0.13296796868623
0.154470150335753
0.153761630276303
0.123485714886317
0.0747770606964407
0.124328317082052
0.130079911379528
0.143299805826011
0.135296761934805
0.121273161983875
0.116193876148342
0.107420708300142
0.118510629046441
0.12864966309898
0.109421250527441
0.145745050491608
0.160810817271498
0.130265609219442
0.143654286439617
0.108124978606421
0.117013033919638
0.147346577164641
0.113415004281216
0.129047578829361
0.0743190899034049
0.151232474839862
0.136415465908512
0.0947239458362037
0.132029232186056
0.122616024609351
0.1198248146843
0.125215384337943
0.116179782837733
0.118508845106503
0.101798856049628
0.117685543414736
0.134152488130191
0.136414510159314
0.117770129136346
0.116306207765855
0.163302681868743
0.0769595905459678
0.158004714024921
0.112547131272232
0.111049740367436
0.0896294806468971
0.115262931794812
0.101816101423698
0.113367316960228
0.098494806129413
0.167165842067917
0.104674814039097
0.103046388349425
0.104547570839929
0.122711360831203
0.0853377471428059
0.139475644296471
0.117442945824421
0.110546450482689
0.146981481292899
0.120219232770356
0.147055679498992
0.147521906225349
0.103833668105651
0.112957977789382
0.11506474164516
0.109283581588143
0.112036711097363
0.0859532757842587
0.112212420602181
0.173670110758082
0.208775347662935
0.153295515475168
0.139515806038238
0.117352378814575
0.132766749717187
0.141320625689706
0.127012519609817
0.128064769062004
0.14135381469696
0.139406864646035
0.130748599510123
0.127447760466012
0.12036903467824
0.135510659717351
0.140890802533469
0.141030483129268
0.173714442432544
0.162402016110455
0.160831691876951
0.130952625196614
0.0918161652468329
0.116635327240033
0.0867337886420221
0.135024991659678
0.125049631447841
0.123349859609095
0.137707501885341
0.135525304048482
0.103630305850095
0.107216443613035
0.159589610439938
0.0994771532251436
0.134174194351987
0.0965604157471063
0.102472985889707
0.107446765404855
0.135848940739404
0.128571962742401
0.108838966756834
0.138116812521869
0.0838467671736258
0.148455062151689
0.105901592238349
0.105880836975092
0.150783141079733
0.148271297307544
0.100278216193894
0.090400791849492
0.113924822279936
0.12083350914221
0.130052647031206
0.139766247504868
0.136226905290302
0.129145759387903
0.124996539597633
0.102883974032665
0.123935790451689
0.165578026120111
0.138109652025775
0.168729610558679
0.106609012670735
0.113309796217093
0.104626220251603
0.0889072299791231
0.124765628774492
0.0965975665497363
0.111631861656172
0.120232254356506
0.134839296940984
0.127854232936777
0.122536341700481
0.149466988075659
0.1080167643617
0.109202818194547
0.134462311806586
0.159943944709951
0.165267473784708
0.145850856483975
0.138537933697138
0.144245373418641
0.170936015022274
0.136092482165307
0.131697302389743
0.115894310672767
0.0859611516870143
0.151705130802364
0.123930581570684
0.173001928192841
0.0975986466860707
0.139424103511831
0.111477615804472
0.119598889284199
0.137179254053904
0.101477582573168
0.109841991885947
0.113128661961734
0.124985179414917
0.157459268046892
0.125351245575491
0.121416296460413
0.0848649314828668
0.145731659327813
0.125780686799388
0.137858712413741
0.0971598927350847
0.120435314734614
0.173321182001479
0.140469133382991
0.107763438649551
0.122028167848872
0.111745983074631
0.123685720643908
0.0894038258928948
0.139774525219151
0.139363569761314
0.124264883226176
0.137090260036352
0.156201934570646
0.114068995825282
0.167857864808189
0.163061396175142
0.162372170169094
0.122295581705884
0.154030403802165
0.0932093215648213
0.0869315463390804
0.159545715875451
0.166809359167019
0.116199921342469
0.160759146984129
0.0978329911357146
0.163548875243313
0.15582121903648
0.0885431869837773
0.089360492148152
0.117924712107641
0.117070299614285
0.102657134990376
0.132651745686384
0.125152150011495
0.155967329957997
0.149624125618873
0.110887870904103
0.0961961312432929
0.129951724482225
0.132000620492902
0.12728429067535
0.146728938497459
0.146732490159049
0.175157983731795
0.137923016090755
0.145482328820876
0.138505699442293
0.13510898953079
0.143750277946526
0.118656126209583
0.108916415418897
0.172048391129989
0.0956583722238474
0.143808374844026
0.0785061402208946
0.0874640509738453
0.107332521414592
0.107564768781154
0.12661226924941
0.10148060239494
0.120381599383343
0.0914441942737268
0.105474165897805
0.111549140577535
0.126388190391523
0.160627734412914
0.128526560012156
0.137653970721979
0.174300779263225
0.101349414516238
0.128673450569652
0.112570642555197
0.11379067497603
0.0920773505498129
0.149553968655217
0.134739362698649
0.107679362628611
0.131293864139101
0.116679886895218
0.14237335117882
0.12874917061258
0.144508804586297
0.130786818535967
0.119863982520894
0.12214427062323
0.111792408564856
0.0920203043377302
0.111309963779522
0.129867899408265
0.168989299256187
0.149299882973681
0.0858592478692023
0.107192865545702
0.111109319054105
0.109353439428857
0.0987896477559031
0.114378863110724
0.103334833005252
0.140047174196478
0.0636138603760554
0.0779130388014918
0.119150349160145
0.135837152826062
0.0921831746636425
0.0846733417225137
0.106084100164396
0.10250279303095
0.103052974864167
0.0796121254608576
0.0700550396640902
0.111168876356566
0.114945255300542
0.125497754989483
0.118562642007744
0.120116472860654
0.110913746996825
0.104132727817364
0.146901088009673
0.164809238994364
0.138108298458648
0.149110297887605
0.162039689370237
0.0849286671356625
0.130695756291621
0.152439284902543
0.137627664749267
0.0955604140580752
0.0995737927739406
0.117417313583048
0.0801211679320799
0.133657631658334
0.0938103440676073
0.134105790613286
0.136317080276879
0.0936781912518372
0.114542936726774
0.13756577079531
0.111365540077737
0.126981872240585
0.137201265772473
0.151437246294047
0.175121323516204
0.142950763388319
0.138959815202231
0.0967267407445877
0.119607262624221
0.146023868942779
0.0850007381215804
0.0957469190091187
0.0713703724253125
0.100276240750444
0.160326796857002
0.161885435701521
0.12076311939382
0.134669421424895
0.132449403196121
0.149388406938239
0.170597320758565
0.116003378610779
0.103560263025509
0.0866356450051008
0.112291443642097
0.0895211730418652
0.125051127230636
0.101510962925528
0.128246848805945
0.138744757779119
0.187393078826079
0.154139901108874
0.124048278023156
0.21216982006055
0.128098738134696
0.124423549931601
0.125216477654352
0.134696605061181
0.115626911621571
0.11213165224006
0.166014822727365
0.151621395815493
0.119283609118268
0.126494241279988
0.104502982181847
0.11964228064269
0.141771776445943
0.122940307855558
0.075420819583506
0.146423789946877
0.159666963643423
0.141602060733263
0.135122154829813
0.124272995317034
0.0976415085830227
0.0843121592434723
0.105269662206067
0.138058526897495
0.108863639194204
0.177958524015024
0.165152797093018
0.104781865533204
0.143129318363217
0.0679475692805713
0.125915956739471
0.140994225217283
0.108331693519013
0.13563237539541
0.126775705516554
0.156243733006618
0.125442351612822
0.164643008315657
0.100116605673795
0.103936476623779
0.174460040639001
0.133486599061935
0.0949964265319074
0.119420080248989
0.156505163914051
0.14529276762993
0.12489904211517
0.113255621596297
0.146108287461296
0.132256809490813
0.119834337264969
0.127226976453136
0.132230784693233
0.146495489427514
0.151994248107835
0.135340868154079
0.131212949517412
0.13252117257113
0.167521537988673
0.120886324850869
0.110013782631218
0.157964892137155
0.0912142055007757
0.153445716725661
0.122527991631658
0.148884120148308
0.135650721078457
0.127350737957447
0.143467756494013
0.127437584177405
0.099248285412657
0.10815934420855
0.13681941670401
0.121571590874294
0.114648278740852
0.129402086293377
0.169956852424247
0.197458921099302
0.133776843094576
0.127962482615414
0.126376076702805
0.126996272378187
0.118331662011468
0.162400017798348
0.164831131896364
0.115881791994843
0.10862467700038
0.189705122255833
0.202978637058591
0.19077086413086
0.137536675127207
0.159034400024081
0.158599750288163
0.12662957960927
0.109053742704819
0.119524279252843
0.104246643935248
0.142990962651692
0.0862328284085121
0.111023118567162
0.147941507137195
0.0903166502781082
0.123989957466013
0.0985650231923048
0.142318771549776
0.0926656191573822
0.101996399899472
0.122586698958256
0.113500495210334
0.145821893384183
0.124384586118716
0.137533325030215
0.102997462205136
0.107430443248837
0.0844444314344701
0.0716263694428397
0.188453909133305
0.156136302404584
0.174464661574381
0.090119165842351
0.118908085207168
0.127387053121221
0.12621932578968
0.134328279033253
0.0959620423689282
0.1388310073719
0.134364841683831
0.127380450547589
0.130114027382436
0.150795548987032
0.117817881724318
0.178135465381946
0.175987362002868
0.117765053913898
0.167364363688354
0.158956416031951
0.137966687811205
0.109954515493067
0.149007110739163
0.134337123633292
0.163792802968028
0.119293693499989
0.141208654044064
0.0976405176593249
0.127931535324804
0.109378383813792
0.113665243059516
0.167354091827123
0.181815895535806
0.158584600928735
0.112826258402187
0.121530679594755
0.135111727563556
0.107669495333025
0.10651738487615
0.142996031859338
0.126800522975488
0.108053851283281
0.137511535597603
0.149125229158738
0.118833844560241
0.161255545238021
0.121484366547512
0.0917431373493821
0.164950110271434
0.12352282949741
0.147104800649394
0.0835730838623701
0.125074289376807
0.0992345852094707
0.0967118636356984
0.134579906348741
0.122284117214944
0.135950981662266
0.142439895892912
0.16465386024385
0.149707672296382
0.147735798460014
0.122218084731512
0.171733841226227
0.143090200657019
0.117694352627779
0.162963948860793
0.13175236449759
0.0920534128083387
0.111767353425975
0.0824612224016684
0.115204601922388
0.101100354741891
0.12033155408966
0.10244475873599
0.152901756538811
0.14483973016663
0.106394675454742
0.09062324943614
0.123636465290903
0.114129012813812
0.0879017209946679
0.0903059963211593
0.116251856850806
0.104397515001324
0.0851647592817956
0.104516786886627
0.0890091022812404
0.124764122453363
0.132193288411014
0.0940982030255163
0.133429219825699
0.128725638745592
0.13830511247666
0.157324494696177
0.101614091039196
0.097244644326277
0.139127730800349
0.15720846000634
0.187779649950648
0.142888242929879
0.12986960299786
0.118733765736666
0.116858543557919
0.117036797802525
0.123146697747231
0.148975168408581
0.0856345651702064
0.16291701090191
0.0977814759924115
0.0971712574634885
0.105058494222841
0.115418934892371
0.122540420831949
0.109288800223253
0.11866114681275
0.110787212560965
0.131548065306433
0.174276799500586
0.132381491235481
0.144844171638128
0.166584953134206
0.159455239794039
0.162868344757361
0.12794354567723
0.12317886454233
0.100739903905621
0.102728086488446
0.103542676887798
0.128213631841144
0.123321755404435
0.125958086395848
0.168509755251939
0.170284866862978
0.126724233789765
0.147980659693592
0.134247322090515
0.13316113588254
0.112987861654884
0.0849594113876618
0.0929847980337083
0.116503400627181
0.131016986985379
0.106989815314076
0.144708577985018
0.120541057990842
0.139285229056529
0.178329617695049
0.133015825415303
0.111684911951232
0.137794722125115
0.111490480971299
0.154257105934897
0.115169029295052
0.120653784101155
0.112751226028338
0.0986485787457909
0.163860643574439
0.110820001916624
0.108055715287601
0.163338567580013
0.156611767857585
0.114860797804012
0.154654497125966
0.169224593143884
0.127357751356267
0.12747833289772
0.14938988297615
0.143979181036344
0.138836605495505
0.11488852231273
0.148396811124732
0.156820709999563
0.141513715299936
0.117851465661694
0.108534886951629
0.099794285118992
0.115886365705591
0.120228713819411
0.101476830048046
0.152228391316834
0.105360571557941
0.120521161226038
0.130359244102393
0.143430443042257
0.135166025845013
0.141803567274782
0.116810828317546
0.168848371414645
0.15275123125361
0.113064827902586
0.135643668712345
0.118036818915366
0.083203984820473
0.152227474036128
0.106515696758421
0.0995844274787077
0.161288542476265
0.0956596327271338
0.118151334861527
0.117903184019801
0.107870615236368
0.0960639976317256
0.159293753722063
0.149162524687562
0.0891360239903311
0.0784620224992761
0.0992917988996364
0.104139368409159
0.0928754719725735
0.0907450884379827
0.120204402655316
0.169016211064308
0.148614609241084
0.121988122233612
0.107721233017572
0.0996004004530972
0.0964413188644307
0.143267902904482
0.120491385650338
0.115614595479701
0.134377643028162
0.123076164579549
0.155244128401059
0.166875048974638
0.154466689946645
0.155722649028957
0.146521016615249
0.107817835030778
0.108487450620673
0.0879520339002233
0.115712533590149
0.174082547072572
0.169987686163094
0.154847291955684
0.101040395296666
0.150083310752976
0.103284548973465
0.136045181194294
0.120612885615369
0.087222234837051
0.141572956595656
0.143151980150022
0.138922298585529
0.145011151545638
0.139653790923119
0.130689411226128
0.101242114536071
0.149525278855175
0.158181612369996
0.136716730424725
0.170119040303608
0.122526726601814
0.201680059786698
0.13312670875275
0.146918225770001
0.14983675859135
0.0846567516952076
0.100038500410679
0.156322516687961
0.133041631582721
0.108957192046159
0.15109350630586
0.135032271515557
0.176238392143885
0.113670874654474
0.09536359533505
0.163079426079652
0.0641328394306259
0.121880065947569
0.124257796245634
0.11977627492931
0.135123130352576
0.106129912354937
0.132502471645534
0.14127686104272
0.114901358356905
0.140020675069597
0.145152054447217
0.107411438456495
0.121523662464739
0.0878837730426906
0.105758039691894
0.12119176242993
0.103007498443027
0.131666154861102
0.077256840997117
0.104152490222879
0.103432963579421
0.183909121693154
0.108025962182525
0.125945075182113
0.0914526922712915
0.104452010809672
0.10445990398995
0.10989157376428
0.132725469065188
0.127749313028866
0.0970038503222302
0.133413333689018
0.11202323280753
0.1865485627092
0.181829876018108
0.148910753457471
0.126920566290032
0.140197344897751
0.159206258559756
0.17892718756123
0.159150316321422
0.0743592178598823
0.10984695028441
0.134368471997974
0.133849800942071
0.125880486833901
0.154575159330945
0.167897367196682
0.0992396475851157
0.115654089454357
0.103536012536864
0.106056896566713
0.180682335520674
0.187027447865839
0.160443946186763
0.161279803207064
0.154385437953872
0.15201393145062
0.15255317628043
0.162757098190339
0.142851383734413
0.136137967968221
0.102140063223411
0.132600971220463
0.140850314136045
0.134012210036074
0.138210452246077
0.14522238076676
0.186415323012631
0.182543419757493
0.118216004252563
0.104217038382094
0.14375833561641
0.184172518942822
0.112304312947847
0.168204184011392
0.130956235800771
0.109011203178968
0.111788989952969
0.116015973052361
0.115238224006164
0.0775355799928265
0.144330383697285
0.116187706387465
0.109439561257292
0.135856667192274
0.130451719242457
0.116732972763053
0.133654263021927
0.109549892635869
0.13221033376151
0.114530395080706
0.11720323843746
0.138325998886346
0.124285428621225
0.0662427002806904
0.0927350419997001
0.104865554503498
0.10868302875991
0.125705389268967
0.0800682286357949
0.141985396063009
0.113559050096514
0.193832205361593
0.172172970649452
0.116878045624146
0.106851233987015
0.133320207584629
0.156911115392653
0.100151563388574
0.131701893131009
0.0954440544263348
0.128292719104942
0.12990831295454
0.153917052849513
0.138897216586175
0.193206593654328
0.192837402063726
0.161435292430238
0.0891319891169356
0.134554054071993
0.12825172701751
0.179427521076229
0.123256003390116
0.107364068388013
0.114159755008149
0.162187609270276
0.133441855636352
0.155813956575383
0.145165571558134
0.133359251651198
0.125564813353131
0.120245885434871
0.12992926944574
0.137875413504056
0.104142160405855
0.132639079422522
0.0869140838989373
0.157573531088459
0.117191997684499
0.130549194689441
0.0851034874506678
0.107333969252654
0.132326568140807
0.139349238672886
0.147222225868827
0.123423894462927
0.155989651557885
0.106422717210261
0.110773185223556
0.110189928754241
0.143713314690321
0.116983325922467
0.0956596161717193
0.12514832685436
0.159611649930992
0.168945352029464
0.121475681084918
0.113390651459758
0.16779380582357
0.123253965542408
0.123654488348441
0.0996895752943754
0.139103774013472
0.119584287226581
0.12820702148079
0.149298144618955
0.128497638876421
0.107339516676301
0.130096425915102
0.15585351368708
0.0780216500257754
0.127107127473698
0.15810279914925
0.14155237036383
0.104143425349153
0.133067380594809
0.10999962340227
0.132463983620332
0.127719465265337
0.103195000956541
0.117299104833702
0.0963210780605128
0.142309564493624
0.100967718012359
0.11376537386196
0.147417252905436
0.137588843292332
0.185319490378194
0.168344835382094
0.174426875649731
0.151185047324994
0.159183713178329
0.165515032419291
0.114976387396181
0.161741290647073
0.115968384965795
0.182715795362308
0.111319314831442
0.0775511970231404
0.108708671547616
0.101024913107577
0.102575850059484
0.110759617438081
0.110039887306017
0.120147265473505
0.132203318030559
0.159827997343358
0.140870985713288
0.127311410111727
0.124335649368163
0.127488982411194
0.132671008131682
0.134381478748545
0.141570007566381
0.134260727910844
0.100541528055879
0.104700485956014
0.123900134918342
0.132096409710098
0.112367959503074
0.145893259004671
0.0957498038149832
0.203297420885771
0.149337182670845
0.123996031758673
0.13956749589969
0.118191669628024
0.101282635757848
0.114778960243118
0.0909889791761625
0.127954990960966
0.162866094107174
0.148093622228354
0.082368207218681
0.113851060116148
0.13419212839202
0.128483183041339
0.144988489348649
0.153393106924003
0.139945393016661
0.149990459179148
0.150913732164471
0.101129931666254
0.150531325534243
0.13458052874824
0.135401066761743
0.150297231284698
0.132159045043063
0.109318203876213
0.121840801871378
0.157331909979121
0.111314054293167
0.0977508240124727
0.133740469185329
0.166162518824644
0.156561428196894
0.184565270436
0.142480117651017
0.172279770556807
0.132692640430633
0.121653973916335
0.163293501794004
0.136386709691713
0.0918825241726614
0.0969994041845298
0.165900694667199
0.122651102278726
0.122524923470184
0.102277276310564
0.171416823630816
0.154039064179512
0.131108162683584
0.136471739984784
0.115864271106692
0.139554663884454
0.14163056431872
0.125758057902731
0.136132063719958
0.14687750235651
0.128000607183326
0.0889825270678591
0.213818899621109
0.136128256849323
0.136624371857725
0.139449016012158
0.130977962750461
0.13660124768286
0.118272127375523
0.0818848683743804
0.110410141440605
0.138909877809835
0.125159733212569
0.175827598419715
0.111016869930113
0.118470345424623
0.125568442048665
0.104144721647435
0.114073634608739
0.0973210803861642
0.152378968352095
0.111387875079228
0.110955850930264
0.119495508864142
0.123174094437727
0.128404569571971
0.141976161051467
0.120625534924531
0.118578184947516
0.0918905584588162
0.141222104415755
0.115995016445809
0.107486198753864
0.12661147451667
0.138062660960906
0.149904867100016
0.159804521266936
0.093430208532893
0.153227593616642
0.176327258752579
0.157502956951182
0.155490948462081
0.109515547079616
0.108467917721725
0.121032053023817
0.127994871492441
0.116808244697166
0.120516691879559
0.103225827716197
0.0815387104622396
0.107302801543125
0.140961953138729
0.143035077230062
0.168117205003016
0.104686746568947
0.0957502316418354
0.0892680764508221
0.101467847621061
0.104478566463661
0.100163798246028
0.144453232836674
0.0903615808670072
0.152493794978976
0.0744127983204399
0.133393105843876
0.109838262287062
0.136759842071804
0.124242211462023
0.157680135684598
0.115957420510382
0.0984727268991155
0.0889143158950661
0.138378929129218
0.132903211397333
0.108915555137495
0.167798019628937
0.141766370729762
0.112086632382301
0.139698310139487
0.162652033253664
0.146507872650685
0.0753353902887143
0.172334848559003
0.130112449756861
0.103446433910114
0.142894919879712
0.105698770379201
0.138041366416464
0.0912303052986055
0.126571402637457
0.0950018997081084
0.144532266158625
0.124139286471564
0.129167170995146
0.120536755909832
0.164269036228595
0.145215599550645
0.120025072391936
0.0853493424596705
0.0647220673291741
0.101381749945581
0.158879210960962
0.10571876817232
0.100708695351188
0.0983487322540556
0.148475893937811
0.118232990027363
0.112660468577593
0.114537879489029
0.108058861480262
0.13991610290972
0.11273501281397
0.0929181555810236
0.131053365959101
0.142066342150742
0.101829091143811
0.106436187937452
0.0907442192971606
0.11430817447755
0.170919402448645
0.121963136017866
0.182401973575628
0.164102679563139
0.16694463882417
0.157105714735198
0.0985432957455464
0.102882844672198
0.123332633688643
0.168195009314157
0.163193220293843
0.164296567866546
0.140556836452899
0.137611913373889
0.104942357373451
0.107901772439496
0.169310897443444
0.118627413613182
0.10314684292844
0.0921861360261242
0.130702200586383
0.114483877114105
0.125096893395133
0.142361715992994
0.124311998817204
0.127032575252528
0.11272597861367
0.0897669766623501
0.149748952298227
0.0903845015216244
0.147715283604178
0.134660387656882
0.103638858776875
0.14306010009267
0.151207148489041
0.152622944563777
0.160848500230009
0.136310689021744
0.123980531169622
0.158009241061458
0.106488140226027
0.137911657347112
0.135817315015736
0.129250734326677
0.137074573188451
0.120802707782392
0.148463778892927
0.125983042035053
0.095332935560034
0.144662324416171
0.200734914786303
0.129803639948036
0.123722787637158
0.129674597009913
0.153560881629477
0.102221692721231
0.113388007293306
0.136294635925549
0.115165000856341
0.100522673361211
0.101174101385987
0.125605996072358
0.131491631209825
0.179316311458446
0.162719807119665
0.146952620033977
0.206236213737699
0.118882495435323
0.17398973941427
0.110345961510099
0.142178238864115
0.0841856507363844
0.0818474465522567
0.129544731249915
0.166259243754762
0.099501726445703
0.115991340041148
0.069203640417988
0.107642366507434
0.103735220083082
0.0972330449484111
0.0973002155602423
0.0983159467125647
0.151004347857504
0.118687486491162
0.110857576150048
0.174197694883641
0.0735382026739738
0.087298957517105
0.163314638026897
0.0881331415151066
0.132144911798725
0.130076111702023
0.0914185103369035
0.143675601695993
0.0906449088875781
0.0892148883775501
0.148113107285153
0.14316394717659
0.115424399337049
0.112642205723653
0.131979712551668
0.127849043887469
0.110386363430447
0.117049463108463
0.100708496442029
0.0953452180777066
0.146030572085302
0.12612238762664
0.159238495627451
0.075047191605061
0.0935901942732336
0.14698442150342
0.124555611611574
0.145201684944525
0.121656795060907
0.126696601406156
0.113480063054885
0.143409690412778
0.151680955016498
0.17528296498016
0.11283404170029
0.114987071796969
0.124894123868143
0.146792395922503
0.122349191685872
0.116609166221446
0.134423498515175
0.129201536391628
0.117102533137638
0.0821520345206927
0.160036687250919
0.0740578079734391
0.154217122095515
0.130248363748695
0.124952356478446
0.126921121467027
0.162744029517603
0.120138274240839
0.129525932751799
0.0919781941786389
0.139997208047472
0.0945086755290669
0.12276814100572
0.114709037767729
0.168137659125269
0.101913852045193
0.150500662978732
0.128908381362495
0.0917914536763179
0.0927515760881755
0.10408583166921
0.114648168842151
0.0881141986257878
0.149818019288053
0.213079531119636
0.145656504227706
0.144603631858552
0.0918771613861864
0.114721823518531
0.126272018104597
0.098925300562906
0.0974696377859266
0.131706816687796
0.0959054177995698
0.118342050402566
0.119357299587072
0.11317201922774
0.104542729972753
0.127466869729633
0.11711974594772
0.0947362241576002
0.0981185867496595
0.112032155261792
0.103601398335651
0.107910380427207
0.14137327626299
0.119851593689979
0.124480167647945
0.0827913251839045
0.122852419596398
0.10776385023672
0.0881362902879559
0.0760811410912749
0.11336146095887
0.10380865623632
0.104475570905628
0.101148245497111
0.118480552726405
0.115615568840066
0.149068583944253
0.105961294202398
0.122981253836119
0.110349589657731
0.120450303285686
0.100395278565625
0.113405696609044
0.17583426740679
0.128091944157656
0.14436138064346
0.103555143087238
0.0999606028311518
0.122780541105615
0.117286046941192
0.100827665316108
0.134938525996582
0.108240296670152
0.109905047693971
0.166371128308743
0.114964144530664
0.112309407090839
0.155230907587489
0.122787349231295
0.153100955224724
0.111158071244279
0.102969597805434
0.122230155003651
0.118969709065397
0.0946503729163192
0.142050519678203
0.10956736024158
0.11531538942802
0.12677981750395
0.115726675488373
0.0948185021878965
0.166465704813781
0.145645648315407
0.165335904341824
0.128888980235628
0.106913651564589
0.132499371291861
0.128300399439738
0.140454343916867
0.127716657164226
0.187337102687787
0.16579496799803
0.0961034346589486
0.169131893881611
0.138504067263364
0.108475870488461
0.0976485507039732
0.0918994887867645
0.125084107457868
0.14514732295579
0.145886850440721
0.124262668247953
0.129758478937053
0.116166010755793
0.120956768392957
0.138956709149496
0.132086920426576
0.139139570731143
0.113773628913958
0.121398538872919
0.121670704064033
0.121421870949864
0.129210353519824
0.0971544841945719
0.0956448357874031
0.134466374073054
0.105706546363433
0.103956309826719
0.10287684267289
0.136644720895092
0.0918870550775155
0.119174509374005
0.1835747361598
0.12899803521663
0.134318259256822
0.157217087147647
0.146222350163824
0.0824748617242222
0.0926888275273259
0.117607475560614
0.116707743028959
0.138864446771364
0.111350544295185
0.107823990906293
0.0981810563281718
0.169422257579575
0.106971034206433
0.136125328761766
0.108205072553276
0.0964620365168583
0.0813339551149897
0.114661984365366
0.170475462504199
0.118636319334416
0.10739190933492
0.117036078498998
0.117182165003964
0.119443123943591
0.130846687535061
0.112244062976806
0.128444931745784
