0.17
0.186213220221521
0.213799858809553
0.187070506822059
0.164558163044086
0.110636616472277
0.150595569282019
0.21179906701189
0.238328472180628
0.260685883730389
0.136879546548124
0.188252887017138
0.206672656443698
0.184288016676481
0.175705106469147
0.185936082921989
0.207153136858668
0.188350560764314
0.165649809560386
0.268872742664261
0.192795063623963
0.181097010164667
0.164868646058354
0.165741284889317
0.158755826791248
0.153970847580985
0.155360080051672
0.14880984012788
0.204180836379867
0.204031841593976
0.231243999101228
0.149962360741709
0.178389699263477
0.200232590314935
0.191424087228577
0.180568810634479
0.18046765392633
0.182028810283406
0.209276049674539
0.204185182509888
0.222753798389542
0.185084867968946
0.189058459779828
0.19120336213375
0.162615647163642
0.138388012112969
0.156014781585082
0.182703570100636
0.202250316749037
0.19513257032834
0.240221588708858
0.2038757795307
0.165280957462668
0.171063109463493
0.131046161302848
0.175786911459831
0.19988807459027
0.184896567657642
0.182585293204428
0.163421325975971
0.161323911235066
0.163648509774225
0.166041148859698
0.213673844618557
0.190224724494622
0.211710182155715
0.193128574738554
0.207639344623281
0.177500858145019
0.164670158855627
0.148678687202103
0.186034493905783
0.158346209437635
0.17699588383551
0.199435882346081
0.186459370114149
0.185256158799394
0.199248788313081
0.200894789248
0.198519583614599
0.211788598933556
0.198800067874239
0.201792388937826
0.175208630053495
0.196932269722781
0.129052159355985
0.199721936254093
0.193324380810129
0.156822828566446
0.158920975751801
0.167457336447261
0.181136996846001
0.227162893772896
0.174464238545
0.204731597356297
0.210650009547199
0.215840082730478
0.180017303036668
0.211736711189848
0.18707811549619
0.184594141755732
0.222131244012332
0.231084032785035
0.194465484909372
0.166273450058334
0.249424246568986
0.162086920101268
0.221417222126436
0.187546365672495
0.205055230922663
0.147602862114254
0.166036803840656
0.178841946712219
0.176049548368235
0.163085932371648
0.145118340424696
0.151118687119256
0.164488650973908
0.128793012540138
0.118853904735152
0.150373067678837
0.138765253110438
0.156628980614396
0.157832214164334
0.20951128229438
0.169577141266259
0.187647685919215
0.212220577199578
0.195106002383177
0.154668411781353
0.143299772555305
0.142294215319745
0.158338696485053
0.167709213081614
0.156968288639193
0.139788344397257
0.171353388138284
0.209496543460372
0.161871124731434
0.191822298355605
0.18503588477684
0.176129728701234
0.138704247548518
0.169016314045479
0.227020943630589
0.181141372956087
0.186466438297881
0.16974467513394
0.195407781848494
0.187305910580569
0.145636731691336
0.117081550863814
0.184404146592163
0.143155573055852
0.148920680907457
0.149899817922407
0.173456451449685
0.173801088079632
0.138354911968252
0.224350662767335
0.145835065083412
0.156006737537738
0.180591403135883
0.160227701754676
0.172211202712941
0.208829240685966
0.202366158986034
0.252440992148406
0.166825492849515
0.193623853827419
0.177646465578953
0.183395229772316
0.214795283432022
0.184440880585218
0.167910732313953
0.163337452446121
0.182840289482809
0.176257419625223
0.156514059829598
0.128394845109975
0.208439952848076
0.223952494029403
0.182399879823263
0.228557254056964
0.193296358218696
0.209887170626994
0.201991218003467
0.174370217918633
0.220456547687499
0.190923970938458
0.120677944191646
0.198205844196178
0.17266086106575
0.214694870931059
0.19920326168355
0.229829728930493
0.190628037525563
0.200903802736939
0.187820574464433
0.181479088676374
0.176049795852743
0.143399956955697
0.196982143893703
0.174751290753296
0.242062339231666
0.18633638378066
0.209950791174453
0.139660154030092
0.179167909827702
0.207740527494861
0.205256287164753
0.186109528167756
0.2020373056348
0.172839824728598
0.214026906987384
0.186525503879792
0.130000336496523
0.180226530627901
0.139805851678293
0.161478623586183
0.132252865740718
0.137466019221587
0.1572779001239
0.217291201650553
0.162009083523561
0.200097673499257
0.143080214571266
0.157388567065895
0.147788078031914
0.133742766167193
0.139895388153359
0.126383030039837
0.129596182844552
0.124178851757736
0.120573566946751
0.143802535390424
0.186931912848966
0.186027471280509
0.170860690987033
0.187671215712744
0.156380024960884
0.187968423492404
0.193556469636982
0.173322327358562
0.174277459308494
0.167800705667315
0.164873570473147
0.194565857044919
0.184085638421664
0.208379425813756
0.153866108074828
0.155834608281318
0.13910021795273
0.165795137330537
0.156697277165825
0.144253097279757
0.121606986917033
0.157218566247847
0.140216629505774
0.129496780938277
0.147842491777277
0.166752113816673
0.156642630568727
0.123496056875438
0.161184500212842
0.198196305021464
0.16086702622783
0.151403566685658
0.210331805847752
0.162348210435296
0.168470168405567
0.128149119271956
0.147407733395019
0.172630394945812
0.223009695555505
0.257104182017693
0.245767508581333
0.233340567574994
0.164369736639318
0.166843569420504
0.174567298285927
0.127890168765554
0.132392801444447
0.152829339132363
0.170614094572891
0.171070559517407
0.131586320228445
0.167832031976646
0.198329696701071
0.159542096046123
0.162676286089198
0.151145778471281
0.182564591364043
0.188393935168419
0.164359797557249
0.18329802602278
0.17280049476997
0.203955785774143
0.170383075365118
0.165013157959668
0.161657444055731
0.166048684228915
0.164804974709427
0.160010276464781
0.158570319245596
0.164604361579972
0.168944918737075
0.16003515292008
0.21872869159259
0.203702390572193
0.197352530080598
0.153932086113144
0.173453816605506
0.214827481039899
0.184857183671393
0.211032683481781
0.159428502255929
0.184468486735944
0.151097119923749
0.135309610890667
0.152397927970563
0.149290504910447
0.156303535571529
0.180712634668553
0.155363391746668
0.210788202474822
0.181380317612847
0.188672544853714
0.225852080636375
0.177838732816199
0.21525413194456
0.216003635398323
0.162724486866893
0.211536833445166
0.19904690963613
0.126796503391032
0.143527047148989
0.215026206704626
0.163171496282139
0.224794552305077
0.155901196207853
0.178590778963838
0.185182371947536
0.164498795210545
0.193332652758005
0.162407023301262
0.165620257682152
0.172922793353717
0.177982575982801
0.17515307915785
0.13803182786139
0.163280633025739
0.149383780394856
0.15334788523267
0.169862879779658
0.126944877750627
0.261144256875703
0.137022769527064
0.195628671447821
0.199600643177504
0.184866185224293
0.213494202768502
0.174210511512117
0.168067364269195
0.220780057200722
0.199529136457775
0.211472573786142
0.204226710730652
0.183593636106282
0.203833800724996
0.19080693477089
0.197707374289556
0.202892574629526
0.170684761060694
0.15592300271167
0.222060760496666
0.192013132361757
0.207653175631789
0.175899082940947
0.22743124972031
0.18439728926011
0.203048735768323
0.15823287925373
0.107220849605701
0.128229853245413
0.182691369861464
0.184860064571166
0.159923221750521
0.169183100527545
0.180232264037647
0.216613020645507
0.146985942125702
0.20490131682572
0.19031971641208
0.160992391435733
0.184850140491564
0.158561827901595
0.161271925879431
0.266697685147517
0.195058057103214
0.156879712639731
0.146990279809436
0.162433805070314
0.144254721219036
0.153888589940491
0.130308600082433
0.171216036574566
0.197732575413391
0.183612937345312
0.212525902186679
0.21600369566092
0.177671454664176
0.171092411291842
0.173453997150617
0.137727580292456
0.138299980409297
0.145229218748695
0.194714013479704
0.16215478481363
0.210931884353745
0.193830716049504
0.179741837966909
0.149864660203347
0.170832735106019
0.208714594760781
0.185476318973551
0.129526480094867
0.149202293324391
0.170681668805529
0.192585818371298
0.174938522958916
0.205770715574947
0.20606255203414
0.172700082545024
0.161166671712041
0.141590509986267
0.150698927816562
0.20148912664182
0.182024346737027
0.211461401448085
0.137957799121238
0.223951768095436
0.236114070723144
0.20231080225632
0.183557439557686
0.158352597789841
0.228299755301345
0.159350091083391
0.173734708451024
0.163348797409666
0.184459868213416
0.234031096559058
0.198442428031528
0.193268787626435
0.240981889076829
0.228680868080516
0.267532968319038
0.212058833640395
0.18947310577373
0.161584050607345
0.195014148256308
0.193424082990869
0.165352782397393
0.131934927246575
0.19293337179076
0.16315879086755
0.134937040600802
0.145345879777331
0.1596046548091
0.233217636981397
0.129648035717882
0.191292455252699
0.169607165173708
0.140041608188019
0.181331383656687
0.193203740953622
0.224434852397831
0.162710798116206
0.168060200423685
0.140057750300246
0.1480265765698
0.163509619213919
0.181728279153875
0.174422098544068
0.234732496967003
0.215561620976056
0.149455687886265
0.163615927047905
0.147448867092407
0.191753913241126
0.156913992088444
0.169338706936956
0.15415719953782
0.198485110143814
0.13215833950455
0.136196023858309
0.148747590969992
0.226739331902049
0.190765478204634
0.199358851903366
0.200486037729812
0.154838605348655
0.161444245922967
0.192262890871938
0.155804253222524
0.185110302969824
0.164415019485609
0.178680851530546
0.1680620102035
0.178758674857199
0.184804246463372
0.187092730913855
0.188737330374485
0.163358715885613
0.157707256206521
0.162352147626238
0.155252078355001
0.154510892760675
0.139451163224476
0.150556645191025
0.168672505315846
0.197237862930643
0.158540331135165
0.160676097700576
0.139608222708901
0.201912827165271
0.142394740020427
0.109565044987331
0.172310053432318
0.145220008163325
0.139051982078548
0.167740743933818
0.141523772926503
0.161782464047147
0.168587598230675
0.183465202742293
0.214009766209352
0.155536390540294
0.188867905787567
0.125809663698984
0.21599706770301
0.245580819944393
0.183638544890341
0.253474853049184
0.201267300147835
0.195981877271267
0.163618704163158
0.187202751070223
0.198489676939821
0.212602205708115
0.199490602259805
0.211499731663273
0.190176114868867
0.156541340881153
0.174139135666263
0.212517846981361
0.166771357258119
0.140692347220051
0.216719998210688
0.195749100438907
0.17872989563309
0.146669451569115
0.160234548348234
0.154591407209578
0.15230355813361
0.206270909056544
0.223548341036522
0.186714643104792
0.171208688434198
0.152243901237896
0.172074448837062
0.157003802650057
0.169378654689983
0.24246908669271
0.168771185615644
0.152361424334968
0.200807225030296
0.163839245535104
0.191329430860668
0.162541358084525
0.180507510072494
0.160649467910736
0.158189669361606
0.198533912729803
0.192422392863542
0.150616358418355
0.157095931245707
0.148811527656554
0.144504209729864
0.159973950120484
0.207782506009383
0.201996737323138
0.171772663949017
0.160278176091747
0.169681274952015
0.177475003066641
0.173769709995015
0.172395839395375
0.146220922013211
0.19234031710463
0.150719888191873
0.172706010725083
0.136763240537642
0.145262188390329
0.162624409004576
0.164899345047697
0.162049587998693
0.168219863028824
0.148323538535637
0.128660207076569
0.152737808088763
0.145396229258033
0.187136464381945
0.208682366453567
0.163134210001832
0.154209514955145
0.130972228251361
0.197554502438964
0.171216339855617
0.164774601962517
0.160413295602486
0.143160731853875
0.169357423365266
0.148394741545889
0.222026897686682
0.20754054981346
0.194052762763547
0.155476390361756
0.152278368420701
0.160265445310658
0.183954335631242
0.177359895041709
0.163868889733094
0.198684694289798
0.198654892747765
0.175553024895755
0.151026648349247
0.165664748396039
0.185221325604906
0.170508568494492
0.169429615454201
0.136348629453672
0.120849796763062
0.17310461666145
0.174425647792605
0.139725660209844
0.173515267688781
0.199033703827241
0.190885617972864
0.147271043946862
0.190508853234942
0.225104854942217
0.235596999080537
0.199920868585099
0.19904579988957
0.187504105065331
0.173518267292792
0.224831045313482
0.23033666497332
0.174617403726746
0.162762970741646
0.209260955318038
0.161274905298885
0.188238538605199
0.150653438886024
0.195874019613006
0.19263544697665
0.140558253945157
0.1736091106217
0.142977795476195
0.159793331239247
0.190378925814393
0.182962799608999
0.189851535008279
0.187193995230414
0.13936281413591
0.15459942465689
0.176032082614296
0.151553705668426
0.120963492721356
0.125712356387906
0.184875259841308
0.139340903790417
0.204470041614207
0.186171963999518
0.184301653876421
0.17426697255555
0.122989382250234
0.156901474253675
0.143607433824314
0.155003163875859
0.143170154904629
0.169234254810519
0.164398295434529
0.155780556865426
0.209050507323837
0.167482715821818
0.19830285044625
0.15495191402419
0.168491799554504
0.188533082964833
0.208996628026182
0.208036314499276
0.139690319696269
0.190664092330564
0.148706305929175
0.233921725658194
0.192481605730554
0.212283299199799
0.213350608966912
0.238796532866428
0.192549949930025
0.130033248349403
0.129465897331049
0.179132119798932
0.164836822479965
0.250167808506224
0.15956115480918
0.137608925026107
0.167137372773533
0.220968667958678
0.198233844175971
0.167836987149269
0.178403531861341
0.167451073847848
0.160768484180199
0.14323407111807
0.150000073352538
0.184342371946665
0.146810428749628
0.22711504478326
0.222068242872133
0.185810544229884
0.16580173234747
0.195246250411613
0.185999706211751
0.172029993657929
0.163883895888168
0.101821355801106
0.159899818955242
0.211705983172157
0.171570228790143
0.176350549916101
0.209087965097898
0.136127286695525
0.178452853189386
0.168834543822726
0.166364997064738
0.146193507626644
0.199384166799362
0.181765617901407
0.184143683891316
0.173053955918816
0.150719690563209
0.128721831950141
0.149655565415777
0.146552353382114
0.163334652562919
0.139670515336948
0.20636147709619
0.159810525049854
0.166261005517713
0.238860524117138
0.233344899381779
0.157666962094534
0.166848244007837
0.214080494697225
0.210422909047522
0.208017351713545
0.171834078025374
0.187709906851453
0.138908628555122
0.181596694097889
0.185965190206824
0.177049032592177
0.173421617920575
0.174998689700542
0.220820992050915
0.241413997587535
0.257712742474224
0.257354592553722
0.209819418556214
0.198038207595404
0.205577783216233
0.137515015766217
0.186339297027904
0.153676232903624
0.172051494376683
0.237205611466302
0.161619506125538
0.159655381868789
0.214409274116904
0.179467635615664
0.149261986819604
0.190158503044429
0.177312462535878
0.238495747056505
0.198877147971775
0.136363783790841
0.134607639125903
0.216817665413613
0.123555912413206
0.175702186957136
0.18513356117618
0.152295260926295
0.138909606235043
0.134781470741708
0.169395104199142
0.148341212682945
0.126498794375793
0.15282056278684
0.149662577607114
0.196222931829101
0.192022009130099
0.127063445673253
0.144065933248723
0.172329032270935
0.182454540275537
0.194740082296793
0.186932761793011
0.209787743739093
0.152761265625616
0.192231947152584
0.202902236148482
0.174168731058224
0.132577646955988
0.171488107542773
0.212278612889789
0.172060899192486
0.168364490070253
0.167606234137972
0.178769310132191
0.179295166237351
0.192272493702752
0.146967827777255
0.231597949268144
0.193508531718903
0.219732707212526
0.132402342556213
0.20153761557004
0.172809141271949
0.189450910682927
0.173793234631704
0.209250993266345
0.144581671624228
0.168650067096677
0.18452286680652
0.124176154001451
0.217069354686571
0.22628404857892
0.131277165477345
0.193613550428162
0.193943488003324
0.169708026929581
0.176184560916748
0.144132490204949
0.165700624895473
0.143886124717109
0.177844054916223
0.176584787899759
0.192725900265001
0.11649019456238
0.165244010619116
0.148660173814432
0.140670518271297
0.185587271123192
0.183572045744221
0.20334346744036
0.144647433264223
0.226819642726033
0.190509050480659
0.114818754194706
0.198644142577804
0.195820181193506
0.237481921246439
0.12828389266868
0.147606484820323
0.157722388713956
0.13830467947012
0.195714550620402
0.167723962121075
0.201354929620118
0.153001856972441
0.198643091662185
0.163962091631164
0.141672362975487
0.151353920389004
0.132469156248074
0.175227505563123
0.141955732760585
0.136212435978374
0.128060939594354
0.167163014572917
0.150107467901593
0.141018008122269
0.152181951433119
0.138644529020626
0.137856592776807
0.217326223152754
0.172728474683591
0.157108763126789
0.174997420084919
0.129471301525461
0.193061219023821
0.197222722788668
0.170312006727457
0.161260622752594
0.150944188713183
0.174547344096099
0.168802867225105
0.112338989070626
0.172051836326813
0.207052597985526
0.168326002221098
0.240452320275967
0.182920410031839
0.181146914501362
0.198137229413213
0.220967939219852
0.132827333467569
0.184493332494695
0.172506987818591
0.185114749512183
0.229752069840396
0.237606783848948
0.178840884690497
0.19192477346289
0.206594792085859
0.25458030579264
0.153664046583563
0.208969957950139
0.194865078105247
0.235144740559863
0.185435363934981
0.207658997594417
0.18734421661668
0.264137086578551
0.158715629711845
0.185369090209175
0.22020265448097
0.122600070185815
0.166222641237411
0.176973091406186
0.158826674164541
0.138158004800283
0.182524834275905
0.169871663657764
0.14164386613644
0.189860131072305
0.161120875542958
0.186874514949018
0.226337144622574
0.170735330756772
0.147329454781095
0.157274293201995
0.154867111734021
0.179631476455391
0.136375147998441
0.185578382791334
0.131119162997204
0.16302454114777
0.146679125421339
0.148909240919373
0.12408059128242
0.159680598462822
0.149056536813325
0.125962906302727
0.178278294519138
0.163436829792827
0.149867693437707
0.181976482270634
0.229833895118722
0.190521984390779
0.190595130674469
0.172557494952862
0.150147965610805
0.162007567643032
0.135244757948333
0.171813798319311
0.189671292677499
0.159481789819532
0.137427626576399
0.151543751393174
0.136936986959774
0.164844272275687
0.209885915174002
0.224589459070033
0.206742866885709
0.186621422398262
0.183899080237532
0.173957033635633
0.188555884672633
0.189774304356017
0.175047788331465
0.127352409651091
0.139856870721207
0.192586341504776
0.183989004339521
0.225581070495597
0.141504484370796
0.151233003729209
0.138714806631811
0.166523506418731
0.150050012951848
0.137714667797464
0.127798606546265
0.153281749798148
0.154426602464671
0.158398261339501
0.143886689213993
0.143881288154773
0.211999098017322
0.179823835594091
0.18539298267825
0.118429791003074
0.168327003537452
0.106415944169498
0.169392063479654
0.172801095173415
0.142215146766384
0.136429752606481
0.176446039947235
0.180097618303819
0.164993021599919
0.172520102457343
0.157335342812384
0.148251102326667
0.195698062960701
0.193879400313276
0.181877376467554
0.171067919019503
0.155146446872271
0.217277111447163
0.169898332991938
0.164458097384657
0.167780918911067
0.164893424801325
0.134537343729115
0.123190632450428
0.116040930162912
0.160531443988007
0.166630287546057
0.190778850039286
0.156340169406987
0.198325016511251
0.158768140289669
0.155217133170014
0.221454243005612
0.241453393729175
0.210251378356394
0.183425252149963
0.206148951392203
0.151091232549245
0.229292583898551
0.19450447287588
0.169786806684118
0.248407663047861
0.150488755442981
0.178160736616246
0.158792505868555
0.15798970601831
0.196207049310279
0.167747405405675
0.187140167386826
0.145600201209722
0.193804656582535
0.229151110283745
0.165658557330138
0.180816062336145
0.201523170738878
0.159113476123424
0.233576103598795
0.226334332660804
0.191227495508557
0.25862022292107
0.156209789098109
0.179664812781005
0.22481259124633
0.230619389957641
0.217093700224252
0.250942557885323
0.192542884761779
0.212042578210039
0.178639702551548
0.196264084668606
0.168310608563083
0.200694876956319
0.166255829590139
0.205439533097455
0.19223206989947
0.211163541604349
0.141037684635768
0.148159448137277
0.125088325176869
0.135415551815525
0.18833671180039
0.162801422623837
0.162107618098604
0.174775459652647
0.192524598920172
0.182005823768156
0.212135720860166
0.219817764674399
0.187919416585023
0.164506184295618
0.19212709874391
0.187771724659451
0.186724787813632
0.265898754241353
0.193890803787492
0.167490924343637
0.177229603540869
0.234211291184881
0.182319611494911
0.205383652485631
0.162781206777962
0.19263950258874
0.162646265405289
0.202062154135524
0.191586414084427
0.173119760387287
0.181318781151354
0.225080567174313
0.120568478748006
0.223868392086922
0.171388865871097
0.223975524204355
0.172769460445414
0.187310419119316
0.193178209712847
0.177770448445531
0.158309787099771
0.18889742917458
0.178366883174677
0.141653772094378
0.211454542145216
0.165023236113248
0.208255211419927
0.197979007591845
0.176468777964114
0.143593763810394
0.175466562754584
0.187341818272433
0.138056449223575
0.171618110705117
0.141853959659475
0.169671314422195
0.206748986923809
0.202526301629355
0.183633269900223
0.172874629557753
0.172181528353396
0.200833293435121
0.194371728131612
0.164308116746293
0.165931779736867
0.162054497781291
0.194676358323699
0.143746027908916
0.18388212866409
0.201455254127722
0.14051495005489
0.175391550989274
0.121940694325284
0.0997378124429887
0.169567495196357
0.153276804192184
0.150650352576778
0.139565210510919
0.152887507233796
0.144228222594918
0.167596532166093
0.189232284346882
0.19210814634686
0.147967467675324
0.198971968199246
0.209285264145158
0.209505844064654
0.192248720087057
0.163178544208162
0.131257032606236
0.271482969838431
0.222387230053412
0.137302369095655
0.187186431136203
0.208912393418387
0.200615985236181
0.186387742356684
0.149151134269424
0.170381602489654
0.187994242025154
0.219183592718999
0.213625134807836
0.200909338207599
0.218977299883217
0.197744043289774
0.180244316827119
0.184177823976981
0.197739514548348
0.18224152553397
0.141423305700623
0.146793459308136
0.146894446435154
0.165498242655734
0.186594303243952
0.18147820858538
0.155659700528965
0.153234260193836
0.166998154805782
0.167120131901237
0.175753378027229
0.155807702842964
0.154513489735741
0.13099922736928
0.185754086240183
0.169363094914959
0.149191718146066
0.138508270011188
0.175236138293898
0.17065516522991
0.192851964404528
0.18804859987375
0.16597057885784
0.137412258634804
0.196406800059859
0.206976320298799
0.130990158134618
0.20951593843885
0.144150050593241
0.146012313444005
0.182425221949889
0.131691298500649
0.202269846894195
0.186347375400806
0.182350397732944
0.182963218808977
0.119646248833739
0.214493657467096
0.16908270466211
0.208344685421012
0.15111551553421
0.177512968241538
0.234515673618833
0.190091759905213
0.168058324318846
0.201555523631414
0.143421423792747
0.170061872193609
0.157352412495634
0.127589523627755
0.225506036747091
0.189325433920829
0.157922887812753
0.217737199026528
0.231134789117077
0.158697522317873
0.206008317958605
0.159757687615101
0.190055691931844
0.159584019365479
0.180163143165362
0.202410067776873
0.152266539569488
0.149941945699652
0.126371960262415
0.202197755794977
0.139194266508251
0.182238494290918
0.145801830425127
0.218161170901739
0.139740652214756
0.12841279636863
0.132862650924933
0.168228074921392
0.182928726374486
0.178963388757606
0.256884705428576
0.180825659928138
0.189813626835554
0.190740104647828
0.164267842983307
0.138469351184304
0.173508297330431
0.140775916303202
0.218029809882929
0.196467284107426
0.187941280164126
0.208811440673977
0.170005639615928
0.205120613572242
0.182961980960488
0.15215539965822
0.200325120176667
0.15465338366719
0.178216039555026
0.208249955375994
0.229866128085796
0.206741166818831
0.228098394592883
0.181938144249127
0.206660241151337
0.190462030808498
0.202507914332958
0.210334617533337
0.200572803194455
0.186297769390296
0.200783275298734
0.174298727222943
0.194886747388219
0.21812729851744
0.197857799117213
0.202039158214293
0.165558037446941
0.206901573375476
0.17628731980407
0.22019292970593
0.187917540007166
0.223208630964098
0.18861485358904
0.160010782884501
0.153757348261365
0.198316300436283
0.162875080271512
0.201712491548822
0.18419330291237
0.187876466517498
0.185808575851338
0.224369535755078
0.20560885586857
0.195763366855418
0.182219530681276
0.201334973603687
0.208866960599924
0.143526213026483
0.104966557264928
0.229552052474237
0.204572222238104
0.181132736998086
0.171697427838697
0.18003749806014
0.222323074810386
0.175237534689034
0.161619192426115
0.225862247358158
0.187279890611433
0.239061723122309
0.173454054010419
0.234029897833989
0.205665598731984
0.208703200217685
0.198918846025911
0.221111927496386
0.245843556012569
0.17055385004349
0.157687097038942
0.15330872637074
0.169067421929791
0.148971168686144
0.174228470888742
0.152807461870163
0.22220143570375
0.170008250413352
0.143493507140053
0.180012590475692
0.128500784963873
0.198155081465822
0.157440458805206
0.193513430101494
0.205812202308381
0.224148133271134
0.147540085789908
0.139509444676771
0.185631740187875
0.189463468979049
0.199858604349958
0.179866722096301
0.221315306718618
0.194713375685311
0.192300356834475
0.186455078909675
0.152660842144315
0.200826496653342
0.130450632778457
0.127998099529386
0.150134244688042
0.212284484598975
0.214298727052068
0.187618309402545
0.197003211208638
0.179671228597303
0.16215212867751
0.210740205588404
0.190254615536522
0.187353468491833
0.149923586873805
0.15902971080085
0.195230831388366
0.173889271587212
0.191344348922069
0.1754817109448
0.186193553182144
0.243273466697489
0.182690398239497
0.162225192123602
0.219867026721097
0.186830632086778
0.167630162277042
0.196415397607758
0.170264831592497
0.233004190390338
0.159367141360687
0.147506663583279
0.180709749726675
0.215298002736264
0.169995037124152
0.136433695623975
0.174924094804982
0.172723863274173
0.203892159967315
0.236578725323284
0.174428020081363
0.164934667997498
0.134265269382215
0.139957273121705
0.126161624792735
0.102622225207755
0.204510722642577
0.122092621705717
0.185111470295005
0.154229675686379
0.197074239887222
0.202275678886467
0.177883811923176
0.146862406547344
0.162527122847479
0.212917299264099
0.190564281804059
0.235798177964672
0.233486240879234
0.213779697652375
0.255606570672746
0.215443874201659
0.234207333706326
0.191462340292993
0.163976100970426
0.205639598792394
0.176936697846274
0.214407713865527
0.234520220555889
0.20840639385748
0.230163661757385
0.217202050334439
0.169094189726766
0.185740322138584
0.20034279884385
0.204825213521319
0.202427113903677
0.225296688172006
0.229779971548598
0.238380876659787
0.200924106887644
0.16595856802753
0.175243397923132
0.187704772099193
0.174890452661867
0.223835725109485
0.174825230056365
0.167153188331038
0.229916536958091
0.180579106991408
0.242869809781847
0.217707311042074
0.227438049309906
0.191180408718045
0.20571091978211
0.167406550064946
0.198738664838059
0.211804047916885
0.207157833893172
0.164623233961519
0.153178553090832
0.132670464595376
0.138418589656236
0.148506728362787
0.171023109052883
0.172927497483262
0.221584994482887
0.194187093649024
0.18559589080734
0.152130299499538
0.195077630283236
0.183943642227002
0.167488572301577
0.233146354216224
0.167237536530318
0.138569687807027
0.166496264994392
0.213744010489859
0.162054977893431
0.181880664612432
0.177904156469374
0.213840064176543
0.14260049454677
0.164960099150358
0.179364316438771
0.168446261634484
0.170494928661819
0.18557883793841
0.144025884399648
0.159466792756198
0.203702037564185
0.160723307425181
0.148900898203061
0.145307602117972
0.182549031143356
0.161015899248979
0.189248692944923
0.176162581016249
0.215832120756305
0.191302807950271
0.12945967374283
0.146603546455516
0.177475449092647
0.1778238732889
0.168157592297504
0.184032525346868
0.174301748116888
0.204423253986448
0.18956922635797
0.17601825291169
0.178290878087238
0.198210872793541
0.181169619193833
0.154293016937184
0.143071923867431
0.138268076359823
0.188904506138021
0.231093356477881
0.158113377672602
0.167488710060527
0.170811813270662
0.196509725374896
0.179834260475444
0.250203637778174
0.265841636183187
0.248443294742264
0.226313169224402
0.212322131174977
0.143012789499599
0.196450320368234
0.17442496916872
0.247381581550973
0.181270735583135
0.161584071268666
0.184967849604264
0.208852668016431
0.185510654072989
0.143025216246736
0.137618509428487
0.176195426653428
0.142407946236347
0.189075676946762
0.176367324047148
0.189431675279086
0.226389491625136
0.251331121362794
0.194089458179771
0.186698478831505
0.181138929670496
0.197761179902927
0.177190804680832
0.233236312034738
0.183745890257341
0.205122572505413
0.186149624999894
0.189093791663992
0.167283416742945
0.20624804968836
0.137735098733177
0.193804039021295
0.182333077694968
0.175232538766397
0.218034675666105
0.170829024517187
0.206354419611822
0.196081572082469
0.175769502036113
0.191525056414733
0.139429877554588
0.146598124527008
0.195260020363623
0.196771161200402
0.170488290305682
0.157503161395325
0.19271512174683
0.14865278003055
0.215095247213266
0.197185323128538
0.195690696254351
0.192780729036701
0.160494352309102
0.165498409871431
0.138991812116404
0.204899012555474
0.168727097291549
0.236815042916374
0.177506993045289
0.214948269989738
0.2055639278241
0.148877144560964
0.195080239833168
0.145253430894664
0.201764704026586
0.200535399037649
0.190582294270179
0.22176987581342
0.191787638482393
0.187213272652522
0.157630956821167
0.170685428341816
0.197769314877882
0.218503184274904
0.249274710713853
0.233024460692024
0.181132284934136
0.217295502575929
0.169384687544825
0.158754538546562
0.18352347645296
0.163708155302565
0.145487505728424
0.212967603201973
0.152531164916228
0.164631821231583
0.217255015193105
0.146584364754463
0.194704145236178
0.182071424571204
0.202025027134377
0.145837245681006
0.149565029974087
0.156086752830149
0.163680239960242
0.178701192578109
0.164481180662095
0.137198081160748
0.149120773454815
0.152050562092882
0.227032891659448
0.189232865533238
0.23426077863396
0.179865442085815
0.15309082706606
0.16714091426206
0.146478429976937
0.219413299449503
0.241607589497084
0.192744852804728
0.168495200662974
0.162535957998469
0.153573842977734
0.151628095467662
0.136705384862358
0.177656574088187
0.138175095019748
0.154124871391073
0.156622724092222
0.188518824647031
0.156641468672758
0.127948321215365
0.174918140494532
0.150309600644018
0.124672342209356
0.148631587839383
0.163103585929258
0.145064032621121
0.195576290068233
0.228756843239568
0.156935296730004
0.206059285568864
0.159784409634629
0.165658094254798
0.174147879518802
0.184625585748081
0.171672244394144
0.154845673108274
0.177991501453109
0.149446907606439
0.174315448143647
0.191305902066739
0.162741369222908
0.170152555649543
0.20094662931731
0.171375461795055
0.166858657470607
0.206491215035352
0.16490162753744
0.227649325719119
0.161473557114728
0.17111263764019
0.215688350083682
0.13793960246139
0.164136527001312
0.172413534772327
0.145421360678955
0.13051810505715
0.175900151885819
0.14908786601388
0.160353208134251
0.135793864790644
0.176351831005236
0.180761914263283
0.171155252182678
0.178168007286396
0.156726235643676
0.169612126083272
0.195426510073196
0.147323473473569
0.192783580968579
0.154574513204063
0.180223761750251
0.164853295585662
0.15199955906226
0.147636461311312
0.189149003452441
0.133317508386325
0.128375258730722
0.169569321477493
0.177782611301888
0.165124645333684
0.208977101138643
0.159705139531721
0.169195913086825
0.12525513655877
0.141702084950435
0.226175405999279
0.151426552778533
0.183154982502238
0.129028556300098
0.189586640799914
0.195218242467638
0.133711676292838
0.116862953809757
0.178627565070549
0.149590209896998
0.164817595336295
0.174635099314066
0.163457613947111
0.146090796504834
0.157733202989074
0.180647305791191
0.188388859988333
0.205432393569254
0.15626013094426
0.174896063723467
0.193695528751274
0.164996895375653
0.168016196421904
0.186881229987764
0.104686732943053
0.159971557115473
0.196775940050926
0.176083842770602
0.249730824738983
0.183374548141063
0.202708355087427
0.212497652385472
0.184343307520469
0.24985330421166
0.194912412473649
0.204121839547686
0.258829424924022
0.193387639551332
0.210437648670482
0.223494828189416
0.210481795146533
0.23437605272936
0.225709780615448
0.187359420580478
0.178047506972792
0.237399530066937
0.156452357343278
0.203061827138086
0.18786712104344
0.169193479744302
0.191764043427368
0.212523911347074
0.193610430534229
0.239863689432323
0.196922472676885
0.209342553898168
0.202842525943505
0.164704176821112
0.171170033728913
0.183333234923944
0.160487688198634
0.214637478665007
0.18774392499135
0.179836199871319
0.19018167310952
0.218437775228914
0.242553490041402
0.209026427955203
0.198928459187201
0.260004886696864
0.216138374076611
0.218034356345788
0.225525241464949
0.192526533014624
0.163442784798034
0.171378392251597
0.13482387634548
0.161268476943037
0.182763674761595
0.178730874911634
0.189107119753254
0.188573818446979
0.235650304509037
0.20947312636413
0.181177934289419
0.175246470241172
0.231710143849638
0.245052350446716
0.190865694114095
0.177051134637744
0.177035995144957
0.205419922479436
0.143793199405389
0.235269220389322
0.180276828401032
0.156696363167861
0.164023871011065
0.170037636688311
0.161323203695078
0.17067684199522
0.206860779052872
0.165806297584352
0.20221192418364
0.179342602750337
0.170115167505172
0.222202918782469
0.16611030062009
0.175128521154292
0.189019056837295
0.198708324026152
0.163891843411746
0.152636673614389
0.157129207334929
0.194812722044603
0.178266895602392
0.164749478168359
0.190626066290024
0.181126575087625
0.181919164621591
0.179614730298811
0.164460994246048
0.140439526801878
0.153162855677785
0.148934443022672
0.152830052893194
0.197896394458496
0.147890351688837
0.204717551170653
0.206473732221607
0.234581244201087
0.199212619698251
0.188243986620356
0.141182861523469
0.173665871589375
0.17028615625216
0.163861842874879
0.13815452886063
0.149138031682438
0.177966564742061
0.127507415165376
0.172609365222109
0.217254366720551
0.185074127456312
0.180405008957074
0.198988262786547
0.203257701970681
0.18667609197326
0.217737928168056
0.15585229806175
0.162523565205649
0.186631980871183
0.138273762675909
0.15117424640521
0.141983531145633
0.14821886772373
0.157147514719949
0.23602019339539
0.176075442239148
0.17472731326676
0.181303173450058
0.169120498239691
0.181888978894766
0.157518317379436
0.1160399083054
0.160485208066304
0.215541739947186
0.130864870564593
0.167630250743714
0.165374677906741
0.141580576412523
0.127008533972134
0.166032604964732
0.161374770952078
0.168977082473593
0.173117015038976
0.178709026399397
0.164053572692211
0.205459609296203
0.151617373782705
0.148699571869439
0.133364391067875
0.184223092593123
0.125590594355416
0.163408085068095
0.182475122298399
0.176057710026936
0.136116072428436
0.134973530624436
0.164844770597623
0.197245197586695
0.147568998393463
0.150709976924292
0.183993115108828
0.224687766067623
0.170054076832422
0.152760787819093
0.212940301646593
0.186488835211448
0.180431879149936
0.167438098983439
0.132974069540549
0.16129780988524
0.138398967084052
0.153235029266755
0.13413918080151
0.178730246238814
0.142086420946289
0.222287323839194
0.104740855580213
0.133690052664339
0.16404600717611
0.158206752836838
0.144197505063848
0.172908135665985
0.225815973886939
0.158381574085882
0.189850691026826
0.103571167613813
0.215371149190622
0.128651591444386
0.174390217345475
0.186290397583217
0.13558475305629
0.117561711468869
0.139454886816432
0.141253571451991
0.141561670169039
0.169671086155769
0.1201056765281
0.185723960300334
0.227788901103346
0.164010619522244
0.180136949567511
0.1746560811955
0.159201264369739
0.139527225855674
0.155541938458696
0.17009134661387
0.127602303039081
0.160090594192025
0.17783411989351
0.131494135276697
0.148943232104593
0.139499306014341
0.200910940867506
0.197738614133513
0.198733342887583
0.177966822072701
0.154423607677714
0.14897178947768
0.147331405237767
0.135771608884828
0.187528462477367
0.127346938251876
0.157627419965559
0.177570265710113
0.150434783313004
0.134994765150428
0.222619238113592
0.141803346151993
0.12905494048142
0.161109858681366
0.217751441590349
0.159544193877141
0.147092170964973
0.147960944068304
0.150608212083959
0.189376012124001
0.220846305369267
0.17974174781903
0.151212803497647
0.143399414729383
0.127951492239447
0.155085642356215
0.144233268609017
0.110761991765902
0.137041032453103
0.149183116398669
0.183177368388713
0.228261982183812
0.15014524919556
0.180763968908295
0.214044219828034
0.19806822512247
0.180762734272898
0.190726042821672
0.162584078275049
0.181274813899049
0.165775528609934
0.200091022937586
0.215505773276359
0.126698824490312
0.16700091579647
0.138175903906907
0.136729704353604
0.180447747639046
0.13124966097823
0.128881072685762
0.124450257938583
0.162419606439056
0.187438190000635
0.217104863171986
0.182698672257478
0.141607857426404
0.181994417980432
0.157721416550377
0.12276438594886
0.150897809910436
0.206283009661643
0.177508538164358
0.21886892017032
0.191438764323682
0.214351496990023
0.174487121548566
0.175088536561726
0.157988498479604
0.174580426056526
0.172922427578682
0.174859354501297
0.129731331136249
0.178404185021604
0.202150084172265
0.171963099455244
0.182288853622583
0.142254312247956
0.135242748449571
0.189865885928017
0.184544629619993
0.166621264988594
0.128747867218684
0.164619196293722
0.210338486505481
