0.17
0.1052931852287
0.0901223350576137
0.0758495581348494
0.0822022686755524
0.133936681958712
0.0858462667944409
0.0831839163316328
0.059874378197247
0.0723145976627579
0.084144229119749
0.0666393005302559
0.0796095770683287
0.0716253310029525
0.0976258862128521
0.157775576030217
0.116590872287009
0.0961745995036526
0.0882349107893847
0.0893757108632392
0.0693241510606819
0.0765029328581137
0.0870844260633244
0.0926810950413638
0.083300628387436
0.118840801120326
0.0745660043676571
0.0848676635333903
0.0743471586274091
0.0601748417366767
0.058537466048435
0.0774560504213603
0.0909059515718852
0.0762667337267676
0.0681688285788653
0.0741704367482747
0.0647258898612766
0.0823926121396074
0.0625296421644868
0.0725208784502138
0.0720385910609155
0.0676055208719197
0.0677362497538938
0.0732363583464064
0.0787867601166107
0.0890490062576633
0.0623385279299928
0.0667833569876617
0.121462058835157
0.149204964158459
0.0893628766055624
0.0905547574532979
0.0684534183043391
0.0656352978012637
0.0622230204680634
0.0737493139315165
0.0788060294762241
0.0605603609790249
0.0711897110531767
0.0766433118024779
0.0663524561937347
0.102179304785258
0.0786696525711111
0.0686485769285851
0.0993600260165291
0.0772018547196913
0.0666831608803774
0.071699104503034
0.0928569142013748
0.163148978658181
0.0961972152335173
0.0713736218555465
0.056822514658029
0.0653178941232587
0.0735230800057129
0.0676119540548603
0.0820213045729694
0.0769100315440003
0.0709860032094123
0.0828642874620171
0.0900332406416805
0.0750180100452419
0.170634591228464
0.0817424235910993
0.0752793264245964
0.0975261259670381
0.183162997359328
0.193957837498254
0.0941614457273089
0.0868570153349845
0.0772036002362789
0.0864127992221386
0.103608051049557
0.063860199022499
0.0693384950091342
0.0860957479981456
0.0862974503688575
0.0789534928615348
0.088061011674348
0.148289559355339
0.0724889822414976
0.0673488328043419
0.0921961375801571
0.0756267747085149
0.109730837104701
0.0910694949040048
0.0633669946556316
0.113727303082545
0.0770742045385463
0.0776977496639374
0.113636740581102
0.0750870825759917
0.131603300378945
0.0696647098736048
0.0807395552667605
0.0666692512916706
0.0707123675835844
0.0688123745094538
0.0802376130590907
0.0972408607106864
0.102680365415628
0.0722661998278617
0.0635535066424519
0.0733038339527534
0.115703483015485
0.0751676645584083
0.0905748922080136
0.0835249148552092
0.0671779942525563
0.113630707288852
0.0798882954631756
0.0664115361812844
0.0823687134483827
0.0791320750086653
0.0886006805132489
0.0811460244599667
0.0794937849422084
0.15539543008732
0.142233564756395
0.0836605520466262
0.0690907188458208
0.0772314944392699
0.0631267747252765
0.0867046213571071
0.0655474496715128
0.0581033043903972
0.0653719813739966
0.0693939601467249
0.0667734986100229
0.0591898864070342
0.0606868993324322
0.0697731912789965
0.0630379296474628
0.0662413861394157
0.0540706816397127
0.0681632237681119
0.071974545546549
0.064949291256837
0.0782681364695652
0.0707375346622807
0.0822250447829911
0.15694148097822
0.121031761075409
0.0969433540284433
0.06337797836584
0.0793128261586253
0.0690058501383197
0.10135305531775
0.0963279864840457
0.067832968804163
0.104193868778399
0.0854876806349236
0.0853599925025866
0.059989064149194
0.0719803109472265
0.0673909077859629
0.0591733894511698
0.0800092719110713
0.0991050095510919
0.175511549839793
0.101231695626911
0.100793757790853
0.0997381179404901
0.0750206639180203
0.0597229513620797
0.0684910038713827
0.0804823691200784
0.0601752658287933
0.089274181665834
0.0747249232703143
0.0926648810232676
0.196333254915633
0.096987278888962
0.0714296863513855
0.0933022468770712
0.0874569367995701
0.0782602131499889
0.103737026408691
0.0711102749770508
0.092498504752717
0.0845155857024962
0.0888084541367695
0.139303062464847
0.0679756068043508
0.0690870199934052
0.0664821480735759
0.114824443674694
0.06762454097661
0.109549963366183
0.0796994273180636
0.0950723631499935
0.0917981378345682
0.0821191133093897
0.0653371645404081
0.0589391360343862
0.0694302186113622
0.0607869428234114
0.0597573402888709
0.0663663429499676
0.0568933797145739
0.080225341432611
0.0637264392212319
0.0685149131081911
0.0894879107024952
0.0819215544106213
0.0772345778435416
0.102140360705224
0.139050458127136
0.0873653630445301
0.115212005915293
0.0703930134725258
0.0623773359398225
0.0816056136699757
0.0735485644248442
0.0796528437183256
0.096074244017089
0.0616129603395518
0.0648213705323802
0.0682286990837486
0.0708393107357054
0.0750721134095403
0.076802277053471
0.08765408851951
0.068871440732371
0.0565941704516995
0.0662005295102454
0.08555775841452
0.0888526409594474
0.0963764539976732
0.111340225969223
0.093193288693535
0.0850828805754322
0.104520049372689
0.0630958051876871
0.0707434664886872
0.0844095403406272
0.0923275807893572
0.0877696226858045
0.0777781519125718
0.0703436697506638
0.0801134238530136
0.0907514022360857
0.0705529604393247
0.0786899494081035
0.0714278912283379
0.0717515724340609
0.0690242856840398
0.0756722121625667
0.095653851681237
0.076892069148775
0.0798564198269309
0.068830298385505
0.08042599032286
0.0648128808282324
0.0906076767730383
0.0926059490805285
0.0625989272704081
0.0662023471597043
0.0664453406395853
0.0686935399410962
0.0748309173105008
0.070263110844556
0.100864549428508
0.0650773253540516
0.0994580779111668
0.0960462043825433
0.062306321008886
0.0742722304671263
0.0838587599770743
0.0724089975342836
0.0647744654155358
0.0719008490620111
0.0586274327523636
0.0618191901014702
0.0637114893416172
0.0752210036845811
0.0930172109468424
0.0722920770294209
0.0687527196687566
0.0792061219336656
0.0685553044805725
0.0771133274243443
0.0672217776780588
0.0895169438597879
0.0812633768792536
0.083988446497615
0.0697683382597342
0.121120717745813
0.064632464472981
0.103970270423847
0.0844365913321219
0.0732729099016078
0.0729575707475496
0.0843512102690027
0.0583334391193718
0.078131409006083
0.0750934273101722
0.0625557534862455
0.0914855514562577
0.0620367400337144
0.0751979562431309
0.0810315938768667
0.0765564805724861
0.0775537562115509
0.10683692132785
0.089102841194482
0.0843970332204813
0.0747357933188248
0.0582245839319459
0.0873367509557669
0.0796669147609981
0.0895053538780377
0.0813522450314858
0.0864383915487017
0.0806504657038819
0.0921718175038668
0.0787882263438657
0.0690279175218945
0.0950544811611693
0.073224979460972
0.0838996275448721
0.0812455610140284
0.138639111621754
0.0811139969966673
0.107172636851742
0.0730565635521675
0.0767659172076062
0.076210103104729
0.122448044250511
0.101857460378475
0.0905668837605913
0.0643712321565484
0.0795144288520614
0.168285522152216
0.171336839686884
0.154394644822084
0.0673189214271318
0.0814631831304394
0.0570513913759035
0.0842510763430071
0.0807541367073881
0.0715222736742071
0.070607550468001
0.0803292146505638
0.134686993142877
0.115488548735946
0.0699512768521081
0.0670875294416645
0.0853055905386419
0.078354269477681
0.0854955270454911
0.0753843257119753
0.0785709590389113
0.0623119943161137
0.0867951334287764
0.0759811171111286
0.0890781924790234
0.0881700836930897
0.0630298685277728
0.074618781719136
0.0746912493528124
0.0879758516208879
0.0800070755052777
0.0801584764494103
0.0767819637879508
0.130176144735556
0.0773617801474623
0.0695585629651974
0.0636789934501425
0.101615941451155
0.0806935601943696
0.0806179780002558
0.0696977999125842
0.0591847077672557
0.0912425931961086
0.064045405841064
0.072613892322053
0.0770458480697214
0.0643700126228972
0.0663094613409571
0.0741921452903147
0.0836659447195975
0.101816108807732
0.0632488243670252
0.0580343943106588
0.0585525623291621
0.0854853018207807
0.0899201413008277
0.0866132720693873
0.0675720650085263
0.0806142446995687
0.108844378972296
0.0820328963565674
0.0886240618821349
0.0738214413716126
0.0736325247203158
0.0860870498519582
0.0964953097465518
0.0650705410128314
0.106358660468053
0.0586257348693244
0.105602680359997
0.129029212375376
0.0911589847391598
0.0949840630557054
0.0757973945922957
0.0822410334246839
0.0767833772593966
0.0646294283312069
0.0680391273670725
0.102666515975784
0.0707709658035228
0.093272037627552
0.0881385412381786
0.124843409836356
0.0596489653232296
0.0679896819521711
0.0625635509908004
0.0674313221257187
0.0712672195575791
0.108550003494476
0.12193635189723
0.0662566962435815
0.0696503949513567
0.0647167208783534
0.079166147717336
0.0707232309542723
0.0573146877953218
0.0698348042736271
0.0722240848447045
0.057497712732032
0.175558569154513
0.0725507924910536
0.068490417796064
0.0695868387546692
0.102055702822041
0.0751958847112865
0.0780933165409815
0.0750849585619401
0.121766103463544
0.0746588556619726
0.0815753225953339
0.0811922060843265
0.0983130110066094
0.068557638666806
0.0807379038059826
0.0748991244294092
0.0729099693695168
0.12289739056704
0.0739670816838015
0.0588520196225813
0.0623791280540621
0.0732343542687301
0.0843024794364375
0.0629008005028946
0.0976007797956131
0.0777699265139972
0.072869093451314
0.067190208780947
0.0794003065411389
0.0733732700044479
0.0882194354741467
0.0832342879823425
0.103377083084203
0.123424833113851
0.0786828897953858
0.0984137744254859
0.070561939498436
0.0864363933136536
0.0840400840142368
0.0820781891463274
0.062674844950215
0.0653628056563723
0.0803186669387951
0.172365376021593
0.124624358262203
0.0637114750628665
0.0669809550322495
0.0994149664956453
0.169598082786159
0.104415131165255
0.0805336501201933
0.104074284930764
0.0657374629000801
0.101797984182007
0.0648577433895291
0.0581814017345436
0.0774154701404051
0.0824409227150745
0.0799884883722972
0.0981355547924766
0.0869707801168994
0.0680496903819535
0.088480333334781
0.0716673635907374
0.0674322803295069
0.0744655019996485
0.0601765455464389
0.0817699808787814
0.0940424499701711
0.0713493546151652
0.0743097347689063
0.071635269183645
0.0676438306465315
0.0773449360589293
0.0640355809109902
0.0691779062112499
0.0730952881325625
0.0784089503684985
0.0648527505365823
0.0626024767633196
0.0659653234485964
0.0739770425769504
0.0709417719902959
0.0696545736636799
0.0665621999056229
0.0839152821679321
0.075214516130172
0.0736861019582321
0.0782263971270779
0.080267002360384
0.0661275137562341
0.0915109662103461
0.0989957064982469
0.142584707710629
0.121364675759399
0.144739504178222
0.0794250376599995
0.0697498914026125
0.0875951423377682
0.0634440701208095
0.0743271256910921
0.0673572896336887
0.0817846017813381
0.0740525989193809
0.0806602727238839
0.0712065983499191
0.127122561802376
0.161590348229246
0.10422631250822
0.0876192601373128
0.101336141500354
0.130625155781049
0.106624378636298
0.0963244114206306
0.0986012823470204
0.0735458398529309
0.0679089691292657
0.0768916474868106
0.0753367016147714
0.0792322514098053
0.0951658976054087
0.134752934004629
0.0948829537458116
0.13033137850695
0.0836979226236674
0.0857575118405086
0.0764450802078917
0.0756602383377293
0.0572917147351127
0.08168803923649
0.0715125869898168
0.0747343177577648
0.0773190917448615
0.0606989840286989
0.0649362550930608
0.0940612163134884
0.0922957225625942
0.102527077892375
0.0540450807978523
0.0737264801959504
0.0585268841049821
0.0751840621481773
0.097654092951704
0.0748234390574632
0.0612540001308882
0.0594593274339346
0.071148357704264
0.0631731855985553
0.0875087832727278
0.0633965487627192
0.0703514773570748
0.0834115237922138
0.0988629422674296
0.0957256253980026
0.0742922231770806
0.0663355845245893
0.0750028442126994
0.0727095722859052
0.0888767691960342
0.0758312949063907
0.0733350520431579
0.060988317214191
0.0799382325597675
0.0934495102341101
0.0970040617753046
0.0802250817339049
0.0800405782567964
0.0632598379486439
0.0661288772411444
0.0893930283137844
0.0674055661411497
0.0787602426440461
0.0791683896179253
0.0900658387570371
0.0724104822683531
0.097673671894023
0.0655788633445497
0.0702816884045521
0.0850786464637298
0.0935732973645587
0.0729035660278314
0.0988489936467491
0.158581039393883
0.0840478943645112
0.0650008133666481
0.0751696783019081
0.0606646831511607
0.0633553461586947
0.098761657713471
0.0574146331169339
0.0873761165758812
0.0639856389561371
0.0961520401135515
0.07553429779961
0.101408156404392
0.0688558322543625
0.0928442422608478
0.0840168125601759
0.0795403825650686
0.0820836373237659
0.0646266858200049
0.0769994976518727
0.0698629108735482
0.0614997096433221
0.0843377399374974
0.0918186980368164
0.174427478429352
0.10111818551069
0.0871773776900109
0.074506982028902
0.0949843927314121
0.0971975353675517
0.152446829266721
0.0659299026379502
0.0673435226213636
0.0996815501554233
0.0843530500426276
0.0626417813333186
0.0915081559490021
0.0737047572598855
0.095887073416082
0.0834828264930381
0.0759847182309704
0.0637225762278506
0.0659810618334062
0.09088919511045
0.0869236869861147
0.080875709607075
0.0662884063201469
0.0724979888890335
0.0886106370991075
0.0669179505561177
0.0769777861188982
0.0743792392329882
0.0827016627191699
0.0654416201694932
0.0716121583239593
0.0609765517654084
0.0748342968290756
0.0734631492499583
0.0642084972909234
0.0799199426512518
0.0810520927058613
0.0837459477229133
0.0758144209298306
0.0913662734682202
0.0667608506085576
0.0824976520038907
0.062021437015775
0.0613247769293358
0.0813685694814913
0.0890658694730227
0.0997119135229251
0.0922982071856515
0.0708401161391931
0.0576026023925074
0.0624225959611488
0.0771344041141585
0.0721644773452795
0.0750289547497172
0.0685117868591505
0.0742285498662837
0.0890521348511028
0.0620162041785214
0.0686964943940188
0.058653446332738
0.0733559702668818
0.0762006464320923
0.0809321198757349
0.107287507362358
0.123578912492076
0.0757583656402927
0.0728122641299589
0.0697930164863559
0.0651615521244285
0.102012381798111
0.0691656747494652
0.0589229856560219
0.0711420713260316
0.0779358638404952
0.0990825868836847
0.146355587212003
0.0863700111257753
0.0614869320150748
0.130883700435174
0.0642197148053235
0.0678688835395027
0.0671132445353048
0.0752978747917189
0.0760088987593754
0.0936508324451708
0.0817697779079533
0.0686230222098186
0.0609463892095297
0.0724119203116624
0.154014923492879
0.0746256686400712
0.0561211299760346
0.0772358056329774
0.0921579649606856
0.0736017408317209
0.0548102711161805
0.0664243832088449
0.0598891078756208
0.0648173852488056
0.0542699473870146
0.0615010240559069
0.0578903675453089
0.0604264473599398
0.0690085822155587
0.0696085814343502
0.0704978247326458
0.0673457023535287
0.0920502901466904
0.09132158693051
0.0663765601338137
0.110259270721493
0.0969974737061191
0.0689681774784497
0.0864950489142518
0.119687521379324
0.0819847796467523
0.105655532025427
0.0668341641184373
0.0722405777447838
0.0688273184224782
0.0645590876930468
0.0937740097566359
0.0819053185106247
0.0602569020525373
0.0530431769314532
0.07062987230265
0.0846836010424134
0.0680482965007332
0.113574945213667
0.0714938128680882
0.0887720928236231
0.0811684524167969
0.0648513765211192
0.0709668477595029
0.0976341598372393
0.0753019604798602
0.072188845708904
0.0688902850911561
0.0675565796238821
0.0855349909024867
0.079537873571847
0.0919957360043693
0.0596509957133991
0.0701088718285801
0.0839258135261762
0.100661209368874
0.0872561692880015
0.0752669557079297
0.0765456849536345
0.0827410951650556
0.0795018673514966
0.0655991775909694
0.0889486962310012
0.0771706631777035
0.0773076424577788
0.0708483479664624
0.0729870177381084
0.0822045920488168
0.105227646634202
0.0790546889467891
0.0753827702834904
0.0624509517339486
0.0742581833345397
0.0759507179137534
0.0657738845391944
0.0804758195674836
0.0731350226949072
0.0733387953159942
0.0711995923736711
0.0767855387337362
0.11998957041507
0.105289915116511
0.0783632407441313
0.0902093037369337
0.129816218440047
0.0836864098036115
0.156301562129162
0.198293473218166
0.179498185241841
0.0928446611022387
0.0617162876657647
0.0649484136949423
0.0654604409935501
0.069419832559824
0.0562139522093398
0.0637408750057877
0.0721452865350147
0.151293911602824
0.16974138668141
0.126566129540889
0.0808191437789852
0.0729792172441668
0.0952774283314659
0.208369454760625
0.071983870463564
0.143291132642133
0.0859167815126708
0.0850601882274941
0.0804575186867783
0.0858903706781468
0.0628624430546567
0.0635601613147351
0.0753075536536486
0.069370538548115
0.0794122975499346
0.0789177222920193
0.0773286530743143
0.0756575607182979
0.112238399890815
0.113719295289509
0.0783450088582048
0.0782588448923828
0.0727215013789066
0.0657555417940309
0.0809745835779909
0.0638893566250695
0.0720680515769422
0.0661095602825088
0.0768241801709089
0.0661928194212815
0.0684548969652748
0.0664154855049794
0.0573950554519147
0.0747299954828151
0.0790319470887504
0.0566530858847831
0.0814583006762976
0.113260749430519
0.069115727561493
0.0582260542283291
0.0799360026242635
0.0747190363481885
0.0640169477921153
0.0837302951280577
0.0619512532244772
0.0608069043645816
0.0931681043364597
0.0643891905406529
0.0705172335784993
0.0636597066743069
0.0837186983411135
0.0732177055461113
0.0788446363396335
0.0962212412086494
0.101374021245131
0.071224654633374
0.0632468289741382
0.0772054300041551
0.0619491368391571
0.0669255938353928
0.0686288735579316
0.0733009827549761
0.0809391701728782
0.0842539466171887
0.0779159072320366
0.0760232194342496
0.0777764407848233
0.093212856152748
0.0712070860497586
0.0851436662919113
0.0768621513731785
0.0870465938195433
0.0647761568592667
0.0921407911451037
0.0731391773823495
0.0598735764618138
0.0756759685300522
0.0704618048456907
0.0928498875315481
0.107479350836308
0.0825603710478524
0.0791111246759067
0.0814763561707862
0.100825510211426
0.0770337508854282
0.0869276515352659
0.141430325301985
0.0764128262394795
0.077839327041977
0.0935322531530853
0.089044230544452
0.0749885323545394
0.0874407868672136
0.0704452628216742
0.0718379169094826
0.0849649182898771
0.0730093222395604
0.0730089610027764
0.0946267899833141
0.0730173565337318
0.0739454142200808
0.0803551302498158
0.0678271255979109
0.056404137154804
0.0624389726158504
0.0773707892363886
0.0654318088376843
0.0725955134002097
0.0560088013329356
0.0552488665219725
0.0592984501786956
0.0712203549280547
0.0850852380713508
0.112771905285949
0.0606870297859142
0.0842566598390539
0.0784805591670795
0.0636394070201033
0.106503231822419
0.0670920932955358
0.0584916270432679
0.0704296267500737
0.0693846767372322
0.091619293987143
0.0848699413479553
0.083366388692022
0.109868587983894
0.0921846037589148
0.0776802313058243
0.068471274686965
0.101948853834655
0.0855206433617619
0.0864460475624945
0.0551516478836776
0.0979947788957031
0.101913457488542
0.0785565834207237
0.0668860146123109
0.0806024625087914
0.0896137561054802
0.0741575969134341
0.0712746149694484
0.0704533604675215
0.0690442066104858
0.0922373625614413
0.0814098560925379
0.0649928268009541
0.0838570643363895
0.0867868395470141
0.0672999013093076
0.0792710919877533
0.0564884430084395
0.0580089630115189
0.0695281648685021
0.0799870062511792
0.0832418227528673
0.0949428422403511
0.0765437438736653
0.0824181891549572
0.074576457828149
0.06592476615688
0.0686638491442526
0.076502989775086
0.0969213297734332
0.0545835883235075
0.0661830251660129
0.0766724145773646
0.0685600136154901
0.0994034092929379
0.0798933261641789
0.0648779558292746
0.0725278609105055
0.0739063145574454
0.114614234380935
0.127030793826503
0.0944128602556058
0.123873536775142
0.142315243301861
0.165815164862745
0.0914899450200088
0.0741151725238039
0.0699494322362738
0.102326385521718
0.0938210964604425
0.0737641254054961
0.0660394276019132
0.0691872411061174
0.0662239640234685
0.0785331333904072
0.0741628695843277
0.0668600117896819
0.0786488894223051
0.0716551719731629
0.0783268850804245
0.0764778644367562
0.0825784240385812
0.132249780232432
0.0720006325400357
0.070287442618445
0.0582194289458491
0.0806158649108591
0.0935257670222924
0.0797715462310806
0.0751655762925127
0.104294939569279
0.0721455000077096
0.0596206751983083
0.0692000779641347
0.0930090060556632
0.0899579569368605
0.0781709081175441
0.0654228094145326
0.068789751057511
0.071215140412796
0.0855863457248477
0.0656922173938785
0.055993366365024
0.13255825569826
0.121480654733798
0.119855024728774
0.156090128157668
0.0823863433508797
0.0606260401209813
0.0937117559504369
0.0665021969937762
0.104979370896759
0.0826530545705958
0.057880069618378
0.0750505893945449
0.0645554795544631
0.107233672511802
0.101876065565985
0.0777053217836124
0.104785154040121
0.0620434177723953
0.0754308405289833
0.0708548383871306
0.08494151523869
0.0616699643961165
0.0779086673418667
0.0606029569113383
0.0547184617448426
0.0553357193655585
0.0681212081494364
0.108655575525257
0.0750055509919331
0.0909063174106106
0.0635640858895135
0.129096671350177
0.106071921102794
0.0827279602411067
0.0912431136123396
0.0745518645558642
0.102751880192102
0.0892652818410845
0.0709065027125418
0.091961002443084
0.0844752637948895
0.160165568129091
0.094726694593761
0.136420695895113
0.0913129994901787
0.114665143843378
0.0830789739133874
0.167069071960016
0.173418683347055
0.116947327952723
0.0659035891481501
0.0718206124286999
0.0609181265678509
0.0762567372078698
0.109271777264656
0.203962459079961
0.107386838356104
0.0777027832931845
0.0816684036030192
0.0712628093416971
0.143105108290239
0.0975334025490369
0.0928672606927663
0.0712073328946425
0.112397861031659
0.0894952676214767
0.106829043889634
0.128259911306113
0.205123282664008
0.0965942088523997
0.0703534072604986
0.0848061169177469
0.0719624232201497
0.0934471775593697
0.0800422733070558
0.137311577166614
0.0554930057999757
0.0678587058812214
0.0668138897106659
0.0699475896641366
0.0680443720684031
0.0635962718837472
0.105690790836325
0.0865860017697388
0.0759762419762432
0.0788122280977913
0.0859635230168146
0.0691757851472439
0.0977211902026469
0.093114949931803
0.0653478456080668
0.0823429941409582
0.0828307760871643
0.0805633307925551
0.0870213309420334
0.0864676645399949
0.0802417307695487
0.0625924039817816
0.0714579256617901
0.0762318576125183
0.0852496589322251
0.122921809202047
0.0784168186310281
0.148791605195536
0.106297329890388
0.0972195479780489
0.0688505460420871
0.0732914741280336
0.174873617762734
0.139499347900394
0.0673872054019068
0.0905156506186858
0.120103521927655
0.116709961042711
0.0670079058139429
0.17674515016074
0.0695992077484881
0.102326435615689
0.1473442670849
0.0737714861552165
0.0669037403482117
0.0755969426332362
0.0687734837185531
0.104211051789911
0.114585303244408
0.100358457153619
0.0776488783956006
0.0609095221323639
0.0822433366475689
0.0640965166509854
0.0629830803446845
0.0917101491708653
0.0741666344194847
0.0680733861379287
0.0752213555352053
0.075069749208673
0.0867783801909252
0.0741372206966903
0.0804233247388968
0.0617819087379653
0.0707245469863074
0.105164628933014
0.0935288152020766
0.0843755411790794
0.0653314949438728
0.0544327702026655
0.0659513371473537
0.0718537168466279
0.0842133578260485
0.0776795635581238
0.11127497364001
0.0683484291235849
0.0859163146807538
0.067840048377089
0.0796917096412303
0.0797475796426814
0.0892745640524897
0.0650973427502632
0.0625570356406563
0.101944874031314
0.0717752157582688
0.0666833534660503
0.0882232980674213
0.071580383015172
0.0740766840840776
0.0704730650019358
0.0750372329185393
0.0888263230126639
0.0739625328651832
0.0758222886609768
0.0612941716959601
0.0754872328506034
0.0999847746178937
0.0691715720775876
0.0768627596878188
0.0732808379864427
0.0891358350686884
0.0788123989036394
0.0789204244686522
0.0804690154836475
0.0666888739231213
0.064546876234513
0.0702873696822327
0.0549145796910654
0.0965525454720202
0.0644172936809477
0.0769285161402377
0.0847166546445811
0.0749540470151365
0.0783651498551077
0.0753476014671891
0.0869000351672421
0.0712189993962674
0.0873319761643784
0.094279424255754
0.0841429542412296
0.118183491039406
0.155048910896192
0.0767992377353799
0.132323571500176
0.0810026791332921
0.0679017163976108
0.0705180263872392
0.0814408286100413
0.0592896915204661
0.0635622153861252
0.0620850519645595
0.0637031984736877
0.0717045876506462
0.0722271184366054
0.0608760193361384
0.0840730996048928
0.0614813568034037
0.0658409871934242
0.0701434056455507
0.0610595525574304
0.079270745553447
0.0640993729243293
0.0801613043752656
0.0799018095533646
0.0737386779250712
0.0881016036738155
0.0725000569947165
0.0711165965525584
0.0876499921878183
0.0985149503904716
0.0735387919167151
0.0993717489918068
0.0758776151221502
0.0774765556606268
0.0853936688439957
0.0698583733452574
0.0823211780691632
0.114342427631052
0.10159116890491
0.0962962311163186
0.0788999694425669
0.090182828888811
0.0841765827549923
0.0598787263164821
0.083898467226923
0.0704653816143743
0.0617080525348238
0.06545282859525
0.0660381786224446
0.0748007147667285
0.0727515814059296
0.0787272580304371
0.101229368218607
0.0985051347230474
0.155155479079806
0.0781726707534396
0.0783636459792524
0.0825988244602685
0.1344159039502
0.103128809249023
0.0763094023590054
0.0654672156881356
0.13897208939678
0.0712978767294967
0.0803215455848285
0.201880263088894
0.0875893719281842
0.0593442242122553
0.0730991092148585
0.0949103572170099
0.0686400767553708
0.0938362199682039
0.0789330458309211
0.0685053127907954
0.0697053541758243
0.0948970230794815
0.075257236964859
0.0650315631072917
0.0932070488897634
0.0676648933252122
0.0574046868680086
0.0747771869665906
0.0542397477178045
0.0535586406566812
0.0760126619791796
0.0726623714705419
0.0999128369576303
0.10396672868789
0.13124264986822
0.0849168563664656
0.112870869217998
0.0860796469794192
0.0818219712066067
0.0642460301245255
0.0674886522999593
0.0982891378446549
0.07319167395466
0.071259797418459
0.0839191932887773
0.121078850014711
0.263592435228558
0.187520967170603
0.122318000605828
0.065922672689363
0.0688824698891504
0.0793844394612186
0.0718674199271166
0.0624984809961476
0.0848619817341557
0.070237876707113
0.0694978159255219
0.0620937106886445
0.0689372440872663
0.0679465337508508
0.0813043238097054
0.14142133584756
0.123063366947381
0.0623524508052896
0.0601450032112736
0.0943758032836344
0.0638437197272715
0.0872418169984426
0.274990104077909
0.208240769764977
0.124608837278485
0.100295464063156
0.108841892117518
0.0748082590335719
0.0629987912155897
0.0669450785789813
0.0773387481196761
0.0773348920246465
0.0951527577631912
0.116610302174503
0.108120215112737
0.0928824656392817
0.191204737204406
0.0870978045194169
0.0798621928704746
0.0832448995749272
0.0669112387437836
0.0852449000616809
0.0667294437314949
0.107452081787242
0.152935348251926
0.102080271617571
0.0779087775684164
0.135412873616564
0.0717717765797557
0.0856975022106445
0.0667699565270716
0.102697740566957
0.067204895743474
0.0662751066346862
0.0979529965109395
0.0915443967682028
0.0936804833010811
0.0902431023193977
0.104099879351957
0.131994649423865
0.0618711343387952
0.0821051768238247
0.0898686617310182
0.0787413808740523
0.103918152224775
0.0721079420464216
0.0752831177193437
0.107710193078056
0.0638528657244972
0.0979452206907577
0.124359658796248
0.0660584443174867
0.0791663160696762
0.0854187668408432
0.0717619961411819
0.154095702117491
0.065647013107877
0.06683142055479
0.100915584478104
0.0622587435819585
0.0603093545548409
0.0718123538722674
0.074847812178493
0.0837201056833607
0.106806575651647
0.0734113474437932
0.0738134675095548
0.0847404644857265
0.111355239831983
0.0680268012904263
0.0644494397622139
0.066705626463523
0.0894999110087718
0.0809178667943275
0.075361335739234
0.139785108468326
0.0976040976033621
0.0618979691765443
0.088921420353822
0.0654825457559468
0.0833256105092564
0.0584519002942944
0.0551346578254181
0.0894174166561036
0.112346915212859
0.0747005127640992
0.0674756999599146
0.0597741218841193
0.0714326132082218
0.0877354072409919
0.0658833041309814
0.118501641585772
0.0675499880155323
0.0562196194602155
0.0737628490393122
0.0771577106358433
0.0995459530292781
0.0642063772609777
0.107921757543733
0.0798140771567528
0.073592298271643
0.0692557643484477
0.0670301180090222
0.090645800447285
0.0765969306419933
0.125547909322929
0.0910939166135494
0.073776538477038
0.131040761338253
0.0991743222025242
0.0777612464231914
0.0944817001543704
0.0631570827268342
0.0780667352697456
0.10898440052596
0.12238850204475
0.0548635858892482
0.104926683866372
0.160342391158889
0.0958822575742038
0.0951681247566472
0.0975750083325179
0.0672767713553811
0.0636559722054776
0.0761966030025454
0.083487295686595
0.0688576528644805
0.0768504340053527
0.0689173554227499
0.0751337606422121
0.0767123366627849
0.0604586799268459
0.0888218717503345
0.0756919303062863
0.0852721332803641
0.0723489868115437
0.11489891257912
0.0685168479398432
0.0691493010221682
0.088644339018187
0.0814413523400867
0.0560560336948311
0.094589632515307
0.0871562819181766
0.105983892765074
0.0836747466853539
0.0762131338636079
0.0723392718194641
0.0713817368212833
0.1414574144701
0.107822198543815
0.0930014169247292
0.1178834558655
0.0884476055711051
0.0999924126716038
0.0677490937000109
0.0688681591437379
0.0644230821070694
0.0778256287852108
0.0816470790043428
0.0891986149393824
0.0626363291989466
0.0706529962162534
0.0616319917860367
0.0742902248252699
0.0721275893014089
0.127295992677408
0.0769839624682212
0.0954096490269199
0.102985200453777
0.0655122251713747
0.0631003224207876
0.0808756326660864
0.0961004364501233
0.0928772312872016
0.0724907640190778
0.0751304650556374
0.0712327957822144
0.0684939371319615
0.0729146920316101
0.0756244345998333
0.0640584928235935
0.0755681543423533
0.0727712942035858
0.0956208554746231
0.0872836945923586
0.087179513035806
0.108247416569293
0.0826745591294753
0.0710585552396418
0.0682718160059014
0.0676717015852458
0.139264230352256
0.0548413800457509
0.0841070878127928
0.225213022991652
0.176692129222767
0.0685395287034499
0.186730192886194
0.0766069842046923
0.109874608828345
0.0626881833986867
0.0610263693760639
0.0970752397602041
0.110105278476301
0.082838506453307
0.0988824211183897
0.0757536941490874
0.0644054343225395
0.0736991815013274
0.198976337042446
0.0967929970216255
0.132626933983688
0.243973878465764
0.0703928994838147
0.0718884401086248
0.0815502087255797
0.083192923888985
0.0758711116843671
0.0662420467504552
0.0622509882933836
0.0575558282229821
0.0754569777992959
0.0741302841712759
0.0756483150455361
0.0776716941122221
0.142294756553994
0.0786432663871483
0.0885467416072383
0.0882640692730307
0.116142542019635
0.180846176640518
0.0787889414588818
0.131617158844349
0.155858204428077
0.136768924323419
0.0745879856982613
0.0609455460640555
0.0918837634066399
0.222725034708625
0.0756917020954071
0.0735342550167701
0.0891665139971395
0.0684449153942199
0.0980096773819215
0.0671469709286807
0.0808485930608064
0.115804172730313
0.112657110649541
0.124629130309304
0.0765504519957264
0.0731032838361987
0.0647560585243264
0.0892314257376855
0.0640923063047473
0.065004522209845
0.0767220785389917
0.0570523172863484
0.0618522607326143
0.0770301822101834
0.118842424823408
0.0848913846694322
0.106329240349584
0.110310279308926
0.0703293149478131
0.0827695373329526
0.130682601289226
0.0768909645849358
0.0734128737700216
0.0888826810458246
0.108666010048226
0.0801157617012751
0.0869396133254658
0.0622981032977736
0.0917740542157082
0.113676680597166
0.102853086967611
0.0970721899960201
0.198977992533336
0.0903087767234538
0.0816078629720833
0.0753326934115962
0.0653229139774382
0.0819720612546596
0.0606930444578781
0.089331420850821
0.073193633486302
0.0857696722412784
0.0658263211590219
0.120441697180659
0.0785342800096486
0.0726599087102154
0.0680406592225647
0.0620472193616875
0.100919532838238
0.174468961980881
0.0672502708163516
0.0663497641485646
0.0591659479802632
0.0833540199547386
0.0635619935260265
0.0657075462107759
0.0754964929421423
0.0745517258664417
0.11850217398786
0.084984099249734
0.199992381879242
0.102607854558126
0.148307139574901
0.142410058119401
0.132539546104533
0.0683180863558805
0.0744821020377586
0.0700200184652588
0.133821023407192
0.0775158266516789
0.0830668155986176
0.0693706835972858
0.0635127994994433
0.065529724154857
0.0759755244133837
0.0599590600418542
0.0756556082073815
0.0758745556863052
0.0772422997433923
0.0733431270572154
0.0593638056243095
0.0757361437163584
0.0860930918225644
0.0715745570996022
0.0607888108413603
0.0689648709609608
0.070286990059086
0.0772189406053897
0.0919551244683848
0.0679641041426454
0.0742451578887899
0.0985367062302618
0.0857085116296873
0.0661196664325009
0.0865731003231879
0.10552892290672
0.054076313321179
0.0840540620068444
0.0776737627889261
0.0669939930143067
0.084328210142921
0.0832582780673139
0.114144283383833
0.131295059691858
0.070153237173318
0.0689027308730936
0.0857681042546526
0.0841729673655273
0.103717836805872
0.0796034757724052
0.0753375773622756
0.0532625546381618
0.067318092003449
0.0805112154177752
0.072622467589324
0.0788704408077673
0.0947839352489842
0.0881055006619499
0.0634870451822349
0.0648653246100936
0.0694750567937427
0.0630424423953215
0.0658329428871128
0.0826036115904126
0.0782886047674798
0.129438946079326
0.102878686338353
0.0789970461908123
0.122477991791137
0.154810815567263
0.0684720822208008
0.0665682535637952
0.0712003721638271
0.0704964872671888
0.0751071098091401
0.0901400396714737
0.100135738552412
0.0818070515199597
0.079306226560494
0.109620392783293
0.0930354598991756
0.0844675776009136
0.082332765732131
0.0912710315555203
0.125367765254509
0.0749779627796469
0.0544654393042998
0.0687229082491654
0.0758430590137357
0.0566348906958747
0.0780607301450607
0.0842276388337418
0.0575114869307055
0.0792175691092371
0.156903172591909
0.148842948460912
0.0639565053953027
0.0829337273616968
0.0806416101295028
0.0636886762620015
0.0833779634947075
0.0658139218063622
0.0789959472560993
0.0830690317473655
0.0565691927502185
0.0580377216192665
0.0942295619318433
0.0656935780930437
0.0891943605158156
0.0892454106831603
0.0786235069906649
0.0807816630898557
0.0937388145544249
0.0684695167714406
0.0621768237665016
0.0619011604290853
0.0863942866709429
0.0983472165284687
0.0628661224730276
0.090846580117562
0.134800020848954
0.142242314064275
0.0860650723697915
0.0925852221646776
0.109812928490445
0.0646294685803258
0.10002038848915
0.0653607184917027
0.106151062503132
0.0759572868838321
0.0734608698868831
0.0973874020624034
0.0940771333357168
0.0849081823393797
0.0695023231038755
0.137282467144948
0.109795950640106
0.0689886325925456
0.0821487829325023
0.0902013091333842
0.0677660964239812
0.0779274660457526
0.0637554083160642
0.0859805853862764
0.0745312894793648
0.074133887247433
0.0752637366308051
0.135167046941089
0.0886331648197149
0.0740326456021209
0.0725428724160172
0.0933177053703383
0.0773095104391325
0.0759473960501509
0.104582589826466
0.0748641807354209
0.063235904220052
0.0771102875122316
0.0843046175259524
0.0831704710793987
0.0670051086842861
0.0776853396935811
0.0547996839635758
0.0613911541168313
0.0893954523235605
0.0809686762350811
0.0806332597381528
0.0767218709785699
0.0714500946280247
0.100812665086905
0.0846527193428166
0.10112166863855
0.0758157247338232
0.0778214493841762
0.0711725445843343
0.0639814382072255
0.0679361075979198
0.0775262258020465
0.0886837925537882
0.10049791405208
0.103655060357185
0.0755635182473302
0.0825586790271007
0.0842736366358802
0.0695764329328505
0.06648872742568
0.0765246859731026
0.0976587759818115
0.0774447130646129
0.0819701051513596
0.065240982968282
0.0673029778172648
0.105790885325302
0.148484835449042
0.137442254295107
0.0811410966355425
0.067532882893381
0.0748105571756015
0.11532462872552
0.106655046132686
0.0920292727514435
0.0908420179846332
0.068009945866926
0.0842309785945465
0.0825290108289023
0.0817820302199582
0.0903773557233803
0.0928838907187591
0.0804948048530888
0.0636640859155356
0.0688818243297868
0.0813061341282729
0.0598376575932433
0.0865787767856938
0.0820442613938094
0.090010678630285
0.094677451736573
0.0769945938511078
0.112731848617145
0.138452937851345
0.0818745947587378
0.0887757120441951
0.093065691513426
0.0640947399565687
0.0632730162991963
0.0604284533625902
0.0741784011654763
0.0640845994858515
0.056004426256513
0.0595997133823448
0.0802344644671072
0.0801292985900065
0.0821993992005221
0.072889815992192
0.0603593976543935
0.079836857162868
0.0808906688089525
0.0745572096253349
0.0791180121938575
0.127412666206782
0.0857872873046653
0.0689866630115699
0.0649928538037921
0.0916990047890982
0.116200033238865
0.0706080545333249
0.0552773627350435
0.0721727606727279
0.0555716877204127
0.0838295078559265
0.0635002776219295
0.0713786001824448
0.0854459282238337
0.0830167917433473
0.080251860870202
0.102201521860917
0.133282497172082
0.0705756997004826
0.0719973261205592
0.0537188339759549
0.0711748272868038
0.0760534265805919
0.075084255521898
0.0751204011779645
0.0694883644073565
0.0977278618827697
0.0597845863103353
0.0859382248918743
0.0895181411283926
0.0703861309633094
0.0801779548562009
0.0781919709876154
0.0553587223347288
0.0831570890279595
0.0790778544529101
0.0591082034214554
0.0641634626844938
0.0665818621121642
0.0877860091850872
0.0867715063246004
0.0776647762929268
0.0601150630631174
0.0950799968694981
0.0774170432032611
0.0749993987334176
0.0669727967895324
0.0654433302213424
0.0810955213982313
0.0630505305205977
0.0781373667978967
0.0764232867450297
0.0731605707851891
0.0714401175722127
0.073184830434609
0.102496105994937
0.206536873013666
0.0975492950920127
0.128931056598917
0.0900437943119062
0.144120359707807
0.0778857405757362
0.0774724353703236
0.0806127807000505
0.067161408038618
0.0733286549119353
0.0894799821286983
0.0663535653836073
0.0725950261423994
0.0653674592113075
0.0839654410138011
0.0807058630491832
0.0631953364938837
0.0738978190622057
0.0536956808102842
0.0822711544694373
0.0626177669211192
0.0654346865247863
0.0726923442462391
0.0817289411579119
0.0732498951994906
0.0754305458507815
0.0657455586340445
0.0584720823787903
0.0681062382229392
0.119408169840042
0.105531624666242
0.0669540631680296
0.0943277786172402
0.0724767995020693
0.0736906398642454
0.0815587389756798
0.0941724852092983
0.0717819095031758
0.149356944316647
0.102197052788631
0.0682712680225631
0.071106848797463
0.0744519659780718
0.069950763583139
0.070933658836084
0.092002351687525
0.0607061616309163
0.0710693627224817
0.0916180983867552
0.072330340827278
0.0960268317382304
0.0678117384732509
0.0609613527525548
0.0766846157929663
0.0596000708607759
0.0647936973229928
0.059903764164571
0.0683905564924615
0.0992630338114795
0.0742310758271274
0.077429662814376
0.0663749096146234
0.0749947530008688
0.0590248022937106
0.0721993618493859
0.0681447933845945
0.0669570471118813
0.0557311787818685
0.05712293753931
0.0830584558152364
0.0836044100163015
0.0773492267799678
0.0834263672044836
0.0818302242983452
0.0625269888461503
0.0805491850958751
0.0557621540816245
0.066473994210024
0.0627138806038655
0.0699407113744188
0.0706266155736316
0.0725869803438515
0.0924953284927739
0.0782427672995317
0.0783533039288582
0.0753688342809761
