0.17
0.168818650505042
0.174784254095157
0.200912863282507
0.196934991229742
0.156258799717507
0.169973899400118
0.192135356832314
0.123338458231791
0.151337070956097
0.172842254665221
0.112953020844186
0.197529006512863
0.214231825594026
0.170940688317808
0.198320343741835
0.174481550802311
0.146233970786076
0.209480478303296
0.196838491319462
0.213925713890739
0.175322351259345
0.116057719717326
0.152119893268145
0.162391749896746
0.167335089874352
0.137781217266706
0.205296557657049
0.170230210620766
0.163980114823261
0.158562394557053
0.168515310377806
0.164772979719941
0.12834018908816
0.168357554545846
0.186245357614862
0.129968267862725
0.150848883673516
0.143432399338232
0.141069504128085
0.176745606434673
0.181086465873075
0.164334289216669
0.189895791094336
0.139450730780023
0.180818483102297
0.172464551416706
0.183189701971346
0.199797986640375
0.205916623635835
0.208956666486913
0.192495818409615
0.190343051585683
0.137816342699277
0.133045369660508
0.219785051400718
0.168614593815705
0.176504984593729
0.185357386902585
0.164839072114364
0.210745332878827
0.163689688697473
0.157084556581637
0.192066720022805
0.197472542192471
0.134990163608428
0.152795019074853
0.201067435533864
0.202035768981318
0.229310747204305
0.166493645988497
0.138046234519633
0.21431117129374
0.150678565247763
0.148797372967629
0.132559290650675
0.174786446799591
0.207152440141681
0.218399115845367
0.204965773731833
0.186815457709817
0.202271653724677
0.208211524040021
0.182125726822827
0.242709559629703
0.225782800285384
0.128031633504578
0.154644729307278
0.163195329535792
0.20412600190085
0.158476739511677
0.167578679626945
0.135073268122264
0.109115457919142
0.153749591823777
0.174397630479035
0.234727741625278
0.128788957812385
0.142154498192077
0.162921417152301
0.233328266387117
0.176435277080439
0.161563415075767
0.199430958248507
0.171820139674667
0.207071125830798
0.211076433893995
0.209750473771198
0.16715269743066
0.212942342375314
0.145648579609827
0.179694392786728
0.181974785088047
0.238479700285369
0.231871003750966
0.2019415905491
0.16187343298483
0.146506672911317
0.126686247974005
0.173579878168845
0.134157498564976
0.171411804916267
0.212166207838806
0.164874596866729
0.183903812101092
0.187928200004276
0.217702913326386
0.234024556257147
0.176339394065635
0.138572589964965
0.158728381287106
0.141051107725801
0.143591342982873
0.14990930327099
0.176868464666288
0.180819436083211
0.158958283618338
0.155514260787351
0.187056779784248
0.213086822965302
0.209553873337248
0.174757134314985
0.177760211758645
0.196684131422131
0.103204053693626
0.209530469101775
0.173544838735448
0.117699448698855
0.183304484591618
0.171758191402289
0.207716418091773
0.189913114042663
0.213908348021823
0.170775206840026
0.123231026411459
0.194211234860022
0.176935705139634
0.172306925268652
0.150396446400794
0.171960128458413
0.187901695364294
0.166625344914342
0.144429997581906
0.112290891787804
0.113807603480364
0.196475106555261
0.240428069741151
0.126281643708032
0.142480523841975
0.138958157111036
0.170719655391765
0.175250802606839
0.161318690877783
0.147374784994525
0.189965429988583
0.201785828386781
0.231653496561995
0.189393270503632
0.156336400241206
0.146888567398207
0.182006828407715
0.190615529959168
0.183925598241448
0.180023058298838
0.157936284011075
0.167660637654814
0.211775420728448
0.201139895151567
0.122897271953587
0.167973033343318
0.121997184730385
0.181933478764604
0.111847794179278
0.187563247764126
0.169548116562419
0.267858534877623
0.185460331927265
0.145516650696297
0.198145446544264
0.198599456678766
0.203329752065333
0.210452231577539
0.137780444224804
0.214913596204995
0.169612215934639
0.154742087947496
0.133394291259336
0.144868764442271
0.174905882238774
0.21385942653657
0.195345845834944
0.25349643581017
0.169341610927125
0.299865972098186
0.209013334179604
0.178560505743554
0.204867864338769
0.17288892619898
0.203131201182884
0.25483892900353
0.189839266850656
0.178508591938919
0.221980061135107
0.169458720785862
0.192929065312927
0.170982977196124
0.168941110759446
0.223777538369473
0.215010234999524
0.130095923158012
0.190825687776475
0.255579960536948
0.253116825184666
0.177490517371826
0.157284510479469
0.208663491092747
0.15664047227238
0.0976461688724408
0.211733173804683
0.210286695062015
0.228836201616494
0.205330163143425
0.170731431289002
0.235173352733204
0.119440124535342
0.150631402798119
0.200915202070935
0.180000859993567
0.201712022767273
0.222648269414563
0.187725919627493
0.131041381758242
0.139782835784002
0.187883862055658
0.206934416283467
0.137019815828756
0.166490136632258
0.187668195566437
0.155836213227993
0.222105186367808
0.219300444544745
0.264316071776213
0.222722465166274
0.21374722959951
0.186360610628924
0.18165944539962
0.169027623248081
0.175410332897985
0.185181920546236
0.188459800895999
0.146520605500926
0.180324700006047
0.134909121758041
0.156701896707312
0.140336998451394
0.160703220990346
0.17483049625385
0.151128785440821
0.172869161210888
0.124906273956595
0.138323728421258
0.174875515717741
0.150164730441189
0.175280644641065
0.192654747108636
0.125013475475255
0.166612509676
0.183059073431118
0.18532139161274
0.189227363161021
0.211607586625183
0.230511073754387
0.140580301136553
0.122499480112181
0.153517827841293
0.196423809903568
0.131852093843017
0.10730977385724
0.191344887696073
0.194041008136965
0.164311156687344
0.18553769058178
0.159500344102031
0.164423330619921
0.182094952715356
0.258280945869027
0.123861045937101
0.0952702871013808
0.162688292799232
0.165094667025072
0.226704379859691
0.149450482585878
0.185781684728325
0.186269781627758
0.198187150064581
0.196574602148313
0.215577314593871
0.224056048034776
0.250829658300553
0.249938859970975
0.165926887458937
0.194253770913055
0.171088398885136
0.211194391519507
0.143142837816173
0.194401487936382
0.163243046296594
0.121337910941948
0.153634471613129
0.173240778687043
0.154110523087896
0.199265943784102
0.22910571760041
0.206620442427578
0.153338096473263
0.16356422050237
0.203035699704958
0.17237581800842
0.193887983086764
0.11797500561569
0.150428714398185
0.111921018506423
0.127385575359729
0.120293013052106
0.137526602976673
0.166041302316223
0.139148761734064
0.197028037938412
0.130497699818216
0.117940886164913
0.141156281337479
0.140623737773183
0.21590432995412
0.193620075899852
0.181369133002597
0.21727792194992
0.139939187204629
0.212300047796364
0.181097357435993
0.252813760386408
0.11030608882112
0.204570909454885
0.206673300996173
0.21494919150392
0.17915294960812
0.161267587369502
0.128367112328816
0.124093131315953
0.152698814134329
0.104458699266751
0.0904534771872977
0.14551464217342
0.172015538354162
0.159560858580183
0.106073286125001
0.131402812933084
0.176654777261049
0.110832177002281
0.177167982107722
0.229365265739141
0.200435619156376
0.181421033029691
0.239971772133842
0.185613372503151
0.205703637905088
0.189162555797373
0.188879820828123
0.222267592120718
0.184222062486945
0.136201302075329
0.150266521858234
0.180373696416701
0.220281145487408
0.123584156571869
0.151104279656213
0.170063367714487
0.210133483170839
0.15512833254204
0.113501457003402
0.144896586037719
0.124358395533287
0.129254140226602
0.205898961720117
0.1247605467124
0.147069968466107
0.154874478894374
0.121102773767319
0.24624393380351
0.197924469853426
0.173242687821585
0.179583025489174
0.206967879690469
0.213107144886084
0.174907518957883
0.190809574522704
0.149607268285453
0.166311780608947
0.154047727848579
0.18091537638272
0.1741984254039
0.118857288395078
0.120591108544142
0.128432513917227
0.215621877798213
0.123414753031807
0.159940496795002
0.173874612984925
0.172817520471016
0.14308513200259
0.144585562112305
0.111601378904795
0.242670880406559
0.153629379740058
0.148861777977899
0.173373589123922
0.182601952147907
0.158747641811365
0.24850007456868
0.184790544453813
0.183080968649692
0.208315892221399
0.241216291439991
0.172583934996501
0.0924050555237723
0.109826207062782
0.120468870237259
0.178664271130638
0.167314996243143
0.171371580666625
0.186838443081032
0.164426192951151
0.194018798058613
0.226035316099937
0.172854195260486
0.185364017048585
0.102839475738768
0.16926384665961
0.15052489877326
0.182262072286023
0.228153035574609
0.177259863760618
0.12893910107319
0.178016091519645
0.171346189111371
0.248991746715197
0.173424195170573
0.203343071121918
0.194273458643896
0.169890295890419
0.218930301571791
0.23080194635355
0.180785090156981
0.197697487822904
0.189302613835942
0.211980758983094
0.137703095701748
0.213729651159494
0.165679644389542
0.177934009902466
0.145755538695653
0.205678026726034
0.209924666858681
0.241423805360627
0.191890065323812
0.158750473056293
0.182346043063067
0.172216361858382
0.202487270289409
0.165518202900096
0.220790335722065
0.230823807691827
0.153703610788211
0.173533265775335
0.149327274230582
0.152673644601844
0.186700370620145
0.125150412398673
0.12366186763829
0.231193072508222
0.188476811306316
0.196898596695588
0.226817795587336
0.156796048321964
0.193413683024814
0.109461663885321
0.198304270310691
0.163897352921115
0.159655805970049
0.200266497899238
0.175889364459525
0.273347597354534
0.171522121419023
0.111024771757129
0.167686802219376
0.186761020122508
0.181966772232134
0.155854596716174
0.142804054169562
0.211433518694512
0.165607672373672
0.178987993207594
0.235638234468999
0.199448564466416
0.22862698790649
0.262995561766792
0.169398208377384
0.160492664890543
0.181377233039193
0.147287102356252
0.139695539611341
0.162214361302737
0.112817531521692
0.139723030394672
0.155605737703989
0.101909685533687
0.181060928873997
0.182125077639294
0.154862414195816
0.20001359563506
0.210063191309664
0.166722256998624
0.184961776392835
0.17174519543221
0.184659139297516
0.133977694837348
0.183621348699788
0.21011047197453
0.139596397169896
0.184316859395132
0.205164608261644
0.173952908821126
0.144654026779828
0.220708099723051
0.232420644912505
0.217808222775749
0.180455810291321
0.164587842992012
0.173062918100298
0.171007738616974
0.223235430480131
0.209074590770407
0.174222903703699
0.175024477076207
0.240543349517536
0.226348673623862
0.185880851783502
0.148119914682528
0.204712701355563
0.222362789167203
0.101380270758345
0.125965889248068
0.194076341678406
0.137373136076911
0.17318321880421
0.180611024363535
0.168972938162541
0.175978191214109
0.209049612977336
0.145823837714279
0.137890187330547
0.152246193526596
0.220148506959758
0.134846231765174
0.211618110746
0.139144842405794
0.163813681150696
0.174142823653968
0.12737667956794
0.163720400447002
0.207459996070294
0.164615401073177
0.154919365548813
0.160950947887124
0.163058182255324
0.194528553076363
0.161253199126351
0.185123736132095
0.183751069669869
0.103634709600459
0.158531282007242
0.160092800098953
0.178569801117661
0.15539598763468
0.140283432441559
0.173288452480957
0.193145796776112
0.125523454368377
0.128081399872299
0.229503922926953
0.164026318009438
0.102117361990053
0.158853003512564
0.177394937498613
0.18213759538268
0.170232087916544
0.120298042868566
0.15846145970058
0.127209715626102
0.187733241886018
0.171691879286533
0.137655627028541
0.182838020017408
0.180827358694696
0.171489091858219
0.318298541578304
0.180402604879163
0.183488428908556
0.148285279547433
0.208202087380137
0.134044508134634
0.188001983600516
0.203460994732433
0.156776065179153
0.0922079781660252
0.175584136177486
0.128988043961539
0.222831804851039
0.131899704051137
0.168895945908457
0.126528669509122
0.167695095817922
0.151010917245322
0.202320018061619
0.146247665963566
0.177464911779356
0.132192182899744
0.189199979397609
0.25305505358846
0.156186863684658
0.158803255784431
0.196867357403216
0.148844288023729
0.178616700690293
0.196782615394843
0.215798254546934
0.110375259747993
0.16139024479191
0.186389168324464
0.191992913430773
0.209872354077161
0.196469601714868
0.176830487564015
0.137368636335319
0.187619477051632
0.133183442404309
0.131105278548779
0.183143644945954
0.186863625064803
0.206632435780807
0.184373157680138
0.119189619735307
0.193157640837224
0.158657673465504
0.177679538270788
0.132008968280596
0.164746658359568
0.138514826306635
0.261181630483462
0.232956446607678
0.18100948352995
0.149068172389751
0.164550966867442
0.155600420234096
0.180748215441084
0.241704325780492
0.199856052555032
0.12625916239512
0.100014248995321
0.146775489881305
0.0927930048681026
0.158031829802266
0.22862916945307
0.191475832134852
0.16392891663837
0.227121583090658
0.168340659820288
0.125941053503533
0.183558018096908
0.220983217627279
0.233281770039404
0.211050456910549
0.205913333877908
0.193202968711917
0.163843859294292
0.115051812356796
0.120984548553342
0.122934254133008
0.18809496780465
0.172592355335043
0.171404949520374
0.173930825029294
0.174785671048575
0.198828684405338
0.218218653133085
0.186773820489337
0.206479441766103
0.196492362531663
0.184768664919336
0.122712884017767
0.200017886542891
0.179985838594459
0.181689494078121
0.246476643711842
0.218908631044297
0.200844925566203
0.198651802036158
0.216591320494119
0.175995235794647
0.189911184010311
0.150214034456722
0.195108094492123
0.157609126989475
0.217291225405709
0.146074468107712
0.199423119854638
0.130628320297796
0.176962231180655
0.149303413453193
0.19391020429694
0.211645921010049
0.183063738731392
0.144540142311123
0.145403058797434
0.168611111599304
0.141786901165609
0.124913964213926
0.187772286052565
0.162466318269975
0.136012714778151
0.173798037877986
0.215159457451437
0.147492572308923
0.186737391553065
0.137659374686414
0.153385175638668
0.112393986785934
0.214676579426192
0.140664791183836
0.215878637335186
0.165740068813719
0.186135953581094
0.216156840255814
0.221324318068643
0.159104296431371
0.206906526993582
0.19369100620714
0.17683509802408
0.14093142369816
0.195800110214159
0.141627033457303
0.129028385087204
0.168356799467397
0.145057780756849
0.172624260182602
0.179152465766181
0.139114114814865
0.193535526849933
0.171433180465434
0.182652868282284
0.191732525683183
0.232451860466547
0.203538752612026
0.198309917621366
0.199686012871139
0.206330490120206
0.195229051951302
0.211253660470058
0.196738988526549
0.180093043250786
0.164112229007587
0.237501495317649
0.160705115085638
0.221918859551416
0.208292640266425
0.201902849516573
0.179931536305444
0.135303686486802
0.216591080558907
0.182053768647817
0.179562787145534
0.263149997292293
0.264179038093078
0.151441578322069
0.18248353734288
0.117567615070255
0.121079380345844
0.131347785793103
0.111412329254977
0.158375292116569
0.117243008498899
0.19228866012992
0.134322510503382
0.182232457609132
0.178831663865256
0.158687332958981
0.201349245886405
0.171847747434528
0.120040612019772
0.193026960987816
0.141260275719645
0.156556423130403
0.135085154331626
0.167250314702874
0.167292745667781
0.141778915651474
0.126615419150824
0.234642330056478
0.217593843092922
0.217965483361172
0.17957419330063
0.181732310889023
0.152675314428375
0.196343716580693
0.195360904845563
0.177591738385407
0.151036710512754
0.157919200645763
0.206198949608947
0.144826486043376
0.200747189679106
0.198692463828385
0.194502798414425
0.137467614430835
0.16578822971377
0.19652236060835
0.25702516316398
0.202269659266603
0.220444866375169
0.220564373667748
0.209157499376225
0.192880944304207
0.159704971726206
0.203789237340186
0.162070192796784
0.209790753767678
0.155691022924846
0.152278083175841
0.127019866823261
0.193240395286199
0.178797553283333
0.205346489306857
0.219581807487879
0.188621271253034
0.161664804988965
0.142971614434208
0.157794675306118
0.164393843738163
0.166530432330508
0.143699716393774
0.156180240800299
0.185869067254999
0.135202120581436
0.190565377855185
0.199507359824536
0.162628282952801
0.214864718143883
0.225583775669695
0.221136535637501
0.132052479923948
0.145451005405125
0.156606901259392
0.162132238722368
0.132411371726527
0.156924639126813
0.187283819805873
0.171100366065606
0.207550112480413
0.187209288182547
0.171456243837317
0.127514278994965
0.136845586883099
0.172257221140293
0.203399154988207
0.226220000647481
0.145401247615912
0.207669248845598
0.21614876662087
0.149591234683286
0.234173554907099
0.199062676533604
0.150404128475046
0.187887852727922
0.145905453841086
0.177604525369357
0.202395459018222
0.151138265599889
0.0804326183771883
0.133292300496815
0.161027332882491
0.145107824939623
0.149877893011844
0.156352253319776
0.183796542277742
0.115695560056596
0.130183922927575
0.147494629360992
0.121890321975397
0.139819359253298
0.15764659156018
0.197040869193304
0.19900741180886
0.201226458053784
0.181171252730529
0.179443032763329
0.187250815006099
0.105613833642528
0.14359016312558
0.172962821550466
0.142111929184938
0.133261184285498
0.119900168584793
0.138177581866412
0.133742591066312
0.142744659330771
0.132933146551989
0.192637163690993
0.158310495111001
0.139104518879018
0.185989901952482
0.156595549624503
0.182202334852954
0.237845274844259
0.202568327464069
0.282104877514373
0.132261886860612
0.142232604701659
0.137710600565036
0.173353279024561
0.22394589321688
0.149545013306775
0.20076613969048
0.186836741756211
0.133226385798648
0.137931826290242
0.235768865605933
0.125457634336009
0.207335394772369
0.137484409731707
0.173741962611873
0.110935131887988
0.138338348072614
0.158908531706562
0.210956407006183
0.146414576874377
0.169525774434083
0.174717972186173
0.112042021218339
0.224765341976228
0.246345321303984
0.184184046876659
0.175556975557483
0.153376684174601
0.154136903580644
0.150176839189144
0.157532636047352
0.203273302980308
0.134666737630905
0.224571736084272
0.142976237549884
0.173559604914873
0.116272058773165
0.132494145770826
0.20961746498068
0.171108445521015
0.25656830593227
0.11629766343323
0.139424410003191
0.224295075635874
0.0955577602851212
0.094094315922011
0.139613708505242
0.213604757012178
0.23228795919905
0.179403179589529
0.161208014990689
0.186617209541411
0.199256900414623
0.138951116152629
0.163564825623356
0.190709125845846
0.121810256784427
0.0933388834150442
0.169993020713747
0.157023850142722
0.201376188330156
0.123802799176688
0.189724795262208
0.168196286353935
0.204366826721687
0.173796321802406
0.167854373737036
0.200595993891812
0.186341144151676
0.264295967964438
0.200079237475037
0.153760457073358
0.213808504074955
0.213368174676675
0.158860355311075
0.178475794169569
0.171661901907838
0.186767640406429
0.172719550437525
0.158198670988944
0.250069855625775
0.203803387839783
0.18002911243376
0.1470891955889
0.169052756145872
0.207052575958882
0.154865336201407
0.185063370960957
0.130735014100168
0.1454717555836
0.236115988660517
0.19909194097707
0.130518593139781
0.180495563287517
0.162453869879852
0.193337043227316
0.174936512921276
0.18388225915542
0.178827762072801
0.108627794462932
0.138955049801017
0.138934024033066
0.124597622256525
0.141704118782883
0.174719107993917
0.214423783681246
0.130862667619964
0.135988380342638
0.191269732099853
0.128980219548437
0.154419909510279
0.151672690422938
0.156623264723097
0.100214877116014
0.145618356090532
0.169033284094604
0.12955276576858
0.187002810784117
0.157438961378548
0.130716458135456
0.155245377718495
0.256889039406762
0.19382928616499
0.201363491639471
0.173636854712433
0.186485924702071
0.151359130458955
0.145079075497742
0.135394978521981
0.147782114657244
0.164936855832957
0.17332687694124
0.192124348130305
0.181587033205456
0.16258283778416
0.160460466539775
0.168326395882941
0.142610676025745
0.166675082182386
0.16276278767675
0.16983203781433
0.163529270983124
0.169031333810443
0.129171946370793
0.207543391303625
0.17265500712818
0.126231434712676
0.142270697137622
0.140448940139052
0.146830140417173
0.151326777230549
0.156783246474905
0.178173722031224
0.215242534961043
0.167259558066436
0.160980374662215
0.22900279322643
0.155145835772855
0.200226252220446
0.16636662366354
0.129043865634037
0.178736980022193
0.166761095010399
0.165086068659748
0.231604202592145
0.160424780908784
0.158891595310525
0.167761301426904
0.19009156501375
0.177865064548217
0.167083062807678
0.228703215556454
0.216512943777061
0.180582145382955
0.202009745374715
0.188180716804778
0.21316505856162
0.188600872180078
0.207874115201698
0.167770586843674
0.200061256654185
0.168908663963941
0.151400754447078
0.136752897281676
0.134828511334607
0.206052800220827
0.178809896144666
0.162710812960944
0.235552450220287
0.153445347349444
0.222728501154308
0.139196140241169
0.152137117785218
0.0955362946356115
0.155663654346463
0.184533938108752
0.204977071071269
0.221793134157102
0.174122380914322
0.14742236280985
0.174099265260273
0.185029341092081
0.200465201071681
0.185485009622975
0.19464996485533
0.106830503879666
0.227202015980103
0.157351956071194
0.189667848044907
0.185214766428081
0.200653976127497
0.192063498388375
0.190284479413678
0.185557780722702
0.228502852865149
0.167784813930337
0.130214594581565
0.176907260574327
0.131424268380721
0.226377207028808
0.144914347261621
0.120213421964493
0.198515260255623
0.2120476732082
0.222184163790182
0.214735102376757
0.090990783489497
0.156131125888225
0.140159785736725
0.183284400569641
0.128235233254633
0.167457248735385
0.185701825858039
0.212477979044029
0.169020111295651
0.162324972753375
0.179929719692305
0.205692530335913
0.141356252600973
0.191174501399709
0.166310342310618
0.175858818159674
0.162416941840892
0.169949259438841
0.149617770517504
0.171263700538374
0.210157102326219
0.134637126726771
0.126292395521712
0.104005126879535
0.107066119541834
0.15691610718508
0.221723287234326
0.172754365060508
0.173648226041851
0.223985362782842
0.222383908283198
0.256676636916227
0.199328074731911
0.237408428559104
0.21947667483865
0.152266477781931
0.15118387069634
0.184058268415839
0.175331391499105
0.217187947852092
0.180454549056585
0.196790922841787
0.172868258338021
0.143449803466254
0.204591741351807
0.162758319027662
0.189960547455159
0.147125643725128
0.144735084983243
0.145187119706059
0.176363763568501
0.250766192179805
0.197932923892625
0.199678067371779
0.16647784659925
0.195690269231571
0.179897057114145
0.229475301763083
0.147908249151376
0.163405830221186
0.186539069314079
0.135059326344887
0.175437984176327
0.239988798533908
0.169250419705394
0.126061885729484
0.206015935882584
0.207264570023148
0.22026422652144
0.182606476132051
0.219624534816323
0.190859158568437
0.166173613871999
0.212222666982951
0.197746981458206
0.183766958241148
0.270994611798257
0.158577733016805
0.173418644785536
0.191523294146323
0.200034618491259
0.140125674467303
0.194763943014203
0.145545553046704
0.220796234669994
0.142013317218998
0.189443040270041
0.197536299602846
0.121688014206993
0.162946776803381
0.177966289285238
0.178297321402386
0.236274325955505
0.190068030084578
0.155350438582958
0.15717124191952
0.109017097761336
0.147160895938741
0.109539640136783
0.171557885527266
0.139975385979493
0.185756193719694
0.225370716799676
0.173209268189769
0.25350707460103
0.125596341698636
0.150788971142613
0.208323592796998
0.140725044981846
0.15547167591965
0.229339556002302
0.1401912411601
0.122816601849763
0.113475003639171
0.167077762342555
0.167989080941363
0.197671790290036
0.120121750423473
0.16067490641524
0.160533364162635
0.221630471822162
0.176149141054367
0.150344013228868
0.162479245582102
0.203886133995316
0.125356950962475
0.1859700162155
0.213875957214533
0.259502436739819
0.184555536643063
0.185988489221183
0.227867296999761
0.202869081945679
0.210115209585544
0.190872453922489
0.225030650048917
0.234750758105489
0.1706216711047
0.117560632048954
0.17968860765828
0.150186878469871
0.164327454858953
0.155541018702297
0.164238789155485
0.175554285410352
0.172442355504948
0.142953145785042
0.227731113521129
0.190176118161
0.24707147697361
0.136799811851542
0.13989389353317
0.150214337324487
0.201878057326655
0.142188096655842
0.190343816816185
0.154350100949524
0.197194907414754
0.189352835501955
0.175698542602951
0.144614236798758
0.209882305774132
0.179854201832362
0.137740566880909
0.186364427524792
0.176161551784611
0.151958733594447
0.247897735886892
0.209423778735188
0.137985493657635
0.15279678292562
0.150876015681962
0.132300603506735
0.18831138912
0.156556504147048
0.165959568591293
0.191793922662771
0.18985618711004
0.206761249420366
0.153667417095468
0.183831052909442
0.192366342239445
0.19241713624455
0.104810097167389
0.121209812716744
0.144828142940094
0.153680422932607
0.135192345851941
0.168714371564419
0.179009375155841
0.196753681303595
0.156304428093805
0.112696986144688
0.170342811130677
0.198137060886497
0.161943708140554
0.217313540347878
0.181226964970755
0.187490578592215
0.140402700176291
0.16904464872263
0.151416235639479
0.152183883648611
0.119763746090558
0.149595836642642
0.138208101186272
0.170525933200251
0.204611238283292
0.178662129963582
0.219372704303509
0.196229345970816
0.140832679729925
0.141161461177987
0.184452269608485
0.173659273976012
0.178210566078619
0.197643629669619
0.207719375563367
0.16043636267846
0.208939773704904
0.173756299228987
0.217310493769266
0.230192566908326
0.189949624574532
0.242433726815524
0.194089744690314
0.181892124365365
0.263873162758783
0.250279850816051
0.15937100994242
0.239675375256544
0.207114503776913
0.186988856300148
0.222429031013876
0.170659429114363
0.147974753272326
0.172445147422853
0.207990982494565
0.206001749177739
0.162080738900122
0.151463979019035
0.206298384749807
0.145926088189868
0.159392870619261
0.161792843511578
0.179890646733307
0.153647981195006
0.247940749938952
0.192175051318937
0.194843994279356
0.231602145829802
0.145520565404577
0.168881906832175
0.199815502373645
0.174614790009817
0.221695534597154
0.145841727045539
0.186828388362813
0.220943969135731
0.169375412856135
0.171078989954045
0.159673320415833
0.179292894735318
0.120613735982377
0.186652216863148
0.190536737681613
0.200515697502812
0.258020525044607
0.107696103139705
0.149417259896991
0.124839684042138
0.179126593528973
0.116075547631586
0.170968972704918
0.198653575725207
0.178356511369161
0.245041104193315
0.190350485908557
0.157694628809529
0.132808238813467
0.174207685416218
0.171391904442861
0.201004939884235
0.179204111907919
0.18879179144304
0.258832239598817
0.213112429966978
0.191807246510946
0.149439404438069
0.151192347102161
0.215724600275612
0.191183607872543
0.164562757390456
0.191493116425475
0.198837543812094
0.151023616201454
0.184591410206685
0.180686242698828
0.228469030074885
0.238399233900874
0.19321791845658
0.159161986688504
0.132732340101493
0.172339680254233
0.20217927751275
0.18927154359004
0.195126367620836
0.194371708470595
0.172387519758763
0.206638310322019
0.179528389209548
0.169561754292555
0.15049215294061
0.171286153312107
0.151196892583226
0.177408509237291
0.158210637550845
0.182926449208915
0.179831986125749
0.19967807191056
0.17318792363004
0.163894092484685
0.188154505529168
0.170072803421574
0.152854827845519
0.21115953040601
0.166109653695685
0.241376013688129
0.229586688111937
0.228265514341393
0.210625802773944
0.201596818499306
0.157271247748257
0.24354500269118
0.229326897999034
0.207165940854323
0.195210407359915
0.190524322584279
0.159130224902004
0.168237948256323
0.17622099824956
0.15315708007069
0.165587091211564
0.146183703268468
0.158470412410716
0.0926433599119377
0.203946805784573
0.216467237448827
0.181645749586177
0.227756763298435
0.148087690752492
0.141524318800378
0.140388228765767
0.176767160340988
0.14749639954458
0.157828135941501
0.148436384948934
0.153554659847989
0.194611919658831
0.183241515459375
0.183195042509622
0.145927089012174
0.155928639065384
0.193612812688008
0.21732839110408
0.110515118537847
0.163534953825524
0.166856327967795
0.173423377170701
0.216040539095025
0.153025776405171
0.121289051242644
0.13145632322151
0.171421891383408
0.154447314275305
0.117997751863005
0.141791152074179
0.131973799858633
0.200676828710813
0.136170184327713
0.22654000859133
0.20527668849349
0.253953521609355
0.214558266304039
0.200044164077312
0.229352675665947
0.163647625541231
0.133580797801837
0.139958727872483
0.14210383575012
0.199269754202417
0.17377871272603
0.159876078237186
0.133199635938022
0.153418123665911
0.196735566886777
0.174700587744718
0.179715498191636
0.15006201731977
0.19091039172126
0.187350955468599
0.262781138066747
0.225103397528078
0.228193288276438
0.29799494678649
0.192296347978395
0.144163592833093
0.153276264547477
0.150679112840378
0.251363292355594
0.152981654070363
0.163342533971364
0.0926922673828181
0.186437640109132
0.13324607249039
0.10831966798765
0.175771841550522
0.183714559095363
0.125469743618518
0.145193834071438
0.0922452394470492
0.239340527287964
0.139084421744492
0.215544661675765
0.205806357033555
0.262174050604234
0.181554314883247
0.108484145127879
0.168788123964776
0.131545901422602
0.146100307912057
0.132244843772407
0.146482620016119
0.182655003164671
0.180026275822395
0.172934034809692
0.149552373916011
0.161435392260492
0.116789811342383
0.178622944060713
0.167005132006113
0.125755289919264
0.204271223824337
0.239182251535557
0.165813394594477
0.172420615006307
0.192297865821592
0.23166585511591
0.178972469448485
0.15010208847251
0.210513349095942
0.188826106838223
0.154165230355898
0.146114422152062
0.162626472145117
0.188879700072124
0.161893923435903
0.207150980805065
0.209931685394183
0.209559128485448
0.193787622942976
0.153667972941572
0.244532689686896
0.24717321926574
0.174760362957476
0.224071189026892
0.165869480530792
0.143912210318989
0.190022763615401
0.211481227030312
0.161660857537431
0.1515021697419
0.180371140592373
0.167453464522993
0.235837992275979
0.135184696214481
0.207183411924446
0.179278006604775
0.158858891377357
0.232193814157368
0.173302471504761
0.216089185850081
0.163813429037311
0.191619836220147
0.158363324025077
0.146374792667901
0.178845372605505
0.160519313191494
0.207691530102532
0.199035387035574
0.177148022714391
0.0838870466186085
0.106925206543616
0.185371295135136
0.140310799288473
0.115111152931593
0.118540836660326
0.191475767677816
0.118792061239697
0.132420577058251
0.120542488255373
0.130085315902279
0.096305912858365
0.164232289230096
0.143624975315881
0.202061880931674
0.18670747083611
0.179128056446669
0.171138075102119
0.227883424329659
0.229850893466577
0.121051010104403
0.21259715488961
0.247451014759013
0.19364982454119
0.135809139235622
0.180937576930101
0.210572776853773
0.225119047903945
0.186709914815952
0.184389391270683
0.131837368740039
0.148511560331586
0.160847344266332
0.166921961469076
0.195836473130363
0.208110200436476
0.176740774166478
0.237099045475436
0.266910921336607
0.203129673332466
0.176507178798915
0.116944229562478
0.217695946627981
0.228895784685101
0.198805807329165
0.150766057158698
0.19554316743319
0.181517002559277
0.13198630268521
0.173663341808303
0.184885293664
0.213460394626877
0.117061166836468
0.139585751095405
0.15504016903679
0.146178186016211
0.150339653217046
0.217546801849133
0.140849737561429
0.154096263538571
0.124359469436994
0.113332657210207
0.132265301393108
0.175411609791817
0.238010797116238
0.19960130908641
0.125878637426814
0.155896018005539
0.220882403814335
0.187881639857165
0.130896361715409
0.134291853369795
0.111337846184408
0.165431003139144
0.155685952502491
0.182871926563334
0.197737579808581
0.167484890288405
0.175974168674866
0.270741830055405
0.173578684505095
0.151249726654748
0.21040575658869
0.18881613564504
0.185527874781442
0.149894832059385
0.15735704229939
0.170482473600046
0.134259548244606
0.16905896243499
0.185167222260651
0.0934820385967282
0.120669933009894
0.156220254515734
0.182950897162971
0.176870607922499
0.204278121628536
0.198958431315159
0.160308767761039
0.169339926264111
0.186593403410382
0.160978583880307
0.188901517030102
0.189744533101369
0.1910837887728
0.187128862735505
0.138931768261144
0.167422124405245
0.194321712827825
0.264684283978716
0.199754704184763
0.152058478908242
0.196685212828142
0.265051984995283
0.151781839295918
0.122408693742214
0.204377017369431
0.16545057587351
0.166509073173385
0.210897018899679
0.173900805061699
0.179848892349307
0.241490711011197
0.239700461521528
0.22118235118884
0.170629262737261
0.166845473539605
0.156495455669495
0.154190231335032
0.156822945195539
0.11910181526757
0.171615891456958
0.180647051616341
0.220452162000486
0.203115606200927
0.19917874893318
0.178900609946819
0.166850384943593
0.131389466097619
0.140347539028479
0.154139465841301
0.196242071195117
0.131756286663017
0.139282112936518
0.156296582496135
0.175234965216685
0.118346946665532
0.185844538989042
0.147642382643938
0.145030048456808
0.177746097360077
0.20147147958926
0.186446208103841
0.166196514075615
0.133860621380296
0.153469831673401
0.203546161247103
0.172484058523925
0.169755252279411
0.144517656480699
0.131183443338303
0.182949955044824
0.194772814936137
0.231002202427311
0.199760293429948
0.264041835401283
0.196991507131415
0.193699067832456
0.144630803411695
0.222568082497966
0.207386068126896
0.202337396197645
0.179049290785592
0.197945908537976
0.169820092019006
0.275358035372672
0.237757825146051
0.178571273196504
0.240157102663588
0.208073022665816
0.188750065994157
0.138363351715866
0.153697042158913
0.143975506044896
0.172168318973071
0.149540474570769
0.136256454043921
0.175147358523976
0.213869841648939
0.138452740007121
0.160901379736965
0.152342468397089
0.158184685615198
0.183167199946092
0.156107927247408
0.15861502944847
0.219562057676396
0.17620605002842
0.122386015389009
0.131050789989738
0.145508445728137
0.153090129091808
0.175388146004557
0.214597682471513
0.201950027899893
0.179484440054529
0.194336110777895
0.1761559985657
0.144931113917189
0.119959242938036
0.152320219889904
0.170994242021698
0.151943424466006
0.168887445349819
0.204432947903992
0.127107675839838
0.116715416803238
0.18494561451529
0.131247612042052
0.122735710302898
0.220186700067234
0.190474846834201
0.177260532587721
0.130196689742232
0.221078488907856
0.170636438021003
0.189242729109529
0.17926056609831
0.10691435428904
0.167408007825441
0.227392492439082
0.191354724243431
0.169903827655697
0.236360957518235
0.160164156926977
0.172384468867714
0.203967871951929
0.249967258236107
0.238972622189886
0.201192496492005
0.263057008946067
0.125405124883079
0.119348804875755
0.181255305943968
0.147973661760513
0.164530490621845
0.155348787356072
0.120896861043078
0.153771699430804
0.229050016652322
0.187702740542544
0.191822064222316
0.190551520292425
0.160512468683701
0.19751145991076
0.219557188344863
0.235677934726859
0.198751910044555
0.194344201691311
0.247950632374821
0.188639311386115
0.200185196382287
0.197358646937603
0.157818028079071
0.181483690869852
0.193279214547235
0.143347437056715
0.131062568903183
0.194478896603843
0.195023305001791
0.206782662512523
0.192301279975434
0.140174937088807
0.134463769048199
0.200493025938871
0.183127738406553
0.169192404137997
0.168358400186263
0.124961170196785
0.14654266350199
0.141944705720561
0.156252035384497
0.148648242904721
0.156767220539533
0.129117191527284
0.125496996715202
0.242181985614369
0.182098041100347
0.105533524970464
0.186087527209774
0.126864436258507
0.210940133128425
0.185417049805563
0.142996776116376
0.176596331668677
0.202263003712645
0.226440130667536
0.190781801256743
0.174521636161423
0.117344344827788
0.185736369801936
0.248082825087393
0.162686994139393
0.181329879736289
0.166925589237999
0.176793681367355
0.161354092642206
0.163510330656517
0.14942291093883
0.262816320737346
0.207928621713527
0.19212510954739
0.18461713766097
0.158577513148314
0.15999877340578
0.143441749919975
0.184016227966853
0.1596512912555
0.130253711782515
0.181061070547104
0.237623804823926
0.13527091390342
0.202184580519415
0.223590666688663
0.195985487343299
0.159108743760228
0.165085338072077
0.118441349370906
0.166853875444122
0.114933454054201
0.166123560788732
0.169604029658963
0.15758864006748
0.130822525068478
0.199695716390339
0.144416875177099
0.135526590760235
0.249389053915742
0.113171526240167
0.0763524718874802
0.181505736342629
0.224998281965919
0.188048038803407
0.22405857784209
0.234277406615082
0.202339843643014
0.162507752203609
0.190976710234303
0.16564745010045
0.186279895062899
0.189540364433673
0.155977764056667
0.17928106667748
0.198928743054652
0.22076423331565
0.209164902248322
0.180479414961182
0.247615460867256
0.246433946791632
0.219208407364764
0.223853027580098
0.190228341378322
0.185574498020992
0.155530143946253
0.204254508788185
0.184119813365631
0.171107222606689
0.159599819710185
0.12380228487874
0.114549342790232
0.193472945345505
0.206574019592832
0.117047414350159
0.224082240601345
0.209369352381443
0.194579331417164
0.202596316701714
0.205584791260819
0.168198916508198
0.102196161399235
0.183068501563361
0.207154250954307
0.113202916459285
0.177691805914033
0.129503917743272
0.182692572005233
0.157951962095563
0.127004948363425
0.160891150536314
0.219203208677537
0.177206285382073
0.221657353474684
0.202359394621135
0.161740161713589
0.19272910832495
0.124807652232055
0.200467303712401
0.148709548264281
0.145022151860875
0.125939224621008
0.137064216397144
0.129581583013874
0.0986876894159715
0.185830817641231
0.171905020690675
0.171774055706321
