0.17
0.0925004667617086
0.211358100528251
0.108474947839882
0.175109712116565
0.237853091898824
0.0823174475297899
0.121747065524671
0.10368295431944
0.0718051276133608
0.0662435426069392
0.0712242997552947
0.0824513263525381
0.122334553574477
0.131801791947312
0.245704880055702
0.210117551337632
0.0805603431219939
0.0652286280036575
0.123993821877846
0.149870350577944
0.102418403772805
0.106825742301997
0.0910228039149218
0.0674469723611677
0.167347294160719
0.145179746330268
0.186829068924939
0.160790425202869
0.15752464006664
0.194650490992801
0.145877477219843
0.243101790371543
0.10158124698034
0.201389859906259
0.115128814586306
0.15194325221968
0.251058448192156
0.0973082323240588
0.172942438197575
0.274086044863584
0.314992770056505
0.103321959870451
0.0895623868629891
0.0859147429111965
0.0969845057003219
0.173321431762038
0.066947525376648
0.231941623320246
0.169286191922572
0.129719355299747
0.115060297776785
0.175678807512263
0.22809154525555
0.109669696775862
0.111028193805618
0.166874430587166
0.258092514366254
0.156474494958627
0.216426335132589
0.201470045992798
0.208514490943952
0.152887358929957
0.143928301942265
0.0888960976659768
0.184525304264478
0.12373316128572
0.119254057997382
0.167762306127212
0.173901529784288
0.165012656598925
0.130647690294568
0.0680172099264686
0.139997502216379
0.138639024677301
0.132432604828698
0.213364406983948
0.119458822769187
0.0773506911265865
0.238306908287214
0.12511834815458
0.14132812807231
0.129362009587511
0.177732696826177
0.12062849039562
0.163620468493974
0.118533474981393
0.181030943844367
0.202622778654645
0.0955552618397772
0.148118791583351
0.0919023660718389
0.0966714551579215
0.156301302782609
0.10877778583082
0.169002630106919
0.167855484239287
0.176985696977369
0.127081832022184
0.0708092679380572
0.0933142248265325
0.209042461770981
0.176925645422063
0.144422261939545
0.0915574300737475
0.184006637301053
0.227287175849973
0.093550605491253
0.182471092961072
0.129392919825476
0.128684233109746
0.14180072993418
0.219468161264708
0.294878620689567
0.223166276741049
0.217866023177427
0.119105906209954
0.170285896750942
0.0888671262170571
0.201522419383309
0.0699337588229683
0.169346240224794
0.30547453286699
0.139112995599024
0.138038739623715
0.0930659819155189
0.128725743651966
0.0976315276083874
0.13565769113365
0.201349953538581
0.0957289492786749
0.111631031155659
0.208196658590043
0.0694254156567498
0.0728734344412838
0.138977117360234
0.185671638316642
0.186181333367075
0.182008889894391
0.1140617145445
0.114724937904178
0.105942525041725
0.120128974493487
0.139637260874246
0.118775417512311
0.258233792045368
0.247317012995666
0.110363934695523
0.121174764221588
0.0986940376249171
0.0719785410049574
0.0706315946207432
0.0784158183334302
0.107905205028719
0.147370180106518
0.0792277614494599
0.0929634334587621
0.128231997648254
0.0928682030643619
0.0727489518869754
0.0665259693762283
0.0795256015410684
0.11070594273263
0.130863302288983
0.183771988164154
0.125319138997037
0.154310682937543
0.113502936305419
0.119498267782922
0.151571020978777
0.222881044230642
0.108128536792728
0.118858381640009
0.113636000987615
0.13079800318831
0.11917891720183
0.0936884340174602
0.226762068690716
0.236680210995541
0.164283237046838
0.160296503307376
0.0746017900680437
0.185715231845387
0.244662250235144
0.14637374502638
0.106809449232628
0.260712032817089
0.186787962410737
0.103386656556401
0.0762192202328568
0.0962680116528408
0.110298759350404
0.170747984768337
0.30268461106029
0.145948964901633
0.199553656011418
0.138126619755516
0.351715110689002
0.223470285748279
0.0924737637726867
0.102615458944546
0.080759680360396
0.0914133817750334
0.0857323777879623
0.128928119639554
0.299020443590878
0.176912613712519
0.13873603756925
0.195117899853517
0.10458580132173
0.129286715317176
0.233850161703449
0.170838646353716
0.214128846030318
0.102937984730797
0.159386408002441
0.12675363849534
0.0759524610852349
0.0837434110814908
0.136575463319428
0.203740945020804
0.109689039277078
0.147335992457177
0.12397492582144
0.185367881210723
0.0906330720726243
0.0594402586872407
0.179054225311314
0.112228015330383
0.146417382571381
0.081061262102845
0.0587971793797691
0.0592849241943983
0.189140375727999
0.128749182152298
0.0657948452137815
0.120290452677738
0.0904685197317337
0.122664812346863
0.103106257986694
0.113501637498754
0.129463365478472
0.208499264546934
0.176996062502383
0.0899706341056351
0.126202179134399
0.20252655227408
0.116627261262897
0.103636648673973
0.110123582064969
0.0921437959589455
0.116605552132158
0.149096411313406
0.143418766718617
0.0743494721815558
0.0774903516319742
0.259940925154969
0.215757873624826
0.107091355434092
0.12826861361414
0.0823119180767285
0.109159075758764
0.155385801798765
0.163066798382426
0.1255795032725
0.102624782920341
0.0805323077749021
0.142951932001201
0.281370442330412
0.19334049154274
0.143311878786254
0.140320339886803
0.094085717694427
0.125740055423796
0.10267269091694
0.161598510830968
0.170855457502223
0.127041656909643
0.190004355775856
0.0758794444469259
0.0830895099729464
0.0853989210285832
0.103052167437479
0.139461610164994
0.10552829799184
0.0936630507986173
0.206970676218619
0.19802920815152
0.224946301888421
0.202685211551206
0.170847031592898
0.106920215830214
0.105643140121683
0.168805071061054
0.182366955356203
0.0850029273220517
0.078475715886863
0.119581380071767
0.129187322609205
0.208694378228084
0.147887330668658
0.0990394326984979
0.109062004455828
0.191085699555987
0.118218849570701
0.139664798793948
0.275153302484177
0.177802882765119
0.0666240302721512
0.100492012476835
0.0859432801309992
0.0925558676990277
0.133340533551265
0.178648176869142
0.128950401301913
0.156556522239972
0.152884549979754
0.214425762217258
0.265368934299879
0.143283901684212
0.0862645049685953
0.149678810156697
0.168155945634912
0.126854985048773
0.147863196290684
0.0898307394277532
0.213600806092613
0.132122400272098
0.0870009701761899
0.244014084340047
0.130453054595093
0.277126970648211
0.159160832637197
0.131100296928466
0.127966721147546
0.219659542615979
0.175167458090356
0.170565025189774
0.165568367347112
0.087603812386148
0.239689259406394
0.12306926067492
0.233177836136381
0.196600134775031
0.127987800523927
0.117487876421742
0.153780479177241
0.126062624507399
0.0962680243554581
0.155168536246288
0.253605379144961
0.12901308260503
0.207472132011284
0.141799846254531
0.180683882430415
0.10647598858232
0.105870087197166
0.306319911336968
0.124037389594657
0.0627598898451221
0.115204099318915
0.16801099457498
0.0598496402369079
0.115656969437604
0.123303182872441
0.0956190865383295
0.111652928198694
0.131160086874535
0.138603765417072
0.171802758282466
0.147971941825541
0.143423142465057
0.201070407014163
0.145389395197906
0.138633129421242
0.202008482238776
0.130794399883624
0.187909828441066
0.195449910800984
0.0752465971898944
0.144270998467776
0.175845332738545
0.146210656468129
0.179158927741231
0.149492423920651
0.156993501826039
0.0965950349452891
0.16580519299347
0.184546323888667
0.210415372436019
0.124797906305435
0.152374147431144
0.142603984548509
0.0799777972352369
0.090098882459983
0.0889895340217746
0.100172359181161
0.0809338652016028
0.0855797193066047
0.205091036956972
0.0918806012195629
0.108131725601813
0.0864604779142829
0.0743741447305871
0.12534659279975
0.0892205037247295
0.10776203177272
0.248810183081848
0.166416808683688
0.148825564091503
0.186395943742728
0.226966469229331
0.163583259339769
0.128481036265967
0.0976386227130792
0.108700807144734
0.247785489322477
0.221197783781155
0.114132204311089
0.162987880195389
0.185182603067205
0.103885446291283
0.121429570696357
0.315088469004121
0.248850604004022
0.124994077023106
0.153403429690027
0.127454949955797
0.119372092809497
0.182581441904101
0.0819524261701429
0.179928561404874
0.138116268187513
0.148091457724754
0.178880973582102
0.149581516614002
0.0942812854699194
0.217890768382856
0.15909654764017
0.164861667399083
0.0873976964992312
0.198257533698525
0.118045961774108
0.0719176604876392
0.117170242613896
0.195696337189277
0.262526615054048
0.0737333482165708
0.181374986630352
0.121610396696584
0.124831935573845
0.178154178443443
0.0936242239208559
0.248110826674798
0.111077011258148
0.0828046153660541
0.243176966678742
0.275415430586471
0.12234795261166
0.107155871702593
0.124957411427186
0.146127385640263
0.194201712068172
0.0928932317816729
0.0980349816900604
0.194168486630237
0.120972603286793
0.151445459588111
0.194303660864232
0.155417734556825
0.0678039347547546
0.291032837541193
0.136402003582497
0.129506599734926
0.158624574329523
0.196590862472437
0.121108768446788
0.101772925781613
0.0839851938617528
0.0917513839842791
0.159700208242605
0.0871182002766938
0.209871166719262
0.119475517063933
0.203868327065625
0.203588407734668
0.143243794412787
0.144376622738276
0.12937264393392
0.18524817411362
0.124995453059844
0.186407867806317
0.0807807622532866
0.0731196334668305
0.101961635034004
0.220748719627407
0.143838249760762
0.160052177704294
0.194779174278868
0.115113627013546
0.116975508156469
0.165236858062122
0.0795753041803731
0.12826495099938
0.124466330051554
0.0781533615297602
0.0602377962989411
0.0634684737192866
0.083274068360133
0.0901643274801722
0.128047515470416
0.0915422124086617
0.0615607321535417
0.141819054999563
0.105022369298692
0.274455495612065
0.0954608045931771
0.146655885668702
0.177448141877929
0.164455053795789
0.140558678967682
0.090878598370286
0.208370380058224
0.0818179906812539
0.067735085373059
0.132635342268325
0.0652645522973311
0.10792319590083
0.0917810849963827
0.122302945321338
0.187226402588911
0.0722906033979446
0.173344787493245
0.210710150225408
0.194387598527447
0.226842253859934
0.116010030226091
0.18141095803692
0.214212880999141
0.243033309119703
0.140243232276708
0.0970581118680763
0.278092017498785
0.121464050306327
0.100694664130506
0.174168830659222
0.110740705296924
0.12984068759276
0.194082311778587
0.190897336866588
0.119285897221407
0.118463702209438
0.139175578038004
0.121779213460937
0.0843046515544761
0.0893936239956538
0.235440309905337
0.174510109552257
0.176322770818328
0.0846042641387514
0.147246377133912
0.0888927893767207
0.0782947691911357
0.194195930966821
0.066225542789552
0.138381316648287
0.1861112255116
0.0791437112465295
0.121955062958943
0.260799733183615
0.206053006506171
0.215863543590979
0.13771627704566
0.0873561471818207
0.27172532697668
0.161340777704722
0.132405474388489
0.15804331848974
0.149002186780849
0.0955989453656911
0.205920765416191
0.174406826905899
0.0882853147249373
0.168681679100685
0.205585812579097
0.0905130877715664
0.134301418132827
0.176708959936906
0.20149002923857
0.0952489691331856
0.147169515551727
0.0643395037668102
0.0909119494042137
0.126443800293135
0.179714299816611
0.0682427751179734
0.16659604205802
0.064337103153017
0.149281625972116
0.0915998600935232
0.07954559846098
0.0748389797629226
0.186467452670114
0.128429792749813
0.231826029470868
0.121536364440246
0.188367307821449
0.10935670411438
0.242228256695598
0.0735950639122642
0.069401263196003
0.0969998772962417
0.10373005702624
0.08767907493473
0.236033418978295
0.0830918214816215
0.19714287448709
0.184860742251435
0.0770052442732037
0.104488250971775
0.248977675469669
0.111885313005177
0.136107101487129
0.121924319750853
0.0881860670938956
0.0932844784543307
0.140998145898835
0.114704958247835
0.0667734296277043
0.112519745786584
0.103685625157904
0.176778318768106
0.0894319536351016
0.264214950862736
0.0998995640528395
0.147022627586338
0.128240764415655
0.146644212687952
0.108957352215801
0.119645730112912
0.143749030975971
0.072264296469436
0.139708855942725
0.0837581021359552
0.240171382928911
0.244859659978395
0.125112232000605
0.117370602498655
0.118912781902458
0.199981866421777
0.221790106386653
0.150947360632548
0.158846435142554
0.226359609983159
0.131542934078489
0.187746662890664
0.133553226528034
0.217009318897998
0.0935566659307917
0.219643118026713
0.131764227042781
0.163449696903443
0.254946633188645
0.116711628243271
0.0656600347638605
0.155775120170501
0.0858367110783673
0.111968044909728
0.211401352091724
0.11373310136209
0.0769329162709285
0.142351684946991
0.175500534797219
0.129578488132006
0.162533588655583
0.253202274625989
0.171619090765945
0.0977430989908775
0.121575742145499
0.120568080643394
0.193863134613911
0.303766449874022
0.118542719176624
0.182800584010778
0.192276622940152
0.101149260631513
0.199612493649456
0.14558979020676
0.0593605608427868
0.0949715916420344
0.103936775972414
0.185025012460492
0.137627386726416
0.102598759282525
0.208109583902338
0.107786353095431
0.108922531497094
0.0954897384162054
0.100982001758001
0.110215689336583
0.15702603175635
0.109886741778958
0.0788075004245891
0.0885727840225643
0.0980452789811709
0.226484733165321
0.0729412259143005
0.0700523184017024
0.135069334067412
0.125790282597649
0.0937521552557112
0.0616411214606016
0.158323763136856
0.130935425337892
0.208587948654194
0.211356303698864
0.111975909609293
0.172868309381679
0.109873303058042
0.254690633642377
0.157130075492273
0.092358542011436
0.163485770803806
0.152348186299956
0.0821285072763745
0.14657294234505
0.159546375387834
0.110797204811577
0.21838265184712
0.0756040531512129
0.14638341733223
0.113675144676362
0.113063839205577
0.109623204652365
0.266294685502546
0.098528753619458
0.153026908530359
0.135453178500929
0.126824936561115
0.329243833485115
0.233349920240716
0.137782860783497
0.146335893204742
0.139905305641063
0.162127001824539
0.106983667040865
0.221930417706612
0.10942643668048
0.23751240247274
0.15366251775447
0.109391857949791
0.206131591688235
0.17533580426439
0.194802692686728
0.255023522324407
0.199206254550176
0.129057174617801
0.103974617113784
0.108350571268371
0.103450912741316
0.234804367306478
0.159718403078286
0.0788826908906264
0.112963737955817
0.248566345688026
0.259658825230403
0.0748948722956622
0.104672338751145
0.128632129063243
0.164792831527852
0.148104708653817
0.0944990372296012
0.143019510281192
0.238187869626775
0.0691774864186159
0.182072015798451
0.122379097619154
0.0827227053358946
0.117758068890027
0.0791030550437275
0.132641066796206
0.160960959548861
0.174093113555694
0.144380143405673
0.243763061771717
0.100357269201339
0.101141730603727
0.119426797294026
0.248708158169375
0.0790959712242294
0.158844666994459
0.220919001058498
0.0825046600122929
0.0968910190508988
0.0671051200448182
0.101695391733676
0.151230758501659
0.174389923625437
0.146056710928007
0.182546485422901
0.134593191296134
0.106843920314597
0.103793430928612
0.229148386011988
0.211146165828525
0.0783130175271933
0.114782735002668
0.0786422143946015
0.0755530252855051
0.232136197444968
0.189260163729831
0.191983149009699
0.0974340476571353
0.151455931481143
0.272062117394671
0.156369085824546
0.165159213574835
0.0816741002488678
0.0721124643789438
0.176137645294581
0.143021804573496
0.208211369612781
0.234698329534825
0.19775270190062
0.150204849525942
0.374382391773873
0.17778828007893
0.253109650458788
0.136861005769842
0.0755599150756635
0.146892389334665
0.149228432073999
0.177330261664193
0.266191211064263
0.297204783726166
0.0789163680433581
0.184998123307325
0.144705616417006
0.132260526192001
0.171165890029236
0.0684642423710782
0.139682692533227
0.0949567010506126
0.215107103693737
0.141826105225825
0.0791213000566654
0.163053785617025
0.299314231092833
0.180150104518035
0.160810266138998
0.131586288140179
0.123790215714395
0.136543649525281
0.0926724599981906
0.190456087591742
0.0907659658469337
0.0851622311685775
0.0673522574412059
0.181838787632738
0.157628558428244
0.139310285344859
0.116953711559968
0.110579563703031
0.119274501863087
0.126341437479685
0.116901712838711
0.082766232608304
0.217264459915261
0.121115419068492
0.221635969343832
0.205662706735448
0.166723628683511
0.209910332096226
0.257806507228706
0.169903983439968
0.186576848908085
0.172140041715403
0.101866878015859
0.164666385571676
0.0970379654503093
0.145888112061477
0.0670040017963197
0.114588215590758
0.0947761961745479
0.0900607704558026
0.156120000200499
0.118614783161375
0.152862145116541
0.121340369034432
0.0768003237316849
0.101418010265937
0.0786693905053036
0.129040387207736
0.0914092123194869
0.103815136769047
0.223733650606771
0.128692144452162
0.213636367107415
0.198357204353659
0.220019312597029
0.148743618382687
0.083432374188748
0.218400871955526
0.0670720872207131
0.141170509949562
0.0760780305265385
0.101186822050182
0.156571433995067
0.162758915333558
0.143468764733178
0.105192332679234
0.0943650032428291
0.0891378525472635
0.205270310827469
0.0990229318112822
0.166498696096084
0.146504706635841
0.102482900703878
0.103121772858916
0.131659352980262
0.182890913648135
0.0908581955639468
0.1375689766981
0.124225403920297
0.170123709130182
0.218847567556237
0.179144767682407
0.225375733702789
0.308684150946187
0.228455046203425
0.101381074979513
0.17898458088228
0.181015227480756
0.122074651698047
0.202001843929545
0.119710124831908
0.168408694587691
0.280974571723826
0.13633832874297
0.124481739149866
0.20147533979789
0.155680002302917
0.272832134492776
0.18756290285153
0.249383320298478
0.172628721072097
0.0843034478983171
0.128403262600498
0.0922152280325504
0.0849734307029463
0.0771314948611163
0.113965110298762
0.0626856980084756
0.0781125924482412
0.101285561479057
0.0723691869928375
0.23221032833648
0.129556285235243
0.103250970658346
0.178218888936147
0.231313538214036
0.155401432664715
0.166162495361807
0.151288557084167
0.0642090407714704
0.0882837664290928
0.0999925046185794
0.0576307531029477
0.0588286613476058
0.0700880136724481
0.105866461704216
0.186283227613366
0.0778733811038677
0.155262499800652
0.15072394686259
0.110884865523468
0.0830753156028887
0.163551517312355
0.0711454469842595
0.118052560152563
0.15618848211284
0.2160922831934
0.177931979483274
0.101592952033094
0.0984553787131405
0.165909531897912
0.122577258364955
0.0672835929704323
0.0908100350676311
0.173130415169405
0.10154134082243
0.0634587241118442
0.0771195260069881
0.112998954722147
0.144230449583478
0.133242760183192
0.092512553346978
0.181973975441532
0.0832353744763118
0.104330960945334
0.106918733765588
0.0810952244464306
0.0609228200021789
0.212159317563235
0.15467737186143
0.119474778502197
0.179871715131905
0.104113609387403
0.221791568437126
0.136109610580207
0.19337515021265
0.170552483992361
0.120684059992282
0.183534764930001
0.1309837921961
0.121027776728457
0.243423110065634
0.197380908596157
0.0996757706457223
0.159919260455148
0.0704479452215904
0.252051526253573
0.120333558811869
0.189141385895985
0.194952555539841
0.130491045248382
0.173070174684458
0.153691594578835
0.106018843803787
0.115582074277414
0.129435703066767
0.0862665698732918
0.0801305417381506
0.198641752253893
0.223203957829241
0.184462626245772
0.134699318335559
0.145792511060238
0.0651353736340965
0.106044644309966
0.0670207135900704
0.143601656392318
0.121021598659663
0.140922731181498
0.155590021176782
0.144352804774883
0.248371778701245
0.120242402908373
0.23445847367767
0.12613033653613
0.243424190458249
0.156469952084943
0.155311538187498
0.192135000891121
0.0838539945721087
0.151222513902708
0.108273449272137
0.167107896324861
0.110630060788348
0.221840243803365
0.167700886253572
0.163980675831268
0.213756770284456
0.0969973182209526
0.0561822362755049
0.206574456100756
0.0954227424008664
0.169917287400555
0.132018503311479
0.115661614631233
0.141100823410803
0.167019686709714
0.0642391803325874
0.0595547333484815
0.0723891061591598
0.143746716484966
0.15576169433004
0.117109172849965
0.147151703911974
0.156673243835584
0.223494178195211
0.149225597988021
0.170425259102743
0.182672457064192
0.165054984600455
0.159092220701396
0.169298436253983
0.168032731829568
0.061141545644406
0.103851964354965
0.186030040641892
0.178459044376711
0.118640037226139
0.165689445732215
0.251447962193325
0.118553425937772
0.208050471569461
0.109732171454994
0.0959835462962341
0.126531231745052
0.136776767887883
0.14838757796036
0.133418630730989
0.168890619314115
0.33201232572164
0.198137168137538
0.146952274775599
0.176816400309743
0.16082834493465
0.132588464249337
0.254259863427306
0.169359482786281
0.104659530148717
0.0878452199385471
0.106642304530894
0.220508362211773
0.0973152635118533
0.164505626450111
0.124714057965041
0.18575649302184
0.0761327883048504
0.24334943219401
0.268696978404665
0.208104051398849
0.243611915558093
0.133169119262454
0.152817057122089
0.122804918021108
0.114634956920202
0.0948471957839203
0.152513135632096
0.100192850326671
0.195606368479677
0.25294824716331
0.145162808821567
0.244513921560685
0.23296125570465
0.125817682521063
0.175908048515858
0.140709022469008
0.117265218518204
0.193121438030065
0.139445378491867
0.170648437359402
0.0955991318556359
0.134918361325362
0.167788135163714
0.121667646089772
0.116689347196906
0.113897734376392
0.150832516766617
0.222411764822993
0.173377336868219
0.111411940441261
0.161786270598052
0.171685143627405
0.0607194989347899
0.10191202164929
0.0832374841636672
0.14955190530617
0.106421992777591
0.240725277121956
0.132318389035524
0.253199874696043
0.12358048816198
0.208960188304813
0.17272878861059
0.239317196800898
0.156532811126587
0.0981277519965033
0.159309909410348
0.151966635941818
0.133728517188154
0.153397828424919
0.158827524671807
0.1267194663832
0.251989346517498
0.201842459903042
0.168474990878006
0.0744716445260763
0.155248286017311
0.206658041637068
0.0553260252312058
0.224443188566515
0.136936060839
0.176769476523671
0.127665402067759
0.280476533116482
0.153429610208791
0.180479499860471
0.0953526014051124
0.187528772082944
0.163910700184514
0.0745181419434806
0.223464995656232
0.130605633313313
0.185522505638066
0.159773852573521
0.181339807500067
0.121274996267767
0.128763159217329
0.139914065126032
0.0837074746872901
0.249789498064182
0.162608189940541
0.136823236607927
0.13500316119996
0.117067900975804
0.104243619215847
0.103322634172186
0.126760443173258
0.134441387984288
0.150643110772403
0.271635382994292
0.113485004858666
0.0676163588552155
0.0832627223235732
0.0794557816782682
0.178797330859093
0.187011674299664
0.0819122789385064
0.104288388791703
0.218241393646675
0.204093284729145
0.153225789743642
0.191464991717617
0.187701919232152
0.190190595740544
0.178986679546575
0.14527826140331
0.142491878040163
0.17665423553273
0.280191828501548
0.218536158097545
0.245120255219708
0.249567133906602
0.321795771539857
0.087937892138257
0.225853078285485
0.128591336917558
0.148736210160317
0.321086373824642
0.114103124677098
0.269812482736447
0.169964391879094
0.153564334082946
0.131344561941415
0.187267432519559
0.203077696650595
0.198219666926583
0.125432470046797
0.107326267782089
0.128406565054572
0.0938788317151456
0.119075472953961
0.0979170862033214
0.0830425151291479
0.107193586660982
0.11265317558781
0.226120164556395
0.159506934900779
0.161317930651709
0.208286393464203
0.204923446029324
0.0826901613294771
0.141324423888618
0.180026378938483
0.187618382402316
0.0566634656608803
0.136166611602688
0.113243023231492
0.104915909062615
0.134817724860413
0.126120840608196
0.18281294593536
0.250285941440316
0.130512718925112
0.0718657852783578
0.109647241560097
0.13583724355452
0.129548758380469
0.127789642596881
0.115245150938981
0.196309333342716
0.289026322175093
0.245480591726203
0.2822426251044
0.140007734824872
0.10788234755933
0.0898796964554188
0.177930908778739
0.0960788571519255
0.135595176954097
0.0925397672829653
0.0946543533904596
0.17248120046419
0.2077310667676
0.141295813458612
0.19193651666834
0.265714474783309
0.150980950661629
0.221467771130082
0.108436160289698
0.12517515389199
0.251706419126673
0.168988091231658
0.150895320044351
0.21035571830582
0.138733486426968
0.131266147196049
0.171618067435781
0.220078474249297
0.207380368364
0.168012084252233
0.10812174046086
0.257019449462363
0.116134806752487
0.156229701334565
0.202175637888102
0.179256243164682
0.168157328538379
0.107800305169241
0.107682554323714
0.129606458569773
0.159553772297895
0.131613316397594
0.145240778866859
0.0732202230922757
0.11375874465968
0.154696991715295
0.0957630323086728
0.169679836151713
0.151837675940098
0.182226006266208
0.208336142665116
0.250123658646942
0.221847246369376
0.194324508370431
0.126901996085843
0.0936629116769338
0.115249295256896
0.0951807545332399
0.0862205028952228
0.116753633538182
0.108985354542005
0.115958708258033
0.225126787818873
0.119080715280893
0.137910187858608
0.187936190946084
0.0946050943584334
0.199999526743006
0.146386120971707
0.194993474108249
0.249195149016719
0.113277329098555
0.130525966894948
0.219602489432069
0.210302356069397
0.213256227259828
0.111099723345657
0.137720667748579
0.160839758313977
0.146163393040506
0.133592353629484
0.154607404061317
0.105088565168269
0.175511253592099
0.18759539876195
0.0704624134119761
0.0900052474547072
0.190220727083729
0.29299688455966
0.0804059759503294
0.164069204428849
0.172734642701094
0.0608513020865897
0.0759155065821948
0.156297568313577
0.115757311516978
0.255981910355691
0.0667232468396776
0.0923554828376841
0.106405996035283
0.129619617444015
0.178236496168677
0.141306261163204
0.129956504845065
0.192885300536055
0.298711360549615
0.151299762243586
0.217504690663695
0.321122793849473
0.113679658888777
0.126281479347201
0.238218323073901
0.138535678442989
0.115269760265808
0.136737533439878
0.187869892450159
0.310983379818805
0.191507007679646
0.170073700441899
0.121609203940544
0.0826559346506034
0.103350078051084
0.220035998196444
0.136600436545025
0.0942258810782035
0.116429801333258
0.133521825744097
0.191394598513503
0.115224421629129
0.0840508455589349
0.0880134328382429
0.0775166789150452
0.226581722592441
0.111406039139818
0.148325462740834
0.0858729801705253
0.0731470784785718
0.111301891967046
0.141622431135064
0.114304412233745
0.103162269364488
0.105192573874364
0.0744848323397728
0.171216999524585
0.19029808228452
0.0752144856136599
0.111524374121604
0.0956821603503126
0.280271488988387
0.17050281244549
0.0746979226279108
0.0855390874098103
0.18217660918198
0.116504094637534
0.209817625784001
0.13302099378426
0.066377799041916
0.120946027925438
0.131611260131114
0.173232750762095
0.0848111092303422
0.182307651590337
0.0813631127811482
0.24465150954826
0.135962173289558
0.155013242796388
0.193084913498158
0.226447865551315
0.129769548617042
0.06009072693004
0.141056009519547
0.247774592972256
0.0878332242656723
0.175951209056557
0.264312053677385
0.0987992136598113
0.108702241439681
0.0951140612463994
0.205883145150916
0.197069102163544
0.266351825532126
0.136136314471534
0.0743588540553787
0.130521945331296
0.242217651417174
0.13009686392977
0.094781480528045
0.0639484190542034
0.168054288818074
0.270533185455473
0.229416743254996
0.334616837225979
0.205703402740842
0.105884158051385
0.138893840238385
0.149001411232826
0.174005629387935
0.0706302989652572
0.112179589834575
0.191517281653645
0.197484882690913
0.122548616434862
0.120972426932064
0.11592923954335
0.211500146489363
0.182386106909868
0.121686799715839
0.127673514347015
0.130706152617555
0.0725280655950824
0.154232280287139
0.104582150507256
0.153090443119905
0.0675048966952735
0.1184125646762
0.115198921713891
0.222868329766643
0.174280391780768
0.118290348070561
0.160433977493855
0.198740001368493
0.104025077850977
0.193963728633853
0.0977194297728265
0.100940572373641
0.121115336695061
0.191165523319256
0.216205309190225
0.187939486772235
0.205354876923247
0.0944393666220966
0.192724381189218
0.120671502272779
0.163151847167616
0.256128169848824
0.193978950690704
0.129857188849389
0.129179536926148
0.0951797702889681
0.121851188666254
0.17637581069792
0.24444596298957
0.0863183209792677
0.18451317847553
0.168809124605152
0.13794593184949
0.115177272252417
0.148959225618026
0.0776593847027333
0.173138230995893
0.103038002163973
0.133681030208413
0.12912671882852
0.119871687977307
0.174343512800954
0.0958005879761402
0.12615316203015
0.107502151645888
0.101495510822961
0.174913828213502
0.220230286822519
0.218075060970102
0.159118138283532
0.0584350155770697
0.136315346549874
0.153469590158792
0.177620842398713
0.263277583915579
0.187336422831553
0.112705828923497
0.084161002641951
0.0831112324467621
0.309922336013027
0.194478009759569
0.169635496943754
0.230427840707007
0.242378114617392
0.103587425249001
0.103427192791991
0.0623990436460506
0.0840831871968913
0.118542414257424
0.186873370247678
0.190561085448457
0.0864509595932648
0.137739711808181
0.0863881148650145
0.211548741545357
0.113337490976655
0.10423612114046
0.166673215698112
0.0717256540909827
0.124824042000474
0.133692073830782
0.140537617781943
0.15713269944226
0.117734071313068
0.171579011876732
0.169523893597004
0.0918945353505447
0.183536935160102
0.146876547684258
0.0985293472789219
0.230681804258823
0.189742999173413
0.163126252348414
0.28034209538534
0.248907816842189
0.172076529883161
0.0770601947026174
0.127937360143421
0.146597600028681
0.167690018820107
0.275354677795567
0.147586799905805
0.0870926201717296
0.115125961901033
0.19403778379917
0.204233126647992
0.328765092449717
0.0866144723563433
0.1182020204304
0.108381952562104
0.205850022337264
0.244646132669309
0.144296864182254
0.103037522621741
0.107476395859977
0.112121547886352
0.17315907288335
0.212364965876659
0.138995197457589
0.128556780595828
0.191322360821992
0.191640047080488
0.156039827666276
0.238609212577443
0.121029549306595
0.0913853391296645
0.117048633530989
0.0980255278168713
0.195877041558554
0.095919176891705
0.12686000034888
0.080678099453958
0.128121263278813
0.126172811231772
0.137580186974866
0.18965719004533
0.115984018406173
0.119872475756533
0.179999389903175
0.0960538108905224
0.0692728966191829
0.0910131455959534
0.150702216970157
0.0950830462372412
0.180562694829295
0.157692966927477
0.142315463569759
0.171741233790322
0.17300855610426
0.146427242555925
0.162656910448683
0.1600243789808
0.182549398396204
0.203352800166535
0.227273852756174
0.112709396322948
0.0854346089247308
0.190397192145511
0.136435908639168
0.197016343009633
0.12044003649665
0.199876261447463
0.0680290086361195
0.10371027011082
0.129207619463392
0.143513287338173
0.153552560807359
0.139080554768199
0.139374923546711
0.0918147745161252
0.0927877590315923
0.249142673704881
0.118824188510524
0.162555937024018
0.141261115284703
0.129684028860122
0.0991221726211981
0.131905351702801
0.10482409518674
0.0832520962116892
0.0919534736197939
0.17175088858145
0.310393463936203
0.121867236561354
0.293120235088652
0.108510455543858
0.242903690829485
0.0864440085242694
0.0797598531293923
0.153784209970097
0.124534504612736
0.112701074437218
0.0876507705943459
0.0626847344636039
0.155040635876488
0.181625699817556
0.0994171625692435
0.0954315860473673
0.261206488516803
0.0767608672240191
0.14722051019126
0.1585374523454
0.167219469700679
0.102340996685208
0.0933787600406218
0.122135136626863
0.121859534755825
0.160478819516259
0.144173940567253
0.110232788578361
0.156069338395831
0.197358240615814
0.153953942234355
0.315126488229868
0.29785679143059
0.0854043780716453
0.0729139040194326
0.100898926395701
0.147010004312731
0.17929586459172
0.111518487292344
0.181632739591496
0.0889940660289252
0.104228116871592
0.0683358214930876
0.246460405320817
0.214161267508284
0.101283479760386
0.0993024323860294
0.100062936849536
0.08228694320905
0.0995227229821188
0.136331914297096
0.109751872396562
0.216937367883745
0.189743518197408
0.0848156591953678
0.186812124021982
0.16703655681593
0.133421783144671
0.0971687272313647
0.156545421013343
0.251579461359093
0.15538703827631
0.138131214701941
0.162836008621368
0.232309860567994
0.141319710564483
0.0703696437473829
0.188942734984508
0.125826018584177
0.346644649198777
0.130058347620233
0.140803214166465
0.100889661603574
0.073477258023602
0.0969595898349984
0.100172916362134
0.121225215964128
0.287799675885103
0.156332721428572
0.193384731125151
0.139670678435608
0.0706461685176009
0.115025430075346
0.112719850462202
0.138589235033055
0.150587454462036
0.209685480631006
0.191624285135655
0.0999890965469805
0.161593306335444
0.145247293913503
0.111772092157278
0.113668961935409
0.206781088702291
0.21838222331127
0.140581623052004
0.150895621182572
0.211885592661929
0.181491630004916
0.188750883494008
0.251108114549562
0.104600148091197
0.168212881982149
0.108516408766714
0.219527972959119
0.151834179647772
0.187646937206221
0.283481607777264
0.0769393216732776
0.0811289051498853
0.0975446451104872
0.131005323954698
0.0878079710866882
0.097708338263744
0.0948048801163426
0.0889020706634416
0.0916343846060491
0.156487141711332
0.152313476703204
0.112838601937694
0.175566902729749
0.0924302183879309
0.136995078193723
0.140691814353534
0.106907355966815
0.193157866809386
0.129708273185161
0.251809537862896
0.126378900242748
0.169163286426842
0.0857357558965678
0.222281358995217
0.225524832790725
0.119828759821606
0.166488763410795
0.110421157501713
0.148738601867034
0.0649337594605495
0.158588162998483
0.232261745512181
0.194642884061146
0.105918262784611
0.265124451508568
0.110465631546514
0.247304158734038
0.11073015353645
0.177658596590572
0.104566818384152
0.0649756870922867
0.248705825433248
0.123826944567318
0.0687656651784721
0.074700025947625
0.067360866024626
0.12572595085657
0.110028301768426
0.0796111299311437
0.087364870060426
0.158124953074804
0.156958700621791
0.0918202986567477
0.149077487836934
0.142671637835885
0.147899302205098
0.11119856550938
0.160234980465259
0.122387068490872
0.177561307129134
0.130106350116397
0.129216656827981
0.0692569190060916
0.0736642141542985
0.16080453829009
0.0982767659836577
0.10672456780933
0.0764568003198751
0.0801811170496715
0.107614478027935
0.0652240709120106
0.202826755261001
0.0861318841486796
0.211325561580608
0.0895681538372756
0.131428949681829
0.139872109950402
0.158684366217963
0.102221357464168
0.258503784244987
0.190612159650674
0.10985318973948
0.187982599527798
0.079163404211406
0.114811814685112
0.164662939228638
0.115193767751751
0.101345493892366
0.0953645414551449
0.102036088767574
0.202634204470804
0.126186590511081
0.0859541632133451
0.116752184866436
0.125510473370368
0.154213607340747
0.126483301898915
0.102039636486466
0.144032544420734
0.149022490481061
0.110590969830942
0.195684414593067
0.170780809179142
0.149839424642298
0.290434956338852
0.221328835796204
0.0704860216882361
0.1939105665051
0.210991829169707
0.234983728041108
0.11753410231664
0.126576482123294
0.132219382839673
0.218919030017414
0.242456704856226
0.203311660020152
0.114530349848538
0.139510935056037
0.140806127092535
0.197932133838361
0.115923469791438
0.152256378111461
0.108233024263575
0.0853469164664881
0.0803928952952204
0.126171253538592
0.168894548169424
0.240128118591677
0.174573425685159
0.112567427959127
0.17454419821936
0.0827184860312599
0.157548402841536
0.135711093357227
0.203348866189108
0.130575465219336
0.232172168451422
0.121695861732395
0.137456810930989
0.173977563875006
0.174155798056447
0.113847062351248
0.175862205560024
0.0935368110675946
0.162236194929299
0.228634030187349
0.0968579897930232
0.130236810013625
0.10785263647858
0.106900545884627
0.0797992187930655
0.0651874076199066
0.16374804169319
0.102767693794846
0.0945667563331187
0.161586152638334
0.152304670054881
0.151203938343381
0.134323191080306
0.265718740673898
0.102949791056309
0.105295547390958
0.0768547720679494
0.0557056941800188
0.155288001760902
0.0665313267416088
0.0673087361991067
0.103981266915946
0.108973748625683
0.158728140145213
0.0937533078681114
0.0708760746657007
0.103785462734133
0.0710540506283487
0.0669921590770607
0.0633774199197344
0.0725363275849589
0.0948122628289281
0.194517419879362
0.129204040391759
0.140622882556301
0.230703678175106
0.0901861834585175
0.197827862176687
0.0863431734163815
0.107247093800421
0.114270580043489
0.215121512938364
0.231965222774818
0.104988900911168
0.149614598908039
0.113729210157439
0.159001497205393
0.144554759251357
0.165338669245296
0.16015871992559
0.232935017955991
0.0987603414229824
0.0999178176309629
0.241329372337323
0.126542020109978
0.0672272283472189
0.103856120925028
0.0880428388334792
0.111317956685015
0.102956741175903
0.162070539694006
0.15515322149165
0.0895834072011797
0.0714238482034689
0.0921156821476928
0.0706192667546858
0.0763805688930786
0.0774709324961457
0.150666757567972
0.210533880349203
0.114708428987883
0.233319041644448
0.110012486424695
0.206375589161569
0.120620580704063
0.196894301385639
0.121834011385918
0.164238064281268
0.290003971931946
0.100855864502048
0.119064642420714
0.243149733404633
0.214550468935859
0.111518999299741
0.134044612143626
0.131404799204613
0.0934310188664296
0.0860419865448832
0.159692828274116
0.174787141321672
0.263738624955898
0.089088464283523
0.171832917462248
0.227428025174543
0.102689208515968
0.259507121741709
0.192654547312056
0.118581052974779
0.0894520896227412
0.108001357824144
0.20793990514642
0.168789177126704
0.107775829224795
0.0837668309246498
0.111959981012349
0.210742523461634
0.14163582772659
0.0817300378853441
0.103892547486861
0.143298896198444
0.106192627792917
0.122845643808927
0.292538966920877
0.188878695599282
0.0792055011503706
0.0791655620203896
0.222500922316271
0.0646906504524508
0.081231958554119
0.0995212605629792
0.0872608432461104
0.0754772378142707
0.201478802463329
0.196306897239949
0.18550652749224
0.0719246739325833
0.0793567270662675
0.127274682757332
0.0871943960202288
0.0735340259349361
0.12337163918047
0.126677404230697
0.188748896849074
0.163756272482724
