0.17
0.0884048927714264
0.170932282183623
0.130241239611379
0.183319457381808
0.135810882485845
0.215467479678279
0.190676509248808
0.164708759508477
0.150582716237591
0.2007301103235
0.323400437263899
0.170310813403008
0.136814650917092
0.128919505001441
0.188016302306392
0.185209556741478
0.199524327342998
0.14545327045462
0.242313999329149
0.159666518164453
0.257281901510049
0.206308027443046
0.170316410571837
0.198692403078926
0.229618217118105
0.104228959695649
0.149723184938524
0.207537614335796
0.137208782019536
0.217476990978444
0.238121961152763
0.220344605876907
0.112081072801124
0.143461567404122
0.242372089560595
0.14231583186563
0.266233310799459
0.139648025879995
0.1848809991559
0.160982273605737
0.133621666337229
0.122360362522889
0.202813359239669
0.238654976704059
0.221429007235368
0.108177578272427
0.107180885160936
0.215468076237149
0.138887100181541
0.255281402621801
0.151766748020453
0.16570242613439
0.193500893191482
0.231915278751276
0.17796892357522
0.188622003309056
0.16838821237904
0.189970508126341
0.184735792685635
0.180155446214378
0.179354161187313
0.12691976590746
0.236941287135834
0.163452883729021
0.173739390775481
0.14707978571612
0.128954535013056
0.226077858415908
0.163347264229232
0.162003309597887
0.194384630246745
0.144687357669711
0.194430957976846
0.0998629843990493
0.151350397226677
0.12717509554833
0.125466488751084
0.103877735914762
0.117051851271952
0.173669597378983
0.149472544186908
0.181109647929568
0.211889263667173
0.194584011130629
0.183739369189144
0.212198720933295
0.286218916161327
0.184882254764423
0.13114688470071
0.192143421403037
0.175802148515426
0.150697071242885
0.203475657694743
0.141959654914184
0.276634653895294
0.134935712763004
0.260458772072547
0.134334257275148
0.164849684775356
0.140736345138217
0.199168176113083
0.172727392711391
0.192169639494877
0.176888561868558
0.212906700421222
0.228862720588257
0.188660093697019
0.221330590373337
0.196640749507658
0.196554247685909
0.196821910168298
0.198761146971778
0.180411832930617
0.233758481322023
0.169432627611666
0.209126482049202
0.200843946327665
0.196170193634979
0.222900262166711
0.127735221115803
0.212993776402636
0.210835904757981
0.271824192164101
0.185471916031133
0.14689278061259
0.266847436433286
0.205842501462622
0.188956964317273
0.282400934259942
0.167003487650808
0.161373185881947
0.183094496592511
0.11502803148938
0.228715377793669
0.30018204041557
0.217989935680752
0.175538688103689
0.195878648060351
0.198435537417048
0.210530594243028
0.161589650427029
0.102178730362725
0.157217332848377
0.135340657408846
0.18755212406654
0.148966467626898
0.117538607002464
0.187206489473694
0.145857958261592
0.230566031317353
0.208709237325592
0.173730773507232
0.140113560625177
0.168795254165588
0.210456574471533
0.213405039552063
0.110864167554558
0.168268657308107
0.146651607844065
0.182200371193438
0.163349008770065
0.185501517388944
0.197081112457545
0.148351466697452
0.1152278834131
0.242773915494921
0.175529177281876
0.120074309969436
0.130865344104248
0.185884247439493
0.191319113750862
0.168833975162936
0.211764942322386
0.160161800596081
0.246683068322367
0.173925280106248
0.168342145082968
0.221832898737395
0.152899472237622
0.0852429725143978
0.171325160963881
0.06954139322878
0.219185410945925
0.220050854863604
0.258846894848866
0.145711744971411
0.191021134095636
0.185696842149041
0.148428282242598
0.135885224609355
0.177379857882962
0.232000879068307
0.151878617061162
0.213130033893012
0.186660774872758
0.196901688243101
0.14193038375518
0.148987487185909
0.190161733813292
0.122041271455812
0.110558654407385
0.164026128740865
0.15888476071307
0.141306437266961
0.100105226798238
0.151700064479692
0.214938843314397
0.141222204922767
0.196711144741094
0.199212703955519
0.173520786269606
0.125019777002296
0.0834662944610443
0.145632033984159
0.145524745527218
0.120147025520805
0.209870232732108
0.181989069351754
0.104163868881505
0.205692791432142
0.139249860570682
0.106872001703859
0.124051075932693
0.21402147286141
0.151556785287243
0.200671983692506
0.191900660275241
0.274454056985058
0.159512141261742
0.151260453252374
0.141752762334232
0.185593580869538
0.174146591444069
0.115205422043304
0.172584820171299
0.119098282155551
0.105758766538818
0.144107884160092
0.211720248627184
0.183708826029527
0.147241850813506
0.20726091215536
0.157872890390999
0.181725994300933
0.170769682008469
0.186706946822883
0.232433887340812
0.16759437087173
0.170768036350105
0.164368524236132
0.158171013248376
0.119788155481281
0.141797030507375
0.0964527111297099
0.207729887451898
0.16335553866594
0.171788137254883
0.195108953173158
0.207785062899216
0.158667842304176
0.184571841603677
0.175377177051267
0.139662079989186
0.140443545685405
0.205658694154828
0.17384896177134
0.110855717934972
0.176177517111989
0.125457307303805
0.168392260893971
0.164513174074788
0.194785032923947
0.199769105560838
0.169314194395707
0.247808648411732
0.27135130400091
0.14442783931848
0.172291181657941
0.17174346544646
0.244426360990746
0.155774367380602
0.126274760233442
0.148036520897706
0.133140692496552
0.122822642398873
0.141354110300018
0.22497985919712
0.0955666627511496
0.160028556060564
0.216085815106505
0.149693537263826
0.170373970712019
0.17062141846644
0.139139364476541
0.144729726950163
0.146459534808471
0.226470024514623
0.140891266893098
0.160639088935889
0.190684078922495
0.232653456635014
0.229081311690115
0.164265330969795
0.1065319322304
0.110924419653346
0.103682966403105
0.176410348970058
0.178001016953806
0.098857654794508
0.178770111932327
0.137180031066711
0.197831892306156
0.154021562357094
0.157876034542608
0.182636668900884
0.152147064866616
0.136109756894609
0.211661344238461
0.248035233601002
0.273330006988018
0.122742886652071
0.210988265872646
0.163958299346885
0.190012310373497
0.1412357157496
0.178091212397784
0.0937495795479551
0.0927225345928369
0.14785767148914
0.193916235066674
0.114385535925129
0.163822062406898
0.195736759150417
0.115487977995673
0.147420049515093
0.164790148029014
0.182811191931395
0.174345544473543
0.164915081765961
0.158031777202884
0.164722105832935
0.186980312569422
0.200461502561428
0.244267709555601
0.143007372418478
0.172560004824009
0.170191013028753
0.156441652006552
0.196444483073552
0.180600186955578
0.17156644034561
0.119875224558309
0.182118489798913
0.107090213111008
0.206241531358273
0.129699649129721
0.167996705634958
0.162408380188636
0.194383438039181
0.310653485846161
0.263035857819765
0.198826988936017
0.265092197884196
0.194479808823068
0.221983801674558
0.257155314114411
0.182647434355674
0.214507558311138
0.199391352761272
0.142586565324875
0.125056521626945
0.170876021275345
0.164598990748098
0.208032607727367
0.155937085765596
0.153483564553143
0.166115223101945
0.127381854984133
0.209326692487183
0.180285148967655
0.119149327702119
0.182287666184013
0.172942257914976
0.194934166977297
0.209586053632508
0.158643693833116
0.169969100336371
0.2141714263113
0.163600873007095
0.236324001805968
0.133190487954456
0.148174828243914
0.205513018982807
0.172040154684874
0.218318545770498
0.222578518516164
0.1263798728527
0.208228384289821
0.155132055334622
0.179537292926966
0.221381583275894
0.294482843162904
0.176616840290986
0.177646453277523
0.120032685797336
0.155398205270023
0.113277614172449
0.201963628656657
0.17158185723403
0.148452051891193
0.180997040990084
0.250549110084795
0.166170706050117
0.0870471695172277
0.221295073984894
0.135815234646844
0.168452731414595
0.161512567456796
0.189030965268336
0.198878714313136
0.0950393099749082
0.208199980921439
0.230372988101544
0.0846704163762323
0.185111731249914
0.169669695595229
0.1608110545672
0.165832638352126
0.172603758203182
0.137575691264481
0.171729723843103
0.190702991310485
0.125536546365712
0.23635178299041
0.193995040242621
0.178088509478315
0.120539759269222
0.130438147816413
0.178796334789868
0.176231899254698
0.202283217873208
0.192484801708704
0.169953789113462
0.167037106232439
0.191050039047715
0.195945148606707
0.182849175895472
0.175444544469361
0.216457102089058
0.164151273537208
0.168534122359421
0.125994995313595
0.21358344288629
0.158149202100689
0.157316631238738
0.172405615165811
0.169583321389585
0.0934556994420425
0.146900468857642
0.116145155358032
0.166592061902671
0.214285861645497
0.139473279304023
0.17997856998361
0.120894051002319
0.211424476086836
0.216458957342098
0.154522429340964
0.225963368682503
0.169711863498942
0.139920996509309
0.154220039069497
0.137589919856648
0.179475686983951
0.155127210930143
0.163643061726812
0.196753221780101
0.224831237097317
0.171330272564685
0.167576833253635
0.136209125953184
0.147166750529905
0.142303174606168
0.138467373896093
0.127982479677205
0.15957715635563
0.327571608957919
0.129521438816017
0.248522446482322
0.191408203374895
0.138242236946819
0.261688930556233
0.177712581483958
0.238262696904471
0.168045602976547
0.157589857509972
0.194374841006249
0.137869696288081
0.152009388236142
0.176812679238636
0.160316397705781
0.110347816896077
0.117616820841251
0.175276373588453
0.212300186285016
0.142374409812596
0.196001194398318
0.106186679512682
0.152544835552285
0.0933790354167394
0.162155356410335
0.169757090511578
0.16908889450395
0.154355289264509
0.15518054434751
0.222483172816974
0.240117757024593
0.157456759509398
0.17426117341609
0.0960890220081824
0.0916033092213332
0.132157687788701
0.158684443431187
0.172535061160487
0.161510154185637
0.127054976854802
0.117709180123377
0.121775821384684
0.274711932278128
0.196129806347805
0.203523683397266
0.114424998675468
0.160777063298663
0.100570446514556
0.100092679815601
0.188652570915181
0.249199303317362
0.182883891581893
0.154665477891111
0.162261057873872
0.116247538619292
0.196960727525292
0.110279757056366
0.110515887392546
0.191780983158703
0.183922492338132
0.262248993012967
0.204744123782442
0.101195100131824
0.129132900323817
0.219905358359775
0.141421520435292
0.198829374827244
0.215524921886014
0.142802022597076
0.123394177507266
0.146820867844678
0.178172291174752
0.18925049018634
0.205191652822654
0.217750721721578
0.231065164569972
0.223781833203998
0.242685794048135
0.23454183861258
0.205588749554153
0.163564710861884
0.144924783772627
0.203540482181405
0.16095695917167
0.188247569034051
0.237016023078826
0.184134407004532
0.180442550494812
0.169763543304166
0.0803419768930579
0.187664421320344
0.182180267781196
0.213343134984266
0.196321593499197
0.135062770733419
0.129904615549386
0.14729021637721
0.107183926945815
0.203405857552843
0.168924728988331
0.160638074384101
0.200342855451345
0.175099803817701
0.11271505866119
0.140018625741938
0.143393981755072
0.252737661476014
0.145801925474883
0.202482447666967
0.168989997015627
0.147221810723209
0.187869842078829
0.132538540471438
0.101347626185343
0.144411073498784
0.118725397510972
0.167305946420462
0.108484456785314
0.222694903553219
0.180322189544139
0.133074906199731
0.176115731037282
0.126642060256813
0.189925532068603
0.213681923065662
0.120451431334278
0.114879774296969
0.143826502401802
0.245563147637039
0.223419177365226
0.176007729502629
0.156727927596985
0.218001377188069
0.175473676418442
0.199249570642795
0.151031711368885
0.135147088577004
0.159550040092295
0.164301937581659
0.165383125845929
0.202345627477668
0.173169735162445
0.172174436599062
0.161291314017967
0.135736891703756
0.138570568635291
0.230534356530992
0.168018075557476
0.0998519262845079
0.192209143240098
0.129276781339763
0.176387928373903
0.104586229245479
0.159503857201216
0.153063134962397
0.151010274269209
0.16431893291435
0.189606655117271
0.156682640374693
0.217224037822286
0.167829836024314
0.189000587855058
0.187200811767188
0.14581711815274
0.207077977238028
0.241406756347781
0.140837047519541
0.168514119844892
0.239712459060781
0.228094072899109
0.1617007394384
0.156498874079989
0.145425979461485
0.111064704180906
0.210392906411886
0.166330088555302
0.22909302236724
0.174563652955748
0.165675579206482
0.122568085884858
0.204118274316327
0.185201845015467
0.227899676591659
0.139576122007267
0.175215361730899
0.106310416996656
0.145191304382012
0.193061802719737
0.134776151471255
0.236561955058677
0.221169762468985
0.184093330646987
0.124859655352923
0.134844481245128
0.170847862179677
0.212903170574434
0.144898114978738
0.193740324593664
0.165506795452293
0.142277731827334
0.149513793223115
0.171678167358758
0.183496063216221
0.16229803155752
0.189515943516553
0.235673627692462
0.105285994179525
0.270949940795271
0.138961130931231
0.187001967587621
0.151766740732044
0.212476217281345
0.178642214310056
0.214379756074835
0.117519217681311
0.172802052602501
0.0661993365658236
0.232457084822974
0.248817762508397
0.105980199758406
0.137315349393145
0.175378286937035
0.169678627951042
0.188307382568457
0.19476287898737
0.138993435803243
0.0787337177248167
0.166497367801672
0.23566370090352
0.226462071074836
0.172039104110003
0.111175372270705
0.179983718065704
0.180676251734105
0.146016507353091
0.183531626189741
0.127085153254373
0.207471021299141
0.135505356880747
0.151128416904349
0.216937562184237
0.165403504023274
0.213928661651405
0.165815293003865
0.108022009978833
0.242894409556404
0.166326568437838
0.190331680771396
0.108997058097645
0.260324742107456
0.181352373524106
0.138407354001444
0.173690019056872
0.157926675934761
0.171828516948324
0.218762499103045
0.240221293396224
0.15939379308457
0.176796812682504
0.187336004659183
0.13212886318929
0.178274211325388
0.239035241567708
0.151207286414159
0.171783809486054
0.201970925293776
0.180984975323035
0.192129288983478
0.158892116111045
0.164804287230394
0.134731133896522
0.188105751527409
0.157193893508085
0.178250800441434
0.147323361346244
0.18937528993407
0.185098052422638
0.194552994982077
0.151223214958926
0.183234552275835
0.181564643213209
0.196122183808406
0.181762090898307
0.228586808395935
0.192127791992938
0.108824932001735
0.198028319311614
0.242778262018273
0.140242205040316
0.172374275733817
0.146965380669777
0.151032092725153
0.156072011309481
0.171921739244938
0.202411519115571
0.198683872183163
0.149561420827612
0.269051772284598
0.125016066569627
0.103017809600174
0.152868708253037
0.186988990359531
0.233862951873853
0.160695229934308
0.145370271224158
0.114637147153509
0.0972344486063119
0.257425224348446
0.224634776428348
0.284303426068508
0.198740250798725
0.221383282723171
0.187831274535844
0.140456464911158
0.167371510517963
0.21299159359679
0.165251057885035
0.187698069452158
0.20983329198631
0.155393101657
0.145553234318181
0.150858432983919
0.139252763354097
0.150146828961281
0.104090358318446
0.182902835054031
0.112119694339826
0.240117046695451
0.265535383529519
0.147675095789419
0.146255202936588
0.173226347319169
0.11110511369678
0.10913826616699
0.0628666579282192
0.118168053164292
0.170255415944566
0.165365220363642
0.145434071834013
0.153093848479215
0.13874143693307
0.18724827973621
0.219336025502012
0.149082948687779
0.188658201944556
0.160129479817904
0.223127319507295
0.232901681198686
0.194296933666797
0.201469025873797
0.145805401767634
0.224878735836547
0.134118553762518
0.186002314422074
0.195884578317879
0.144919539866872
0.122029763936764
0.159269929414282
0.124255667248734
0.0950308739714988
0.147616807728687
0.186926065604847
0.169859376071686
0.225249164539144
0.130314044676193
0.242348056977005
0.0935429098183676
0.0996292691835104
0.199004433196586
0.168084205515968
0.108232329877191
0.111628922816223
0.179084764210211
0.261312914452804
0.153873862230518
0.187123366976269
0.187512373003958
0.14225138675362
0.164809510936498
0.16515917156992
0.28356034863369
0.149996196424528
0.11119438823949
0.173724490247181
0.174925028739199
0.0742871637500859
0.183995947133554
0.192974913176037
0.141608923563666
0.140419028641321
0.1361519539151
0.155259820702794
0.105904598107697
0.117408615891391
0.178343308121941
0.209810175375727
0.191367359953608
0.214558128910616
0.19849271410435
0.148980212778151
0.154474094546441
0.126995149369418
0.192023985408044
0.15233384993391
0.151672453661319
0.193750778228918
0.134316642524491
0.149467989081912
0.176479022769829
0.163221125628184
0.165162190326616
0.146027829487702
0.213461450738716
0.156559949163442
0.113692600044548
0.236301179918209
0.114397911183013
0.170204038092658
0.160617628303436
0.0799634667998897
0.183661503234992
0.187260067759847
0.111515236815989
0.152288193416777
0.211095719392119
0.136426744110243
0.0971460161345825
0.202690472719225
0.156515158170455
0.217897923344299
0.137745000296543
0.127553300161468
0.180869305814919
0.131153913165888
0.148458790177223
0.11974809029749
0.26499873799944
0.179123264429902
0.146059254958747
0.129561069105792
0.101567796946136
0.123394796436464
0.157464745905538
0.204974753910621
0.163969128588339
0.1790799587151
0.185610193703239
0.240345877073713
0.174647825673987
0.146921110897263
0.206109562669675
0.0852774223081921
0.196956581192249
0.228183641213488
0.134142367001056
0.18782908625625
0.208559086695557
0.201144045897111
0.145145540214866
0.176727118311828
0.170475761600491
0.179027727010995
0.231832544161939
0.124403952549603
0.26104907278287
0.153876949925631
0.18196292395963
0.155244110193636
0.128766364561129
0.148703565195731
0.164874524937431
0.0883734995933397
0.182183565312841
0.173872891589582
0.209874879306909
0.135963763083251
0.193058853485774
0.198964039883091
0.236945984688418
0.172894783792555
0.193993248924877
0.21476397526204
0.175008288765279
0.22690319946987
0.132166056105786
0.122673339483725
0.238030431835569
0.194928742042254
0.154491352433818
0.092010229419639
0.111992202403546
0.109868270648789
0.203932556362197
0.159304582969129
0.173023620830637
0.164662877776325
0.128073719767593
0.117097626861085
0.176612524770906
0.166664852576389
0.134470676656598
0.141133098424041
0.157786070147275
0.191362264490384
0.143319510727862
0.232142146021751
0.123658168437582
0.12732608537862
0.167536525326423
0.15933386779913
0.111471981859345
0.169398470314592
0.111237601882006
0.125266814424536
0.138025195765352
0.212473338067062
0.202068308001001
0.151119527689296
0.128786174857656
0.206479038481044
0.250113467105859
0.274164792277887
0.17040399968935
0.0998067433609254
0.143598223493162
0.130439150764907
0.135850485750578
0.148167271258148
0.147781699603243
0.176385229194956
0.180066401494038
0.227037043963377
0.152033889629984
0.154047916947394
0.141174552904583
0.183830996846688
0.233866894060567
0.174542975231905
0.190359008842344
0.193607857629869
0.15208271172789
0.146143531516325
0.123544885184439
0.199731664712217
0.0893410651816328
0.222208998298555
0.213320545984753
0.182319814862194
0.228512997339667
0.196235098892316
0.116077774117119
0.131433687607458
0.138510550930965
0.177545178217969
0.131473291256777
0.18184851893839
0.283405841980119
0.191733313237925
0.187456244263928
0.161396354822112
0.207048559268788
0.168965074648689
0.158308717015188
0.155170412681037
0.14621805720778
0.132234482639064
0.172043781981287
0.13477109767626
0.153946413557519
0.153286305112253
0.226914745389392
0.248608392046028
0.195310272178335
0.21443535369151
0.234459424779419
0.184551669723638
0.0838787224182461
0.0927808464628442
0.214562235677216
0.17823429095031
0.0888009870905839
0.134430778450971
0.229059448843539
0.191031004648629
0.264530683483414
0.18815750675336
0.219844834057486
0.19209968686596
0.152872747121014
0.098043882686267
0.167000500760563
0.151273211157519
0.222414708051294
0.13110725487149
0.204915031619914
0.146207110849405
0.252402652247644
0.178345996566314
0.191478664621736
0.165345171948304
0.151502408488964
0.179242302231655
0.209097049170241
0.173696584046409
0.157003610674233
0.125061808383323
0.202883661885748
0.133616391770264
0.170411493355798
0.160033388102145
0.155614593601697
0.266619002598747
0.196281919699817
0.233720112249867
0.212953568386173
0.163122084601935
0.187432907843425
0.216089398778044
0.143539386047195
0.256930433739788
0.168347601084828
0.161132411661295
0.142615818858543
0.143228773414261
0.165539614037768
0.291881640576111
0.15537932584789
0.208051092963516
0.133326862439801
0.220356711625979
0.107200813209985
0.262097220653983
0.205897383705353
0.201469366488879
0.15324974936735
0.111612779174352
0.198008945103963
0.141701211279939
0.156690892657185
0.25873028050104
0.223313943591612
0.271748966859875
0.239001120908738
0.144318349609641
0.0927879869034574
0.13432187419849
0.168350471689202
0.170999237210887
0.18387222496092
0.197341089080869
0.168595168909117
0.252598484125607
0.146919961775013
0.247880808398653
0.156447378099596
0.145074274119574
0.120010530716024
0.206042185145942
0.180323221562356
0.133797429910101
0.135965661546513
0.213836629880712
0.197027548423134
0.184326331510109
0.0917183988146612
0.266585398122194
0.2337075455678
0.193394487471317
0.214136087242333
0.142723706357036
0.134526125722739
0.145462978233909
0.194987043799774
0.179952058129911
0.228648560835882
0.205968351048307
0.110258597878464
0.143513249569114
0.160784663625902
0.170228110583636
0.133341860236232
0.163319429752271
0.167038936802184
0.145213503878265
0.139623899871058
0.153853386590399
0.101639351087252
0.106976475086808
0.20162995749678
0.145886572854597
0.0808768472028032
0.168883922259379
0.248586328573845
0.170746601917492
0.115883015401989
0.136966749918681
0.156102377767976
0.274288803873287
0.147696071285593
0.27124022287291
0.0930300507253698
0.184030972421476
0.112275607319951
0.119632693418786
0.238350391248031
0.172414268928416
0.158674107963827
0.107758864066352
0.174087505596702
0.189851560225428
0.196079972027063
0.195567186202596
0.24888351363091
0.225488488119205
0.184458141955225
0.149472048515422
0.105885142259838
0.201992922385848
0.145652866768934
0.207884396508916
0.0601160721398339
0.087020318865158
0.141961080649568
0.182174067814087
0.158817528571522
0.170712508566574
0.173096267208183
0.122879702466676
0.143633822230226
0.174865902310242
0.183167583575706
0.18158460404838
0.116235733307353
0.214094874183953
0.138030439919512
0.19461239062029
0.217998904650778
0.1732392922634
0.244531616739107
0.137392703075497
0.217725041282674
0.160640361956159
0.196639459682356
0.187953958115275
0.131061170975901
0.168651435674107
0.233964970614997
0.18027622339372
0.153723607355171
0.190245092675887
0.238751156005964
0.208910263409923
0.236533148192767
0.207756741511389
0.233740865933902
0.191046379198434
0.135177909711444
0.300886355098367
0.241796983005005
0.158238753082915
0.235924508059782
0.131358766371274
0.144108660145659
0.166566218346644
0.171784037868575
0.164202883937205
0.160949366178143
0.190991055724353
0.171153922057219
0.198149631802481
0.2299426723171
0.155871135998026
0.134781394885633
0.160805358152812
0.146722805727795
0.128389284972942
0.180746440319749
0.0985116360759085
0.116208430242547
0.16803217963868
0.226792560190936
0.181033372927236
0.210212711285422
0.192205184630394
0.189043804392743
0.162272388163554
0.1783637039867
0.212344472448179
0.147357316389414
0.131371593598369
0.259164539035316
0.127331895246713
0.161157674371083
0.150997129888442
0.186530727583539
0.306597300357349
0.152610909800931
0.152988750453841
0.206252855194701
0.142734955334891
0.142676994415304
0.153045714172199
0.141148465974694
0.135749605273354
0.154553003844483
0.238264698940872
0.0762581922440951
0.195141621821883
0.167254419329841
0.188658075999411
0.164543723152135
0.145146890451589
0.17206640384203
0.132728873524491
0.190266130883662
0.180237859930356
0.2188495735758
0.16099833453819
0.151980136585314
0.182988515195365
0.0933358561606153
0.16688403332688
0.221296811503536
0.160890848291687
0.192764076947639
0.171767117161679
0.174229962488348
0.251082917420496
0.208481205874138
0.215164481462248
0.174203815032275
0.177986833867276
0.124275070455662
0.188755571610315
0.142119162003267
0.155072047345835
0.290336561447353
0.153148203930103
0.210793490014815
0.21343242971579
0.173120059233205
0.186946848714937
0.243444512237093
0.119170723700457
0.196194866835229
0.192250224807072
0.129617216577362
0.113849880814072
0.104790487348715
0.166696762613832
0.22357384904679
0.153472673087161
0.228174570569767
0.147962230659453
0.163712287817584
0.159277472087251
0.0853566792325107
0.183822528618325
0.210977617584622
0.149774391901957
0.127784161304186
0.26992718369099
0.261485845594837
0.124725061171932
0.177935544034942
0.205220881652936
0.152005770697652
0.199054190239317
0.240405570361294
0.166732111711274
0.0719392382480463
0.155223554695961
0.269328181091065
0.136529305083289
0.207661146214908
0.174744381585891
0.208153086187481
0.144195859455633
0.21664128619055
0.214952861856781
0.13208189890162
0.223675026557267
0.134202423539404
0.186368265980859
0.145712604645088
0.158844106217137
0.197337773085328
0.212746752690702
0.111198473901119
0.222495039517755
0.203588322899948
0.157613574456297
0.139234152522956
0.214376128786121
0.19809108042704
0.131872946547517
0.145631829663326
0.155693704570003
0.197470255648717
0.189970449849836
0.176092397830364
0.163073414445973
0.082081685027364
0.119579976676297
0.21729141519141
0.143936916029597
0.218031267367412
0.249671170521526
0.0666934266946045
0.163921960825923
0.168653818496679
0.160242450752966
0.148806750989161
0.17615786821061
0.183638193127133
0.189981105900023
0.143870067855633
0.155955899393096
0.116038645523874
0.101669683460306
0.0891926427472089
0.144524392829135
0.174797445542973
0.11424376151881
0.137546965297463
0.178533630896444
0.0969892013797978
0.140529091811295
0.151646190049988
0.124966703159197
0.204000833389921
0.123305500579547
0.179093510808381
0.143562802551416
0.157260641240831
0.209648903305474
0.137376339719171
0.0861328422825593
0.173311277230347
0.210882090766244
0.144091838605826
0.158054376218809
0.0984828121232087
0.101286224376532
0.169942580319529
0.191636419542919
0.170746111459912
0.156852458033465
0.210629307830675
0.212557743624102
0.121418346585976
0.269557507343811
0.181256053223484
0.143721493891404
0.204112804643866
0.206640995584594
0.197756514243751
0.219464655333738
0.123872554483165
0.0985951066388701
0.231113741567542
0.160600983789544
0.206722163984208
0.179758684788101
0.258446223716292
0.175429763580043
0.197095258404027
0.118670111212601
0.1535486659108
0.157132177855054
0.200909132401603
0.129013970223259
0.220313352741244
0.186552088029328
0.108417539975207
0.0803439206229283
0.189042293874343
0.242447468999508
0.196201182164942
0.178257414480097
0.0972536930091849
0.159014712763074
0.115840372563007
0.15817078738855
0.254150744652778
0.236208873497526
0.0877754113658955
0.15418752298007
0.155150822559575
0.192670426195089
0.128438437970789
0.229491725079979
0.165058284456603
0.216496127147821
0.157876551760351
0.152243918161022
0.171632720718311
0.193481658678964
0.181166453379213
0.110535525168185
0.196543579545265
0.196843104364901
0.186613467786434
0.177685016416874
0.200730279574793
0.242629090455026
0.224443787189218
0.223082896764788
0.171960050404474
0.167522177432159
0.239099676965783
0.240545743288028
0.237184273092415
0.239374483043968
0.204222080987805
0.153224525084197
0.167485024979209
0.132677937932937
0.18575573036279
0.23071930744855
0.148084477547623
0.178068038544966
0.20387492334874
0.183148927254229
0.235868556405328
0.17617914837941
0.203008913099568
0.188118856166877
0.190457187079362
0.215036649535767
0.176589899567088
0.169410265866591
0.11126037070896
0.132563084651335
0.26199921335687
0.263155572523573
0.234539623103775
0.146316411645676
0.176332180080517
0.178079907313531
0.162548625194882
0.127572184666461
0.139565626062014
0.12814729294751
0.210595705944608
0.190154145565855
0.156556381769418
0.164848571934725
0.231940718084565
0.21590080264204
0.11520114677059
0.162857412295004
0.118255284483464
0.146448784123386
0.169440857234259
0.158490460192616
0.204425582356603
0.223588037138055
0.211102719965032
0.154145811323894
0.230374418135299
0.113026248275465
0.135587627661399
0.105349970112849
0.24872897872153
0.190919907486348
0.125481831492083
0.135834168076978
0.185431743434662
0.214580247570304
0.198389870166367
0.128142042193232
0.185792011436918
0.195867108981915
0.176718650514344
0.226006940132445
0.205487996554996
0.193457839565102
0.175868512687103
0.136085680265031
0.160063839859933
0.111811083631319
0.164303097529297
0.210157026308899
0.159551051203313
0.190020210172602
0.194025519097942
0.201182659232145
0.132871509310038
0.123417158888124
0.187267941717583
0.174781560764695
0.242420307750967
0.232401043188095
0.228038286832107
0.278906201715037
0.133222527166061
0.220519148656751
0.161908794909059
0.142232971150439
0.128129681403064
0.195430767518454
0.140630985305739
0.187854307749139
0.152559168985098
0.134936668265088
0.117397928248797
0.184596654147996
0.208020506917878
0.244153534075011
0.241863672531386
0.191416379554928
0.208085865076213
0.254695257104094
0.14496706877422
0.227165151900311
0.167982886191487
0.186685739554946
0.183403408408253
0.186014972575103
0.211439379007928
0.235859101689647
0.143987485773727
0.13541819336361
0.236532048166933
0.0918958097655311
0.178692845926069
0.150258376189665
0.192174127010527
0.200816620477225
0.113857404097422
0.158351047806852
0.0912694927396582
0.263640084455854
0.227825935929108
0.151634305772464
0.204744660387961
0.116133679364641
0.212545232066891
0.298973661399845
0.195999515051174
0.154172639563701
0.202188978825695
0.107841601009874
0.171489114937306
0.13843566257436
0.214878950452986
0.164370854185209
0.164099758417875
0.096959374485054
0.0773302127890327
0.164557754312197
0.146860814390309
0.167660677658446
0.0855519734550119
0.105805007293074
0.078299553337987
0.137874691326029
0.174387795912615
0.1376538501352
0.128598496802212
0.16218136780156
0.1999353567164
0.15341419329226
0.173239626194445
0.176282136703295
0.121208293952856
0.174143520753197
0.120774788901814
0.230554772060789
0.126425776745625
0.134903666341517
0.18775049652999
0.168045523701547
0.0752127961425514
0.178776149302334
0.169261402261517
0.147765678963492
0.102886652217416
0.173561905991107
0.199088526597118
0.213301559204801
0.174850389279162
0.160910467224377
0.189474394285903
0.205543733176748
0.206280244718398
0.160188284273515
0.122958716901193
0.136959463571942
0.216644649885023
0.215384495959869
0.154542448462698
0.172786666212866
0.163941900425682
0.1709858510378
0.280022492057401
0.156124244712312
0.164889295671032
0.184158825209341
0.18651286491411
0.184036310129994
0.214676185568954
0.133078139106382
0.189814972775929
0.186280021075624
0.153619539682261
0.169865096934623
0.202769970447281
0.103283394261196
0.1783396209997
0.145278164075059
0.160813727884381
0.170990883149575
0.178332836612821
0.177770884779845
0.178837234923917
0.160161963963352
0.228600067942648
0.223088661649967
0.126103262459649
0.257357116093655
0.228426340430112
0.192806562580766
0.199128773570466
0.130919026686346
0.22443439004245
0.245600379327203
0.148616340231033
0.180085991370658
0.192269158875254
0.200688243655863
0.0971285379255023
0.275607833201854
0.12974876803846
0.165059703141555
0.228874751846591
0.189027822995648
0.14748457181887
0.16872731985957
0.154052267405632
0.12502768423836
0.0761963226284443
0.102809600757688
0.216389412509162
0.101667542157011
0.180114762064229
0.184714335295492
0.20076086509796
0.162116995869521
0.202973801908137
0.234565755404063
0.22429309543017
0.161683676448515
0.153071699279421
0.110373244259318
0.215654307159652
0.236414448842211
0.181259834868973
0.189932037181871
0.149121899398087
0.230486884474046
0.125791063673663
0.174019865039713
0.125805038218921
0.181869887365454
0.158722078062709
0.140860601340048
0.142696376478766
0.130851541606748
0.2412987825539
0.154938568739267
0.161456380427549
0.141708544257904
0.195884266780646
0.0837166010458583
0.164298005885413
0.149323888871369
0.161348134973578
0.133106453821321
0.13831348106057
0.151066787932574
0.226449933155763
0.166741334996249
0.242952570186915
0.220441211672629
0.175134393791294
0.224931231339194
0.249524203329564
0.176623809388887
0.194926404183658
0.134212504148479
0.191948320006635
0.181528093875312
0.153503353658833
0.234041555026295
0.197015889065213
0.198003669012846
0.193814857274312
0.242090899420079
0.117880405858792
0.162562682075692
0.110619146939277
0.0791573564486658
0.247545120760508
0.249908804095079
0.0937203792910622
0.184294786969103
0.129374402087356
0.15600411418697
0.179869910751755
0.311449506595161
0.137935685750367
0.186551498823983
0.280545793363777
0.201267483155693
0.197163402298174
0.224969898516519
0.143686359680583
0.169606796478927
0.132737914226752
0.119993858857865
0.177791100723738
0.120020688084675
0.164806049734063
0.186367632644808
0.246394803842055
0.155850892258503
0.166513138057199
0.15787455456841
0.150981572491355
0.174482853665794
0.140289876102071
0.141838250171969
0.203028731496534
0.117604224599362
0.177445114706992
0.211804732618895
0.189576630613261
0.209139697018729
0.271527390879646
0.174434761013663
0.232795178830723
0.151382201740975
0.224267271809068
0.158961138139835
0.153797196760328
0.161788740264291
0.147972516310217
0.267199834825095
0.223183955592265
0.307012116609281
0.211823545497396
0.199094523643946
0.210814254466006
0.197558458597519
0.21339110694055
0.206019346936968
0.218106605096879
0.154508704753665
0.152006062684907
0.154342171557265
0.18697381896573
0.133347688176439
0.230585985768198
0.129346623783398
0.144037972110908
0.179959558855724
0.194017914035609
0.131044044107254
0.106788472109103
0.243122356873848
0.265243976226217
0.118908365194394
0.120293646874695
0.157539733883095
0.205715282976074
0.240619247749133
0.203676562312115
0.157698399629723
0.200223092213545
0.188461110739359
0.156013223711672
0.191991332512138
0.214317789517065
0.235400417830953
0.171892809781948
0.2239269647775
0.151710090568292
0.276440194239044
0.161061645477041
0.159529299825203
0.187783218964012
0.18780774535674
0.175615545346584
0.13984760519237
0.216304733822587
0.187344060878021
0.192806881910097
0.203267182957424
0.140702783670509
0.155445833993155
0.195064483351139
0.166668958162437
0.0695101450948471
0.18220669470908
0.201022535883768
0.150503269092321
0.198518810306912
0.179160505222545
0.227438754922083
0.0857541422399835
0.0978146865869309
0.157502775411856
0.198964856047706
0.212494049011041
0.245233014120719
0.190596947433774
0.209888109480504
0.166536664285027
0.117279776605773
0.0980204188160336
0.208149979763512
0.123335803439561
0.147263022651522
0.119032613372345
0.100858017821648
0.084847739170003
0.130984197019645
0.287834153616236
0.137318981726238
0.140732578651088
0.196403420593778
0.154548187282273
0.172316641489226
0.184472055923569
0.232947948977737
0.161276187517123
0.168592027897767
0.141963950320776
0.100257922251608
0.223952666231581
0.1651913098354
0.164155519210139
0.120412794580943
0.165956973618416
0.199693180281462
0.188499545470349
0.148256130510694
0.185489139637279
0.120097416779691
0.16547043141012
0.214005150984811
0.1681833563033
0.11625362952172
0.12842137308463
0.186697088745436
0.118542710082172
0.106061789441941
0.131830226154021
0.21015205259038
0.146956714825279
0.147767219612991
0.204944096485886
0.172446589858429
0.0978948702446629
0.108422821765695
0.0773728506945287
0.098774170625084
0.169794024363607
0.184170197528771
0.150917168787399
0.144212884186173
0.0992766895047204
0.152584217178246
0.205138589860016
0.227737871483787
0.117034342503645
0.20458830222809
0.19501141819676
0.181574559900575
0.198151120048456
0.1149577711956
0.150021000583766
0.217450242358887
0.180946339756378
0.177541255149306
0.193319453681905
0.175588413125918
0.168893093351345
0.161763538429201
0.154763957098706
0.1770747927364
0.217545485307517
0.161340513923567
0.152688056647989
0.138845079671613
0.184500601523424
0.167806550547219
0.0983338177718982
0.127722286086163
0.12284967866481
0.112736106007619
0.105849944867398
0.200200481167533
0.106669270426354
0.162004109838233
0.170845218705055
0.207140332421105
0.222272196820316
0.225892254504252
0.234181257053552
0.110839471340067
0.119357812195807
0.106795558319621
0.187646157844724
0.200991487504058
0.225019359825719
0.169484184280117
0.16526208399681
0.17174745893481
0.186675801459173
0.146126511109595
0.124596140076668
0.115471706547238
0.147106016084038
0.202586416319888
0.141321774261381
0.205334195101773
0.155982378358171
0.250372485858636
0.222471257636256
0.163416866472854
0.277157162399799
0.210513833035105
0.174823430354978
0.139342778638497
0.27038585031715
0.175575612694595
0.136447579001551
0.16711939136591
0.112990894067766
0.186166951686075
0.199021797485532
0.161959582907722
0.211135906290567
0.155198173500469
0.193672260112887
0.153805674076099
0.126148704370706
0.176899371089771
0.211136526350511
0.188962080312548
0.161436033387419
0.164878107979078
0.197874520079193
0.170278555884564
0.242428453054586
0.252623291599304
0.162875107533274
0.176848613685968
0.175020172845213
0.185939529365834
0.192358384884678
0.226508958601788
0.165820893720554
0.155032950607718
0.19678438776774
0.16859742723734
0.127308882699087
0.157779903281686
0.190216065362721
0.21150732127516
0.149232111353921
0.131078232610926
0.18986741375316
0.223760982158499
0.180776842427071
0.163936022710737
0.105307686632088
