0.17
0.207034038050985
0.231254387999643
0.126753616823213
0.13647987606717
0.195709813814891
0.14461011958834
0.170877933299812
0.172838458942913
0.188173020843696
0.148289184266561
0.150250400788977
0.223581946239542
0.170098703061612
0.212745201546226
0.1100221848094
0.196264115828645
0.223380850212895
0.158005666292371
0.187100145053655
0.172107944407222
0.17032429664797
0.198040953351815
0.157241041577638
0.215811525192704
0.147648214122159
0.135644114901742
0.243284653452192
0.240374824582743
0.170365215532527
0.197597078088318
0.160640557219798
0.199299863683863
0.16506190839044
0.161318116428504
0.152437457754602
0.195709123480707
0.147484185415406
0.238538625124288
0.153578746028626
0.136080996446885
0.173843876537695
0.18937660515342
0.140448612408703
0.178423221031493
0.140955831995393
0.191384537681785
0.223495191579258
0.149775285957552
0.177921299154861
0.215290416293889
0.180326273956063
0.166739803477472
0.195482600349686
0.18094921089117
0.216696915698478
0.208598201612356
0.111443042727892
0.188362022865255
0.171479609463985
0.198054703755852
0.227294152462893
0.232673250428337
0.151187479343676
0.170896470926031
0.179327796310415
0.213349540517204
0.138764919779946
0.139623310210371
0.147357730093367
0.15007476882233
0.204383103604841
0.16943212965689
0.170723317080087
0.105029106174181
0.153844426936134
0.194098799540905
0.179574323676528
0.199862339635874
0.122355677812481
0.160713307710579
0.226927705239696
0.146849262109319
0.171324804316704
0.191837161276752
0.20786169198429
0.141663095723915
0.169413255111114
0.153140602284889
0.199271020314661
0.204555886095894
0.156479785899697
0.167053801676428
0.16927464363891
0.177747128730403
0.168763426767834
0.195664122799108
0.15671059951916
0.144421919528848
0.145663050953439
0.165688755561728
0.169883440195447
0.289530661945011
0.171255055203342
0.181308656189699
0.200512288629996
0.253758632249643
0.225103016695417
0.16780553890445
0.203192813385943
0.20538351771913
0.122976082909799
0.173248773813804
0.152480191770254
0.174785257734365
0.182496345305149
0.1458067081658
0.188019644577899
0.143669514535119
0.172007252950484
0.15683698202368
0.154060868830162
0.19401142855824
0.158894380949206
0.182163330403183
0.18553650849801
0.174653012810771
0.210292027964876
0.149950106997668
0.1804006335004
0.208370921663555
0.197741811795715
0.199743469410666
0.175095784944454
0.136104113530198
0.134625834528002
0.250403721780647
0.198828789109203
0.125503600913331
0.141247715641168
0.128763375621144
0.181192893109144
0.153295537639508
0.157605309417758
0.222109322638739
0.184268579543018
0.175447834225924
0.195642443072551
0.152740356040722
0.206584893798164
0.201529546293167
0.207888402069153
0.13875603875305
0.165191281454461
0.164698521033135
0.247427292795662
0.183235594655565
0.156256520244627
0.158985522130554
0.202473475163193
0.150844592302721
0.212782626448683
0.205826527110013
0.156050721019288
0.205903698137677
0.147235437046206
0.150153178955712
0.185163966624294
0.18128037552275
0.119969563989218
0.221499170043891
0.208632173696728
0.206474526138032
0.133499705344006
0.146198377113992
0.179625557559509
0.151807890666976
0.178121137649648
0.179806550882848
0.159158605492374
0.179741893204497
0.185918937575859
0.176755152519644
0.153933356592256
0.219398283126098
0.210237348342433
0.162677111996646
0.187991564967221
0.135880754273777
0.186723555721821
0.212408257290706
0.187743209985006
0.155642667151135
0.218657062070658
0.146523418350532
0.17155742034382
0.1977577005885
0.177218832990279
0.213340270490261
0.224576559238314
0.149992092178647
0.207264093503611
0.150395847264516
0.173811114233367
0.125877915033365
0.23881772286203
0.161483581060599
0.191697856619643
0.177842108667325
0.165785209740726
0.189260243935907
0.151995425127187
0.152800582031379
0.205150110174638
0.237899174348656
0.161938427309673
0.179535944585777
0.150715789590773
0.164752216151392
0.137935060994812
0.197990862155239
0.196333831982612
0.140571392129892
0.177211723158761
0.183243774465567
0.239280167629854
0.167600260964158
0.11185802538159
0.172990588976935
0.179646777542751
0.234541987670602
0.279065868402754
0.160275352853587
0.155942491680535
0.165195995931321
0.194915908453368
0.126833090656189
0.211479566746409
0.106638145848864
0.187194827463777
0.166599081333215
0.180348162567095
0.220235431205444
0.248769042152075
0.199582510500541
0.160163318362963
0.153696444422154
0.184594479793266
0.18620725443558
0.178850664712768
0.17543168048062
0.187475509586576
0.199616429253495
0.212340331089069
0.0951181762188884
0.18176510406135
0.161072405255965
0.113830990255858
0.150748521117529
0.19317299241725
0.181429376177174
0.148075108879821
0.143028481329779
0.201885834122361
0.163390883007252
0.170752624661479
0.160825508082129
0.156975897882573
0.182633208418758
0.21548298697754
0.218434509753217
0.179845452633548
0.221836895779319
0.181494376885042
0.210993563628489
0.152737262775973
0.210963247925714
0.212197386876957
0.199165884067509
0.171665102752357
0.152056815583784
0.127336265395606
0.162919443543644
0.173623717944757
0.134586161963251
0.160659395405061
0.154517358133054
0.186179887695385
0.200348173937181
0.198895980107596
0.129942460730595
0.189309196825675
0.212559334207253
0.195740574267777
0.169845080553599
0.188902936472348
0.171742819311501
0.198993760496614
0.126848451964559
0.19951436854681
0.204458430844311
0.231979266688651
0.17612714912117
0.174260192093275
0.183889816839499
0.223202972400084
0.150256039660569
0.176208318345545
0.125445018834233
0.19740198088335
0.150907023550825
0.140181730906089
0.215284939798005
0.192132029056166
0.15461677550199
0.17085854247937
0.1404652247486
0.16642662249666
0.219913496976499
0.260177187194489
0.171784902481123
0.17740279654794
0.235484284843362
0.161059813417936
0.162669126308143
0.179116390224011
0.165486395463994
0.157871909888243
0.209724708305907
0.168495598338083
0.197403085995301
0.173177394201751
0.15263301800413
0.1488227585708
0.126317027628648
0.175925484031729
0.226667336150048
0.142419084136338
0.158519393774871
0.168563683060164
0.223311220706578
0.163405687963658
0.165520221783231
0.146738621078817
0.203187840590314
0.181846782960136
0.191682451797217
0.168987360962608
0.167983943992941
0.17817115788345
0.168083632185999
0.196763903604205
0.178592645205673
0.204144573811945
0.162274108619087
0.185997164541534
0.144940408214184
0.208837873567021
0.129625114977371
0.161695117407362
0.163876984910803
0.192591947259222
0.159333871881321
0.214442969076089
0.16732021489425
0.11896876425744
0.156870433528067
0.173010628982654
0.170750462319679
0.166746306852224
0.159863146332591
0.138516215392006
0.164854780261727
0.143242239255114
0.16466262092551
0.199098176994721
0.177228022260633
0.162685239906985
0.144667206167728
0.215455887257462
0.159297296182055
0.181227728911115
0.180771462134857
0.119006107279928
0.143726458320958
0.14865859880573
0.181211916685365
0.250943141198512
0.119764365030753
0.17419684301363
0.162164550655128
0.190881027970489
0.134509059014735
0.172868780248113
0.200975954993853
0.123850385658718
0.137495316861431
0.150793879356294
0.188342877356166
0.135811811167506
0.199857058855225
0.243258178461656
0.217211561979844
0.207330300769107
0.136268621159039
0.141014242107488
0.143617418022496
0.201035010380268
0.115888957009088
0.176757651587215
0.179504477842291
0.167944294127128
0.166375012675833
0.150862221064517
0.15722161612981
0.163183546885158
0.166006602630564
0.169086894240941
0.143630021504769
0.149920150294237
0.176222156922892
0.186643819140161
0.129976860152753
0.201955710027588
0.186941564393959
0.15763085358198
0.175997581194031
0.158082212111339
0.140273269754394
0.164608741712879
0.188761646878673
0.19206865633928
0.151868713637958
0.23172344908801
0.125415663936375
0.150607357256246
0.176358174905579
0.145177145808246
0.160699610493198
0.142993490287926
0.204775550611822
0.156292719709982
0.156370794384044
0.19529781641261
0.172063426257492
0.19477874380813
0.198386467378493
0.203937345427022
0.120407699240899
0.172447494895784
0.196956902076833
0.160714150022136
0.146408737223834
0.123836705693706
0.161656675681711
0.140129637601015
0.189317646735366
0.188470169892139
0.188293737313945
0.212660368818061
0.191864486018962
0.228343266406588
0.235223775103764
0.120332071012775
0.173404132323894
0.239143178081487
0.134972651635668
0.178947417475948
0.196746686548967
0.239473001972223
0.209983696955958
0.158530844136757
0.163296266890371
0.229751276716644
0.190663065781164
0.125719021926792
0.17897162516205
0.159111791443442
0.146607107131043
0.163532369712078
0.201077246030957
0.179073870851215
0.187370136617082
0.120125469522236
0.225685087565046
0.139372703807769
0.175518475913053
0.209865544075148
0.188750868562336
0.193613352798885
0.249694837072362
0.193762379516525
0.175277152068402
0.189358443875881
0.201885897990278
0.146938012675346
0.200097932646645
0.229373470186423
0.216329070486474
0.142533645962077
0.181235902627754
0.237452815575484
0.197941858022006
0.174490695333687
0.127893718101109
0.176997878564598
0.158964127138071
0.114568619889254
0.192498942733969
0.157313215975333
0.136716686455254
0.174241732904248
0.18865376584579
0.166423468832173
0.166023688165812
0.153458469709208
0.148735920193285
0.188515660875114
0.187563275865732
0.186232269930166
0.204752392786886
0.150444346615493
0.195415950802772
0.146590212430024
0.190078905768734
0.149395765006138
0.166531935356644
0.189636079334058
0.162766501325938
0.176878420365191
0.239715202869303
0.21864257383067
0.141114431373977
0.183669756846684
0.165041031905984
0.208754742611301
0.130346990798227
0.199298194250405
0.208315008385141
0.157166095902889
0.17707819993076
0.136149392221195
0.158496401950994
0.144736306434437
0.225763559859504
0.172950042933977
0.24027448847798
0.178190839329921
0.198392739035127
0.178725436396601
0.238077715074065
0.225304008156385
0.149932410103147
0.181572417849235
0.255921574379478
0.241866292735101
0.171798267452464
0.221874547199682
0.21076070328073
0.229397882555038
0.124290943802948
0.190424891047793
0.205989300105431
0.167219859456445
0.183134625633463
0.171485884895702
0.174503646531533
0.264809751050394
0.131959926611179
0.1462383210148
0.149292234174758
0.188609424334979
0.139143992804993
0.165048650403642
0.172986246712835
0.195828593913765
0.202038103472246
0.190117106752069
0.109465221192353
0.138136201457147
0.184180415973328
0.199826295679706
0.150292990513992
0.202259973879035
0.195138772398697
0.158183976486102
0.232872365621742
0.142731621469258
0.201200072930484
0.139750711652095
0.153612255311763
0.195894358301019
0.173836611174048
0.180402266132206
0.151925955581518
0.143889846576583
0.230309917416567
0.190336423601653
0.179811158706365
0.141335005217431
0.228913996981889
0.19126309138489
0.218453469736869
0.141653575638132
0.172340573418033
0.209084152596695
0.12802283801441
0.137331710272838
0.196447533640547
0.179941496953958
0.141914307884429
0.161900783897129
0.146931073667119
0.150187868228242
0.255619901690461
0.182361029280321
0.134851177274227
0.132882462723377
0.225174351640797
0.199680368818591
0.209206948196008
0.219944554851329
0.164973380543904
0.147894408095511
0.124080658425061
0.117647904466246
0.17034637127881
0.10072892279742
0.185954266735754
0.133853699534512
0.138164393651549
0.171159286616686
0.0938049037282721
0.0973572792654289
0.159217730730676
0.1335474779769
0.17763194112975
0.136582134911456
0.212481820410841
0.231338161001525
0.198888060924069
0.16885014865712
0.123629334684429
0.188347508379377
0.163208891060754
0.15748280084854
0.199914001975681
0.193627125348712
0.210674354606999
0.178119411007002
0.162830861182654
0.198031842784166
0.168322245037889
0.153775424973234
0.176849146324859
0.143147554341454
0.163248690618217
0.154000508582958
0.167499595727614
0.182508890946688
0.20021809531134
0.162663617308676
0.209391161033382
0.21837108921683
0.185430259874779
0.219575282324166
0.198641074929924
0.152161128656896
0.244088666063896
0.203460826849023
0.154781444107673
0.180444053308762
0.160467964954061
0.140560131380275
0.207522333068867
0.154972488558893
0.237873545924986
0.164523020562969
0.19673896360461
0.150287540235691
0.21943924010086
0.176881810322932
0.156245091235486
0.200730487376283
0.177864711299497
0.143243577623097
0.153760985894932
0.17509089596951
0.140515098158777
0.135521419006612
0.158588419404252
0.11458276480806
0.195904093036631
0.216980618313655
0.196408544132207
0.159207489162366
0.247963148611736
0.105999237282497
0.14804413953181
0.203850927992102
0.192998018233839
0.140234554540418
0.217029709948906
0.203716451030381
0.231015005480465
0.195678031718479
0.151220641196866
0.174079798227492
0.134388353031836
0.160435507692344
0.160432123035119
0.175391987269709
0.17041024300051
0.168389609298186
0.13144791187436
0.18100397995383
0.204747166271627
0.232709923554643
0.14256340233856
0.184263227621431
0.194749429240904
0.183212379617808
0.196663333545039
0.118881011545277
0.163794946566241
0.14782857719505
0.133782577513218
0.158906843968328
0.200828504820641
0.232082163127826
0.175438679570202
0.171335477572596
0.173527476455388
0.154023102469603
0.161773773885302
0.206029930862236
0.158737901057703
0.142333117323006
0.172307435964373
0.137337714976496
0.162371861136208
0.154970072374879
0.163506700739154
0.158132154132419
0.218103366629949
0.203447325789413
0.198739582139246
0.192831858999357
0.174495020746359
0.2185034036215
0.161153469351838
0.186951285383618
0.181689249846709
0.178991743158814
0.145841968834206
0.16752502820433
0.244040731169003
0.189038358139236
0.158400612010643
0.207926775167976
0.225780214375682
0.17447050282347
0.20727357201746
0.136449722060287
0.184650680041657
0.186219490977991
0.179080171041576
0.127366405590692
0.204303877302175
0.145758937172807
0.108305917163985
0.138113010231129
0.186913089087457
0.111909887955307
0.14654615084504
0.207997171866475
0.206964310889692
0.167397191664452
0.184198654094161
0.236446161915555
0.150069312111614
0.20187165230289
0.192730273011089
0.172210870447177
0.150871631821755
0.181085604600384
0.224454187590694
0.231217780824181
0.170396668148669
0.139190430186867
0.195848765513216
0.234404428212709
0.178128167411041
0.18440919061069
0.182411918232571
0.169884626617926
0.171282118344987
0.212167725094605
0.152015745626542
0.148901466801822
0.135240016208913
0.159874460921924
0.173699485150037
0.142112649540021
0.205921607574572
0.171736457407146
0.147340063697902
0.119804282155718
0.189776107425603
0.208202713791294
0.126260670206524
0.152517306717612
0.203389040457563
0.182965433565157
0.144684767136148
0.127242168908525
0.185645997612082
0.23470890310797
0.200075437429036
0.142086576666923
0.156771853150906
0.197382553700553
0.130676364644441
0.149633560795484
0.149782360227118
0.209424726407124
0.24269489531138
0.164532215798101
0.21704893376338
0.145316924840189
0.194515432091005
0.128000273978623
0.18327486231356
0.199913136663515
0.217976028461058
0.164216629683538
0.156871271721531
0.203542661983482
0.207217831911264
0.175029769231484
0.13671228325274
0.13227520219924
0.218426149372011
0.19911172227455
0.192991475041153
0.212615736246263
0.203766834679455
0.175484153870852
0.135929685854548
0.193155191924641
0.172481850477371
0.203266317098851
0.138586855718707
0.178010692314692
0.172799170955037
0.163300377786344
0.107562223363882
0.1051205198643
0.219265676879429
0.209458897725705
0.179451206595573
0.147095230708831
0.185454913966245
0.175573883396126
0.171771624403223
0.189280806092836
0.187301226638532
0.166675506213388
0.18372783629309
0.14053734742827
0.158973059208266
0.157781879965227
0.213749377776945
0.190272056768808
0.228343860427513
0.154441313599441
0.164487658009667
0.176368937228597
0.164133726670004
0.193579841342901
0.175525081073066
0.195653315448954
0.2033964665045
0.133646810561237
0.136520753899621
0.195360549269783
0.156017546041411
0.190866934427051
0.149471952172408
0.132390696037712
0.193974559978371
0.134400543039104
0.139894163433783
0.183719604946445
0.159456828223575
0.153881159118918
0.129253376140139
0.144402597745988
0.223695443332031
0.157329952283715
0.171779358089566
0.157639537646241
0.161737109625228
0.210638153148475
0.136978103443203
0.152214263057281
0.161856127022147
0.236217346930448
0.197314551905412
0.203180799157272
0.198405263245661
0.134749528561023
0.191741047989543
0.184498732393638
0.174004119537303
0.151020416383213
0.191522549997992
0.211495247859916
0.131920454442025
0.125721029309094
0.196373625479464
0.157252544549252
0.203946355099451
0.201354018431661
0.162068968720022
0.160099694895774
0.15905475413431
0.208517777819443
0.130722372855099
0.233964774174751
0.143426567832735
0.200084837901445
0.145402957732429
0.170696780632159
0.105564466590209
0.16571637660546
0.168995749161774
0.172116310413165
0.1852532920814
0.162065421826263
0.175106944358971
0.191762061278339
0.20510262812628
0.173059693086093
0.139643081873977
0.209684786343968
0.179252589738765
0.195083453840306
0.242821143466986
0.249895940921726
0.226734622008907
0.171727481371723
0.165939987097056
0.14011351535779
0.137166777884034
0.138394720371251
0.169812531338037
0.1953993068617
0.174423550022903
0.142620161674668
0.13998604897333
0.120988173428187
0.150297638413915
0.135952834108695
0.178926001350145
0.202914132752193
0.158317766236852
0.128709498215962
0.231851130181113
0.189664995545899
0.204835683864792
0.140584344484073
0.188591001423116
0.175276621860824
0.120806592782299
0.145417927454303
0.160414648750714
0.167305711383862
0.23528681054989
0.129764785068356
0.199673319930115
0.194927068946234
0.169141941032798
0.18753658699014
0.147225294271863
0.194043605451114
0.169968610985133
0.210561648390437
0.220581043115498
0.1672097422955
0.176738262807206
0.276909171698963
0.151623989589852
0.149304460411213
0.171937537266938
0.122902221300989
0.195221201541113
0.183110247141312
0.144502962387103
0.197208956533398
0.195565244725876
0.174283619559925
0.22430338028389
0.145829555521005
0.137186905901146
0.0885946636262796
0.139966061787931
0.216155184848282
0.225407627373738
0.131453152299991
0.1603496488401
0.142670301800767
0.170161980115206
0.168949531231122
0.153767841164032
0.18753020438359
0.172472187906583
0.1508729186837
0.175266180660514
0.178064073521647
0.157312740388412
0.19637847643275
0.183808663220487
0.202975194087398
0.175776663532915
0.187507467968666
0.158656764136204
0.209515933756996
0.194032961419116
0.206256274236475
0.192669557169243
0.203694627083305
0.158464475656325
0.145238215071288
0.165654969335639
0.198669918855181
0.188084089301778
0.16001143752352
0.157532020378199
0.137456444516822
0.177135688390981
0.194271310313003
0.158522441180402
0.117669884917775
0.146108207164591
0.151941814176347
0.102033052323403
0.21880753718392
0.170085297938823
0.147437587521165
0.144700816168952
0.189761639364656
0.229950660892181
0.219287541495718
0.225702678918485
0.191154003214793
0.221531786724381
0.20983335873988
0.172859299770034
0.143817712691463
0.149977244748082
0.137920712014867
0.17236603638094
0.203044709792741
0.191338519576702
0.149732272384758
0.212900578152125
0.212373870213842
0.206912290920776
0.23322286849688
0.189113180923773
0.155490181006418
0.191125678646467
0.19948954886497
0.142618497255119
0.199269611881697
0.149567517243607
0.19400373101982
0.152389694484013
0.169653830686489
0.199137847149579
0.205391650786603
0.240356861883916
0.116621756051075
0.118432474926768
0.213841249528362
0.128859160522229
0.176478823810055
0.193940530008965
0.151750788074426
0.104189122117803
0.15632711189898
0.176086406137786
0.176188330201188
0.169520422794073
0.18131176455611
0.159776407654362
0.204809523046232
0.150377872051743
0.181753452740271
0.213113787819814
0.140163555129518
0.122068165637336
0.156416862508609
0.184815677739639
0.183183212108817
0.233760581615965
0.1772241147183
0.182103990952103
0.207420564945709
0.230163340424595
0.201549096423444
0.233578717513316
0.153899009190989
0.171481410804447
0.147642258880113
0.126024113622142
0.127425680440317
0.179982233914974
0.132648905513974
0.172305737912427
0.161328434338958
0.165272476948256
0.235780617412108
0.206626262316115
0.123090269234579
0.141564171620859
0.157046131960004
0.19292705415129
0.132774069373641
0.144497630898407
0.175305897911207
0.191067370820467
0.176042695708651
0.189311411768845
0.220064585849192
0.186277188851987
0.215832669427405
0.194431040041891
0.142915780542775
0.126025179870725
0.232316089056959
0.175059711678031
0.167185601437516
0.148088021535768
0.178442415869351
0.199580707810485
0.168884158176067
0.127397647903623
0.223851365872013
0.136888722595184
0.190415312476428
0.259934433685917
0.124817739078104
0.18390933191441
0.241201627258406
0.17514735820726
0.162730065743405
0.15233886736207
0.202598941226958
0.145241640117899
0.165738739761779
0.159645239840728
0.213679594536917
0.169564072960168
0.170704172713345
0.113579465719643
0.120415462087223
0.197049534968803
0.173841994534559
0.177988704907183
0.165277521195323
0.107837873685389
0.141063083279546
0.157156391265203
0.187207705924041
0.164985517160986
0.154848271967408
0.167196735115651
0.18297849709109
0.138398578797591
0.183147241129212
0.157685395702043
0.17796631431052
0.15212417972405
0.194218244940731
0.21515138125259
0.134335836266654
0.169191689121608
0.197863334053565
0.121823446931765
0.158270378651687
0.160911677844611
0.191241329894445
0.164840193501849
0.160607753308759
0.189655227666283
0.1636995811423
0.185755326110993
0.143211909601636
0.146130914570744
0.189312687349633
0.173708901657644
0.158675973137488
0.176686412690298
0.18865504269542
0.159924487320717
0.144552407894106
0.249209022642394
0.156414058897444
0.178835057779116
0.173463055344164
0.18305615024776
0.19329881522515
0.19143062698118
0.150624890393081
0.188809978670726
0.180348018029025
0.164384973595395
0.175725212132731
0.171290943942534
0.19628246386535
0.132451199282975
0.192337267876812
0.240059220310549
0.149765376451824
0.169841855800146
0.185105760965697
0.115371656534794
0.219431581172792
0.171792763590323
0.157221529575141
0.132409795030727
0.178174144644018
0.248229760611479
0.212469758899167
0.193911196206489
0.178740852595545
0.20351368386988
0.176940585154691
0.176943848786159
0.137227166248887
0.165028735249281
0.194345004106078
0.184769594072534
0.156660688615241
0.165363454052328
0.149653736139864
0.185604182816001
0.213163856890237
0.238329245975286
0.12089232896348
0.19432401344803
0.158302426017885
0.149848556892847
0.143110632867298
0.209403067900475
0.15432720194431
0.172908845232736
0.213363910897217
0.207834043888915
0.239942569379504
0.189276722920955
0.118453765983467
0.241678048511343
0.22112842645078
0.156201658246795
0.181265706006512
0.14813055898146
0.146063681517311
0.230435862059992
0.147594177786408
0.143596088860882
0.139503195057774
0.178132336430812
0.166097886104716
0.181622070754858
0.197713053312113
0.191503852563756
0.180340777679757
0.13055275579396
0.126690330210919
0.111714577357854
0.206628138781527
0.16589409120414
0.205233615224076
0.161319668081714
0.13101603965331
0.192488310063005
0.142072662539558
0.155587241535852
0.163627309104292
0.155388517069674
0.157721396060977
0.20785696737271
0.123955168528378
0.166987086193675
0.157187022739882
0.189023526689601
0.16570041664241
0.24356364694847
0.187843339695003
0.204032139635671
0.127662303315219
0.193535481736086
0.164910399933583
0.187957443364986
0.194784645173092
0.189146975768387
0.218694968110216
0.225782884498743
0.181165848820875
0.168839504641586
0.179918341012051
0.173471109393445
0.138760612371652
0.181172774221224
0.118911019610106
0.168397189005264
0.144549134915069
0.168490260591821
0.199924344767441
0.213911328913806
0.207617193770325
0.131225102087975
0.13948162919848
0.159853387680821
0.200135286150842
0.165820641037316
0.182629867112891
0.173224112876441
0.158103684725165
0.16768051543396
0.173009650732501
0.211323621466721
0.172490821772765
0.195161244611488
0.208829668492066
0.155292612032379
0.164424510019903
0.174273831551943
0.155568772008253
0.154942626519614
0.206375379475669
0.182287524175614
0.210695512517656
0.159179448493525
0.150504364097957
0.139529822335957
0.175196939109975
0.170107438916116
0.17310520248986
0.137801754583787
0.166223326863206
0.147722607192545
0.142501401804359
0.160304892981478
0.175614263008881
0.182383154162651
0.195499610266803
0.206124431959487
0.124046841777748
0.183846715767848
0.200898304081429
0.222831918271285
0.173961100520921
0.165795818927172
0.177471336141683
0.183744002796601
0.168434325499949
0.172999994497972
0.190001351600884
0.172587723986656
0.166855546654378
0.174467411098668
0.151156342758134
0.190514824944859
0.157613408638719
0.140614268568809
0.179583377137908
0.12679199597309
0.190960121648778
0.217400398857238
0.209178330138229
0.15453375290181
0.177989287784566
0.191839818503735
0.183114751539918
0.199219985131435
0.212167902342325
0.198866540245523
0.227617186676797
0.18241884739669
0.167066812701055
0.184989214974551
0.164620964103541
0.13171359438642
0.202201705291991
0.187820455304553
0.193473936797333
0.158478666847131
0.170737957589469
0.197135188596687
0.189412531881623
0.175025344322218
0.217285702344287
0.180288644905614
0.181007869755486
0.185253558077215
0.181812679934473
0.126438018256693
0.137276707337948
0.190947518556173
0.13055796460849
0.191185879372415
0.177310413913831
0.170774197434407
0.155946046201025
0.210202251767467
0.170968316711625
0.187857685250378
0.175385293136275
0.105958339895291
0.158996748744713
0.187769196224564
0.166812386678834
0.163897852576745
0.254004848978555
0.190304318950105
0.222330111168214
0.215197067044347
0.163703346214519
0.168084506324797
0.162645287489835
0.221144583136784
0.184528980271352
0.184051112731595
0.151452535711402
0.165701117542027
0.0869645365543857
0.171478634515742
0.177397210245213
0.178701579805775
0.123834801252277
0.230841722493261
0.200995214317303
0.144043935208932
0.163261755347366
0.233383318721113
0.206765131650399
0.181032028316318
0.181798753169489
0.151137170840721
0.0976131133262171
0.185630038208731
0.173678958867284
0.210625911859607
0.192622678484041
0.180629143108146
0.151623812313998
0.179647042953182
0.165026631074465
0.141863346887709
0.180474547587686
0.160678815421417
0.176789515201908
0.151673374687657
0.210438789147117
0.169918365979927
0.105881401733995
0.178490373223257
0.143934274943913
0.183892029218904
0.24008772531457
0.192274775511179
0.197495478060484
0.160950708122988
0.190846289854294
0.170478343103133
0.113442360579584
0.222799531503084
0.171121383414684
0.159709452132247
0.189978471728763
0.102397646182655
0.184391472799943
0.185362060094818
0.180735379743795
0.175005677059634
0.200759213745626
0.222185230983417
0.196007728464031
0.203501013309006
0.217487769725559
0.16562345971849
0.111750639092135
0.17971061990117
0.207618329041417
0.121021361941828
0.144626612434603
0.13325357820798
0.127298558486074
0.145102883547976
0.15453350868109
0.194859744025509
0.163994766174217
0.217295733418879
0.153233150899673
0.129676397963463
0.173516121738159
0.176843151515768
0.193710226131674
0.163867108142929
0.141385957670397
0.211535021577408
0.19505191522034
0.190338319962716
0.216187694967516
0.258435229177781
0.216911934765225
0.175507082645093
0.172463049901736
0.148778193065113
0.170663610061422
0.14912205856789
0.208732441659799
0.158844626092078
0.177333493644497
0.165256904335753
0.179784755320981
0.143405208092129
0.189173211716745
0.180190572921805
0.184805772577595
0.22041379543514
0.161948638941962
0.136385771509631
0.193266867941172
0.185396177084045
0.195122344866419
0.199047370531266
0.185857069153919
0.124613240071868
0.137243372027393
0.198985064867481
0.279618066650839
0.243391417316762
0.149469717811839
0.196534724100283
0.184329577416094
0.246843944134866
0.177389478714469
0.14541664403682
0.198985409335978
0.218206718554202
0.232108774909842
0.219371103340415
0.205247410909503
0.182084225519098
0.174990396501698
0.185935258209637
0.22626090918529
0.201510266527667
0.139688173531212
0.217797531813681
0.244184434437093
0.153017898428941
0.139050491491486
0.218514507509438
0.200552705553106
0.25216765593361
0.176483134029962
0.167673031589866
0.140289854397293
0.164517311074839
0.16996449900582
0.176122293794772
0.234219827838608
0.172094294876306
0.135356087591259
0.214231750059731
0.139564790508995
0.131227682166776
0.166780468411254
0.217394383693732
0.174660374040517
0.185238645642321
0.198287176785645
0.154988203598045
0.151286996944358
0.19817213225234
0.149059806141489
0.240057447756654
0.240729506423816
0.198907626629786
0.0936040803669608
0.188105178918714
0.184572839835509
0.173138747967552
0.215456786678968
0.192166926843321
0.209751649413814
0.155265324584506
0.167074059141144
0.194221599893277
0.176544731393552
0.124873220696369
0.188777696936577
0.185293380337531
0.139511422771133
0.157031549315101
0.157588820552278
0.145159605605551
0.219359468012032
0.141026328114305
0.143344481730784
0.213708740371701
0.133748099213014
0.228130467245922
0.18740872941493
0.166220954514273
0.163233116183833
0.196044207394854
0.171523004613626
0.140968862055765
0.139278930184425
0.131339038532159
0.186415064897594
0.136455279401525
0.196839412594038
0.150967688619025
0.132427374274785
0.116428270523635
0.187764431447473
0.126192071174456
0.202868515414562
0.225784398010489
0.172843528654445
0.141289047743576
0.117407080046101
0.226869433209307
0.129703194133899
0.180518175812823
0.177891649839504
0.221566678826523
0.143023880548275
0.182137043419222
0.240913418180193
0.239780321536469
0.201480674702061
0.200713097846586
0.187847704228288
0.210471819663653
0.158941527238396
0.144317148851336
0.12731517221749
0.191254791953099
0.155974127931536
0.169436722158544
0.158308520835559
0.0945118552926064
0.126414570404489
0.173731263601936
0.143878846839059
0.15509005563581
0.17902204439979
0.208415607677398
0.158212161169353
0.181478339061274
0.139461378858177
0.201240332592867
0.1550923720378
0.187713080057505
0.125434843840966
0.189396476391331
0.238068170684004
0.175872055414775
0.176031050154485
0.12590031909641
0.192839065027378
0.188683636412479
0.157216573182436
0.233912092219375
0.113090102598378
0.121977970449827
0.179941635836986
0.17827563851243
0.125138400535905
0.223756291155368
0.186104464926541
0.174023806415438
0.202361641131443
0.23203480015282
0.178851905820944
0.201043202799743
0.203556168366258
0.152037535914609
0.218154415820834
0.151212731797155
0.153551305301444
0.161688536183292
0.197119143776183
0.198835639392226
0.195322138847329
0.131838441902779
0.211476802783071
0.213501529309848
0.168588243336338
0.192165071152267
0.182253606332096
0.198204161376453
0.138464573659914
0.156415651843537
0.148088223988511
0.189948747531544
0.156109997372316
0.149770803200451
0.24039180980302
0.182180532956047
0.141637357030479
0.167088313104635
0.182258763326762
0.166295701625207
0.14468159525316
0.0958099566659115
0.170138453085913
0.145223483881765
0.19016294688306
0.167850993071465
0.140467883910617
0.153869970060017
0.150312914420471
0.153920560098599
0.187002598358585
0.174769236641731
0.17533353774945
0.178352511484217
0.179956056820949
0.116833093627361
0.164359161611025
0.137632533448346
0.134405415826446
0.181132683740716
0.151456141777044
0.234205220422262
0.108236693181411
0.165719362812156
0.121381014758912
0.184763342314653
0.171289479934462
0.152700502046344
0.107174406658312
0.220969500291818
0.142199011978727
0.175544395160055
0.178140508000742
0.15457481308421
0.206224550927823
0.164617733653994
0.131747032639771
0.160588429636002
0.187138150871235
0.201853677207707
0.240082180316268
0.167103179586667
0.170491448067078
0.180665790271442
0.172338509706604
0.198503486244979
0.17144133698682
0.191667946880005
0.144162543848692
0.139661460613193
0.121272859895666
0.169733238592721
0.214782978209339
0.158824414326979
0.130566285404527
0.127400992865941
0.159101619658451
0.123193089103159
0.149759330658098
0.172852276268897
0.160082237978207
0.227460704273688
0.196020684897336
0.170562409793792
0.157577785439632
0.168719740582634
0.138926275941861
0.157582171544906
0.1994525189257
0.153051682253033
0.147242509243836
0.162717405738181
0.131841347250053
0.168142346240717
0.144592082194841
0.22851705212064
0.192082138049176
0.21731824742965
0.155845509272062
0.163859400454469
0.11258598681165
0.176781075217126
0.160886382806187
0.20249517465888
0.189730323469327
0.167079320269046
0.144031977634228
0.17122252566787
0.149433426680717
0.16076125967922
0.22599134035295
0.199508049986033
0.165538099301523
0.182887914386588
0.222774956859761
0.187051219752258
0.155781016457599
0.192645162348458
0.217252200839943
0.193530291105766
0.239046681458489
0.192883448382118
0.160255547277871
0.204079000622416
0.190453615508933
0.192576811175281
0.152280003281771
0.225856178436221
0.137979654685961
0.192710822551466
0.160029171560662
0.198111873553619
0.192917925547364
0.195900002851205
0.154547760262821
0.169728194041086
0.149380124383161
0.191908618483946
0.194160537734457
0.177994506808912
0.176097710278877
0.193923034134615
0.193631177906056
0.216187768204045
0.163101648698559
0.143312730758547
0.155037685588837
0.161677494429632
0.121472173853149
0.156092066349688
0.169801159585203
0.175396097025281
0.175466544436294
0.210169478176228
0.1304080973313
0.152599833734679
0.21827028229451
0.190712599523984
0.184962360401493
0.167263876875418
0.154275038286629
0.168103408821284
0.168460114786393
0.154547396873137
0.183122525302616
0.152454553208066
0.180023288140544
0.133480735225519
0.140395921063558
0.191967033298467
0.159149582105493
0.167626764019935
0.187304392661084
0.204635580774689
0.187548086017536
0.17167317081084
0.153441802429878
0.192338515198993
0.157839906086716
0.192646397929117
0.172481611847968
0.139967877276858
0.224238659109809
0.130919367154471
0.159928350598011
0.195093434668693
0.166731857042443
0.19648282123858
0.179148744437761
0.180736044645439
0.192052386904057
0.126083922620817
0.118940152996184
0.177694275699629
0.126022334377801
0.23495441239323
0.157420124899926
0.162075755637936
0.159931041962312
0.17268839852573
0.167053726722263
0.148230542122393
0.158039700096883
0.125791596165183
0.179003022893043
0.171271263689918
0.156488576073929
0.155041754993956
0.175698861146247
0.163639243573634
0.176644293557518
0.125934688967513
0.193526878099047
0.170933081469039
0.165291931132677
0.1190162865491
0.145455015055709
0.158114186579235
0.131584979418854
0.173538131819065
0.217759164272273
0.225729708849062
0.131232911035471
0.152433555590355
0.193994651103921
0.129105987809521
0.196893393607864
0.193866563642902
0.151608799884178
0.136224437067418
0.133611505004303
0.155851033920519
0.142361492512982
0.104459212167802
0.178712373593518
0.129982613370045
0.153312783707317
0.173929175962758
0.175028587523075
0.171553904846884
0.203619455303186
0.130381860862159
0.140321204568467
0.196960469804345
0.151278851138077
0.19289948515974
0.159341637179245
0.225935965964832
0.184578131264606
0.173422227920565
0.148407714808343
0.131166154806567
0.182630341662505
0.222374156889677
0.143917749875814
0.15385667759617
0.14849102292316
0.197104663502641
0.174049859480939
0.149356657793558
0.185708191494865
0.168339477249833
0.182520841331127
0.150563236568687
0.17557497486001
0.123821597707408
0.134771203145472
0.174343548828878
0.121853435470988
0.200452076866661
0.190494161904349
0.176215178615855
0.157534190751399
0.100494665957028
0.156719832528266
0.158162036600757
0.168113497640272
0.18296637281874
0.151509032717776
0.11812365377979
0.223803880668029
0.155627051045082
0.179980653284364
0.13803093552067
0.118842475565946
0.197966137106275
0.0961102419844054
0.165926142256722
0.138725750822656
0.170551264636336
0.143878736163812
0.188243648903657
0.196561311059791
0.140797512327574
0.196398583675415
0.196174271292721
0.162136633810305
0.190219130991904
0.169596201055542
0.159447811188931
0.175826938587636
0.18037528408689
0.239844397418185
0.215988913429542
0.167723898671924
0.178239854942114
0.16397391729325
0.183477706484537
0.17037105024779
0.153759616850673
0.194987104930799
0.181906031213104
0.128076368341898
0.157960313240701
0.172849505538317
0.173121144293715
0.165908367021859
0.15365916262461
0.166366089910606
0.187635858935431
0.22867396213158
0.127887889447377
0.180855120679162
0.141525763565604
0.138655914825723
0.213799883780528
0.145391644591952
0.135416816276779
0.142110533052154
0.189997943043995
0.224905017807067
0.188153801123633
0.164177885419063
0.181927238834368
0.162064933717491
0.190239088082846
0.207034264915441
0.181045382645273
0.19835769526015
0.151479099051225
0.15336181615622
0.130855839454109
0.170008726993494
0.146989499059669
0.168255511613338
0.187381130417173
0.0972595535119059
0.215143729602753
0.179195912762643
0.124390103395828
0.180612587845355
0.164337801437116
0.145813014778122
0.188587934480852
0.191514884135984
0.144438980502639
0.162964808874183
0.159082095568537
0.1738415467863
0.152473065699556
0.152356601432296
0.18070562206187
0.138967239221738
0.177509212258164
