0.17
0.123067041486393
0.115845907898451
0.0950211384813528
0.0809314504242522
0.116347649299023
0.105434218609099
0.0969091913154147
0.0928945290458319
0.118265332505816
0.132025870813061
0.106064232989997
0.0894619590462507
0.0798155574654081
0.118148188288731
0.120840543254135
0.11437091687987
0.0938237526100469
0.0855753621961346
0.0748382635105424
0.0854144241392524
0.0769496050914925
0.103528019124247
0.103522936587081
0.101845416048945
0.134997661546026
0.0841907209020457
0.0922271716765952
0.0619485918087449
0.0870124063631185
0.0870452081922495
0.0685645960354804
0.104915559570339
0.101448099630892
0.115965248437227
0.0869159995046023
0.0935421033386
0.112452836328855
0.0847902955025937
0.105832243423193
0.0717288987627673
0.117722573241583
0.110253264041787
0.123341350548387
0.118390839337526
0.0730371682934725
0.0784495244424379
0.0831802393759794
0.106753464615182
0.0832303247913583
0.118483914651265
0.0856252809104163
0.104223255224102
0.0862534884587804
0.110219935201141
0.146438133837351
0.0988758102054586
0.098141359540504
0.0950062371595659
0.0907210152460546
0.0663549769929737
0.0984572558964354
0.088806842661371
0.0696394397454299
0.104816445524329
0.110593076309793
0.117367214057541
0.0921973407945469
0.0985782463206789
0.0932675211920866
0.0920896856768937
0.101533605063817
0.0978779913240653
0.102050704698527
0.106752821726928
0.101215842186622
0.0912759817052579
0.0808980176347266
0.108179725002399
0.128837363071412
0.125736543099202
0.078692917363037
0.112172171154786
0.0660877234844632
0.101761716325442
0.0842711445791203
0.102412122276437
0.101699026299004
0.0920637631565426
0.112068850513837
0.0689366468743797
0.0683647701611326
0.0967175467131442
0.0998345460876534
0.0705958067170938
0.0828073220502612
0.0659373976367756
0.0881776964158693
0.109123102804597
0.11652053251606
0.134130244087895
0.0936366865375994
0.0935391430663519
0.0921201764929822
0.0876387183816412
0.0966008459838923
0.0899385313792651
0.0939004427397599
0.0792155203106823
0.0777394139105952
0.0666959816993957
0.10414553197954
0.0909353821419474
0.0860708682808701
0.13893928924974
0.0869647669453228
0.0983054355941639
0.109688326701388
0.118924736673131
0.0980315469336633
0.0970463070222009
0.0830675576777578
0.128713777515297
0.102471783779696
0.101806055336546
0.113827982039244
0.0926111145087618
0.117145753122168
0.080892242615735
0.10473684959157
0.116938449719261
0.0900811842252638
0.104271636954261
0.0852439278781371
0.0926747461208315
0.0834587178833145
0.117635667105293
0.0932302640547858
0.105479979563134
0.105054903683472
0.0982416689517517
0.102368919973808
0.10427815558634
0.0644728027276784
0.114598632349539
0.0889510875888624
0.100123723874207
0.13361804025916
0.0844880963634682
0.101576402279231
0.0953919493403728
0.0804481308668159
0.0788956324196415
0.0838189461104182
0.0834298176301701
0.107903150706727
0.116085218356177
0.074793155151957
0.0910752178663993
0.0833116674163652
0.0793879231923962
0.106311199808845
0.0819563489259061
0.101110090089096
0.112176938571741
0.097365527212983
0.100747958946595
0.0787047704540775
0.0926087868155277
0.0946652743093216
0.126709488975715
0.119563375159545
0.0788337465998455
0.100883900188535
0.0828673525080644
0.137049874003867
0.112969205915454
0.107815762723357
0.0925090622583449
0.107369894868585
0.0733436303554054
0.101201776974345
0.10526451303311
0.105192123857415
0.112734106866254
0.0691723487599503
0.121419137409456
0.0890282566907065
0.153824004894472
0.0898943719001064
0.088566392534445
0.0867504818343194
0.0754706099331382
0.0882947896245686
0.103953408441108
0.117768965511016
0.107949698913069
0.0933458289775191
0.0857947842763826
0.13453689369454
0.0986994676281291
0.0786936261135367
0.0857028064876073
0.103206366797644
0.0882881084583029
0.0873578643332027
0.0911697413444282
0.105337634869234
0.139750375873285
0.0764320129832567
0.0810489045999886
0.0899925294193792
0.139290980480415
0.12931205833828
0.0943395086410627
0.0776886123589457
0.111934274636378
0.0792785263777506
0.0743345915775978
0.130659385392257
0.0825673080281122
0.129352501875247
0.0942740986620214
0.0908937068908804
0.0819875514854587
0.0872858622543415
0.093025102174747
0.075676478430138
0.0790283812496163
0.0863549100959558
0.0822399360360772
0.107412612544931
0.0987164557493522
0.113892836759716
0.108810742386771
0.0822240504622796
0.117154994585755
0.0755238843475031
0.0955699670050008
0.109956262805019
0.123364280294355
0.0804214875769728
0.0816791632486594
0.0906322104083023
0.0854546975414829
0.0823262873350803
0.131412182827174
0.0852740974673229
0.121670604206027
0.0960508269461813
0.0845340347863191
0.0736862410938771
0.102217823998717
0.10251214349726
0.112640758412553
0.103779534199945
0.0715145447489325
0.0799503800648697
0.105743496405783
0.089632659867725
0.112655793498837
0.0813917258837361
0.087393383697332
0.0945211298049634
0.0878308834196904
0.0842660706662179
0.0951887639692225
0.0946996669805266
0.1111208517508
0.104060074630649
0.077127583066083
0.0936170769591807
0.0862628238891072
0.0942788173129811
0.0921847523774731
0.103298160701484
0.0803407513785196
0.0711126160448709
0.0686176132734547
0.105239483049432
0.105664395460418
0.0795031407973166
0.0739289228161557
0.090454188226009
0.107226544402468
0.0765424488565989
0.112874429339178
0.0827565176309992
0.0894037761853533
0.0841405406683959
0.100520462717992
0.0743646575640964
0.0995593113604114
0.0640355165494038
0.0990321152302223
0.0904066704824607
0.123247097923899
0.0939423301361456
0.0860909783044833
0.09156891041369
0.0800069747644466
0.090199465567065
0.0841796067933569
0.0985607241202593
0.0959199014791132
0.109308496610403
0.115418589878205
0.120121928342669
0.103656736617928
0.0963557566500204
0.0890783258203574
0.10845306273732
0.13787147976194
0.120114440053396
0.11996479590763
0.0892657404296188
0.140515929148062
0.0790622563327994
0.0924135846342286
0.118283134784075
0.0951022451731486
0.110492594174103
0.115522248554045
0.0882720189979961
0.0808645801738996
0.112868275070342
0.106152573268998
0.0979215079481927
0.0745174081039806
0.0808546653882662
0.104104264817765
0.0927522553212024
0.102400867074314
0.108400517193303
0.137566174411131
0.100249141074405
0.12207863118905
0.0856814157475178
0.0593963451301275
0.105088852828683
0.12704013995545
0.109469132966808
0.136062575961345
0.112195432483598
0.112271681324294
0.0661677501184142
0.0928491763366755
0.0871072265144407
0.149405657021717
0.109799352220751
0.112549641301582
0.101814071463526
0.0666721060154657
0.0897634196012358
0.0788758034958925
0.0775284560019919
0.0921720321582187
0.0916260384925093
0.104229618142562
0.0685035412265914
0.125730334469228
0.0788202165597502
0.0788590685591635
0.106085615908272
0.0786298166234652
0.10482319836285
0.104427187619702
0.124212192908053
0.0895941435721789
0.11167585724383
0.0759490627302704
0.071535714585611
0.0983077894735933
0.106227284128097
0.105616997108488
0.102754521422095
0.0860629056430928
0.0816410216572269
0.0826484977922212
0.085607953486411
0.101314894099385
0.0919325012463851
0.0767181421562868
0.103019337381439
0.0667350180349645
0.105363588066148
0.121886373977565
0.0830856492872893
0.0871036999408009
0.111732831141164
0.110490075749089
0.104450742807027
0.081495576756083
0.105140150181435
0.108452336773463
0.155834105138272
0.0728576224108126
0.104605643380584
0.131229302056118
0.0978096750516038
0.067106683471979
0.0786570153539367
0.0777352035341774
0.105111187398004
0.0933750945274523
0.0816943958423386
0.0783698636469546
0.0839318156312077
0.108451929792052
0.101937604229732
0.0938025238955206
0.0717611378686916
0.116870781424953
0.0934369890378986
0.143437861021932
0.0742967890446074
0.0913142227150013
0.121441740309826
0.126751031551923
0.0924949064626599
0.137011246429776
0.0924504270948175
0.104070881122836
0.116297080840943
0.0926215726826592
0.0928280841867977
0.105973595738532
0.096852887119607
0.091968494451006
0.119537202514063
0.117866845570052
0.0878524886904034
0.134873493842729
0.0925919177798711
0.112308428751899
0.10752816423248
0.0992510491749554
0.0854708785150843
0.130144072272087
0.104957011078389
0.0801949680653342
0.101209153324224
0.147073525273179
0.0935337057230135
0.0768901763069955
0.0919955014404716
0.10696301876094
0.106168733169143
0.0853542594868789
0.0993132345079268
0.07697936345191
0.0894023422968908
0.0818780729478997
0.078990402564045
0.103125188089614
0.118629248252193
0.10802937420518
0.097356078468036
0.099885141514248
0.116203167638969
0.154210479166257
0.0760114008599394
0.12978200852592
0.0989374789033732
0.100684061021979
0.0794795079126724
0.103336793084864
0.105427442082609
0.0856712684139433
0.107391159820517
0.0908454809426375
0.0694879055496109
0.0793219599490696
0.128728524767993
0.0881297241007387
0.126192288707278
0.0902794610198169
0.11461930463624
0.108442670467303
0.0979185193385848
0.0797872781160043
0.107273220759095
0.0916209440384713
0.100904341583548
0.11282782227362
0.126830178831055
0.09605165313092
0.112855801108014
0.108442644993104
0.079175081193714
0.0914239448557522
0.0720838282169835
0.111881539280418
0.0728388914468135
0.104546096045047
0.0951935618873787
0.0965918661783645
0.0859047407425663
0.11853229445847
0.137529102616195
0.107736172352164
0.106979982002226
0.115403933953903
0.103901712554712
0.104331649443461
0.0808756214317794
0.100273122546645
0.100639454892627
0.0870809524516452
0.134004230633034
0.0586410427199721
0.108445906678724
0.0706124268142693
0.116745209201784
0.104400616387118
0.0863044780340979
0.081055119132524
0.0642362143067436
0.116892104420976
0.105688731533587
0.0897599663963253
0.0871846085558406
0.106481010416616
0.126577876526531
0.0778036379346057
0.0904626512682621
0.109562995680858
0.0740435528636642
0.0866713721149259
0.101711864602686
0.0743958626770122
0.0966305114641048
0.0951897649015749
0.0985382659716723
0.111894229915184
0.0634046007785028
0.0997118153263082
0.112287807261546
0.0891825507779313
0.102022916915011
0.0770211609824851
0.10149846540391
0.122615861399671
0.115417576515806
0.0759023986131143
0.101866096388883
0.0983477441808082
0.100154250783569
0.11335650724963
0.133727245262918
0.130799482541186
0.127454221686633
0.0777671072657777
0.151091232757309
0.0941163660823799
0.0990706219977145
0.108072672967807
0.0823316523547756
0.100227681719859
0.0893163292484975
0.0830081801531253
0.108783449038432
0.111404300811196
0.103905420086348
0.10167165474766
0.102331916792573
0.0963450177455734
0.130411011448033
0.12698187933308
0.0771979994289
0.0928082511198882
0.0902709380738608
0.0870394246993449
0.116179149461922
0.0879787594437398
0.100162756132838
0.0902010637920637
0.115008670561263
0.0918901561538695
0.116665211356375
0.106376586506278
0.136117418075966
0.12948033320693
0.0791068756259837
0.113026982219959
0.0856586033214567
0.10628542372211
0.106885222763926
0.070676834032473
0.108542293614713
0.0710662483714112
0.0837998647977217
0.0938871150876067
0.0860801221331131
0.10761415102368
0.102757404415689
0.126726084946793
0.0792491523903848
0.10010979482886
0.0932695281009207
0.084004599178831
0.0885785677482558
0.0793819457604174
0.0884091479292533
0.134877268910762
0.0922386058810135
0.0884729505326868
0.065857736813634
0.122795670196151
0.120290583322932
0.0899445104149427
0.0913686238644629
0.0989058222815056
0.0821288823807714
0.07724907888923
0.100432094387948
0.07890930422013
0.0955003078274431
0.0831936360842517
0.0861653439345693
0.0981252286169745
0.0788070925837829
0.0945486192183354
0.0759418616101681
0.0959073931828223
0.0939334320580356
0.0897320688776842
0.105654611312395
0.0642664619778346
0.0959102746078409
0.0925146296122093
0.0804371538561054
0.110784773520378
0.0859390477021999
0.0855675124225253
0.109543557456901
0.082602642233959
0.112013595433968
0.133898632652898
0.0950514861912395
0.0766991434511544
0.0915537196031009
0.103317629689698
0.0802905228262401
0.0779479669746807
0.107281125646335
0.122463288750142
0.106514321367701
0.0934999265953362
0.0628949521269376
0.0805740354655413
0.0869820688591084
0.0970166383460379
0.123925410969739
0.139309359504932
0.114907469031728
0.127742980944588
0.109761356605705
0.102043057235526
0.0891895771844556
0.10935481822321
0.111674343279954
0.115817519975295
0.1085782066737
0.0910614417887641
0.100246645952422
0.103999525073792
0.127044404342877
0.0908274508626532
0.128765534034132
0.0866846331783905
0.0633330959473632
0.13093827130647
0.0975793405173651
0.139772669988656
0.108361052615311
0.0725733041031789
0.080204695515158
0.074892673035307
0.0798208464251818
0.107913334265122
0.107223263223685
0.0743640079393744
0.0984814584897159
0.0943120954072195
0.111797546159476
0.0830601291775005
0.0877328849516014
0.0912120027209766
0.0859632427636699
0.0672114329200796
0.0735354446736268
0.11702673108556
0.104122561631544
0.100138767154561
0.0942389806138266
0.0847029529239925
0.094437239963132
0.0979841995845391
0.0847622519018653
0.0857324727189228
0.0975991117454232
0.131304777236716
0.113303932483983
0.116937336919059
0.0899176110924346
0.0826258070161219
0.0949050290283387
0.12699775470709
0.0878778870982476
0.0856008180205008
0.100898084645066
0.0726283036954089
0.120419396691857
0.0974990044106646
0.105085256404086
0.0771863000078384
0.112754844126653
0.138850122517829
0.095321267772412
0.0939531395219065
0.0668382809355208
0.100496659335195
0.0799510224194813
0.0859472500410098
0.0926960165761743
0.076052988732795
0.0731811382308131
0.0867273917044011
0.0957380624381882
0.107763260496506
0.107768176079779
0.0892950097335387
0.0912949369424687
0.0935333276897291
0.0925472097154173
0.0831633638891923
0.117515847298306
0.0993592362584375
0.113902767117326
0.102648063624821
0.0917168109181664
0.0908212875605895
0.0798998349382279
0.104328297875949
0.107464757513674
0.0776972050165837
0.0947744439862249
0.113946210912175
0.105227873040343
0.0850724760228782
0.124212554400977
0.0825249973638717
0.0752207535031601
0.0857678443302487
0.0968528953359263
0.0960767022702893
0.089914827049612
0.081333540020599
0.0745545024943438
0.0756117727683714
0.0855415538167694
0.0850617078518121
0.114541556768946
0.123957387775369
0.110255750187993
0.0932779536268628
0.0974944377992053
0.11255167887377
0.134736698645104
0.0745462325699699
0.122366080020301
0.11661734744366
0.123449281392161
0.139987183363585
0.0832129043366687
0.097205496585947
0.113696031464738
0.0776727861457106
0.085728464413346
0.0974419649320932
0.0794632919893008
0.115822601162418
0.0798849618449141
0.114230176895602
0.0969192844316327
0.0894198599595928
0.0986734174054503
0.0967668656045102
0.106257807750895
0.0961587059016245
0.107083762022475
0.0882619996890597
0.0821597175346595
0.0688123489571646
0.11251192797081
0.0864901129009247
0.0920628750809649
0.106179753598006
0.111600530589135
0.0851040946667032
0.0717089925055478
0.0962630764907138
0.0983248501383324
0.0948779280685846
0.110458120871269
0.112519603614621
0.0870929963250878
0.0758121701587508
0.104895340027259
0.0990505618335205
0.0902076823235582
0.0845335996080108
0.0902249158787509
0.0897782807947419
0.113958018403726
0.0819722253919246
0.0622670431263511
0.0864781455083956
0.0964198946952234
0.0694534303945542
0.0767083133943107
0.106088816189115
0.0902064632284667
0.0965531438036942
0.0889368216482579
0.0946835871465837
0.0947895338381963
0.161802978350022
0.0754833671667099
0.0876148264133126
0.0861567811173733
0.0823047207593572
0.0900857987434164
0.119689576912487
0.117201052197829
0.0920536957323504
0.106822084377294
0.102275947575038
0.0831699257834456
0.0798010025005081
0.110424905923582
0.124057714077175
0.081794211590317
0.078055031235636
0.0821715053093681
0.063881529120686
0.100013923010851
0.0863285206425681
0.0880837084403478
0.0935123350415432
0.0945991598257167
0.10556848737308
0.0908449712050422
0.0937037322643357
0.0893665164870916
0.103045651581027
0.0986013369089015
0.0952331293794456
0.087317710915292
0.104325306681964
0.0850625154129004
0.105117089380364
0.0914590632076561
0.0824847924209108
0.0915791399357477
0.0875157202593269
0.112315072850381
0.0849711262932711
0.123385590703473
0.102249053418285
0.118642559818932
0.0862495052521449
0.106521671367486
0.0899191278066283
0.10311628586112
0.126064564068583
0.0717968034394064
0.0839010688025216
0.0954217458501378
0.0937688530303619
0.0970766018281456
0.0950344236731732
0.0957542865141992
0.0904677246882184
0.10580321759874
0.0912355140712467
0.109888969778879
0.082852334797723
0.125971525687091
0.114443894229853
0.0931060601451127
0.0966191823318089
0.097860667951628
0.105596668015951
0.0987938731227158
0.0863968297924112
0.0788799732729938
0.0868201039116355
0.107250781203835
0.0663026284811718
0.105621426693104
0.116083471222989
0.0857538727627524
0.0999673257929758
0.0976261982305071
0.0908593829812449
0.108254595939225
0.0766041451314416
0.10641037255425
0.096304910092939
0.0925099815149977
0.0978462360818107
0.0815944206220996
0.106057208283075
0.10128995019649
0.128724790623627
0.0851943526400738
0.0866844745878063
0.0994381686600462
0.0964485754801042
0.0861500206795013
0.0984683088582144
0.0926834275710301
0.111409646967663
0.113246495146134
0.0716328037868452
0.0945362338817387
0.092688748923507
0.107114558995224
0.0878123319664234
0.0764014336748643
0.0760904470924823
0.0984944226630184
0.0901470351595165
0.10103462613804
0.0949776384141974
0.0963330096488777
0.108192889528354
0.0915620529470501
0.0997115811889777
0.100818303992994
0.101917074444712
0.093755839889914
0.111520106511824
0.106701403863285
0.0783988468346078
0.136968896054991
0.133929184856428
0.074602657534742
0.0773569318658361
0.0893592630076749
0.0985456474359408
0.0916659834880662
0.0825932864487019
0.0848619253638731
0.10814106813312
0.0895999718745636
0.0823888989102087
0.104878438802217
0.0747826666488312
0.0962779440827551
0.084956928888361
0.0797627838593997
0.0781252155907644
0.0882886964802738
0.120070291688304
0.0810284740936473
0.0841997288348275
0.0822124078996083
0.111494224527878
0.12270084846877
0.0956563482077846
0.0771116596599923
0.110981615119242
0.104849166290535
0.0822328974267151
0.0882419266125618
0.0842211398424135
0.108746813966977
0.086019114801653
0.110392013575044
0.13106534773177
0.113444079897108
0.08308140656506
0.0902256548930631
0.0628979369118907
0.10586589097679
0.112785276453119
0.0938004807357078
0.0974459733245765
0.0807229061454535
0.112350067273914
0.0981366420026424
0.0799972897009402
0.107558695393815
0.0926856932682971
0.0944418302221462
0.09622433274718
0.0988261515494828
0.116397162860475
0.1043139512215
0.108420488749319
0.0890066121414673
0.101060805177841
0.112204078975483
0.109628956641849
0.0815862480909044
0.0876219604536068
0.0856610779147257
0.09425837507688
0.0908386772143852
0.12060664239068
0.0761668058743911
0.0937309210305122
0.0993582935099556
0.120003004315432
0.103951996603014
0.090313568622185
0.0864602541829447
0.0983507272153556
0.0959503476381365
0.0730811971121934
0.107540081259643
0.0812597027650026
0.0806230000638289
0.0899192454745172
0.106297772784259
0.150530469794181
0.123961788987551
0.0808492747211321
0.0990959240870963
0.100990097777511
0.0981574055580298
0.0783255072289615
0.0848826993041071
0.103779656414742
0.0810825059678612
0.153078195693477
0.0972771718264592
0.0870940352747201
0.0848319429197102
0.0661374829854391
0.096590589213753
0.0966791486212413
0.109520238606694
0.088304691839943
0.0709446004413985
0.115352545031428
0.0946707049153959
0.106645516312214
0.11371910634825
0.117862653582867
0.0969514825555895
0.0953510402057898
0.115737969880411
0.104745623642625
0.0975282669973283
0.1073605036325
0.097412220128503
0.118040839579618
0.0817616789266903
0.0992294841178604
0.104560651786974
0.14037246603431
0.0881211172479909
0.113348993859802
0.0850834784981935
0.10128502129901
0.0725353551802348
0.101108780522492
0.113497823489799
0.120252556265768
0.125903333465551
0.160288638267516
0.0866709066439422
0.0694090744121658
0.0819985822511222
0.0941241757876157
0.106664702842178
0.111438710860743
0.0861671697457293
0.0705445815903787
0.0859205537987356
0.0816708284800857
0.111221611068695
0.101668838504573
0.100904034498871
0.0706654923813303
0.0909679129017991
0.0981243262968123
0.0910735920533255
0.0956610846114672
0.104524326796174
0.09948681527936
0.0964519459425008
0.100676690449624
0.103239502940044
0.0982811024156082
0.0787115022927503
0.0876840609922673
0.0841641312915532
0.116104358560504
0.0970523147197012
0.0876481110308591
0.100144460693478
0.0869521067038978
0.0952348151176254
0.128423153913829
0.130950868211789
0.0789059900983621
0.101127351674361
0.0790315043765056
0.10851181306187
0.0909568648816366
0.116701283639823
0.0890722164203007
0.111065408845629
0.109272288859815
0.111097204654428
0.0765832461493097
0.0954083947375268
0.0916285986007226
0.0912420111069319
0.110894486097137
0.120660363364559
0.113706629806993
0.0830266852322361
0.0955679933315534
0.122378902896642
0.145096228807345
0.0894716181400995
0.0726043921135888
0.110308675819078
0.101311924049381
0.102002047492925
0.097637428816235
0.10166974357129
0.118254211875358
0.0932378228230081
0.104183015409919
0.0966577195368122
0.11169996629077
0.107026101209856
0.107673017394668
0.10146713424406
0.10033218032613
0.0912111175585326
0.0988550474136081
0.115227535871663
0.135068089744622
0.0801605427819657
0.0907348878880442
0.102963358409572
0.099423690142606
0.110781510670655
0.0736241017956345
0.108160669601233
0.11299150371234
0.107134979647781
0.108705912309196
0.0884607589266989
0.105924911504561
0.126176065815269
0.102126810040972
0.108815230996713
0.0948194939666175
0.113686116824182
0.109444252674123
0.101524754192977
0.0903595401688767
0.0979289905862938
0.10709319183796
0.0978863227781378
0.104656515872552
0.0873666773413474
0.0930490542472398
0.0995148532905176
0.100375418685637
0.0870884914719837
0.108829258310636
0.113181173376333
0.120366607820953
0.0922954701401651
0.0886844780668713
0.0908368609011437
0.0876377649858896
0.118833105177571
0.0799486933811145
0.0940712702119567
0.130405394056083
0.0866954450321523
0.088093540027941
0.0901918999306605
0.0829022897918162
0.0768290102828282
0.0928760956092365
0.130032716695792
0.106573086263486
0.124925111684898
0.0784963111757593
0.0862176154471369
0.0946958990294454
0.123083624584603
0.0990233513709237
0.0964210006252834
0.100373687621053
0.0700466160473454
0.0938411967581496
0.11697184557716
0.0887369734684862
0.0749184349265103
0.113852917417034
0.0852463459125933
0.0728304898871215
0.0950783915826472
0.117866501148876
0.10501299291187
0.104495765189071
0.113932133841481
0.111673178791258
0.0830322190995831
0.09021503996516
0.119966452008798
0.07013618428131
0.0745002883276132
0.0654727920181528
0.100176347519693
0.100985097718879
0.113035638198462
0.0778074190915662
0.103575898305173
0.116123166604428
0.0817830064398583
0.115172927026617
0.115670351209685
0.0964104231771718
0.0947911803110491
0.109395135881822
0.0854627449444853
0.0839846529668049
0.0735724097757567
0.108526571633414
0.0951526311603433
0.0897341737894354
0.0940658560550902
0.140190552235119
0.0952256964178005
0.0962097767681205
0.107935027040536
0.109433953656416
0.0875806156757452
0.0867363695144072
0.113272308718085
0.0954542274862664
0.0944387278228869
0.0816674687023235
0.10105234156932
0.0859804532082936
0.0999679971864848
0.0756063181021758
0.0918991176213725
0.0960999522361536
0.0818074466363899
0.0945058344141803
0.0699394327373952
0.110862358154353
0.11719107112058
0.0702606301747877
0.0959638583845899
0.0822684486470665
0.101729005491945
0.0926489772137256
0.100945429823967
0.0958162000197092
0.102679971211685
0.106033529494824
0.095763799246335
0.0865262101466014
0.0819194499130474
0.11121220717971
0.0699715116381712
0.0995213968448321
0.071644218561219
0.0808133393307002
0.0931541053237776
0.116545230318297
0.0853570576416495
0.0766216149201569
0.0985871980773219
0.101997165955401
0.0999043625065122
0.0831268658675439
0.0915721421433496
0.0797783228282232
0.0781830205452306
0.0901683963557073
0.11457471604691
0.0854586421732954
0.0836828571609398
0.0949104637156514
0.0865754423930221
0.0784682981619163
0.0901218517576895
0.102834506342578
0.0851901628818748
0.0671595197956146
0.0789800923802707
0.112990082474968
0.131023229466916
0.104298807401151
0.0894194972267043
0.107956704259327
0.0909516376397071
0.10854552388275
0.0924605382293788
0.0906148258086202
0.0769853912995839
0.0903602794227975
0.0924387637714404
0.10676074649565
0.0789884740559589
0.0991861017957202
0.116043844483706
0.0897715924660199
0.106913371142898
0.097191194769488
0.119879724366956
0.0975191318372518
0.106019015464679
0.108659088828109
0.0956675067818738
0.100432443983981
0.137948988284766
0.108396665395549
0.101769255717201
0.112231868723535
0.0809353005280018
0.112052824101334
0.122955666997328
0.0953714481606172
0.0780838238240798
0.0900127095288633
0.0920623254731495
0.117005932268476
0.0784338949414265
0.0892322241570124
0.0966355318944784
0.0899763122814723
0.106805420116644
0.12117478569622
0.0656378596529119
0.102459201302689
0.0994399183059544
0.0677209157360457
0.0835078297784842
0.0961919500007634
0.0864655587042888
0.0931247331941333
0.122757907205809
0.0881567793820602
0.0828247831832879
0.108825855138028
0.11445842807683
0.0702720048642839
0.115372298604556
0.107088820397415
0.100949868359764
0.0725412150223587
0.122885271342793
0.140669440721993
0.116716878828229
0.085885932509613
0.106065981337168
0.0984476656034535
0.105452381291504
0.0914502293524607
0.0841477756065269
0.116693096753536
0.114414363624884
0.0763568697835021
0.0651097937628588
0.0891682107518661
0.0953974614000859
0.0924468514876579
0.0698801366609385
0.110182813288749
0.123920924399491
0.122760078895425
0.0838345415763353
0.103221125043716
0.0827178447703378
0.102284450864074
0.0747107064632314
0.0842977039320102
0.0857520091740857
0.106417888419155
0.0936261135501617
0.105316716454673
0.114782189790182
0.104604653996688
0.0917701301655538
0.0875445499013848
0.107846086763545
0.073995182428809
0.094693696838954
0.0984111151980025
0.0923321865403131
0.0739232667651424
0.0899531035027759
0.0819995651805258
0.0935409192080703
0.0736649390397641
0.114149547692468
0.0995106489901709
0.127055110313858
0.0707312019422989
0.106653305130592
0.0771937839185508
0.0919685352131409
0.157634913801387
0.154456998376622
0.0931328327084471
0.11749119778162
0.100992848981021
0.133107046108355
0.0875947739069394
0.104645283323697
0.105840041861601
0.0844628810335412
0.115184014698533
0.089675760026028
0.0962594852812955
0.0959765677097333
0.130861279315191
0.0832555577741889
0.077655361520971
0.0983474790079578
0.0757400011814706
0.0837061918772123
0.105617289432083
0.131448593241407
0.0982168765661168
0.0819867349608456
0.0722556781026032
0.0800174835245944
0.106717400633552
0.129704932535492
0.119651412050344
0.0930782041710747
0.078710980724739
0.073950762500206
0.103444304766562
0.110955869501456
0.10891534714286
0.124078403842605
0.126193092503465
0.071959810304799
0.102173475911886
0.10753598069934
0.0851337139531829
0.0973898694145844
0.0882634556810096
0.121956652871021
0.103752090262626
0.140238245869384
0.0846241387828605
0.100282054343729
0.0978869673913749
0.0711757547677909
0.0944138625854639
0.096727340365103
0.0868806352342474
0.097129873013652
0.0721440844478348
0.0689659098942719
0.103928394227149
0.0976380557780083
0.0968013217999824
0.0806753959728632
0.124127687675077
0.0898613162777352
0.0973102104173818
0.113130407078196
0.109353058298519
0.105760786360547
0.103276936920755
0.114510177730541
0.114771461061144
0.0999912901277643
0.104695470373543
0.0872127734427584
0.102906334201667
0.0885868569535447
0.112894059358188
0.112518001281312
0.0882381373578993
0.0868833645621334
0.116338466963847
0.096207216862595
0.0858879683743597
0.10373839076825
0.0977290185435518
0.0795058995308686
0.104690945571593
0.0951320951114285
0.0864792940289019
0.105952140947754
0.0780331029562193
0.0726231139257735
0.102108685149942
0.149915392172734
0.0967830681371725
0.0980182411690807
0.075167730258302
0.100335442802869
0.115509567383194
0.112781176269157
0.0965345806408511
0.098817124903924
0.107151087726999
0.108920177335156
0.110900556577784
0.0931324283359303
0.085298824972941
0.102261556748688
0.0729277445578704
0.0906925148415129
0.0873250913853193
0.0971113782173193
0.104608681638144
0.0688421761764558
0.0837498704043061
0.0914951572058348
0.0888715608111496
0.0996729991377847
0.10855444912213
0.107856532740117
0.116077539339141
0.0838872400956392
0.089917340699182
0.0936243670013173
0.0826660883912175
0.0899547304160416
0.113449726960441
0.0792969704152161
0.0921361079644444
0.0726299224981696
0.0795378256514568
0.0775543784360265
0.0771775309602397
0.0894428457932375
0.100912228925978
0.100142627702632
0.0858143624948425
0.103476597463304
0.114948396200468
0.122690375606452
0.0738173944544463
0.0806425384626576
0.0716659632901387
0.0988608620689903
0.117558194303309
0.0783171762664645
0.093215173690386
0.0805100541121472
0.091396492686666
0.0927138021236376
0.103166057965259
0.0753342511891467
0.0938081227799904
0.117028758876869
0.115764449623817
0.0901709131593345
0.109035445554185
0.0752744097339562
0.0708318115913185
0.094176567501138
0.112081314113846
0.0827863216759401
0.119191055287657
0.0850935642772796
0.14044566896489
0.0829499710833111
0.108036736136614
0.11734239818478
0.0974758075559707
0.0759831114215491
0.117944786111024
0.100320499174714
0.0773626008612266
0.0942377618653299
0.101427860881722
0.101956657256108
0.12719436786427
0.0763213724824589
0.0853766231527724
0.097613994758886
0.0893279996722865
0.065606383502801
0.100364777386522
0.0901551671336086
0.103063263792722
0.0781798387272911
0.065470649644274
0.105100476414349
0.0997602781669952
0.0735126891290784
0.0951482005273148
0.100689522915139
0.108229097864439
0.113068162876668
0.0965925826761967
0.101972081395787
0.0976485670606067
0.066862691335616
0.117552689959149
0.0843248643269546
0.0704629590508767
0.0878904223545308
0.0833655337017954
0.0942494112771887
0.0938051556417015
0.0916398843711319
0.101696637866423
0.124254933289032
0.100235790849266
0.0888142212349475
0.112629024774602
0.0961247087742344
0.0885212336850003
0.116984596641794
0.0956132592030546
0.132390856063782
0.11182384475383
0.13671276148127
0.0833264438132006
0.0998607311836538
0.0879012034018209
0.0922458001995496
0.115372937342324
0.12235848148612
0.126712880344349
0.0885610628286711
0.0980847244248983
0.113212177558841
0.081832628625883
0.102865746117869
0.0812269108676815
0.110621730905881
0.0966812618905146
0.0909036574597925
0.122002531353575
0.0803196076398419
0.0968820488441824
0.112066983529211
0.111069555936626
0.127287357841708
0.0842821297366656
0.113074297195951
0.114086103895593
0.0770348849583383
0.095832144747659
0.0997558315935779
0.0861065798830934
0.107441439965894
0.0867738869548223
0.0807231302059727
0.0812442905234326
0.0997259649519308
0.0952966331574765
0.0802696062840175
0.0853888317352185
0.0849739600931941
0.099450325453872
0.148426547784728
0.11740709951063
0.107547891538139
0.0723107377802006
0.132343001340041
0.0867438791643162
0.0852671536506194
0.127894005914936
0.0906909697164125
0.0766020218164253
0.120121345131954
0.108202345474514
0.104628167806172
0.115457832956175
0.0900539556422833
0.0755939376396588
0.0827771112630566
0.0815858032140474
0.119117489806285
0.101456915986318
0.11439350744031
0.115393764911706
0.100748247243695
0.139694001389743
0.100377505890761
0.0907547657259841
0.0910571351023684
0.101985481518318
0.084026192222728
0.120213442385948
0.107434623524435
0.0884237607589681
0.0915993949437417
0.0898805098591253
0.101216101243666
0.0878591074540265
0.12134249532103
0.0970183189645083
0.117781722891845
0.097714439914418
0.0870159582205227
0.130424116227302
0.131594010832111
0.11351907399418
0.120078155977779
0.0941490751253344
0.124423945731447
0.0768932550543562
0.0659558988968104
0.0976759619081598
0.0740235688991311
0.0804566551543087
0.0799281970724927
0.0893488515949573
0.0732258585513263
0.0860139734785458
0.102730828284887
0.105534799220868
0.076886668334582
0.101819100872282
0.0807276724195499
0.0825065099085538
0.121275162626162
0.102820375219071
0.0867594220630504
0.102043361759083
0.0695520325190596
0.077371216739951
0.10448906775775
0.0980022041363126
0.121919281291037
0.0900284001929173
0.0795331560629801
0.102138673321448
0.0858982519624645
0.117252999576038
0.111735955241583
0.102906915392327
0.133419792107724
0.0749381586461697
0.108485717642789
0.0803158200975709
0.110101017594249
0.100741776895899
0.102212538493456
0.0937771013605852
0.0992888414566787
0.0841978770203365
0.100465351882841
0.0905572955055467
0.0896301676793567
0.0972096338801286
0.0996791329313375
0.116868556929824
0.102255562002993
0.10909047384455
0.11164886865502
0.0976631615718053
0.0905648889018203
0.105946866750833
0.0914855538176055
0.114675462084422
0.123062996134344
0.105656160187844
0.158897971398559
0.104438093979689
0.141185241569807
0.113266787112271
0.130955088810699
0.124731689613077
0.0952380038623756
0.0784653369502559
0.0673569147823641
0.0907669659261349
0.0933333129794118
0.0905113763182564
0.0979134807283549
0.108600936320625
0.0971837250493852
0.0814990546391461
0.101374517203897
0.0795263540407728
0.0818944936849384
0.0983676432043921
0.129937973398513
0.0756419927249447
0.0841227737052887
0.121223993593204
0.12126275610293
0.106502550133571
0.0965414111263919
0.0849404591694543
0.0921213489769697
0.121638322381809
0.0772227324889263
0.112563720323569
0.102455050575196
0.145684533356057
0.0940838113535392
0.118447954712915
0.0817099056899205
0.0930503175279741
0.0874798080541657
0.116047840439092
0.10768525859405
0.075066457724508
0.131942875145553
0.0861839475735512
0.100871955441739
0.0858001602919699
0.140044218096347
0.0843321489746382
0.0976335955236226
0.100439069416728
0.0874698788008577
0.111223909564322
0.10744743429576
0.104985780796719
0.104444529916362
0.112378922383122
0.0906616882334845
0.0938832273003489
0.119911386809832
0.0929651477254097
0.107510484633183
0.0875732882524748
0.124988665072427
0.0790002763029505
0.0885341300501836
0.103468402613933
0.0827876695066042
0.0944298738123817
0.0819821332634305
0.0846123936695752
0.0721031573209499
0.1103070499312
0.098996065392901
0.0826907782171093
0.104770477366892
0.0888164148470093
0.113749241156968
0.103646777823096
0.0869982180683993
0.0797261516259025
0.0887370759618131
0.0950435573676616
0.103213821070362
0.073019454167522
0.101371522282546
0.0964474053662409
0.100625219792569
0.110038334444019
0.130559846859717
0.0730420237243946
0.0732989598435552
0.0889970695831585
0.130729461292625
0.0860035105845336
0.0761082906305629
0.0706382201904617
0.0936476724173693
0.101001002749747
0.116240286874918
0.119291853664883
0.0896329951670382
0.0932090189983857
0.067776245921488
0.146734803777935
0.0967880053208552
0.1091769680815
0.0841692013351396
0.0792623134111096
0.102866420884016
0.0824481890462365
0.0904536261414187
0.108508796598169
0.0954857433087107
0.13800882395181
0.0862949660819764
0.0925185281047402
0.0696944898266666
0.111082818113451
0.0938462297614241
0.136443188567103
0.0934646092811168
0.110086646059701
0.113291835775909
0.131236633899886
0.106674358773395
0.105998512882449
0.0831229180215153
0.0902801803406747
0.0765207366697959
0.0905717160404345
0.0867485405904573
0.0993069666755876
0.0762561415196584
0.0729884732315033
0.104480606571578
0.0994803081094223
0.0869683028065488
0.0907762012443837
0.102648467316453
0.099355329321173
0.0933506524893767
0.0852444398989945
0.0951300711779499
0.0663002094003027
0.094671544800144
0.0862086015054343
0.131062562753552
0.0758348062497893
0.111786089326526
0.10468157259762
0.0955826904953314
0.0822826073388326
0.0943559543212818
0.073040344005622
0.0991239064707821
0.0627302722508192
0.109393586261551
0.0952232017177757
0.10224452773424
0.0739587183878988
0.102154738862878
0.102022510791331
0.113996109429587
0.128827632254563
0.0972851796035691
0.0949372250791118
0.0982640078717147
0.0766105281208514
0.0829500957616386
0.0921403874907997
0.114306758320573
0.0778234618783042
0.0797970696843458
0.0877305018884189
0.0781513496757067
0.136655251618109
0.0720111993681162
0.113156223268242
0.107477799284624
0.135264992815049
0.0757355372689743
0.0986149476208312
0.061844376402672
0.128510386442733
0.0815189823599404
0.13056813467456
0.110475156505704
0.0959293047149316
0.0955606234933506
0.108695464041389
0.0778784350329035
0.100508496330061
0.0759642563785583
0.0814697735038287
0.0961788302623438
0.092552239895219
0.120782209706138
0.0962007269956252
0.112117633694744
0.089421513698648
0.0940873833759964
0.109696860853458
0.0950078579968743
0.0773835638263018
0.112220522959835
0.0938573612519863
0.0927718402691782
0.112395200719592
0.0895371745999853
0.102481845584383
0.10744269687252
0.100059354599894
0.0848387678336057
0.103180423213455
0.0972981644476142
0.102699438966135
0.0998465865178322
0.106222701816726
0.0957092941582536
0.109585410179535
0.086679155276534
0.0771676129130416
0.100891512981497
0.0846980375879103
0.0892754795544237
0.0937335890355011
0.137913320788879
0.0852625325391777
0.103604332255862
0.102283367835467
0.101146176575936
0.0689079556971357
0.0885871758475882
0.0645185492768167
0.10130683533401
0.105944930660397
0.0706491180542576
0.101941079914855
0.117193050673048
0.0777733336872215
0.0893634648354436
0.103391627083674
0.123669692324441
0.102834805752644
0.0807713621563793
0.092994913297853
0.105578140406749
0.107339347789818
0.0947760348753724
0.102572001424069
0.11017665685579
0.0804966320703722
0.0826328259989981
0.0750092339356061
0.0894438569109682
0.0947338309662949
0.122608669829628
0.107397316697536
0.0931909081718753
0.090785143362293
0.0954718843672285
0.093957231941885
0.0918401853110925
0.0868821686675061
0.119513620224589
0.0795352985509594
0.0827232630773756
0.134620341961402
0.0789670118773282
0.0831490647801983
0.128955063459262
0.0922265497786288
0.105961581515865
0.0943391284006181
0.0840442634058593
0.0953501271297077
0.0886169674961704
0.105764531400926
0.071110036037179
0.107428349967643
0.117744451356629
0.0943191051289292
0.0810362320013914
0.0882234819294929
0.0750178668939942
0.0853419051388602
0.0941020122287512
0.11603983310348
