0.17
0.138027212659435
0.176467419142636
0.126375409560098
0.207492974377897
0.147430744483904
0.13845366275805
0.21805492849852
0.139290968674043
0.129132150551417
0.16376433992734
0.146229058739806
0.167158321767487
0.172223547179516
0.109504920558741
0.10700518595478
0.261691635357364
0.22316920904862
0.245667410316813
0.263427135842569
0.202119490666543
0.154722485475687
0.108473804231882
0.0908887128377809
0.100158557063145
0.220914557250042
0.163335212604689
0.123791010594756
0.142005484206977
0.172484378741301
0.166732583164705
0.167143315716169
0.098478806530299
0.160168509273638
0.156000207486849
0.105299523819003
0.128658610715369
0.161843623978836
0.21537847993467
0.135520754628586
0.0675082525483917
0.123969973446051
0.11351115824455
0.170154075330591
0.10351043861384
0.18017082062431
0.113248007097024
0.0855773075611761
0.127543252089747
0.193970162442471
0.241026182944233
0.187939709585282
0.207763098997762
0.148845689919985
0.0898481281884167
0.172332832642324
0.105433399903137
0.141090372230226
0.150873977573097
0.130750568246955
0.143695015033727
0.144064463638438
0.160184291884767
0.168153099016556
0.153016180552941
0.134791916348129
0.137560817489224
0.099095474614097
0.1347623849551
0.0837881777117951
0.255097411965529
0.146965269117545
0.118074221969386
0.153346160428924
0.152843938430361
0.196646589152124
0.183550271456223
0.185888210534208
0.129830060703124
0.0969382523345304
0.208425687096417
0.196624239430938
0.170666862274381
0.23911831842163
0.115764240159678
0.158104877865155
0.298599116571285
0.119885255965272
0.103724851262589
0.136050607957795
0.167794457798427
0.143836725827054
0.155319911613407
0.244508427168417
0.119279967312122
0.206141824888253
0.0874739275512481
0.0944490443786345
0.161790870334416
0.169177659942201
0.15822031818904
0.106185647062577
0.162397765600802
0.172485329358219
0.111339135388979
0.165957748040331
0.106105360741029
0.159032265562266
0.154076379882391
0.275562996464175
0.251734602670385
0.100688176564309
0.138227278652035
0.150141442196373
0.190926869366223
0.152132964518995
0.139315281770879
0.110874449643079
0.189265241969094
0.249926945160236
0.0896415222613619
0.165256704265768
0.165938478761153
0.0810246756475373
0.197898458714091
0.0783597554915553
0.127898899353032
0.12093786462406
0.204093801995212
0.294291792221888
0.125307688590311
0.12986735152373
0.119769450887462
0.218293647455601
0.137392601952405
0.122175361566277
0.090780647385826
0.15315223488693
0.233156300186909
0.146873102920824
0.0773258740716969
0.122224124987522
0.125592509560178
0.142745668718184
0.173277942462452
0.353143599525742
0.261140751426804
0.111852199629592
0.108887616650543
0.112630525637314
0.132832067475334
0.100079659189641
0.0967907594336701
0.0915935837026401
0.0791375076859352
0.112802129026511
0.130677618598455
0.173534377063598
0.0850147070260713
0.153052922860175
0.109009368353252
0.20198626664111
0.126847429221813
0.0777367485579586
0.119188989276656
0.0819008830431786
0.153906658444656
0.127907867898396
0.0918380771653474
0.120963861501914
0.244425508145452
0.299928191144659
0.197041266342607
0.0847604114064531
0.217353240942261
0.13073593949774
0.17003023964296
0.153215945164908
0.113193757794353
0.114207401278132
0.130198489430993
0.158016428590299
0.189315877627633
0.110847493819352
0.125624356752157
0.140350623983068
0.15366221979833
0.152612875540256
0.224903461793557
0.177694188393626
0.162389275223427
0.108525354493811
0.139432032283148
0.134325138524354
0.190637264795466
0.140957195602629
0.127169900746488
0.0846133217621419
0.10330400494071
0.13686408186882
0.107128767447348
0.0993520906946331
0.184302051417875
0.184078226325275
0.122162005440111
0.124577089715453
0.140957691200001
0.100110466398746
0.12497787674717
0.0964680313526954
0.100944931829629
0.171948263108513
0.168640593955034
0.156190429143493
0.113904642965928
0.104833380463109
0.114717363279084
0.162061834183099
0.135035218319521
0.1676966574062
0.138093030308718
0.266380346574195
0.126659349425099
0.146432991009324
0.212075269474722
0.189967711079878
0.220991819590713
0.152059956268414
0.160132963485872
0.110431583901823
0.145351681110542
0.130307091378145
0.155514835392857
0.14498430389956
0.158100418276837
0.23229204016142
0.113967360288951
0.199575148683407
0.144076327533976
0.222843577804959
0.123252430101255
0.155028081571553
0.109589481603615
0.13554703905644
0.185565139118966
0.276800537448703
0.108886006676831
0.169524839537239
0.23041919751379
0.108020201414305
0.197407315771771
0.165475034301302
0.215835167838363
0.122459216460566
0.111863096520259
0.258680051299811
0.215167206224827
0.175291091773737
0.182541822839101
0.0901221328988168
0.121357400105256
0.156066617369165
0.151028886097591
0.0761030339286799
0.12772998343222
0.114350710441976
0.1662801209006
0.216188135057348
0.162585308027261
0.150798296614498
0.114034592348748
0.144778042590913
0.124181249764761
0.279818251721456
0.170028810698436
0.267717129807182
0.226992842915944
0.193698426604778
0.108268322640232
0.148267115068496
0.0875690429160285
0.134897270085974
0.111355906809962
0.152165732614089
0.215678713398221
0.197146107248299
0.0930737450082119
0.173026576075422
0.124403202167042
0.15615599179519
0.10121877307968
0.0587682210711343
0.143274732204647
0.253533491832143
0.20252054735079
0.111996920920198
0.127192255497878
0.176594578299731
0.127097178279076
0.30708729067782
0.163568180758062
0.153794101272114
0.146867966091744
0.134767267430818
0.200475218427585
0.115664778836549
0.161276170964046
0.111614753569986
0.0908095169012666
0.164751072247877
0.174918554762488
0.136246036729081
0.185490670794105
0.14239625406768
0.174631692800128
0.0842710951419253
0.133452952679443
0.170905689717263
0.242896550394178
0.204255972040532
0.206121579863044
0.0960366733239909
0.102475492307906
0.157526566312445
0.173341194769776
0.174742262491174
0.0758232493661477
0.222955119252122
0.200217132654072
0.250158319918796
0.201342582435603
0.0895080434709397
0.109715959401673
0.141490448950273
0.137522804449682
0.162223431474484
0.221713322251342
0.121014609955416
0.152625328872099
0.18189014269095
0.0974369292039154
0.171504715047831
0.0811147577062415
0.184871843846421
0.215656610166792
0.212834482182665
0.262242282654526
0.145056769957157
0.134145299650529
0.153439542233204
0.0849392242802674
0.127883391958444
0.163069889509681
0.188701979404904
0.149908104384645
0.130673136979671
0.0995874921288056
0.250453732199749
0.162104094717922
0.118968850002383
0.211177657011997
0.207467944203453
0.096698123183828
0.207154568504533
0.0842721543614004
0.266997517390944
0.13360929810608
0.235992869919172
0.168436067656607
0.147362664745292
0.121625103202381
0.209309663629108
0.197179526050862
0.130491041202039
0.23496571292676
0.108620294219932
0.0886839521517385
0.145158766780359
0.165939072776804
0.137880357799183
0.0852353599602904
0.0798225796319283
0.170725750132746
0.146048653804549
0.107699549134874
0.135840095198332
0.121955164217805
0.174818635114885
0.135122683832616
0.11839690254367
0.0979860859775413
0.113153889641867
0.150120793587947
0.164414343797112
0.127121314921992
0.139653548360388
0.13751194933586
0.201656342307766
0.185621646945936
0.176822768531289
0.11817622466796
0.141195126656253
0.191866126394427
0.14151990884455
0.0708756062700639
0.133240829613614
0.133327284592793
0.0981552677764981
0.119295147017891
0.116812757784679
0.159114589445608
0.167113297670868
0.151975877955042
0.123918976380435
0.110022816464178
0.143657039745315
0.254165909322575
0.174151831059395
0.208534546490133
0.219522107499789
0.199591535199917
0.184983797264553
0.168757731145055
0.0854614498276655
0.120850325208173
0.235071834178054
0.131012237721505
0.118270749686038
0.195701571417161
0.123237763296083
0.145382303146071
0.128223587298076
0.223464317548732
0.155397483961849
0.113657497070501
0.114591674103567
0.120224070561434
0.171533392538559
0.137999538800233
0.163258146177036
0.168745319201667
0.0759784320839905
0.170192745590696
0.091930181013328
0.103427745426468
0.12434440360669
0.138413872929546
0.108255300916398
0.1352531738723
0.32432916928027
0.18797810353624
0.124216585482038
0.101122380691396
0.100796334836725
0.143534321263056
0.128174121689271
0.115786465728119
0.133083475834276
0.109815425502436
0.0893708162251508
0.171427920684221
0.21270282655229
0.179569289938767
0.165623407392826
0.178025172144367
0.0914219966372911
0.128366855078943
0.140044739391897
0.209636612760947
0.209866554742704
0.135828969295055
0.13120136569821
0.196320452566563
0.1202578986819
0.101894027631714
0.182984157934725
0.097877370335249
0.131402275822204
0.128285065070913
0.121227064164555
0.146325270708972
0.25287212152804
0.21070351044896
0.14259228409598
0.19041810868321
0.15169739558458
0.20616186455733
0.139846586014934
0.242766041421502
0.167092440351054
0.184963311561518
0.246770005648182
0.168201353934635
0.166299611912925
0.147560045999081
0.154880976016544
0.187371593122
0.0732147972449999
0.163429712052456
0.226023372245072
0.113188290037937
0.128407060224723
0.140952082033919
0.0859151244077846
0.15043185742952
0.176657812968386
0.0894240354901231
0.170111541670278
0.0929899708114758
0.171341483471468
0.23511997054899
0.150634452213484
0.10395824430749
0.229176461823255
0.254242480231492
0.174063040280593
0.174546754646221
0.12343286976989
0.163932120325608
0.154172042182242
0.165675585923786
0.166648971624648
0.0878631826030098
0.134410837402407
0.0972777582153124
0.0715775424670914
0.141185279733442
0.151270777816328
0.135880066828758
0.154489542202191
0.231661994646795
0.181348029658185
0.111001007769765
0.164992136807664
0.158337805914864
0.0698784380734662
0.131824300364617
0.164811685995128
0.185910966962865
0.130384946319464
0.0986496144737816
0.113622954248203
0.111375989102998
0.117936172873403
0.181079378913047
0.16828639190773
0.146968510130242
0.121921646021233
0.156842992476033
0.214352837711858
0.341057337783267
0.227881060923108
0.225965078129116
0.120240579168344
0.117156923004043
0.211702467484888
0.123449280500006
0.192718360079749
0.184717862813591
0.163706241955847
0.111439692291011
0.154540120364537
0.228085148692438
0.12367642877024
0.143039967619514
0.0916075368478912
0.0906489582022938
0.128426779603062
0.211239004620887
0.0984359034471365
0.0671179517372838
0.130426818196145
0.11744387689744
0.10813167188666
0.099593540732457
0.246201371699352
0.269527751217313
0.0866745026295216
0.107017352506226
0.154037081394544
0.0843904059620995
0.144149987134889
0.219817228820952
0.143621181313766
0.129091870391903
0.1560505857863
0.12802112265203
0.14346244332429
0.26497558617968
0.150317367826395
0.23193881393399
0.152229400884735
0.16641780427914
0.193379460487758
0.267746529295557
0.206317379431559
0.104236797581269
0.160545784818084
0.143690935888224
0.10700855422028
0.122130758702314
0.0833223232319622
0.120036048827222
0.129238938811165
0.143355660109477
0.128338652910999
0.122393264938417
0.112224028556967
0.0735413248464854
0.122334385384092
0.0786770389097778
0.183037933896288
0.175334895333484
0.121271072335351
0.0883541959833664
0.301989968304956
0.180183572108847
0.213048396539088
0.215877260320986
0.191843969015117
0.128196697890602
0.101179794801366
0.146118208760858
0.16740333736767
0.113584735431054
0.161959896067885
0.208774734563886
0.110833783725865
0.0973997545739786
0.141094011082115
0.139175938551788
0.143291301391988
0.0943454662753696
0.126250108052727
0.0708873340106061
0.0902719868162762
0.195230215907225
0.185406126526183
0.165290923125592
0.0998746094164269
0.165117719796174
0.139856163807149
0.236564925358829
0.206235799430174
0.129540472449039
0.153761719785346
0.131729692501413
0.116164763047315
0.0946378828627346
0.119842912807815
0.1140691049756
0.202598613803337
0.103680946959206
0.15988111623645
0.14897743692086
0.105631587027204
0.155827700028303
0.162505058438706
0.0735249716671931
0.150457699649717
0.163537817756697
0.192275928765651
0.178705535166862
0.206024761819076
0.100793699212576
0.111540853876775
0.12647489364341
0.19588278501251
0.146720927926153
0.207656411238951
0.216723247961444
0.166790404680671
0.0998565096950726
0.10062145843573
0.152812315142688
0.0818080674584096
0.0946732314659105
0.131639800688784
0.13398407396314
0.143171380669586
0.100441709170803
0.0710885418174136
0.132426524611464
0.110852281933491
0.156305971871417
0.175486665226964
0.126282317280984
0.145516552961515
0.119157193490449
0.210132694776309
0.149846295726643
0.119204975882413
0.123495977021604
0.0952733233906335
0.13275205502877
0.188389360695646
0.189128111634148
0.116067410524752
0.13799189538864
0.154886540222344
0.117380403025925
0.0804595050559114
0.150615731587622
0.134324845249453
0.10191655381472
0.251080165443321
0.0694194417155484
0.0700706318011654
0.126944952938147
0.126001425325237
0.124106183591744
0.143851952418532
0.137446579081835
0.141105778875164
0.141352413998121
0.178398781864261
0.112582053432077
0.147643129128691
0.147456030891252
0.121883115829665
0.14856124347726
0.078755709382674
0.233403381069839
0.206273217770573
0.165674255925869
0.115700685538199
0.0992881209052107
0.131646741582926
0.146318106189025
0.327354703282401
0.220612077166391
0.183584913595291
0.136984277122551
0.121135125228344
0.137469323289202
0.371006366634383
0.0773051604928151
0.108728473037287
0.116066468697427
0.0834581317674342
0.071155840058676
0.206540103041557
0.219475139280289
0.107450806290302
0.1704987010969
0.115996264584111
0.133504401453236
0.1531676423375
0.172080320965202
0.143403003546076
0.102940907871376
0.0992141462575004
0.107638708727997
0.129411032855009
0.0854104883178927
0.12750237142629
0.0937559248344762
0.143954885832899
0.126518076249935
0.128335117154439
0.113244859469357
0.202921654796076
0.093196538503734
0.0883007949303778
0.143280012799964
0.122366240886022
0.0930802770956219
0.233943397389718
0.158262893181279
0.134427826116102
0.14245335705978
0.111063037157609
0.241630348706578
0.112578565026926
0.146576026901928
0.17683261139127
0.211014270240344
0.166711789620026
0.247307849005253
0.132917211591397
0.182195822392586
0.258648387953135
0.118654055217612
0.104776670391508
0.165391531326789
0.158835848318373
0.151844181252739
0.139973843586001
0.107624547592402
0.172173389374869
0.186488305136902
0.245000226824482
0.134687586975066
0.0976098298332258
0.115334605124554
0.124382963647735
0.172797211258516
0.133661781694113
0.180997056745479
0.116770571181449
0.133913888588149
0.129711942017203
0.154422333498829
0.174200714753191
0.142367201939065
0.145642170102579
0.119771366501883
0.105242422655339
0.205711283661102
0.143275864766808
0.116481331820413
0.107570049110439
0.17816392959547
0.184479518601564
0.130635919331735
0.239526372558652
0.181114330979066
0.151262547787471
0.140187039732071
0.124844367937239
0.152719252739801
0.16111244171942
0.193814384634979
0.0924406868760251
0.194187603545863
0.170396610740079
0.0880948342000014
0.129063835005857
0.161004988776088
0.17201735870667
0.107737706401103
0.161278146094431
0.128962448406317
0.132410577228331
0.24804888450557
0.111805215204259
0.130230010262895
0.132227164196814
0.109855699329591
0.0969845372425307
0.14116400985081
0.115325043097531
0.205411618954599
0.149429430554895
0.151236693700799
0.2228762124398
0.140849776278569
0.145320461382227
0.107194772109545
0.128282784070885
0.138252687567896
0.116284366721533
0.131417369284898
0.146380655808258
0.16117572075933
0.178351685405588
0.243372610831325
0.126385998074585
0.174875773706781
0.138526375817262
0.237055930889755
0.144994084398597
0.137391520100969
0.161162639803059
0.129642563721048
0.121255435596096
0.0865013062852376
0.149885717624898
0.12023741036677
0.129606703854782
0.116315677313837
0.203633318042954
0.130507589588335
0.146440306136796
0.163016880728523
0.0848109555605805
0.1540332155065
0.0830793524088377
0.163067554526978
0.131236285615395
0.165083924145909
0.222335989314362
0.107869980789841
0.153042635917678
0.0995465355758882
0.165314040587051
0.29362265217712
0.152244873666301
0.146592213447286
0.160119349645056
0.0913253233326706
0.104991972740541
0.192758616340866
0.137687829771942
0.193977497141466
0.140801858737097
0.212968074541661
0.106363824718219
0.139241022397819
0.23810225730957
0.187794620426007
0.160971998238545
0.111040376197155
0.169537563062946
0.125328204719661
0.184864174101586
0.309166780856131
0.129285627023919
0.144496648548656
0.0940477431890219
0.125840051545348
0.253623238205714
0.0713542925621749
0.108291355196474
0.14540871948783
0.146279150826158
0.138552821078284
0.123668028346594
0.133662463482926
0.0816536540694482
0.0851234231747015
0.208515251058327
0.266779048256386
0.11753746100341
0.156760627954423
0.137729786424855
0.0711829502488908
0.0743388393737376
0.187969671933361
0.125269253181666
0.183500648865996
0.18710459984858
0.205333862563368
0.107476806261906
0.10542706315307
0.112926399625546
0.216084080025256
0.135986505807733
0.0732667947150759
0.1738910021931
0.213723234689316
0.0962689927928051
0.166713261632921
0.102589735176064
0.141203772453047
0.0752956512148977
0.192310540721421
0.262231569082872
0.106713344729253
0.0850143885874872
0.16270869720406
0.128604905332139
0.139795806144129
0.164482157565554
0.0965095211953312
0.102831233049921
0.131050319800292
0.127821924835454
0.215076769445011
0.106236291917119
0.188123019512034
0.2505165167734
0.184858968105587
0.180277802928022
0.111865385009748
0.158852981792224
0.141867230297647
0.190712556613921
0.222256633846697
0.202247447105941
0.177785355537301
0.240597404391241
0.137280222449395
0.126352153880373
0.184340601508019
0.157849214074849
0.117183795573955
0.105415070926666
0.163464706267625
0.133416629628529
0.147663901712863
0.159983969453376
0.123576698302662
0.121497049968029
0.144551993489952
0.194175541926427
0.230307381164194
0.138472407216485
0.18676259117383
0.14950620974806
0.0676899858500315
0.0961150021955766
0.146726591117246
0.133926197899557
0.0633386107146277
0.132204423604939
0.17953284269884
0.110244231425433
0.142375242401017
0.150909872835477
0.137798728172971
0.186721868558179
0.172498903121024
0.105877852632474
0.168308392505095
0.242893690464865
0.102167180842492
0.103201228803905
0.0949104612144759
0.113512168521012
0.170950762162236
0.236427722862393
0.108510871328743
0.0636141343972165
0.17307915137036
0.194613161351253
0.172385080113952
0.207465319450408
0.254553226350717
0.15643395680515
0.198419461837579
0.23480204742379
0.167886945146882
0.14654936954871
0.203358851931181
0.176191094065384
0.113741432335106
0.17423928982661
0.112802450317485
0.203734389072815
0.176342217676277
0.152806888638985
0.21752708515221
0.124056597133905
0.168492423980438
0.144983616218243
0.0832468096061216
0.217275204102012
0.162894013933786
0.144840075386618
0.233611252493034
0.140819374921482
0.151576884041884
0.146281606752814
0.223387852282251
0.119582938776408
0.173396857262198
0.118450247939806
0.142598368402153
0.124602433622007
0.152705742338651
0.179468157773665
0.161078471719485
0.105618902159607
0.126325847228815
0.104395098248841
0.135731592648856
0.119550680016043
0.128025132912549
0.0901792036656092
0.16388403164613
0.168616172190604
0.112805314014135
0.131956124681048
0.209349439687425
0.16603187844092
0.169467274125223
0.129794720352275
0.135180550361028
0.123309237296325
0.271285869843464
0.173126845983987
0.12518799460917
0.27338118633646
0.208975855911366
0.217287552727087
0.153522626388707
0.16107515472505
0.109654212054533
0.0655510136004279
0.108016558045537
0.13852768429883
0.102213486893477
0.176539602652303
0.102666602078853
0.233114517315306
0.0856542924858252
0.138460967038741
0.20789739564176
0.120168826817356
0.0693019084233913
0.15915646188126
0.132989943426145
0.130262031884742
0.105975409406364
0.134295402566073
0.164461898558897
0.0842111354064192
0.1299065833163
0.231739198495284
0.123379558463266
0.118303072486184
0.130501223336186
0.156972519863807
0.294982638825517
0.302547856533637
0.148166561386412
0.188897374974397
0.134704819024473
0.162931126116127
0.162822010837206
0.248231524958055
0.229680736187954
0.212586355423451
0.163669087655266
0.279795157085674
0.150030347820602
0.187959400872674
0.132201614777018
0.138333516965923
0.117814773720341
0.129266807216605
0.18651370085631
0.18188065431588
0.156395541944097
0.161058161704945
0.241460582421709
0.174927061572846
0.198306100924079
0.137246805918013
0.196392082544319
0.151755232716505
0.138814713141383
0.127592492077925
0.121308820501526
0.153972355293624
0.129997981955163
0.0949001990896855
0.176345356706959
0.231334891554162
0.102035443519594
0.159926684048474
0.100347052751253
0.138932452254744
0.131742501625797
0.173776939280035
0.144453589785146
0.159690327096072
0.10964061544753
0.146858358205048
0.204835678163547
0.0733168318316635
0.102027922270985
0.073579694475169
0.268898371370609
0.265065813622197
0.166450730064144
0.198684784358434
0.114338633039557
0.116798348336651
0.102329459773863
0.109263649072752
0.129920484139988
0.229463747022758
0.220393767487274
0.118972099086468
0.133692647300288
0.122628212536319
0.120008129854334
0.149508558025008
0.114116510874863
0.155272593718475
0.15351081812172
0.128776147284947
0.122545931236605
0.133476154727841
0.117854827641582
0.283421119321708
0.172258652688927
0.230550577164881
0.13119767435071
0.235896571839436
0.160145410505609
0.222177756298288
0.161134804662422
0.166630690329908
0.130473190413885
0.0686105715161339
0.115498262808726
0.255572923471206
0.113607447666175
0.223708651959079
0.223423791709666
0.12336333837808
0.118650984550131
0.169464165494208
0.125908745617692
0.159350494611915
0.211592024425626
0.194702500457045
0.134279235884609
0.173744359828992
0.168863794957207
0.148305306280416
0.210656026398837
0.124439776368015
0.0871957963874802
0.22663017501067
0.0934010450802751
0.151667024785712
0.096460208929292
0.0987011796548511
0.288132242146217
0.130145474834703
0.227250924272428
0.176674532652105
0.118261921213347
0.137433098073336
0.109115458409539
0.0834308452474398
0.138202275183012
0.145176177864701
0.138902196079421
0.161474966766591
0.153134723917937
0.235753926711775
0.12977321351315
0.309014700775882
0.168672149788233
0.14997350871881
0.159617400372645
0.188201688985894
0.0988166753987033
0.108817789533627
0.135047219107626
0.104183249906106
0.145951096990705
0.224835412733872
0.166947982186926
0.152730328114931
0.111344837702227
0.214910033145952
0.156558425545043
0.105693776894249
0.107573031151246
0.221988736799427
0.158180570658262
0.196296396591039
0.125429423622258
0.257616790373328
0.156216222655119
0.157805850630223
0.138837356541903
0.135884712179539
0.146207356030077
0.159144355702243
0.0751126690803471
0.198993632055231
0.184789626316078
0.132724842737241
0.143044759685773
0.17665694597793
0.114505776311621
0.178852426162632
0.109497202482029
0.112871205481591
0.0813468672213066
0.237395138404656
0.0821159701136705
0.0956543976088007
0.176261628730932
0.224555846639144
0.152277482090935
0.152712822569897
0.155768687851618
0.0606121297692255
0.105994949660027
0.172231474376825
0.141632149600255
0.0901323532281476
0.146849807111819
0.143134916539341
0.103818262321283
0.0952557530731935
0.206025278554212
0.105365806723761
0.159462234537442
0.1391285433926
0.0961931557818548
0.195225067675259
0.181631261161578
0.124204607900631
0.171187331523971
0.11336571977908
0.180434393540046
0.121104811876135
0.110166498063068
0.185218364124801
0.104158153284623
0.145816609094613
0.0898842233956431
0.163861126284061
0.228009535620696
0.162152737280083
0.1327735805624
0.189594595031085
0.153102915318027
0.251479158982135
0.139260216658645
0.142619173923202
0.161849510687542
0.15231465777305
0.17189723303574
0.185216730294789
0.146213421383084
0.0980693092309457
0.123456181429219
0.111268183099311
0.202133829579794
0.19947832597242
0.258049320500769
0.0765370308651345
0.237458531974492
0.124659451077521
0.102345308964189
0.125911937616126
0.131167530419294
0.197240601707688
0.199879036604741
0.108571052699056
0.114720504954732
0.163834014710575
0.16028823646779
0.0841531187855332
0.223922842397652
0.118193637266755
0.179322233791301
0.179956492995094
0.10238365188454
0.105548970864978
0.151083362815124
0.107550387594807
0.103997685291641
0.159169008465331
0.23668223726717
0.136412319302832
0.288346155235379
0.164084003934711
0.140805598354716
0.108851170064888
0.0752297380379717
0.0748625643850998
0.195411263726125
0.110295715734475
0.108333924063548
0.167731776875975
0.206343987961926
0.174441462395576
0.199269169794516
0.119684637483608
0.116415280028476
0.121164758772211
0.12280964459212
0.1263037939617
0.177786934342471
0.189905782529364
0.167714211937798
0.201170939292808
0.228939897947571
0.155085742475868
0.184790867948934
0.129888103853852
0.132118069673282
0.18347846588798
0.117702583122801
0.167951349894142
0.105673661700969
0.200841721869029
0.276300763399013
0.165370978153925
0.165963277364797
0.194256160603702
0.103501559108581
0.200229747428577
0.154591346415701
0.134926638357779
0.259504634813991
0.172815095968816
0.128540562083404
0.141175815703837
0.147994640873039
0.139703546788058
0.139931944882051
0.107484804969403
0.141329013178541
0.150291258451769
0.109157337262717
0.0961596418000839
0.234765367131359
0.171388182958678
0.208217394424988
0.309008784175506
0.431655845349461
0.204876845990509
0.133197610013388
0.172945328629396
0.152611781639112
0.254158363523351
0.135962780274705
0.105980417471747
0.176747871212023
0.166592136584995
0.178232270671548
0.0798121137568519
0.139260216510377
0.090856249826111
0.190606072193171
0.200732753242446
0.0930163921479115
0.129190537228597
0.224828482908442
0.103289277407219
0.135313211889189
0.214897822679112
0.132113800946625
0.0970823462963376
0.120634513090832
0.119323821015739
0.165641707625933
0.183859786690418
0.122843331385096
0.0869042885030942
0.0717295647451129
0.0917517265730605
0.0828434053806359
0.186875392598887
0.0960848754765797
0.234510704949938
0.193627621619553
0.16932071598547
0.22083317895893
0.17658482319393
0.212573806967578
0.209939940925717
0.163087129363739
0.141824140809132
0.181868246184994
0.133130141479506
0.148099708676328
0.102470529763518
0.147294452669154
0.114927288783059
0.185746799468585
0.117357674776047
0.0771937868900961
0.0776129390051735
0.285240298221776
0.192765497748292
0.103726210097548
0.0805328997108162
0.233083236034495
0.193266180933557
0.0971728264797644
0.116948896286956
0.163572809543634
0.139234287870928
0.19944249682364
0.082042700472632
0.0780519462877332
0.197111417933457
0.0961286542661579
0.126507799166878
0.203982857334479
0.283247437710305
0.155659280319249
0.19439818439395
0.200466485864507
0.143783768588723
0.0868545052520399
0.0923801064931455
0.132380193644984
0.19234977790371
0.195556941809224
0.23208593035396
0.105999353002862
0.160059777485981
0.113616769456836
0.272014505841807
0.128598453745688
0.207402798551947
0.10247148233159
0.262321438174564
0.127042173364214
0.236641155380414
0.126390841635406
0.120061744871076
0.152790796280591
0.113177993246244
0.139696604142091
0.111165411409713
0.135945495447861
0.095633022029791
0.150753796086603
0.0984817701206632
0.171712555966334
0.178692439996062
0.183505994426274
0.188989877896628
0.23516064733688
0.106394919460147
0.130554573313113
0.112883346252706
0.149086623387574
0.180409523667872
0.10107887594716
0.138200484868119
0.0961079720949359
0.178446421274636
0.173165752718514
0.0683715762717722
0.0832984238599793
0.115315256693446
0.152846744620796
0.125744888812547
0.10971483454549
0.168070672953927
0.139830902816458
0.205897052551149
0.152395203626464
0.140805221254306
0.107155640508978
0.11233274360162
0.120928383885839
0.127317545208954
0.0791989348693943
0.163316549282414
0.107194052733642
0.15502132388767
0.206435482650942
0.190178206814983
0.250635515399343
0.172765267888088
0.166893804073559
0.236864339523391
0.230657626265827
0.152542027088481
0.156067317907284
0.173241854233914
0.213746272259336
0.126421122697263
0.181925317814429
0.153067009136092
0.102547456106148
0.268182205235095
0.124811807108072
0.116699939686919
0.195433195767721
0.229834463175085
0.120575282914607
0.202398878192901
0.191015553927375
0.0877452445507083
0.166903761043314
0.125566703235315
0.170161623973381
0.14431462143707
0.149308040763262
0.105786886794419
0.12849052355118
0.0754817522109305
0.0927422288255036
0.17102400135643
0.247692349718583
0.135733116440128
0.209373844561732
0.0775119602998143
0.123911288735418
0.137409211347993
0.210806838008512
0.0912931578821184
0.120533626120512
0.130468411428419
0.183622863458272
0.20796727501443
0.158990185927832
0.0935241093332823
0.132297459544484
0.133448103867437
0.103317450891764
0.118470097538284
0.139800752065881
0.168577186350357
0.105587079233897
0.188246154060322
0.197642021438598
0.186403936290278
0.141817300868462
0.149112523448577
0.163432721716104
0.125440128599247
0.227505899396129
0.120023051795511
0.162226609996586
0.0970281906295582
0.263441762927839
0.134462953719782
0.12530354039868
0.182185978660603
0.145941129487172
0.117927274149587
0.196477946559367
0.127313510592637
0.202042140650335
0.178061571107257
0.146010557859725
0.143000423393271
0.1659238469724
0.0879209275741146
0.276372489099626
0.105852190822321
0.164711625622789
0.0972850730130109
0.143136511739618
0.194285892131599
0.143756133582427
0.178089547476615
0.157434379621279
0.186121989101024
0.171821688676106
0.107007416036921
0.148421177071663
0.176953001649309
0.152282125784537
0.115608154271828
0.125855579156695
0.137273414816656
0.214214929923833
0.0946333851932711
0.233433984714222
0.123689990894132
0.113367463552326
0.196432844262359
0.204737974397796
0.229153843290179
0.237987314186655
0.156590325196876
0.11551735086763
0.247786720887776
0.14509854532037
0.115562260258645
0.198646915859225
0.0818290077917951
0.232104875344455
0.151125536079212
0.104219164119856
0.168190373947361
0.112232386373433
0.210204815991927
0.157911534451564
0.0939786645608382
0.166920908666644
0.157563121120916
0.110714071574166
0.163111055718097
0.186902623352147
0.131491157298507
0.188309300256153
0.120983632729276
0.0731029684236356
0.129291091650417
0.154265055352844
0.152485975037914
0.184421789627401
0.110861762393099
0.203174458620831
0.155281636642866
0.105187166657154
0.13285960972105
0.0889991193695007
0.143173068798935
0.233141584987097
0.102276639051772
0.131856583330113
0.143673140702298
0.120523119391842
0.140514752883031
0.183795839401072
0.171215026011106
0.205059239787239
0.1137490670688
0.116203675802902
0.148776866019876
0.118211675804008
0.149722496457497
0.146408217138473
0.152978995425227
0.231297634726097
0.124419449220444
0.0901606144371068
0.140827726824806
0.113063153576575
0.202368066045937
0.154260097580197
0.153019878065713
0.159859794705975
0.178001346561789
0.1964740858726
0.110578764655269
0.202270282373493
0.181946009722891
0.149721717799715
0.201005715263399
0.12567905844736
0.14348531878159
0.112697660121239
0.196181750437389
0.213496559816521
0.124775130649847
0.10400173822221
0.103162623103227
0.139603770461446
0.193011257146198
0.10954389566411
0.151535631404037
0.133779532844547
0.0937362303893243
0.125166989700164
0.145769336651759
0.184492534133537
0.123320235888417
0.107580383631485
0.105632489529111
0.0711480944276572
0.092253327189266
0.169885359482983
0.130989196271661
0.185850206517627
0.144514246506707
0.10987048374706
0.171455061516698
0.0954231989619576
0.17755407302866
0.128151968842978
0.234875114709007
0.151794592966956
0.144233733919736
0.0784462188696205
0.0670119770352882
0.0947167015942092
0.175612824438948
0.179282354559101
0.0676495250171586
0.124339993419097
0.156054219103691
0.151704360440517
0.266097958832271
0.129644289099207
0.084346051520465
0.183293897339903
0.0962118067655582
0.0622979746772959
0.137426356797175
0.102313269450269
0.179258521663642
0.273558339161646
0.276661614174854
0.096906905260307
0.0746627949354655
0.109023407966679
0.119880245677066
0.161947170290329
0.110440376973691
0.179743473509781
0.214892264115026
0.068996750397267
0.1003398750661
0.0899275315937805
0.107202338299697
0.168346979503207
0.102258739171417
0.156126904423566
0.0969484863414587
0.0852425072562445
0.200552783050406
0.178935813296626
0.116899561801407
0.203390750071076
0.123218908765835
0.13873637294489
0.131353071734611
0.0819970491094174
0.100608757720945
0.111625142030621
0.177012728949709
0.16624489624818
0.125141739998413
0.105810718831372
0.27856123539263
0.115374990119028
0.201340838032805
0.13948041199221
0.186332482199765
0.106137011829299
0.161324470909066
0.0637174709741619
0.113791849791902
0.235648604264912
0.134748331520008
0.152862357483333
0.161769236500719
0.146376905206995
0.102167891624435
0.141989120601466
0.135428071846482
0.151100918304865
0.200861640206817
0.146036259303088
0.193605123232039
0.0958045242597477
0.200233757329085
0.168640925017026
0.0842091722376307
0.135533835247272
0.12428656269314
0.117118417837956
0.179643681350875
0.114847033321494
0.159669344588491
0.135000195141783
0.232641421522968
0.111720541621397
0.179147100391021
0.0983695708645704
0.16945319154355
0.119264122575915
0.131587438860333
0.141936846046387
0.10854618007322
0.0886570062257109
0.235995488309408
0.132390017487787
0.106928562484906
0.162258332728516
0.123552600122208
0.102187207946271
0.312341272655904
0.183501081598481
0.135336178302228
0.0748442822344477
0.165931003458646
0.084621452878839
0.0698482986396945
0.142580781663173
0.267962432725802
0.111988196101111
0.0964922825846282
0.0934726143821795
0.140150493877531
0.0701798357965873
0.178281777189872
0.126399710603003
0.106974133000689
0.107068036712929
0.17242196537449
0.0677395233012876
0.183309561400196
0.149901185342817
0.107367945824427
0.115696992061268
0.156336651241561
0.122678643011282
0.128993559181422
0.172355881553803
0.166952692510809
0.215681544975142
0.148298882073098
0.204712510681316
0.0969493126777428
0.164642352383762
0.172238675227887
0.232875510043435
0.155770884190325
0.146077952430117
0.0929487934504251
0.155341481123098
0.149802423889351
0.137025294579943
0.167080795653938
0.173685367839753
0.0999767716819632
0.207612182953314
0.200075271152578
0.190998488560246
0.0788320900149976
0.120248139881248
0.108228636860762
0.113058784616699
0.0858299957153275
0.130173969820967
0.112578062459024
0.143470159599188
0.173763962403927
0.270185867955438
0.115885438823908
0.0790529088847191
0.122027840999524
0.13256317303707
0.141409090788304
0.166046092268526
0.13088813400536
0.217076991650477
0.111368098253632
0.13716026238692
0.14977467387873
0.0759849963746732
0.152409284908096
0.149692995754644
0.0956880918053664
0.090157541578948
0.179050022998355
0.119213819276132
0.214756336959754
0.176849143016027
0.165001542355604
0.1364392248207
0.201617698671654
0.118718516311185
0.122953116975441
0.12404329652722
0.114192525825272
0.151008852002903
0.130671348129247
0.0749580413731479
0.0823594996877134
0.157100125084621
0.160912382904121
0.0949240126056701
0.0646279544130327
0.119683904922432
0.123508546159279
0.152637288381165
0.0953750548849208
0.135497572540493
0.16943811539747
0.14749973807041
0.139553016708519
0.1057791011431
0.192708725230791
0.0797830357284973
0.157038976294687
0.104433375597635
0.109122385601809
0.157089403405783
0.228231847216427
0.136125418182357
0.181936460691808
0.13241276735265
0.110890962335282
0.114985046963449
0.188791114748428
0.0991656045498131
0.142454949041116
0.135164852839131
0.0662161664432919
0.121698571451314
0.137294387225065
0.125346452448824
0.136955623553376
0.139100697833922
0.102172933389441
0.114356082237042
0.0881004436622929
0.125048181680912
0.110440915408487
0.143656127329674
0.117083425431514
0.17116714999125
0.122835493438203
0.0992281953866831
0.157367589623557
0.179721575502242
0.177963286920226
0.134036716889452
0.149360929665484
0.124719723039655
0.128152278997073
0.156630863861062
0.152552334240241
0.114799862173057
0.102269587342058
0.116549422713438
0.0830665750187812
0.222467971394558
0.160051658433473
0.16190676134948
0.206107610546311
0.0832007854139137
0.152379546948565
0.0991580570319989
0.153531846738231
0.0690461600317035
0.18958742453371
0.0928858024373852
0.143903304851927
0.13753931440681
0.129421268330624
0.246996258275906
0.149411012740488
0.148084550222791
0.165361900981758
0.208877109769761
0.130429581859068
0.101494559420852
0.186995369828687
0.11807018025644
0.202142723326203
0.110373754855885
0.124413599588979
0.185561468484263
0.120340728776906
0.114819746993488
0.0832884721186876
0.0817910955329672
0.145456939833421
0.106702897675947
0.116680376579333
0.121865811457109
0.215589475793291
0.16549115166869
0.0904231841220915
0.113157121506209
0.132485682023511
0.149212859742729
0.125725040589467
0.102747887238179
0.215397072233921
0.178308169956524
0.158827014850837
0.238157350967061
0.0845025925779854
0.117511632994183
0.266470251100484
0.195877080896766
0.115703776307666
0.0814750486465716
0.131477289835152
0.297046390926997
0.249820744216317
0.0661392182852703
0.129660752211014
0.118085725509358
0.143008595154856
0.211901118591817
0.145757096629409
0.0892295996727243
0.253945439806379
0.134195284338357
0.0848878121048201
0.226549644582113
0.125342611731505
0.0765091275922769
0.174559712812754
0.272252342878806
0.105565694966716
0.218408800239923
0.190243799745141
0.188807344293317
