0.17
0.178549761327387
0.20004393192343
0.0911388294963339
0.100337349401024
0.317216661061891
0.0808626899049058
0.0763735558478798
0.0867547631019205
0.0822174839074554
0.116762802712972
0.139166342814483
0.118137993522042
0.131213505103357
0.114683294044303
0.133658370228587
0.124608212899576
0.0667675332207844
0.0763889020219516
0.106135688989195
0.131338562939883
0.297758935074566
0.156874430331238
0.123002911554577
0.0637645768402124
0.067964454700436
0.0882937873326392
0.100605522348146
0.105729971812475
0.0781570109914436
0.0585550948433895
0.0976495610190779
0.0781435143566953
0.0737274616244206
0.137272706582619
0.116441011069523
0.0993946084145806
0.137633574393155
0.104161487096166
0.0691564897100175
0.0798758302558141
0.0999199258931047
0.086824655280691
0.132107926158947
0.200378363836419
0.0985994705170406
0.175881716750513
0.176625183575854
0.143651158957085
0.100608760690407
0.0832790718520604
0.0975017163699617
0.134499295824284
0.249613657338939
0.141632615478588
0.125563226614264
0.135555377547585
0.144649363307226
0.0875296565026006
0.117016733761684
0.163360240574054
0.190102409394076
0.164064673575233
0.139381700169516
0.199623518856824
0.268286376225933
0.115399090561298
0.0971288432747648
0.16214069524275
0.118429992381617
0.148011827497465
0.0574861266163872
0.0747026539123948
0.082118323134786
0.102293901090282
0.0977273363775588
0.144345730238037
0.131732241950435
0.140307298772121
0.187094937432358
0.111844278863663
0.122563804059541
0.196092523018784
0.270580533168925
0.114450423473132
0.299673944630811
0.13042432822171
0.190357504624387
0.0977707503883999
0.0878079595481105
0.159039989530322
0.108229591937966
0.112492277034957
0.11822918042159
0.200735343657064
0.136149434750814
0.108806747381924
0.0882193407296704
0.10924164770723
0.231262402021968
0.129720433305982
0.14394962368698
0.122400363736431
0.135024032464032
0.147390336596105
0.13180597313444
0.121743320435049
0.216548367935291
0.0770274518887265
0.159251905517701
0.0885197789704295
0.121909761110119
0.140024425981101
0.210599921267041
0.159327087532689
0.210476315486762
0.0779197166689389
0.103895684241095
0.149573674561419
0.0928234922832822
0.0767838622789967
0.168895492964726
0.0904961984222965
0.0833562061074774
0.199513637241982
0.0918089965575895
0.102300173571174
0.132973691882038
0.217738709938016
0.128000893931065
0.116643975614085
0.0854076700245317
0.130033141531207
0.111972076659859
0.120827997027528
0.0772634672729551
0.19664959003875
0.080483501644805
0.162881057144389
0.147013807072071
0.0770826634564866
0.140161415105085
0.154943554216226
0.0596226636963208
0.070997010212948
0.0690373713506066
0.116503123125111
0.183167311912886
0.160298472038458
0.262742070351643
0.123169843095064
0.111054180851243
0.0901861772607272
0.107529415120714
0.115137240400887
0.130565196213777
0.224956388121543
0.141486383761666
0.0606795244027838
0.0634041866747052
0.0940948238784157
0.0810909861463688
0.221358878808665
0.0940263444530305
0.196815697578192
0.126417892112673
0.169725882451125
0.136965538404209
0.164071720776918
0.0945971027942182
0.184416433306365
0.0854427841428608
0.102290080384345
0.070491624660662
0.0650284727373762
0.139874910376125
0.131290419560941
0.213338498834462
0.0664272738590347
0.126339700951258
0.106617526508765
0.19454157469021
0.0839634888019284
0.0650316142863699
0.0748513686217922
0.128138744444154
0.068616029492944
0.150217632953866
0.147364692248258
0.105824975277123
0.112616084475569
0.0909935692302112
0.25146973492685
0.0910412152582669
0.126922284375978
0.0625725092109041
0.0708766664228141
0.214613811991652
0.175723810532476
0.120407372018941
0.144816818890283
0.0820140775341993
0.196151583574477
0.0909030561442715
0.139858998151195
0.172815121691475
0.141846541770367
0.181615774064667
0.128762395510896
0.135336947453184
0.0911132970582879
0.0764845477448485
0.0799492017237215
0.150930668800198
0.101580097595363
0.171631070080562
0.146719587695523
0.0844521929242774
0.261881790793368
0.130137197223537
0.190908092097085
0.119221355845417
0.248836512456593
0.143490424518443
0.0916700198892806
0.124589493783538
0.0823229431227284
0.145053650565379
0.288282094644338
0.133215220373238
0.13269415725115
0.0963084619927594
0.165058273440906
0.0872825893002657
0.0988572365773677
0.117766613101959
0.145569336194547
0.24601048836827
0.119204379192928
0.0786361864164178
0.101007541532934
0.122845557162469
0.140731680873684
0.0956618535445966
0.0806624271277802
0.0632588190739309
0.173291448880763
0.0949293670883012
0.218782015655708
0.101245283317106
0.143129308137034
0.0722847333194622
0.0885258586175674
0.112764708638746
0.122533333655119
0.15246562738967
0.069639806599756
0.0770275346916049
0.0954841615084791
0.0923776182556406
0.152381396721419
0.121228893789263
0.114611421638172
0.218222029097693
0.127020820162853
0.120791552980784
0.0919383098617439
0.0980637834401621
0.098909896640173
0.0860153410750208
0.0933923516164562
0.0778817023814942
0.167907743229458
0.171433488259546
0.0942097222625728
0.123395006947626
0.157727564815644
0.102146465511391
0.0786569078164305
0.0867186820868659
0.122699550625915
0.151149531369505
0.123897023452456
0.0668820125669463
0.236106158080088
0.111583463664265
0.110942653578584
0.12994928509693
0.268495564615424
0.0908756217641117
0.0916903298334499
0.0927859291534686
0.0701399230832796
0.0873045738602347
0.0991613797815545
0.0920559629329426
0.155093152300488
0.103194971826194
0.11285480208703
0.104534741078102
0.11459557629286
0.08503378089596
0.0732339161105704
0.0762169562042871
0.0986356404437292
0.179966676242229
0.0991653269097737
0.0884089755190392
0.113083614204065
0.124519771015147
0.0740183697168575
0.116505551689171
0.127936842693223
0.0802172292661977
0.110461426102263
0.0701323463122822
0.231159664957567
0.159836144625404
0.0873966248518404
0.0756344920186726
0.13616843164349
0.0973147632692234
0.0930992322147014
0.0972982101111881
0.151505038356793
0.148732037833808
0.117114386308734
0.0750822956767057
0.123207171665718
0.137420595813615
0.157593646842197
0.124391680656649
0.0959051583941681
0.155090685569528
0.114607735773049
0.13805413650086
0.189417382984614
0.180351903043233
0.0920866296674268
0.0802366229594019
0.215439161538365
0.106345694590401
0.153874569158477
0.142397613923502
0.119954890007019
0.178842426008882
0.283762366779957
0.116772006524183
0.106451599839383
0.193257376901238
0.0723089296074448
0.0805045545456513
0.0814859182040484
0.10024507449011
0.088980440603051
0.0955259241166717
0.0901558842949039
0.111002835206324
0.118258259657925
0.0824514672205752
0.173698230457884
0.0869655512866807
0.107884906850488
0.254787974350657
0.157500012993632
0.10455306189256
0.0739441592930536
0.12307732809561
0.174978860941106
0.0902498133998557
0.123309578081153
0.103898010780862
0.0746160048954237
0.0896555886052594
0.0839544206408608
0.0734321891469187
0.0674522521860898
0.147436673069849
0.1712017401568
0.108327797700722
0.117409784014777
0.188608561987711
0.198702655975921
0.107667064369231
0.157917799281295
0.0802191917365618
0.12875141278549
0.106962668108369
0.157227796141933
0.110032154357191
0.123915838594307
0.0902297827024182
0.131863102386431
0.119571516748906
0.206986500569752
0.143936110084649
0.111172764407991
0.117983711637346
0.180519784125941
0.101261558187089
0.0624403464797247
0.073879226246416
0.146520995148487
0.20892091409498
0.197024604582189
0.151650486281989
0.108694030820278
0.0628547064096561
0.134607153085926
0.100894025868122
0.0954665615300444
0.104806129293782
0.150305863747158
0.144125763317241
0.116839255987644
0.119794745660243
0.113197452152458
0.0865819273315754
0.224114902509361
0.138872048156516
0.177894155734225
0.207176162155744
0.104171244514182
0.0747134864172661
0.0800818579473462
0.0937509634635181
0.196892194255349
0.117386715958202
0.217734280167464
0.150724465529881
0.128865403051623
0.30173422618301
0.157032268302541
0.121056844434179
0.107208581455643
0.0738058971568181
0.0577606486274957
0.0969494912282915
0.114741192035986
0.121744963788036
0.108352134130163
0.111437340348895
0.109583283136186
0.129544578537157
0.169272304812693
0.118542090976927
0.204538850439617
0.123831070502008
0.107513920414069
0.0920606636501113
0.0918692659096016
0.0644987621585142
0.0658217172415081
0.120313237695511
0.0887227726686095
0.107042058301173
0.132992992602606
0.238963494390953
0.140919365200882
0.136195442313236
0.208750792823518
0.0757476471028458
0.169560398723195
0.112980796911564
0.101648012190752
0.150150893695605
0.143293550343705
0.19370584623486
0.209273673413039
0.105400486627914
0.0664140351919054
0.338385085142937
0.103074923252377
0.0694005515256924
0.237038563296559
0.0981171480056963
0.0749713816433428
0.115258732045687
0.0838927592159745
0.221613706012217
0.134976186547665
0.0983150142385269
0.125285901530216
0.273260470066833
0.233385477102771
0.157032902396762
0.162159621439936
0.110905787756265
0.0943628326981043
0.162370981542994
0.127206749667685
0.122502765233489
0.132919259564289
0.126733951955036
0.0812156833455768
0.107526831256465
0.125132811788802
0.118913918708278
0.173752207432979
0.12610988736332
0.122344341957777
0.10024038473425
0.104859494029319
0.099792008063181
0.0915607213940652
0.122277071088697
0.27591176803513
0.0675420132406036
0.16968660692454
0.236608081661821
0.129509808937353
0.130131861196765
0.146489776422882
0.111198644258077
0.110876214649599
0.0582267435970943
0.0935855934102285
0.109359986561456
0.287552420040204
0.0941166622247886
0.0910654942865624
0.0846697294726138
0.105613123386084
0.0989151112428527
0.13943806484956
0.0731178995493297
0.0577336296748955
0.0773334987023181
0.0914844293709013
0.113550038728676
0.0924195747416978
0.110927386078748
0.188091669848757
0.281698304500874
0.190972445877219
0.0994080045693787
0.158109984997069
0.0786469915325719
0.173503395177433
0.229256700216459
0.0769473506675645
0.15796125179704
0.0966271616243758
0.132723677640155
0.076710906232913
0.168041257993412
0.0942938215660194
0.183944560405684
0.185742976996116
0.118328098742768
0.100417200325497
0.127827971536051
0.158727081719657
0.0705552761556201
0.115165906392166
0.126904256476976
0.22630324706357
0.101525072914742
0.179548647421775
0.100721851734444
0.176432569367228
0.255620673810375
0.111551782800825
0.135586961756848
0.170806389138481
0.110414614789226
0.136437636418234
0.102464220111237
0.103649933146074
0.0793390489905096
0.156396724320078
0.208917673237476
0.110051130576395
0.113448342178308
0.150187195946501
0.086081888647274
0.132890114629295
0.0585902561293007
0.110585251264782
0.0773329723198582
0.076520747244565
0.126462481115088
0.158187114829051
0.113154291624265
0.105532044834499
0.136301709940746
0.115677331170578
0.0682693258472443
0.139678071951744
0.0971089200508534
0.0695121032015715
0.083408135932973
0.111858810612395
0.129501242716025
0.141172300655538
0.0973281589187679
0.097304387005412
0.179219853368862
0.0703907598728068
0.0923811719946599
0.174721518421729
0.0897856111223055
0.0638303889752518
0.0990735413950898
0.128102480263935
0.0979794042500424
0.114867663402447
0.0704231398362659
0.0599615838150109
0.153179337504406
0.0814320151864197
0.0981740707886479
0.0907205886305569
0.12640812295346
0.110290902325042
0.108665722588985
0.0749478632003085
0.125832784725594
0.0695201445142284
0.106734491215097
0.14250219953391
0.120685024850111
0.082738306129253
0.210941954797895
0.098814172647413
0.162270144349764
0.231526771603639
0.0682758236504177
0.0986558183235358
0.107159538019013
0.108252038937248
0.0748664736696871
0.0907149248492602
0.163545935820638
0.156541287105031
0.0776786480414319
0.0894067363919805
0.119493889562041
0.0694834884865124
0.1844064962641
0.0768530284502715
0.0607391890848584
0.0645540810800517
0.089972527426475
0.10936502490731
0.170438872233595
0.242422042009833
0.136051068198883
0.159118638304715
0.154371318873684
0.137648238016544
0.0936812328024583
0.126319014945314
0.119845522204494
0.158943059937094
0.101606691872239
0.0616885463802393
0.119458085676956
0.0811245558847614
0.197674652215973
0.153268893362353
0.119491973570592
0.130490562633617
0.0899664625940908
0.0951592347742811
0.068866522270637
0.129429230795585
0.116964474660299
0.0955002350973162
0.155042678421853
0.140499779416123
0.0751952995092735
0.103718200032674
0.132669612678368
0.0723339299688036
0.0781317956463379
0.158453482848038
0.205369153276468
0.102605139705731
0.103003444904535
0.0796877423024616
0.105720946362079
0.14487024398188
0.0973834788482091
0.168892081749324
0.192733103421314
0.104348781984334
0.0795308730881063
0.100124872668373
0.074627331716579
0.193841335445976
0.201301155984067
0.114191647940597
0.119645547740436
0.144701556330142
0.0990089187577113
0.12995718447501
0.12338430928853
0.181209743374992
0.168682426218565
0.168009516394515
0.079251344594015
0.175420162319896
0.148424779605399
0.0946690056467095
0.119300944115993
0.1285823296552
0.125014496806161
0.165182406354909
0.13330371885996
0.0822180044517253
0.231731722697702
0.0899039376854328
0.157637847701066
0.15535901201142
0.204873764257871
0.209226601543974
0.246971005352188
0.0950189159403687
0.0879028639945189
0.154008336886995
0.10882115577282
0.139633739002763
0.0873441245424401
0.0947520643444754
0.140212128965173
0.0757536952370469
0.214249825200991
0.121318936826946
0.108426216621646
0.111327805767145
0.0847059772376788
0.215824839628864
0.11750519655357
0.0865000115386014
0.129379304420787
0.0800301834865201
0.0862173372821925
0.111374364559655
0.217457575706816
0.0910933926290081
0.0931461365413488
0.0817805251171146
0.270695271856187
0.285800544666968
0.0627126502728911
0.144436883667215
0.114888069823626
0.107809175960383
0.115526726676495
0.0849173140438247
0.112074736316671
0.197429591854856
0.0856421956191763
0.110440076685233
0.129332137910599
0.240589382069797
0.0933588500909165
0.134125641329477
0.0956289634439683
0.119259850057075
0.174433698953272
0.165961044632486
0.110569602979291
0.176253381902293
0.101932161048156
0.141853213628508
0.145716149873372
0.133674511828901
0.100136203551605
0.128147312956261
0.236664282510536
0.0988244198986363
0.109608574222853
0.129544380987275
0.142475884657553
0.0750369338257552
0.0719863975508854
0.0751495427219289
0.231667578102847
0.104380353540556
0.107770057211792
0.097991660855517
0.0808817404946559
0.152262550047121
0.14566021868423
0.191350362267311
0.105448325038215
0.135227238062856
0.0827111952993395
0.122949549456875
0.10427298475824
0.122185056532971
0.0952565576548355
0.0627305034569348
0.180624467082523
0.107247418292092
0.129864794882084
0.184616121531271
0.165392006098238
0.0868017353253312
0.106585516862135
0.0582284712134401
0.253641884899664
0.190840662436323
0.0930310541420177
0.070504528319033
0.110809972887657
0.131294422965311
0.305561073821978
0.116127176850002
0.158625436650361
0.159983889398696
0.136534262683176
0.0796878403771121
0.133099099040255
0.19409412866668
0.0992990745805001
0.126956736893181
0.134508738249965
0.140316550665018
0.165737740152447
0.11016543325899
0.117597380544581
0.071140928023995
0.194787697394568
0.160021242863193
0.110421389313438
0.0809581874573881
0.168066517751132
0.0810316518030944
0.136857243246188
0.0904846848945484
0.128895092176601
0.10323304018153
0.247077712404031
0.103762138641015
0.156860312298052
0.152531355009412
0.20482873255905
0.0977931401083187
0.0853726246992055
0.11387768959336
0.169382911733261
0.116450079823991
0.0997470963304939
0.100058462607241
0.0910892026274211
0.0908698663975787
0.132472365212315
0.124809806763233
0.135096532304677
0.121964075416979
0.171019854994272
0.0955316515752957
0.087191528320364
0.158809069481702
0.0894443478072469
0.136504890846168
0.126426139760989
0.0574286677827118
0.0965639292090763
0.138470740424641
0.108694031379992
0.0960075283689031
0.0819599882560744
0.13197612470665
0.079453588147639
0.156112553618975
0.128822912333059
0.108572783075908
0.0766068568268301
0.102554131613202
0.12402234331109
0.190386797358525
0.155533938292406
0.209170499013872
0.283553179207767
0.112977937737088
0.107349620194388
0.138301103635706
0.192560683618466
0.176997396614732
0.0969184623113026
0.083348088044448
0.110944910888368
0.0798914097354966
0.154730285763641
0.0874733357440131
0.0946308965293119
0.0949166793766513
0.160145556063688
0.0868113865558115
0.155752664523567
0.134484627367133
0.0920955028106945
0.15774644911091
0.0817660081215089
0.125535952059311
0.0738261370905155
0.188866219183782
0.0714103465226455
0.0680085154401257
0.173310385943003
0.0797621031709428
0.0745430366285528
0.10765521011707
0.104600558796308
0.149973552641235
0.104208543489337
0.169127113864877
0.0782020456462671
0.0938857912913934
0.118213659704414
0.0878181037031344
0.0633424521320529
0.0933219758889552
0.0903273910515989
0.076320316990355
0.224682486322075
0.0988410682484499
0.172928632800657
0.0804189864061727
0.0973062891738381
0.213195130183155
0.0722597232384013
0.10283417126881
0.0856322130072486
0.0882112888293523
0.0736871610119269
0.170803489832268
0.224356692479573
0.260688374710225
0.0875852794265292
0.102839433501235
0.0657509634638097
0.182527292286123
0.0968955104062377
0.153971208193251
0.11501838600865
0.109701937526753
0.172508836163909
0.12609864560027
0.190605958579613
0.100943250143621
0.106601811924117
0.0686120432592915
0.0808683562386398
0.137163401315305
0.194327227311702
0.242399491106254
0.167269600380959
0.127341130190244
0.0825338612300842
0.0742156726094653
0.0842104285851479
0.149826203901407
0.0817691278775556
0.0809824043616778
0.337373858924884
0.103548195987511
0.140199409552573
0.239923812107375
0.1389120927706
0.0852286422684452
0.0833117184638958
0.10330375157846
0.134294284075677
0.0881843586702982
0.0916044333815805
0.100539687408056
0.152842666008324
0.074248984166506
0.107994652353968
0.188027872169931
0.209652205442557
0.180629478967952
0.0662474308780549
0.147702623911062
0.129596801340089
0.117765265969153
0.118097788928546
0.0703732885194866
0.0874814739103227
0.0983295136271788
0.0710245615447222
0.177492458617376
0.116303483805806
0.062501295662135
0.0846029757202819
0.179928148490694
0.0819304585804921
0.0738071952059812
0.167278645920874
0.0790416952665005
0.155901933961562
0.084426542914123
0.172934348777031
0.12472758184737
0.17474942159666
0.085317904100361
0.0901239149618464
0.072463314182969
0.163853381610909
0.0736451727973036
0.0898616158753589
0.134404019072874
0.0966788544029298
0.0798298999927898
0.0918971873035712
0.0773860564223548
0.113101878582619
0.0738006033768326
0.122154264480445
0.123829859917156
0.0907789047610464
0.214098589495355
0.052997421998496
0.148463618300559
0.273523861570373
0.0889948761237939
0.149936596064774
0.240970587713652
0.136111468322637
0.175809966321338
0.0864494700843742
0.121727799480683
0.291911542894164
0.109989512504281
0.0836661670111565
0.137371540572861
0.196902621048891
0.0844808783833715
0.207583089170605
0.0865755564769916
0.187094718886613
0.10007544533414
0.138244396401804
0.0997350442938541
0.075232650315056
0.0839751919366586
0.257839889718742
0.118526937909344
0.144529150820944
0.070768408837967
0.0902330790428597
0.11929754057224
0.090622784614123
0.111865547525162
0.139892601913413
0.0992537089477148
0.175016662087798
0.122830471846855
0.0895442673496031
0.0932517016132347
0.0815876250869256
0.102221533300302
0.0974155682508953
0.137713188056239
0.193706012818181
0.131157283204682
0.0720963382331127
0.12516544876417
0.206415447616512
0.0604852086219998
0.144674395026995
0.141074972628529
0.0662890264364132
0.1564736566149
0.115461599060755
0.0835449382511611
0.077458313548138
0.0772319942661109
0.161824331910761
0.13110259204529
0.141860598424823
0.146386999807374
0.150016565732786
0.105597618679861
0.0961877722551027
0.174150336445433
0.0756630930621802
0.0973997958841075
0.124151453454947
0.171599305082795
0.0636633516992345
0.0846911108353087
0.0784421422912714
0.150830409416655
0.0596981509500004
0.0993621701321838
0.190203405862376
0.0935402789369401
0.136144139613667
0.14606971068848
0.069958970157174
0.114137211043292
0.0954579521043776
0.0944337726939219
0.170762026911733
0.210417362668292
0.0747634856121429
0.0804035705662329
0.180247334767626
0.0936912463509964
0.13527805226629
0.154346342864074
0.107714059129493
0.110596765946441
0.16807353795917
0.16428311991742
0.179643378713614
0.133897143913641
0.067005285988495
0.133644969075316
0.0634491703491804
0.141667675392805
0.239817285865591
0.16671314010973
0.271372684775871
0.131759225344175
0.144661631459342
0.146230071391656
0.0711393409648871
0.105469208936964
0.121872000940508
0.191177237782186
0.136590718125318
0.084965403881395
0.168381223801285
0.12500473599086
0.152310025236062
0.103943602637675
0.173933656046816
0.0765065138943703
0.129657310916996
0.200405689114091
0.0933423192484952
0.0739031006684215
0.154581355743643
0.156082339872665
0.151896407205126
0.0777256495753306
0.0897590390048204
0.169168222448584
0.115579487423412
0.266536413334828
0.0763519622506662
0.117298056068389
0.142755469913365
0.136575569294762
0.0830752708120856
0.14611363298126
0.0848035658976042
0.0678543738499874
0.120079331198191
0.216107650924899
0.191840092174989
0.114990071459318
0.144906328437954
0.100227400559487
0.143338388376428
0.0888935633546903
0.0774291883516989
0.15911477907042
0.0651769244101143
0.167000375051394
0.0914031526783179
0.22456435758357
0.102062492064648
0.166254024403458
0.0757132027201581
0.119107060695854
0.173279291873723
0.149726278588508
0.144696225124057
0.115274329594492
0.0874244007818676
0.12566885222245
0.239784896235301
0.130480645515304
0.0719706778791148
0.120343133938859
0.198857458028544
0.102755648620521
0.153987754249805
0.11661479142731
0.0986483464437171
0.139727961806237
0.151132090632896
0.252980006868017
0.103840076809047
0.0832090268147774
0.130542522653797
0.146156404853352
0.276064486693942
0.13296620045589
0.129415329388822
0.150936485610537
0.161764306341123
0.106858266069774
0.0696696919688542
0.12207117602838
0.242027698680631
0.200351163605369
0.161677948450225
0.209587704517921
0.122673579854745
0.231451740847365
0.0633048669779585
0.0657313195968781
0.166648921664753
0.143566936980096
0.135303378837133
0.115027331019341
0.0859659899319146
0.145548157827815
0.0684139071800001
0.120176392574816
0.0818911289986882
0.241011571799308
0.110570797062629
0.169998135225752
0.182472378736817
0.209455996498703
0.110339548257185
0.139217470057124
0.0794640985070003
0.140306711736918
0.171872002647188
0.085203456979776
0.11362288611066
0.0873116999109174
0.0671620102220675
0.159513571538748
0.118146921910076
0.0802774680773887
0.165710242154
0.119051075337533
0.114241068038417
0.0862688745716851
0.117454495132366
0.108478752946215
0.0922691964035521
0.11638400778433
0.185015662898787
0.080934437640057
0.105536619209261
0.140295421701424
0.12664169295585
0.0826148004923083
0.0965394878634098
0.237989524139675
0.183016453959469
0.0918940036268515
0.0588641296440306
0.0963068499947626
0.0819309055397217
0.0884046682130074
0.140850816391411
0.133529395501216
0.106728627028282
0.100747535771583
0.12506378273561
0.182695045140994
0.127876044350307
0.139816405569712
0.0743799437192554
0.133702243814959
0.221528404827716
0.113067585732691
0.178114514113769
0.110071465095185
0.134545605511808
0.106787669159883
0.117463304441052
0.285412260184492
0.223504561822726
0.301092295280468
0.103387329544604
0.0714601663721793
0.101861997339175
0.275117752624362
0.223817860088268
0.0821451495378668
0.243083095633797
0.207552779410948
0.179070741047813
0.101747794743126
0.12687927351975
0.194275246185752
0.125173104469458
0.104694395036128
0.129867441277126
0.124460445277586
0.14937597521748
0.271886834174247
0.130042029368111
0.0923397406390293
0.0710672211455331
0.0765803754991486
0.109442369577847
0.0867742660215239
0.116277225856813
0.168491117486738
0.107531040838817
0.100993253482899
0.119863202637267
0.120181102229041
0.096477737693407
0.0698172889216445
0.0935444147339737
0.107991496104829
0.0880806714215476
0.0907864684978714
0.0893592972986447
0.147732014090233
0.0886598449775989
0.113843145357512
0.116019572124744
0.167193802524429
0.0937775968123196
0.164847966901011
0.159054151438353
0.230226999341302
0.3552250383908
0.175370777081185
0.0679651959749725
0.115372167848793
0.254072061933662
0.16186019700597
0.246634188412905
0.118999469681052
0.109934687814271
0.169980572346868
0.0893009073403154
0.12602785975408
0.130306935906415
0.20924508938153
0.122626208330156
0.111467092878799
0.10541104645005
0.104159707783271
0.187839966428237
0.11416849788629
0.102561166849117
0.122463600000387
0.263886377215363
0.0943763986119048
0.104067199289661
0.128666737598272
0.104731669413348
0.0910976374691365
0.0766726566486409
0.075422058910513
0.163948897382898
0.126653169126974
0.120930198501978
0.112838226502574
0.100788002740836
0.0645271642838298
0.143980520391999
0.0940336285592052
0.165586691571255
0.143754798760517
0.183916986615682
0.14156205602752
0.0712456492166016
0.102525011006352
0.0697605493809585
0.0665007960027723
0.179187781673018
0.187666817558955
0.0878033795615948
0.141545965794819
0.12629056653794
0.120556207585967
0.100066861881693
0.19999964302359
0.161740910445532
0.125118737579461
0.103829864355224
0.169519490562134
0.12637360570388
0.108488499744349
0.0930218181202184
0.178725509020947
0.138489983379162
0.0876897447196456
0.100602762604056
0.0789075562513211
0.0784375924232365
0.275404534115781
0.115607511810319
0.0750102481950813
0.116722276581642
0.111774375393389
0.127393691894179
0.152555196455658
0.095027907922435
0.106983637891611
0.122279237899589
0.0821898462485735
0.0624941586802133
0.111437087917845
0.0757761502720387
0.10936504191014
0.0847438918122246
0.194224796773282
0.173149350654336
0.0858914181120273
0.171011329170015
0.214779316461415
0.144085950365367
0.100138948749755
0.106568207707844
0.0779363772826912
0.132495707136999
0.258347458820197
0.138676805211403
0.157669706142334
0.104022632172158
0.117783698581146
0.161724455161954
0.162460998229352
0.0887634431984162
0.0804640511084545
0.131430820065358
0.178830970806389
0.193216966888349
0.105113946707045
0.201803713571267
0.133430826454386
0.0932838397677636
0.108093258280574
0.0801486666534426
0.308093694196493
0.146971797134646
0.0725975104606503
0.143424952288403
0.156491764553438
0.110932344413743
0.204137958359777
0.0928027438676099
0.160438795201891
0.139818905627281
0.14844255172313
0.187140523041011
0.0859056752799256
0.0893664982998991
0.138385027308881
0.197736497426581
0.130334142409311
0.144063059404638
0.16678028138028
0.114212000782895
0.0922507302374437
0.0701460911780172
0.136982655589341
0.153873963960683
0.201308269320921
0.139694621798944
0.0671484609130384
0.154105229282405
0.112933177138764
0.145069977703191
0.145293128164114
0.158049227523764
0.0714376503809616
0.100560504042371
0.0862619227500035
0.0758285739130961
0.136093523871744
0.127807307164494
0.0767818403134866
0.128418652409056
0.0910004519786749
0.105262809664147
0.115964695419214
0.0709084860034788
0.10188246556485
0.164454990232855
0.139978129507595
0.133679985586111
0.0927372144668966
0.234581540321277
0.168951351879373
0.132191313025148
0.0900952448127439
0.11973311676356
0.315179368573072
0.282014040598972
0.113936480648954
0.124516558444544
0.103656433401385
0.20136992453258
0.177009523252467
0.152435981773495
0.0746543868420531
0.135248924328982
0.0916452394405166
0.117733488376552
0.157803112757113
0.0806502461291437
0.101999757503633
0.107976897716993
0.122466151748741
0.116640396203113
0.22842947500936
0.100771187415691
0.0788790084896973
0.148466372046414
0.0995772639928949
0.0874534115995354
0.23517457266191
0.179619660044557
0.105471110288903
0.186179760101902
0.0686588819359106
0.0799846574409953
0.194648461310614
0.0940797440665232
0.237186789815878
0.118332468478689
0.182492784576495
0.0956248945624678
0.140767089571619
0.129921050310161
0.0713119825627557
0.153972054018266
0.0945265288230083
0.128298002471302
0.159960407527268
0.0783183403314599
0.0763186621610184
0.093229577908274
0.124910045606937
0.155246645041482
0.209387441314462
0.165446471323004
0.172093416648078
0.0846584097737117
0.115511178550101
0.0825342684660389
0.151446674390047
0.138437799824281
0.225836540049454
0.10758303680561
0.162311825675979
0.127183176312134
0.106747760703917
0.106776827177154
0.183348180995251
0.152123688711628
0.0860619551231077
0.291154027599032
0.123948686604784
0.165137144794915
0.132553214084692
0.118106631925652
0.063650467712494
0.0935373710371102
0.192524430299631
0.135336269068531
0.080646362687072
0.0719466793870985
0.135827066544217
0.117385864922729
0.135235451208045
0.145763020438705
0.119745508345903
0.104574307758749
0.114113594056299
0.11746352054712
0.13626325492338
0.0637530959671828
0.138554970103593
0.191040387287299
0.164359983692976
0.0856095437734321
0.112018479669129
0.120624839062991
0.0695021793498282
0.130730976598639
0.147441383150335
0.108941763896594
0.213516348966585
0.1042065230576
0.122831823764804
0.124498405687963
0.142511195219983
0.129520450759056
0.102544900675609
0.155679503840341
0.165765353897921
0.0836412914558963
0.073569180896357
0.113959277042341
0.12911259517484
0.119875678843932
0.105726702476421
0.0685919807616383
0.100986986659886
0.114042699018506
0.0807614789097034
0.116519891577589
0.134482126484436
0.0658129498656619
0.0904852571739919
0.13956213179194
0.101315091704188
0.0864321625827218
0.104009716737559
0.0662304335630062
0.119583453466149
0.189297989064523
0.131419205206519
0.102527354647244
0.147935019464796
0.087795099963983
0.129447338992005
0.110857837740911
0.126819273302717
0.117213071925029
0.239378338010348
0.17406353956158
0.131697807530721
0.076805494088694
0.18590141723853
0.159124033183271
0.176561663158743
0.113613869593915
0.0826481961257902
0.099212515042328
0.225388626228718
0.130989037873869
0.0912029744155963
0.140342559013498
0.0855811564980694
0.0810696376972884
0.121959182311177
0.0717069098714985
0.141261933430304
0.102283131485221
0.0708024812099834
0.0989261478615789
0.125757547737422
0.0820884927643492
0.154187120556927
0.116496324691536
0.153065322642784
0.0876920318362531
0.0855071163745486
0.0572089315338158
0.107928640359668
0.137861141362384
0.115384195013281
0.12815415517107
0.220772157328592
0.0833148643406061
0.0588562680735167
0.0947742662002876
0.111013347649705
0.140444524302141
0.123318920740584
0.201018719658154
0.109218407208569
0.20627616697977
0.10523294717735
0.0982476330886438
0.0890936284665836
0.155063524658662
0.0767834487581656
0.116411838766942
0.0847011587766095
0.0735412675159481
0.0701222360251731
0.10727916480761
0.190540236422588
0.122360042466762
0.145978637557602
0.173336996081176
0.0948033551142924
0.0782918814377741
0.29293103693804
0.123715210011659
0.168248443792987
0.102046075488336
0.256476125545942
0.229846087164346
0.161078669842233
0.1077311344071
0.118839832255674
0.145503513735982
0.193592290385056
0.111862769597598
0.175405811499268
0.0953884391717098
0.187994750951526
0.151732497645749
0.0877348526878179
0.0753627538618408
0.159789696054606
0.0833649154619892
0.0764611648814439
0.113876452681391
0.134455512173541
0.170760499501978
0.0831219383105994
0.123723483247099
0.119456740780473
0.138140522891336
0.126667197804108
0.081860678702927
0.124467142488035
0.115740659869811
0.103161383508799
0.156754826311196
0.0779013462135293
0.123636290052819
0.0888375761744114
0.102587621891163
0.14297779219921
0.0805104192839092
0.122576962435046
0.0985861847987894
0.0820490631060179
0.130179335146349
0.0855386212060991
0.107736809771019
0.0945762760353967
0.161475518153659
0.0835837494678526
0.116271490076082
0.0906509287051272
0.192459695639919
0.158750355596388
0.131704249520856
0.156622374787863
0.145251315294932
0.125930394188765
0.101670053769533
0.080503253957313
0.251053521623874
0.119354262553007
0.148831015398114
0.0938754639296599
0.114152786519358
0.177481179317885
0.126548799204531
0.120166412642525
0.106222286275318
0.150494719755942
0.208173306992389
0.121180873494255
0.0982612279260762
0.110419747907601
0.112288297097064
0.116498277151499
0.105748012474634
0.108763049747861
0.106760622808306
0.104998648143265
0.228822203534462
0.159999783297795
0.141740360951702
0.0859244073696795
0.26241805074987
0.172868775612732
0.117551182351693
0.127957935753577
0.161555036479194
0.149370334248355
0.144983209051574
0.1673312658173
0.0824008854331073
0.0894732967014217
0.15869204474121
0.116091766920474
0.183090221394908
0.0818510884304781
0.109452612493202
0.207232934699874
0.104263970866429
0.168241985910537
0.131339364879714
0.0939401288758538
0.151201509284454
0.134801581057043
0.100837382137907
0.0870639316680134
0.127556526472835
0.179423980140605
0.0987853458892445
0.133583249216355
0.162901012191454
0.0659717468489704
0.171313930578133
0.0783681034286913
0.0594796118436453
0.191788160927098
0.172814523867057
0.168862659853152
0.167905282696722
0.0831443970562452
0.0817932313357225
0.0892857210087429
0.0945240087558233
0.129871831737236
0.108506811238383
0.0997749742244061
0.112892201684563
0.0803339345093926
0.214807186674996
0.123007721051586
0.159152967051989
0.108681504543335
0.115525393854854
0.154353654694032
0.168194131422302
0.143872662765123
0.0997168039749362
0.130306418020858
0.170108562765845
0.128855361391291
0.0965431327628642
0.0526847648544585
0.105782132994123
0.095589212374218
0.288060465072485
0.300595279193119
0.277511655282012
0.12049723433286
0.0857097633924481
0.0969308977437837
0.132918247245755
0.109418619372183
0.123066329809425
0.211050407183648
0.203050096750711
0.127697071541749
0.143559992291833
0.0776856429331559
0.107201375145606
0.100162951314914
0.167998890612503
0.126758403388178
0.150139148755159
0.134310182398695
0.23664390944928
0.144266528393411
0.100853679737433
0.119792719605971
0.103228800300787
0.0987436016880057
0.122654092491108
0.0858765631574254
0.102858009606878
0.0785793322900254
0.0999859966016827
0.173285283781342
0.0767176966528874
0.0738793193680895
0.102820820866419
0.114727804470086
0.16716344752596
0.179802359344946
0.10630641994638
0.0890051491482309
0.0954836311419344
0.0795219395287432
0.14701714446199
0.0815644839168646
0.0785342174485487
0.0914035949084041
0.0768051208305687
0.0957414252925309
0.14097204304012
0.108190595027177
0.108898201035929
0.104416779436964
0.103180959232805
0.12540462497333
0.0862429307006205
0.181218508635341
0.181279836118938
0.0889513274038899
0.113104429188363
0.134334661421064
0.0764467905116689
0.138877627046209
0.131642624370137
0.141214183215279
0.172275457534159
0.234034199118731
0.208577212488698
0.0884629245797669
0.133282590899763
0.162165947833661
0.0783142055286289
0.169294151374881
0.0859311623949729
0.198959785199308
0.136042235441203
0.0691451553382345
0.228695563244915
0.256025915781132
0.192928741559733
0.179672867079259
0.0946345634275754
0.112030668506104
0.0906911346994386
0.147053652666122
0.161898901024969
0.0815857919839207
0.17489346614624
0.100380224806734
0.0964531368792801
0.0948651583857642
0.0846940504771865
0.220143298452601
0.0984377554116895
0.111891111361111
0.123607743618261
0.0618680480989337
0.0878839462667148
0.0836586569628156
0.080692438412758
0.181712809178282
0.0793569309719625
0.102674097314619
0.131534039463785
0.132423539568274
0.206886071348721
0.176476284493335
0.11978225871194
0.131364184512691
0.076172021963227
0.208374875159952
0.122347657551402
0.116423310658761
0.111437053378413
0.203212971114653
0.221803502730203
0.0750061957966716
0.0780083893619068
0.108685815126788
0.063688274879321
0.0817076911797836
0.109574837798422
0.225295106021778
0.2018873443843
0.11665771690338
0.165908187058489
0.0885585998466073
0.125909394757697
0.11468647961128
0.211426099267095
0.0923614894816618
0.241508891801539
0.129922171024825
0.0793811589628271
0.0746735277441477
0.109117094155738
0.0723705595369081
0.0897220968215825
0.118908621347313
0.269288576245232
0.0711481638649148
0.129761234968341
0.236547876437944
0.13002366779166
0.138863593832187
0.0716356282367949
0.218533909863465
0.108792020810996
0.0685949309369571
0.106917376769842
0.15461340437747
0.126891388595485
0.100686934459425
0.210997585188735
0.160680030474211
0.159701004951127
0.154141359429318
0.0886688184358851
0.0973169914065716
0.157513058752957
0.188051028207662
0.107588947544293
0.0899222705105097
0.0669139004889743
0.133151822942983
0.0832476772736031
0.121299043912776
0.0958600407928021
0.124976768796754
0.170373864297501
0.106950299842969
0.0754284348218654
0.103086971883053
0.151369235145077
0.189111643078547
0.279524915445732
0.128648015676767
0.12630262644086
0.0923829927415017
0.151158640116813
0.127520306538425
0.0645693359160856
0.105122484261578
0.124972762928948
0.12526172190537
0.0848265081491107
0.121827933087749
0.124075668704966
0.0960541774108427
0.129474581359249
0.168842588624549
0.116206927744567
0.0873827914380859
0.13551903392863
0.171068595003585
0.117786194219184
0.121216990359272
0.206585156879823
0.116976730337494
0.263018250937672
0.122086065471521
0.0827124541177278
0.139515403247977
0.0843504406292022
0.170645871499324
0.137951426669818
0.0732189670978849
0.0944258299325076
0.0620257782998157
0.0681253064624151
0.0762859054149516
0.0918054052505787
0.16756676131708
0.0962291810251868
0.178335495782844
0.12495631656897
0.124853921114196
0.0776205174431499
0.105095345451912
0.138164304409637
0.185324081827603
0.10154306160777
0.226097156333585
0.0866303102779369
0.108436803681401
0.207270367623868
0.178616575169711
0.0773455691826448
0.111729471475814
0.0946638432138135
0.213958859931614
0.211236181752352
0.076044407900538
0.0936918932389176
0.110822847166251
0.110959388800546
0.0912342520840274
0.0742103501270594
0.0936455052084688
