0.17
0.118615661733032
0.100722130790231
0.175087956992064
0.23553901304841
0.153344736991202
0.186750528206798
0.262969127239224
0.107403693440444
0.189430102470104
0.217038941759031
0.149882476899077
0.152750115880482
0.153475460453918
0.185681254293653
0.0911348295313558
0.178038618472833
0.149850579564015
0.108392185699809
0.0873215875546546
0.133398699707142
0.127595528014999
0.183585478465746
0.102010541237123
0.134595120804144
0.228806655773908
0.108268730551078
0.199358484439683
0.2035264941079
0.143794257936196
0.148678611989471
0.12522594859072
0.206546602632018
0.0882459948088753
0.18429637689582
0.112731806518525
0.134906417605634
0.113529185030777
0.141397125150679
0.157777181209729
0.141807083145699
0.247677011092403
0.192233553183565
0.155686571272742
0.217340978861211
0.135002340392707
0.185041794264187
0.132622572306658
0.186793827914225
0.225897469132002
0.200944828618654
0.116346615458533
0.110761282672323
0.152180021009088
0.170948488957006
0.143413954747016
0.182459641400479
0.13208027727366
0.118702627893967
0.202175422551058
0.174183176812837
0.149719383434183
0.136047228819524
0.156982059429544
0.125355161289116
0.214123679824973
0.128034868026051
0.0947131001440614
0.107924859449603
0.158361622223034
0.157875031596128
0.139726604379257
0.0663527708219251
0.184643264585625
0.203435847401836
0.101875855366699
0.167565295217324
0.173720857514552
0.143830702578186
0.141003729907989
0.129770591974158
0.169650104670564
0.157268326330567
0.0907304836269883
0.166716869791027
0.183995850014148
0.166970314028748
0.153761648366018
0.14724525122874
0.103074909640792
0.17887706102281
0.121419827764691
0.158021703643
0.17940702136337
0.157214752114668
0.187839366997732
0.153406815731796
0.114401331864611
0.0980504408249334
0.124738132520622
0.0965402882210719
0.142164436400809
0.0887715894788074
0.137578770447592
0.113442443257226
0.196500742700086
0.159944895098845
0.236515217383807
0.164415006111766
0.111802514551349
0.148083543070833
0.12892298105796
0.130469547935313
0.182722405056021
0.207185471560514
0.142061133134614
0.250215356906566
0.0894545413193888
0.130864297423314
0.21447614238624
0.14618972586126
0.0988990258221179
0.156191982098439
0.136459586262132
0.142473085722531
0.177083251420957
0.164982940375305
0.136990505648319
0.159699924232269
0.0754684800697878
0.151588125884861
0.165865934976175
0.112526530963187
0.140724585822852
0.089407139333913
0.0815595434519232
0.245581140911208
0.187197780984664
0.148459791838571
0.138605273049504
0.0772995533374144
0.183572656964499
0.311254399686805
0.10663880662183
0.121773678123732
0.158437450914884
0.162483306233011
0.0987098745543376
0.149457881183486
0.172601109352447
0.209697040906469
0.094518616560019
0.0962346362010327
0.097820267948682
0.199170987855723
0.219274028173409
0.152384780133526
0.0735557118768743
0.215637911282266
0.170184027135453
0.246866105451972
0.146790923865597
0.158392670210103
0.157233287783894
0.130165855710378
0.187491255747303
0.113736381979404
0.153948597139314
0.119775943243119
0.11249065511021
0.114447331431932
0.185922060607465
0.164222779129188
0.100766294627507
0.112139149393731
0.116384894218213
0.107916251543152
0.14587842690221
0.134297957254133
0.171207459406283
0.217187898108759
0.189344892586544
0.135788384971994
0.205444322522158
0.130879987650239
0.188707473321031
0.229054317872539
0.133776549879986
0.142466210041139
0.142754953044889
0.138078095409948
0.205181317589384
0.134430933553697
0.130519302311836
0.160422690028273
0.117955498043607
0.105727572969105
0.197418476818875
0.151141468526794
0.107436452193587
0.210457225914951
0.186616272526395
0.126215879056853
0.151524852263131
0.195730540337685
0.10045683690601
0.101906495926639
0.131949442201824
0.281686532333984
0.170582060931159
0.188508801165734
0.13532808265519
0.207762166421793
0.132124546734083
0.146033148007756
0.138158555502984
0.126648429561498
0.0822226308682218
0.172426393262979
0.153385577415979
0.0878559222619875
0.154977928862937
0.122528402967445
0.25803043770978
0.199857479793223
0.219901610061831
0.24617201673242
0.156133861629143
0.173491590791006
0.184455541191034
0.199871416673019
0.121768484278422
0.106705129924892
0.105179415554048
0.0933525743321744
0.105611353296471
0.189178627565224
0.121000564141906
0.0917028289853851
0.202443237380621
0.204491676601608
0.149092652546496
0.143909142711162
0.188431622178986
0.128998806578719
0.193239759858877
0.069409166701325
0.131197561648301
0.171569504852434
0.132133225884043
0.109509310574658
0.143949943760173
0.141328794352564
0.216501872510004
0.122953074135983
0.132938757400345
0.117187620907446
0.144771320396493
0.193224696124558
0.137182649241134
0.0869359156969425
0.173590278120576
0.115066744412131
0.118349937393814
0.124920960492579
0.165251643104375
0.152316332254675
0.141691508495
0.109214182401338
0.172392839530785
0.202708019708224
0.143912910511356
0.138755517582184
0.125505588145722
0.129989411670575
0.177536970345392
0.112424910239107
0.144105517062166
0.15084778462352
0.155779954366451
0.164918424056822
0.163148060553477
0.141571595045359
0.103846215031782
0.078931072370757
0.0836512983083654
0.148282687615701
0.196773522805838
0.108177654966923
0.203104291582578
0.153387001156919
0.183353420855652
0.108140781367298
0.119562835089873
0.23415339995123
0.163516833200227
0.178702134964932
0.185978840363112
0.150551432041714
0.0911155383038377
0.194232938681637
0.141106851832441
0.0948949740325075
0.108318711384683
0.183259727029475
0.081288938275815
0.10439021258874
0.126588647933549
0.195929055550316
0.123781852330284
0.242362987965721
0.181754321956825
0.222090993708778
0.243387793918796
0.240811105332672
0.293154484351136
0.108685405659454
0.237229261210607
0.172939920714927
0.145853285496555
0.204144350272611
0.137520525961919
0.180830296777222
0.176166936903433
0.182761644178378
0.20788737486144
0.0914051291401145
0.188556592055962
0.132477649159337
0.172858892460865
0.127819149934941
0.245090916797735
0.183027869315458
0.15421980794479
0.146208969499285
0.193214184360995
0.204772086119983
0.184539070911249
0.159420049992645
0.155562380102974
0.166105929095168
0.161321387736941
0.106423121291852
0.142765673283733
0.24046341142371
0.160380747562689
0.15589183670422
0.226096270905792
0.123728560102666
0.127670813959115
0.207144440385143
0.103822332338541
0.14860950289031
0.13097440303529
0.185134981532199
0.0860530144289302
0.168073781388845
0.158617881854965
0.203863008199222
0.146897045651652
0.162051897160169
0.163121964192472
0.110756636810252
0.184649858492077
0.158077382345272
0.108201026978286
0.175786813439079
0.0896090957509854
0.151435953197456
0.190264666903469
0.22594650708262
0.140916393837826
0.172900767446851
0.17042157664799
0.08101320438482
0.150956759020508
0.0960725973633468
0.179429448009376
0.25467515557505
0.101076966578361
0.15903765427558
0.137711026051029
0.159366700174037
0.14570688718756
0.10074603471702
0.120892528420888
0.217371930819603
0.179013931915841
0.108959483054459
0.18202531772202
0.214058814110708
0.147282013957744
0.0717302042661611
0.111264301233128
0.129156728927084
0.0869567477587019
0.131174747806725
0.104985848987638
0.14288321342214
0.124946836133886
0.192674952549907
0.230186899143922
0.270329465305713
0.191081695352735
0.184300963453764
0.0857433632146167
0.101543508779903
0.159725130910564
0.128792658960181
0.188716138260744
0.187107996016078
0.136453711076299
0.151508797595121
0.125663148835768
0.231847350069515
0.175163018688856
0.141802229499282
0.149745422773463
0.15050192072485
0.0977203216479671
0.125496430040025
0.155400148043386
0.0965868995879387
0.163792328304207
0.184235088825599
0.165035092926511
0.145060360187719
0.115925460368462
0.138736291230536
0.115677398989083
0.122355369167185
0.160994963088024
0.138610322167293
0.14066267893176
0.143061997118922
0.166804427800634
0.152360292627651
0.132101040055181
0.142303664991107
0.0971680663424232
0.18735688569963
0.206658478783794
0.124418454670534
0.172349371455111
0.132824932213143
0.132361881855562
0.182050051904366
0.148258150121682
0.119501786940494
0.119841813109001
0.126303833860253
0.118901896788073
0.179383356081352
0.174523602684717
0.157157748946418
0.0722464119826177
0.182037667014391
0.259226070805769
0.175220311967032
0.203206418126036
0.170557977883855
0.122636038479049
0.250409916565368
0.14289184548506
0.173428486125842
0.123714924402262
0.225416130963516
0.126325249918284
0.177351947858235
0.108321528770191
0.128776642895514
0.246677645929278
0.166412142191406
0.201132454317717
0.18038468141663
0.139296029019404
0.166191384927498
0.10964916515043
0.184958997430772
0.114085897460671
0.273394450042454
0.222607124788782
0.114621827392422
0.160991641651725
0.17022785394351
0.142649116780275
0.162846668308423
0.127549563040117
0.256519206786948
0.142346332354313
0.131939154180667
0.114347730738507
0.217735149331506
0.0744667697151065
0.16608517068388
0.125614182064088
0.0930979947209965
0.0804347418196767
0.113830310106523
0.158294018259904
0.167729629872612
0.175906884364316
0.0852730525478707
0.113109450682984
0.0992622656447942
0.115359355394876
0.168636000461794
0.128932395552337
0.129059037058523
0.152159676311026
0.136587337716873
0.237325886600283
0.18821668797498
0.131342132795214
0.126454392188205
0.169725535620724
0.0737494043642589
0.112855161849353
0.143149128494631
0.164509290404295
0.0814180045001735
0.0974090990374245
0.156158469852713
0.118044559391081
0.0788655837223616
0.103148492388757
0.130695253585766
0.133126484723714
0.0984761803314779
0.175862857587479
0.184291481696115
0.0706962508491091
0.140969143221481
0.146105788756501
0.167220703687874
0.151665817517659
0.185217710903305
0.107621821645498
0.103853321733821
0.158496918330192
0.115461163664317
0.147583001627861
0.152686330625029
0.142655499188155
0.109938288381934
0.108795438920077
0.21338837938639
0.154047200879492
0.121756853523879
0.131852038584852
0.0781407596958081
0.176436433314431
0.245903877425876
0.163781169194499
0.164402925254165
0.183909716626366
0.134295458922438
0.169378987815923
0.152484243668218
0.124891190765639
0.101134337865918
0.193547837911156
0.201734510057955
0.115373097172406
0.143987218325643
0.130396543161998
0.161224176154879
0.159471862901261
0.226512759926139
0.12323763879628
0.0796065259637053
0.112367328311194
0.110493573414565
0.142721701764548
0.118263198961222
0.180623738256638
0.114846817360937
0.104309379512038
0.0925432169447
0.205492162248705
0.0965105711109948
0.156352266077606
0.147055894153141
0.147466703879709
0.0967398391537173
0.109066294085366
0.154149014677273
0.101638034122957
0.0706655590684071
0.073361207545019
0.0580409297265768
0.158635148806073
0.0714501730065854
0.164305370240847
0.129856131406147
0.141401556637763
0.224087787231422
0.192036132447685
0.173036226411617
0.090671752482536
0.137993614476533
0.112872589163451
0.192081282079409
0.0724272142544566
0.138360787428926
0.157063186667073
0.0985588502359136
0.115836606866003
0.181064886428689
0.193693479167364
0.20060222861614
0.126525447643541
0.0952918039182206
0.222775861693398
0.0990749160942398
0.095451133115555
0.153274030397699
0.166899041156765
0.203875739364248
0.151014061618955
0.118433375906182
0.119356074608242
0.14187873266732
0.114110441745843
0.203405257337549
0.142954064056355
0.10225141145889
0.114547343475261
0.155588370996729
0.105497198888942
0.112711729686096
0.18585486952347
0.176619779221573
0.163720037920538
0.124499717619336
0.11794859710057
0.153799057916508
0.11901826808597
0.16368088666074
0.103191024991622
0.105913251211204
0.12352846400669
0.151987690683023
0.136530115986836
0.0931250640026114
0.178340432984331
0.0893487518647294
0.0744937172194206
0.180376916769525
0.159246477774963
0.110773977058016
0.152851429042928
0.172731791114751
0.147828562366287
0.152949375208581
0.142901770424634
0.113229894561274
0.211297400923408
0.139090905247288
0.235213193912036
0.155462083029422
0.115659768881485
0.181475878935276
0.162647369168735
0.173560567437804
0.190490495510093
0.150222712928773
0.159617090342588
0.127328153041993
0.143482399693298
0.134345899236062
0.124594307180719
0.12084870367953
0.14091735015299
0.208910686890805
0.143526458722212
0.204820142212061
0.108902933110049
0.138413192352349
0.152489941156112
0.208538112176312
0.110865208330198
0.0908102526794168
0.0908524877954625
0.134748611202759
0.112124853787415
0.232083627955626
0.174966933551834
0.111051666382372
0.179302580648964
0.144695717835238
0.175697941477069
0.147896537730735
0.16256834743826
0.106446359942102
0.162958910555708
0.192115821331339
0.162093542050504
0.125584290051969
0.135015327576106
0.108094099695927
0.161020810583754
0.266085157995702
0.160520741701915
0.176586400816012
0.152696052963595
0.103322763771002
0.176532721001289
0.182722302034515
0.134391235701755
0.132362579906893
0.147358516449549
0.16099367439233
0.158147843226563
0.106781819830309
0.158079475911423
0.0894850694267314
0.152805652103448
0.134153806023492
0.0986894673168614
0.0965556020201521
0.125019484108053
0.168303413907317
0.233541982409872
0.173075993588253
0.146339356756384
0.159689412755316
0.0951782720417046
0.198932474122068
0.227231718355269
0.106464759659799
0.153249837271224
0.127242099520769
0.113626474672047
0.178313889374733
0.127038413607907
0.110734379923953
0.100946380978632
0.140747227810124
0.0709991043210783
0.142057675111768
0.104642145354264
0.160151630225061
0.147130259125638
0.203812454201588
0.29864136618344
0.236385524473231
0.144951322137722
0.13503360920673
0.117129155787704
0.220045381389253
0.149143399705116
0.103606564585289
0.144846572583683
0.094495984311265
0.135531864245231
0.138598297956343
0.114871490437301
0.166512660760901
0.132429661537319
0.131126269283867
0.213555103298342
0.124771054402062
0.143639941690731
0.128985604396209
0.181666363533356
0.166404186451097
0.271247730947152
0.139003923095408
0.159282471121785
0.166211780136344
0.124454482375888
0.157980246959887
0.148773880959294
0.148617586829152
0.241608648115882
0.158884712703338
0.115122975496074
0.155497597474187
0.132269346448964
0.113188269737405
0.171310444433092
0.152425726311392
0.122564224785772
0.0725665247239692
0.181829852758169
0.137536990382625
0.205198090489652
0.141399895445881
0.156704325094795
0.145391808161064
0.173726818648416
0.102442290273842
0.212514111459102
0.0811208482767905
0.173316543047837
0.114698611355696
0.132312392970872
0.206241959476833
0.160727321712256
0.115532287714276
0.14899856486875
0.218667444497249
0.2035887887856
0.161796857877033
0.134663264829912
0.142778050339457
0.144610965336552
0.163002946442936
0.0936734059127241
0.161367953840933
0.15901281764572
0.138513556491233
0.0958633630722277
0.118313242199546
0.219847141780202
0.11039824547297
0.202804875773095
0.111818624488824
0.136039818594256
0.117465735202452
0.120847515226653
0.0919449394985768
0.108705386217839
0.129031986086634
0.183431487863974
0.168674908849799
0.131495982160517
0.155779078484739
0.111391854324372
0.236873264997563
0.119963993034846
0.135410836316736
0.216830246154835
0.133189575089142
0.211045064458549
0.149703206879735
0.168730189341859
0.170327475977645
0.120816401382728
0.161456117223715
0.110855381090026
0.202324362825431
0.1423416060419
0.166805510440665
0.191314637028981
0.114091605036249
0.132310189624052
0.131757591385755
0.123735415494622
0.167189571982695
0.219959722925115
0.0900131002711586
0.111803798936836
0.169079612916252
0.140035150989965
0.143926455328937
0.158288222553871
0.158894011374103
0.181744202637561
0.144270571651765
0.237702813908813
0.161770660861043
0.116876599935304
0.144769812010515
0.13640105089229
0.194032897586676
0.154437370315388
0.164488041466374
0.132519253312139
0.155998664679705
0.150152331364476
0.232501112948605
0.183734602553697
0.27590127858806
0.145136569639353
0.135332937037794
0.184091855747623
0.175514490449567
0.14788218045081
0.111133302188947
0.180362673324771
0.133391973459671
0.112384254436672
0.146724476458161
0.0807873300962575
0.0898225820473892
0.0590114987050064
0.0891218616910509
0.109472856247448
0.127966947640563
0.188873317863314
0.122043908117345
0.17426094879475
0.0945276177751443
0.11963267539373
0.120809639614004
0.175838864362563
0.0913512330410037
0.14488124963868
0.183557950793538
0.273638770661915
0.201871770717523
0.198181429995986
0.0716535319138653
0.0987310789366823
0.131698204135539
0.200695906806515
0.181493760858241
0.126885556097269
0.163271361026671
0.142394539809609
0.208519013726063
0.0644716425854601
0.155803558933613
0.138066994663222
0.159301629537417
0.105049527740258
0.158763916202133
0.168047036923742
0.0677467035337011
0.178456649372861
0.199155870750265
0.169695160089328
0.102864795649865
0.155913103971988
0.150229603275269
0.152449967207742
0.146982832574067
0.171080815745892
0.143190022546441
0.150001713740028
0.157247688642804
0.132668155159472
0.0774928329073085
0.185722297939834
0.147259259838309
0.0951569597060291
0.144171456549538
0.105042744676634
0.118842936743631
0.134550873566292
0.146272510912001
0.110400408089081
0.131432918232178
0.140598540744722
0.145130499269293
0.183102832420536
0.128325146671802
0.153607082204583
0.21983739297621
0.199370184792729
0.135727051088407
0.17142845272467
0.203000761395608
0.124959115062947
0.152267875530473
0.196076214752491
0.186023045630778
0.205675450062096
0.175129878778646
0.169485662359029
0.167748167819101
0.168550497741164
0.169932373066636
0.163355644386328
0.169027744529364
0.100321728046664
0.146812213050413
0.219108572161335
0.218531768206054
0.115899657118261
0.135587842257718
0.117618916197374
0.119162146558711
0.0934373681961523
0.125713622037149
0.136476812976512
0.141806276947518
0.159746042383214
0.152721215826073
0.143521217783257
0.225356753026674
0.124453536495047
0.187159674512255
0.156873181640319
0.197496656220972
0.106021894520919
0.17123785382755
0.13949983077198
0.179577665365107
0.131064504130212
0.151404249367502
0.078619806641276
0.174919863158183
0.0895352645721633
0.109458587741657
0.113941478200353
0.184393468167691
0.149937094825144
0.0971684186266457
0.150024458152264
0.109957338282338
0.143286770656865
0.113155335660439
0.0855512103270083
0.101385989620631
0.133094243716747
0.128457435447558
0.128631703247747
0.0827759905190207
0.181340995572038
0.211677825239606
0.116449190309618
0.143959838111551
0.137645634515163
0.146993647121937
0.175891736000019
0.138913529209112
0.131722728236424
0.163243649974246
0.146810313336388
0.183166778994917
0.167626312761676
0.168117927055532
0.187411236292685
0.143742238671159
0.11188890600452
0.215182815063664
0.17689969285856
0.145061751953868
0.148693059960009
0.213165342225172
0.115716764357448
0.202563933983451
0.169534345750125
0.277219746185087
0.15787507469904
0.12942413850462
0.14045797197438
0.0916542673172408
0.219390635709813
0.132052818164081
0.135080306940912
0.150554368785908
0.106659628435667
0.231384055608779
0.149779206036467
0.0926634558656593
0.129902279890439
0.0958143045425254
0.140702134233973
0.133168008085423
0.210808952429277
0.187398430582941
0.170761240124461
0.162257951175363
0.0928919037543278
0.173163069992819
0.112504631701345
0.0968130675420446
0.192399977804504
0.101022314509751
0.166104313662503
0.100513667969256
0.23853001826891
0.235207757859086
0.176732547641621
0.173581499160695
0.136384349768463
0.107756433770434
0.0928295575113033
0.158303006173535
0.14965544449401
0.123774119224288
0.140354755978218
0.189338996388895
0.162648072008994
0.110588113282548
0.165139272048798
0.145675273714633
0.163418972388525
0.183584810989301
0.0885159318254687
0.137059937244696
0.11574593178402
0.117109822555883
0.0908955928081765
0.119027688192543
0.159917860015769
0.131934435225875
0.141740155081911
0.131443095247415
0.0888848379433479
0.16176468163278
0.133561735211139
0.173660434001189
0.122722808339036
0.155771902250412
0.152346088641989
0.106478802286087
0.0880235564255064
0.134610317717466
0.2252293468189
0.141102410417676
0.187595699383982
0.18285378057748
0.172073863414501
0.107662351220921
0.235343220086994
0.174439220536215
0.161717794194109
0.14858769924377
0.196999967968888
0.150794860536725
0.169511840358742
0.254454173593181
0.177171364908785
0.117423260489692
0.184439942291943
0.159153226384791
0.125136465826613
0.132278189503687
0.139243425168679
0.133686444428298
0.168793707783029
0.171197124886999
0.178012467944288
0.220444913012782
0.121480495752761
0.13401137631751
0.148797428991605
0.114212197010618
0.110185589971517
0.180070016330429
0.0854020246752388
0.120096488221228
0.209791885170074
0.141560195100831
0.214522229922787
0.217603622450547
0.117062560660171
0.167342786540352
0.191964561139254
0.111600020998365
0.168024679850901
0.11687358581339
0.25659188740149
0.0998278341320167
0.200346257943115
0.161210115303694
0.144324767984099
0.170236778922808
0.209542400821287
0.165712936130289
0.179828608575253
0.131737116673792
0.118057867735514
0.133489039033099
0.125690980978444
0.235268321899755
0.133964173512709
0.0822176256245908
0.120121792721173
0.204111252756475
0.171945334741558
0.0825717758436123
0.125990729091679
0.210133064435882
0.169906061103404
0.190759401355145
0.170478615774548
0.0901672566074358
0.19242014564878
0.208289930709222
0.152538017619649
0.141568286280815
0.149622566866332
0.226342990340549
0.145029501998441
0.117041446397266
0.0990782488014017
0.195848459113434
0.165951619798783
0.165092803793809
0.084771542639724
0.154809749756677
0.143284507893885
0.194893472039901
0.161046208202991
0.11727951356626
0.173531887763266
0.143431245049249
0.167721242563041
0.112138060331514
0.112434630824069
0.162261112026464
0.217686993692412
0.22274573976998
0.206764410044056
0.130739454105784
0.143734609807096
0.177627550480836
0.146022060581541
0.147922255826486
0.172400069928261
0.133719569904796
0.180800050727123
0.0844664672857651
0.12834270861008
0.149274010209127
0.119734513447644
0.0957480068816625
0.18532929656509
0.119435866166161
0.167545129212418
0.195192111166299
0.174838863305441
0.176407803641803
0.265644309690514
0.178054934832709
0.182712695183973
0.174242300376311
0.141766270251159
0.100320349150719
0.180496573641645
0.155398101567592
0.193462737478305
0.238108226664697
0.117184612189345
0.186042180708904
0.174871686594697
0.151213048808652
0.182272958268077
0.132864839205371
0.138414613502178
0.174743115047802
0.196252609046875
0.116305603440155
0.184775879176311
0.208785882801462
0.15713174914041
0.197751212168378
0.108224283351584
0.162329994870662
0.106130796560758
0.182279608571022
0.204760750730898
0.139740402118232
0.210342521609586
0.189874724963692
0.154005430948813
0.136952169436232
0.120317036189971
0.231536862412896
0.216652070221219
0.254386614507921
0.25848158315483
0.151238073863316
0.106001727771848
0.114438257065031
0.153506463718055
0.193756410059583
0.0855775642991253
0.121965103408911
0.188836542186288
0.12427851171521
0.120788337930706
0.176679952539003
0.113487675552037
0.134508102874268
0.0825555909749228
0.0998877966851097
0.155428919705665
0.0758951679592111
0.12161040626034
0.208207721589348
0.128115485726407
0.203146363165741
0.133491402720425
0.163452654316011
0.155145169620623
0.141838539512066
0.180755971689744
0.208687594538673
0.197219008986055
0.123444323544276
0.172449775454792
0.108632608196876
0.100778435329534
0.118491942892402
0.249355770144029
0.109760553676422
0.165553948903327
0.171876573750594
0.146835363623875
0.236283725410073
0.170893111862106
0.177377613228665
0.173150464416594
0.273023530106117
0.195900477304562
0.158296871811719
0.115455642566836
0.15178585056806
0.183639821232196
0.181793427877912
0.109709404265108
0.100873054273356
0.123835778288694
0.213349821300639
0.209255209393766
0.130084518206175
0.134011306876812
0.102491775459394
0.140219438436858
0.304885693433202
0.11042174523274
0.151626308661571
0.272550898477046
0.116756276733516
0.173409286782442
0.125410217503308
0.158544702447341
0.236837349060993
0.145269580500246
0.150487048344249
0.165064794052665
0.160043186465911
0.18145635071483
0.135148452663174
0.198820988958673
0.212436600511376
0.180943012278578
0.114242916783337
0.0902677558671737
0.173962877437479
0.17073892468826
0.227647283750347
0.214484327034367
0.147033084915703
0.151168392945725
0.0961503049712171
0.221811106288492
0.204816019116891
0.140112709381248
0.15694977578355
0.120095846103904
0.127199084213371
0.167207243594214
0.1498343703509
0.161070774934139
0.198378036425465
0.175018848889651
0.145037084179493
0.13473307220431
0.196988018680913
0.103259435111017
0.239905892003779
0.126187219178067
0.135357046312044
0.179090291636506
0.15636449737007
0.159572476138962
0.0999657252080833
0.158801679287744
0.183453121945898
0.143400164503244
0.198510178507113
0.165560062879641
0.136203747001998
0.214991993524883
0.225113008882388
0.0915208897990026
0.0795775192968319
0.148640076052756
0.122244371949743
0.147501245525144
0.204509384526357
0.162110112328118
0.15710787973264
0.131876024966212
0.148777817465641
0.127066226415621
0.186295559686375
0.110584933297759
0.109595919065727
0.11862241750199
0.197910066530536
0.239949867592742
0.161724673402875
0.200838065220715
0.149407721304277
0.133207126953631
0.212000948237696
0.11106808806278
0.115852561199888
0.124175651837598
0.0920300268201162
0.179006271401816
0.152896504379225
0.165095740231629
0.178808550521346
0.179720432106549
0.18285112983524
0.197087108216285
0.130833289461585
0.0826323183531761
0.0862650583048558
0.236075799471053
0.246088534081987
0.217170245855948
0.176347878157584
0.27019795293689
0.224636931023427
0.18613569877445
0.132416765446634
0.221377415015895
0.138166602482861
0.162248611813227
0.247767171718453
0.154583276008486
0.179864163682415
0.175941158177957
0.124358696189264
0.138597241606882
0.194652522995433
0.130041267903906
0.156181272459452
0.0788035239669121
0.126108299017801
0.1295829227635
0.117264123412328
0.148057914984579
0.177934965044091
0.155320022045299
0.148832551320462
0.135735764517208
0.15320901580096
0.13901944015216
0.15772586629394
0.102595993091746
0.101996320365382
0.100922468242505
0.141539289696381
0.17309815570914
0.117543192139544
0.168589166719283
0.134395010706295
0.127064745566918
0.259336459760054
0.204330231040693
0.182924081784049
0.229413317025829
0.15113037357105
0.105013374529865
0.0925762961522348
0.126590602370495
0.185546603651206
0.162051765283917
0.13281168552323
0.185837231237277
0.177031636649056
0.122510549831931
0.093748300561272
0.169395032509575
0.14075917035375
0.130660232215175
0.151108198966642
0.0980980486195496
0.168029022870899
0.157334572846103
0.155762923781066
0.192227074921191
0.178272967896018
0.232158082876003
0.13099684752374
0.223438425649041
0.184324187399607
0.208495623936572
0.239327987186634
0.250038298311826
0.194551184676204
0.0828499058684851
0.167676923184096
0.118874849792324
0.211859479626427
0.12489460657166
0.154230005992309
0.155241308893246
0.152610993907017
0.268666589837572
0.18784394308762
0.130782511536727
0.161748557790198
0.127072032455749
0.0993351498210843
0.0895986269283374
0.171675393888105
0.146239741586669
0.163157472139904
0.133179463387707
0.167721201752018
0.157618697148191
0.111941309695882
0.121554477222463
0.118084748000677
0.196031783603818
0.132128514173136
0.182190225255314
0.147460379677993
0.19305256624555
0.15336315348676
0.201569073241661
0.117576257493391
0.160567234048748
0.177018685205761
0.0796517104117539
0.100696071821071
0.146212104565514
0.128739733048441
0.103991066087584
0.0687097749556924
0.102012550376732
0.138494251693176
0.168091062828669
0.194163178039549
0.115431156842762
0.1106814168003
0.146662130008544
0.179678168084752
0.096589023495137
0.173158747367411
0.128115714376678
0.129865836672315
0.107286414292405
0.107339077039131
0.0938577342254222
0.136082629114544
0.174481750182114
0.14506882385916
0.217376052433885
0.145480164106941
0.066124027684334
0.123894606218096
0.129299286660557
0.161477000322083
0.10669999038744
0.125084947878415
0.215274362001262
0.242316925290122
0.164811990227886
0.154209940456178
0.124127927192166
0.11118544617214
0.115206243045558
0.16715574654035
0.109936203664004
0.145020458822589
0.184885577686641
0.0859409305136717
0.178127782202132
0.189800339732839
0.128819274556964
0.19531606238371
0.106540467211792
0.170359267015354
0.148116794657946
0.270310246123819
0.17194565365514
0.15887187114295
0.156607358233598
0.170858595836538
0.219914177669092
0.107988373562916
0.141100097604272
0.116111872394063
0.140451697400943
0.165412424204254
0.14702106777838
0.205267276169623
0.234197130455818
0.170990806213652
0.13538327610642
0.159329907560168
0.138531758160824
0.149230446385834
0.174496052556632
0.230178134079745
0.148081897069288
0.123128500776247
0.135065162059907
0.14374365602299
0.169240262267854
0.147595336138133
0.159086315624637
0.173892057695382
0.108235414690581
0.186314943859069
0.176692630836719
0.102713615943874
0.185237328373162
0.1894327298166
0.152450354458518
0.105603168348439
0.136182752202217
0.169542043201375
0.0972986369271089
0.110006364078611
0.0913574178073869
0.104545147757833
0.177323206934207
0.187900310987216
0.150739685609028
0.104339761056714
0.17717903592985
0.141943338776872
0.101424906761994
0.144097365310248
0.150394264437166
0.0934995836643891
0.14105660519272
0.177181425993633
0.170953754884655
0.0945507154206394
0.142583985993376
0.237709927683649
0.184936141338352
0.157819810199157
0.107128769366988
0.201077808423622
0.180294425658746
0.141227232209267
0.187631839907077
0.117644592633348
0.209175859751542
0.123591557433405
0.10118025598831
0.114726103304979
0.12374150545867
0.150587025952514
0.117691686853441
0.17443072266887
0.132810333342203
0.203082090331379
0.107662300926042
0.158591359418646
0.138244524671127
0.152203665696071
0.118252406424902
0.121250507616158
0.109815240338305
0.183099385410228
0.131013689235629
0.0875560745748095
0.0891482057269626
0.17255873800426
0.211868816195142
0.182872402865837
0.105812415933886
0.0761664158484913
0.181867837494188
0.100249119824049
0.187045799283657
0.159146265170988
0.155266912751454
0.106353043665365
0.126770316190735
0.140125035147276
0.153073866983112
0.176119883012761
0.220625947224657
0.147664550021743
0.173976902479727
0.205201846744281
0.193646966355386
0.174706368976733
0.208084367228744
0.121577407979809
0.119379744009796
0.128662785269477
0.130091135488094
0.179331331290746
0.172518293925119
0.194903632031571
0.136528620097233
0.121132902062133
0.162498952058924
0.123586296067332
0.137302295252937
0.138409235233519
0.133721710544493
0.136803972860512
0.108063773792793
0.150251834530442
0.217903028687758
0.13496775570301
0.18881629426906
0.152282268704143
0.158875747978295
0.136005495746288
0.154329252549689
0.153474848477786
0.140613872515004
0.129873948339295
0.138775526365182
0.269161218283213
0.238363979093192
0.202995308675581
0.202123543513659
0.114956015580459
0.1837913931677
0.136460439470367
0.140191088317761
0.128509887304282
0.166734934807479
0.0936037946788955
0.148156462783377
0.182466507009201
0.0889813833941346
0.148067905911357
0.153735402588271
0.140839726891722
0.139414444566957
0.131630152754817
0.110042097243114
0.134071166595816
0.12225119801516
0.105000133666527
0.144744815337461
0.12538252488116
0.137324384866941
0.15676278658693
0.113698034658465
0.148114356338847
0.16385590894016
0.138346196531012
0.157191496206166
0.174188782818452
0.129274680696787
0.118949616293982
0.171393063623569
0.145902727926846
0.13739429344057
0.119013918598052
0.140890749891105
0.18320152301255
0.245709616166435
0.152379485796563
0.117364226885997
0.142378996724673
0.0872910383014102
0.161036514470306
0.101940596069892
0.12142495607508
0.0937401866613639
0.130657934348849
0.213702992486627
0.123317998486952
0.19675956441757
0.135590794161388
0.101921156308385
0.126375090760199
0.164796968211924
0.0954787860720565
0.111069345720045
0.121466219360046
0.125545522964583
0.119812077620249
0.0797114014523146
0.110716846154325
0.102716926467795
0.135714649378601
0.152380465428025
0.110661309878473
0.115695472342999
0.176400137793247
0.137313130862362
0.169395986650777
0.0974749411452766
0.14922253286589
0.102160943277571
0.214308680160801
0.195916247501136
0.274968313325284
0.218496920979252
0.139489284553847
0.154820751089569
0.125614191733896
0.108017089316579
0.196411736796799
0.183636657317409
0.131549535719521
0.123574312113448
0.163408635745723
0.197996425322327
0.163788494410409
0.100582426097549
0.114235168850198
0.101095459445718
0.175965959377614
0.158802270803933
0.0723583698638529
0.150182847231159
0.166138981442581
0.0935366551537892
0.0697416257362172
0.131936471503409
0.218132542499758
0.136449048117195
0.0992381356059311
0.076534356477217
0.156279239360848
0.15887044741869
0.107159148616296
0.146692902384928
0.212659078673196
0.109378375010108
0.169051530607594
0.109891608250263
0.143605895891916
0.215749876946581
0.122758835237643
0.203168411320135
0.190850917405451
0.149283873321083
0.17422669748074
0.242795184079974
0.169597160271764
0.142383349949728
0.170826143853806
0.115191684766459
0.163087206303336
0.139331169048713
0.144684310990949
0.267896558241578
0.120198032702965
0.116436079598706
0.143602488475409
0.209610425616376
0.141697325165802
0.0994040591926945
0.23587576428425
0.183631420683024
0.200281034521753
0.231000128820187
0.237581548741637
0.14183049996841
0.106671068751197
0.123775039984932
0.0812723879570859
0.165022015674337
0.126521271257018
0.144636097610628
0.20153399902597
0.143803449146735
0.194476000602593
0.102266189472096
0.197215061355076
0.166677383341319
0.112519377794695
0.188831562954852
0.14289760457255
0.129602086744407
0.165405891693307
0.11573270681345
0.179643728012074
0.132239790885107
0.149147995598139
0.127334501491141
0.203348961344472
0.0960953004679997
0.136138322956926
0.108259066989041
0.194772348050018
0.13393314683514
0.150159681050199
0.153117437639467
0.124503782177545
0.202816759338482
0.222187906238846
0.21393613806249
0.191875455109369
0.21934193363712
0.204078020883805
0.132203776433671
0.0896582308625558
0.117495744745962
0.133442398169804
0.201810976388693
0.11542330461964
0.154279992964199
0.246598267147812
0.20722029838217
0.179213038448937
0.180208633525872
0.172388992397394
0.122257550622865
0.138455145849917
0.0690128494513815
0.208419794015426
0.13779031146256
0.168885588904843
0.175929049208791
0.149089922468153
0.0761512906977232
0.183934397456137
0.100250885758109
0.171525265170691
0.16657239647845
0.168926145143497
0.190489533207595
0.192547107123562
0.169641129478376
0.165238245339452
0.137174072801831
0.134909776723543
0.220564929534941
0.206129569952274
0.167702464310444
0.0886794481421674
0.15956241952584
0.154685735389936
0.193880767523152
0.228813278375439
0.190341483399518
0.0873389289163493
0.111094383088941
0.196102150357915
0.164387678018283
0.203071368025057
0.0863900421468166
0.179895674108434
0.0626072357615503
0.141259282143669
0.109559197369742
0.157115287593317
0.106828748211836
0.107303235065775
0.16594884696961
0.123838947884791
0.160127585859136
0.0999580738426983
0.163762359884417
0.11549760966519
0.138075186897499
0.156021223786165
0.241286340050142
0.121164343978997
0.145411109184064
0.147340877233954
0.0991691679247153
0.146782058582972
0.0865402365018925
0.169294878888607
0.100223703931097
0.114576452081278
0.191530119654162
0.190408049255778
0.161447982283278
0.167505973804115
0.20744718652351
0.157813159480717
0.139364177509331
0.0917746042094157
0.163890103509313
0.159422092651825
0.183146892571375
0.0922166430514562
0.158263452044517
0.089636250613174
0.10727130928353
0.162160051735137
0.125737618127487
0.156082087849893
0.155150528785873
0.121851442244483
0.181803575343652
0.25112949463337
0.154671498924773
0.126090377544006
0.118658947764356
0.202699862630793
0.151374889150197
0.124611645141406
0.137519870520935
0.116529759462586
0.182116000884538
0.0999745405162915
0.12148803681891
0.12418474282407
0.114536162523837
0.117642038823829
0.211749781202627
0.158466872416392
0.241368971960997
0.157621795320139
0.106634002850026
0.168715723955298
0.10033439611956
0.19262931409437
0.139626345656353
0.127364639293635
0.166341033110148
0.11085423665565
0.189021437193128
0.128107400925419
0.128765180935027
0.112053751163119
0.120470182468682
0.143112745349467
0.247157605540939
0.181065373719796
0.145669109825846
0.130845674534929
0.153550608488729
0.137897538817025
0.199558929997829
0.166719887864943
0.109742110450224
0.227248352472911
0.177370056779098
0.16008550800612
0.139273958661591
0.116088391744841
0.120693703321944
0.129694873942529
0.147623130442001
0.119959596060832
0.156325644768339
0.126082660682537
0.139222422109451
0.16174076166922
0.099859776129064
0.151950919033429
0.162782399930605
0.170162854194982
0.155835364434755
0.129061309824907
0.134342277863017
0.150939509961895
0.267369925830967
0.201421648195081
0.101117987941891
0.247835359209437
0.140849026295949
0.186537137704497
0.192398486866278
0.167908546731662
0.189885986271869
0.117845231638994
0.104044019667665
0.0688164501827836
0.172477978328744
0.136659268585005
0.11096666590763
0.128085165903172
0.118941914629109
0.164406289608355
0.203320115251393
0.108563978875183
0.135253834598873
0.197751247258654
0.125888813491427
0.1675309296597
0.200250710459547
0.163934421437149
