0.17
0.193469563692134
0.190909823376816
0.178481484619919
0.261044136836228
0.193144956082783
0.193934576601558
0.19078866272269
0.186989373842674
0.167403896862892
0.17568242671026
0.154138278851881
0.158519396167114
0.18759665007467
0.175381675404996
0.179257462097387
0.164830013190009
0.151643193225978
0.150444838026271
0.170406693208324
0.17567416021198
0.168029065193598
0.248696600969584
0.202954704201885
0.192123282944209
0.205911379151025
0.169563206076465
0.147765535387526
0.176316998223251
0.20609949458165
0.225173057103533
0.181019030000645
0.128466590051826
0.150205747160675
0.189079810655964
0.143028097964512
0.170034258553432
0.16013528755515
0.221103433948821
0.206321115689837
0.161851439278147
0.191445046210076
0.210388603753575
0.215806625940833
0.168789395104081
0.14974238603727
0.133745673571981
0.140975262517746
0.109040390696772
0.206823043672496
0.140854856997533
0.189680117330806
0.106687643975988
0.235398030397729
0.156264091915513
0.14864500405933
0.18329654368109
0.123255221238951
0.173073793904192
0.162061975309936
0.207380721762038
0.279129335012802
0.176130503511119
0.233766641114171
0.247588995567631
0.166655290784036
0.203810941922161
0.152033858084423
0.169852542157157
0.147041825752125
0.221048363500436
0.195092278134314
0.109540959439761
0.152270549208329
0.133330176926886
0.151735956849473
0.175425718106013
0.162499801520663
0.188064662091888
0.149034874934218
0.156138709759546
0.175411846897801
0.21398370670432
0.130882894070762
0.130949641581764
0.197791173349438
0.124182189436392
0.187804603433626
0.182755569741573
0.149927825256104
0.14972097095183
0.162265022262141
0.150561110028605
0.168248220693968
0.143503849516165
0.257808951045283
0.189239583831117
0.157038783667221
0.185954043420744
0.169296800704562
0.14635413974025
0.166574410605245
0.176286245084549
0.134722842954783
0.150115967725823
0.166099773571376
0.177505228018298
0.153957384890592
0.151795237391316
0.189536174039483
0.178137779849872
0.237944532598527
0.148799569079209
0.191562661701245
0.202790915851636
0.209594339693846
0.153787099568577
0.163463005449822
0.1658239540128
0.143465802396309
0.191048137719145
0.146520883798724
0.148295431890678
0.177967955984716
0.17724237337303
0.194018972507861
0.148410087897366
0.177191583923141
0.223480135088997
0.215727644479615
0.189022333905202
0.229820853467199
0.178174825781998
0.251147728696577
0.196531973874054
0.200543109027501
0.161259654434014
0.159243044256353
0.208575763008785
0.180335411454292
0.200460720145826
0.261918728181206
0.12765907807291
0.164652558071106
0.106403039956996
0.142818954272701
0.232855472047054
0.152912353975151
0.155496078432091
0.156987940220605
0.144506318556487
0.180707301391236
0.16229219159493
0.159982386654219
0.128660895012247
0.198045233342205
0.168751059305869
0.178097294031634
0.179273751261641
0.191470692294165
0.254422535660924
0.151603051969253
0.126065898049002
0.115887602547972
0.155856289728168
0.147679619295843
0.166854808976608
0.212921870358444
0.208703424807708
0.166341691735316
0.175241766704028
0.152801151956865
0.155209861695242
0.138763985054217
0.178764247741188
0.179628153627574
0.146403678661833
0.233375497908993
0.190310316346035
0.158654433547566
0.140335002723896
0.178118455212918
0.167447836371637
0.24534103110106
0.135054718022818
0.176983210939088
0.143979067588886
0.131174115732907
0.153801048481522
0.175310189227713
0.16606356949759
0.121242391065769
0.220307799475684
0.146197589152147
0.186327348681677
0.184404733343409
0.164806308959017
0.205134847722557
0.166853012292046
0.245561326616191
0.247452925607857
0.14633922879459
0.166151424393732
0.149674700966892
0.247406722959425
0.150825654133061
0.18903526495556
0.157442526427004
0.137999518337092
0.159089939360698
0.142961630998073
0.158696650578764
0.162567876689502
0.148482977426962
0.167433955807563
0.182663816168334
0.186058997551277
0.143829060882754
0.156797289920414
0.166588481464456
0.174804211633007
0.171925525074765
0.155177151291066
0.166400184616949
0.0772490635124857
0.177117005529988
0.166396268028699
0.141918681247045
0.15650575400579
0.154477952960019
0.170825425018022
0.145597520314063
0.165156705385807
0.245588018751152
0.193983524606927
0.166984304632235
0.154963921243426
0.197555515853063
0.156361377166386
0.210833451821594
0.181436980274156
0.19051187711235
0.163590676733819
0.230826716914646
0.212952482827088
0.164190321343148
0.142056150089052
0.15875543789087
0.184658918764807
0.133804766582361
0.208473197947257
0.164884611675364
0.183649057970581
0.136911967874148
0.19748169060512
0.170114159118846
0.170539582982806
0.198537460536448
0.191345358247335
0.116349910177847
0.168195756724762
0.15981331650091
0.21391966733546
0.133685058792542
0.156411646404463
0.115337111167936
0.172907630184436
0.186695831354651
0.133075185294915
0.164026431249711
0.171407119643733
0.170035068895482
0.166854936619902
0.154515455145668
0.196679100174361
0.18423883901377
0.204594926165962
0.21045127570183
0.141940417057401
0.163911460748243
0.149900272054341
0.158566198802645
0.158497981328786
0.196950632145221
0.161389935139175
0.16849378977093
0.189369562028457
0.300565965388576
0.187146057936854
0.183402025341549
0.164968081306912
0.149543952469893
0.174401525601078
0.159107447781088
0.162617432374578
0.217544577511477
0.132024487208381
0.197911799621348
0.133301182044998
0.169447571486284
0.188195387696443
0.227284447947547
0.172335856829799
0.141468864420131
0.166813720655677
0.121259983831614
0.153531544960865
0.194185219463374
0.177491625437687
0.16857011811149
0.151802990881421
0.138763795099627
0.175428940573242
0.208438975418786
0.192729265458244
0.153173260856703
0.233600009812007
0.185946371088476
0.215271690918897
0.137307182091286
0.156238959195685
0.143548292912002
0.131031697307132
0.18174920244481
0.143146124257542
0.168649472567214
0.20300953699469
0.237569888674504
0.150756197164685
0.129379111426723
0.182933109490111
0.226989817705956
0.144756092632754
0.156684696648564
0.160308902694596
0.184213465249037
0.166090070068157
0.17560806310456
0.186756363552015
0.242099726366463
0.142213886541849
0.181635299235339
0.183890170359327
0.237427689421338
0.199139523562042
0.175522063923321
0.138624635038288
0.150605233576859
0.215995843644025
0.183422944232087
0.180975639052525
0.173879406067807
0.16000332794873
0.156555564091795
0.155715359135575
0.150934118166967
0.200382814850871
0.214058993658777
0.1864264329625
0.173019605849842
0.199674995328537
0.186646378588765
0.115313776376354
0.21229175134741
0.186472001020962
0.160679372609914
0.13310297535366
0.177724620203523
0.170466250075352
0.185196553699128
0.158055094864054
0.170113727421043
0.121059804700997
0.138164433326249
0.191921253941013
0.137840831982702
0.177865472785364
0.201545046410877
0.206991144742645
0.150828496418433
0.134973099139272
0.223293078883157
0.122294273464342
0.173473816196091
0.177755175875396
0.177002119675665
0.165581887886134
0.0987831423044816
0.192025269505808
0.156944815093444
0.168596139793277
0.13362040183708
0.172967497929915
0.183605615982865
0.206265953220603
0.154003407595444
0.136191046163371
0.209523800940268
0.14030217446717
0.126292500122979
0.165347118898313
0.162566801679055
0.164991279194693
0.163147544073698
0.173845568368774
0.16846316172366
0.138000814681013
0.161845622090444
0.158676602777308
0.126206999439997
0.150058342996608
0.223911697396953
0.195779050869449
0.157946151112271
0.226088831457749
0.138544107704711
0.129527706490522
0.175977362154383
0.192115030639938
0.122175146915425
0.118631282112367
0.167540592785865
0.171258351910071
0.124124278337926
0.181507270071137
0.169087014637396
0.187664092355102
0.204870176453583
0.219982336554312
0.148835316766965
0.206743391151602
0.202614028781571
0.196254659571542
0.205029346011117
0.160639090914552
0.176549538770534
0.170447209590549
0.190050836143268
0.278144382740707
0.198405785837586
0.139378240167246
0.148437460279357
0.164781557347644
0.121422395424827
0.153924571939107
0.171566449765085
0.142826876639817
0.12200666507614
0.187456352506621
0.164459483449217
0.16537405683807
0.148443026341517
0.172367418479431
0.187511827751106
0.223233807136375
0.135582291343396
0.13521399048431
0.175380067362188
0.223062813830886
0.156574661242634
0.176943929242847
0.218966537364622
0.162873315831726
0.167795677352287
0.182603504866982
0.166920558551005
0.142446780307353
0.216494867512429
0.162793021149068
0.221469037346412
0.142910777608286
0.153340140032471
0.15802284863055
0.17625392829432
0.169032519930757
0.161746733865517
0.157130923659657
0.191701756461191
0.120788282466275
0.141164003224815
0.133983842339872
0.196642265943256
0.16862142899309
0.147482684416698
0.131627241714469
0.192647583443182
0.146244890083447
0.169106278462228
0.175414002085161
0.185555963528837
0.159530026354432
0.187502198845845
0.147239874471035
0.145203592507929
0.16669803863869
0.254386092767463
0.132073262240457
0.187136397131522
0.171302843507173
0.22450168917411
0.178278289640706
0.185326321029658
0.155378653511703
0.215421698788365
0.125673735393349
0.210638037727819
0.147232804364107
0.14321646897103
0.146471556575764
0.220537872432394
0.175856232475539
0.205128979884415
0.133188548041131
0.143041936757881
0.178977360297828
0.128745792293327
0.172565642081251
0.162245509906573
0.162369968235531
0.14621500090687
0.200223732923381
0.195478910980201
0.138351722301909
0.188437201920321
0.151302368433329
0.181442780837908
0.163004857197785
0.205720805199151
0.17581631182841
0.192504545714369
0.177260175111569
0.148262221457097
0.123560260420792
0.135867813811658
0.145636625659144
0.15502525455749
0.132622654860433
0.134393852486639
0.221860877148997
0.186384564280185
0.181440096039679
0.167830680365125
0.157094067162156
0.181921587826488
0.19182702638841
0.126329986047048
0.159140945074031
0.217272214277581
0.200158583721678
0.141445997831106
0.137615969455345
0.182794254516634
0.158024119552187
0.141232969364794
0.212841358819751
0.223864576228246
0.132485131512967
0.17798315010372
0.231176392115515
0.142046543379382
0.165555081668803
0.175855917420146
0.185119505308393
0.196418456159358
0.162153551963771
0.159321912765491
0.17391152833993
0.192584809868933
0.175692260354093
0.150884898415638
0.187782518669845
0.240901472530427
0.176504698410587
0.166583674844122
0.23358164889029
0.188434390033136
0.161388553865286
0.17308672069468
0.150368586410799
0.178555829636666
0.177261685582087
0.155922455175392
0.210393888715815
0.196760980204826
0.189355595317033
0.177796763245086
0.244150425703262
0.152084971831423
0.211735912323766
0.169974435938407
0.16856996580425
0.172127892545437
0.241256769840363
0.218376119982405
0.158143285695095
0.142024566877371
0.167476514557122
0.129338242432825
0.162309157996273
0.137217380381708
0.161000441053268
0.138349385615971
0.194277590486584
0.190048882462938
0.238709096623339
0.23593100290181
0.215862190981649
0.188299101904569
0.156394847880347
0.175582618932104
0.180478155582467
0.156918773006132
0.146044182203241
0.194775446788334
0.109063468385443
0.245267440396615
0.149269734427473
0.166617795970793
0.197232745470766
0.160404148443207
0.290323196140217
0.145247161465764
0.217782452001028
0.202779124801839
0.183707705433297
0.127589555986946
0.147843039177612
0.140522471107729
0.234522354974216
0.19813285716089
0.196808258770092
0.23630765753728
0.121096562595889
0.165579247587794
0.199127386532414
0.262528366214583
0.213887375908418
0.218994510823269
0.162158577429192
0.221658211126913
0.147078213868755
0.223543698683295
0.202015543844293
0.199332788586413
0.177220000789827
0.198314717365304
0.145446972608611
0.169483975966859
0.175163998073379
0.180366089016581
0.140036646705808
0.1458222420917
0.172369045491402
0.210861241841811
0.0999996065357347
0.185833549602622
0.153081633222484
0.143922562147686
0.139002257612488
0.212803061742715
0.194400833097275
0.116644123818599
0.187933089049013
0.176352617968732
0.160241524141238
0.169847921493694
0.2289591583505
0.206705973870204
0.20798648984911
0.160582563607544
0.188859464837305
0.194665300750931
0.156264856843123
0.157071638763594
0.185065888662294
0.13907422198746
0.193208861171811
0.160239224000474
0.164653762563452
0.155807392541623
0.170896879895651
0.136024846259861
0.158123607969493
0.107180802737277
0.158469397194749
0.191735377406624
0.17313304960998
0.178275148014091
0.182495631955138
0.152785502758831
0.14903488237691
0.193330689214717
0.186496863843665
0.167538870354045
0.20967879994712
0.171953924861895
0.181507962987479
0.209506861749103
0.132434676213944
0.161498575925041
0.156517221805544
0.107716344231398
0.140488784519678
0.145905383813593
0.215072728219358
0.187168787811718
0.168039740485875
0.184230316744127
0.18929887296389
0.128644789257581
0.152314890228358
0.148116936949358
0.109948352224733
0.259512422737667
0.14918088621112
0.236829544264136
0.146702858280514
0.203473577444919
0.190901422495077
0.172655508666709
0.229713745442832
0.154430070818505
0.198203572276799
0.181078764565324
0.16411418580303
0.16619419798027
0.164332324055523
0.169119582564532
0.133604287840673
0.17449641316979
0.216668688783936
0.187358273931009
0.207560276202833
0.204339938093248
0.18398256988588
0.209964539574842
0.224691047383588
0.117657211790786
0.172694724616432
0.172265224160544
0.193347674352987
0.206817124000443
0.174964010801347
0.286012064444818
0.195862560110456
0.185307270228997
0.127013474335589
0.159296129521406
0.183933465766922
0.243549235336837
0.17032879495599
0.140900876540736
0.182464028412645
0.116460274344381
0.166311620931516
0.116075168903996
0.196591966355073
0.165774881928233
0.225045005362193
0.174463877200246
0.11364389286997
0.206076290991549
0.280722895688883
0.212176526219027
0.168254283632039
0.167434740777782
0.177932191542552
0.195723155981377
0.256473963238397
0.158233603851018
0.158674512260639
0.134135717024803
0.175853804560968
0.101851577454002
0.155016250313012
0.178035230934367
0.148105709958785
0.14267571819925
0.217559955292482
0.229928855448054
0.186773818016653
0.179322919729799
0.13782779223726
0.199418399661257
0.125582727888751
0.207647589698575
0.199356647959988
0.152971299374054
0.170499688494153
0.195844062782649
0.221323533878667
0.191693311720072
0.223304249027245
0.174916235122757
0.143929178764091
0.148285924156796
0.179307750419407
0.196349441515246
0.17242891711245
0.127531462219532
0.151462915376202
0.201649543067988
0.242435698268722
0.187946967066567
0.227782328329563
0.146121621003975
0.159495360142203
0.162691935034712
0.179108515939047
0.142562226327412
0.136391614412103
0.219169134271778
0.200089877227089
0.162563459123453
0.2717124718339
0.153836065172811
0.169928696023752
0.199555084536399
0.196717382714569
0.137526189346733
0.173351079394315
0.18959269203942
0.257863065749988
0.124138913198804
0.149176224035124
0.15101939710685
0.13992407586767
0.154963106737249
0.241282637850437
0.175779275131726
0.146904506709675
0.132758245290861
0.15779369291564
0.209099540505675
0.150486087601391
0.236887330951956
0.177054406484277
0.122561528694561
0.16847932651466
0.171904856723714
0.202546766540441
0.265325979664302
0.21072334071534
0.156149353273833
0.178175387503233
0.236784534747627
0.178089658135607
0.186524581728959
0.159512770387901
0.167603264739621
0.162747603011637
0.16617213427672
0.16718022444052
0.15452961482493
0.155913280386467
0.163482587243889
0.216522375677962
0.208390059479456
0.167288916589313
0.190572643447931
0.175405265436218
0.122585212872706
0.135564313267722
0.183664245489134
0.205008958966184
0.153995290913057
0.145809859921482
0.134069235965853
0.17756428085091
0.193275045801446
0.11850058847794
0.19894157923561
0.18355027122856
0.164231157481241
0.161193436351552
0.13890911782298
0.142360507797875
0.142453882831905
0.208045270762559
0.150309133972074
0.227861036093559
0.274250427613929
0.252739864772629
0.192541549214892
0.230491073184377
0.125132854204692
0.249867176484418
0.306018635280975
0.214408912294955
0.145545932950795
0.146597518264826
0.185662374263886
0.140892425053629
0.162461161690854
0.228182669336616
0.152879031532605
0.145077066035415
0.231646813230454
0.165315906386144
0.207719780192537
0.147826429553939
0.154498967263972
0.166860357955779
0.197293932151807
0.193005337051076
0.222002140267979
0.181083405472764
0.237767198689675
0.192661531639853
0.281233466639636
0.195347381844779
0.172083019993078
0.168765161750421
0.144890958018339
0.260521944965096
0.194515482062598
0.156624220402694
0.141608082229599
0.228431698493206
0.19366194450561
0.159195972020431
0.174155313753271
0.195828445816153
0.188157010805446
0.168332642477954
0.134717859841477
0.147441968771524
0.127261731336565
0.143944558023572
0.269920945641379
0.154460705624767
0.160912670453597
0.195116978850842
0.152912393440718
0.194965403265727
0.168256475269792
0.201677075468037
0.15290048585354
0.105386325904873
0.151207397339736
0.19761292388962
0.182035868144918
0.172363640779041
0.133162022298681
0.14137483038147
0.184141219510885
0.184693417486455
0.148403370928399
0.16255390802672
0.0950133405247001
0.187618855434297
0.141571757021654
0.110930882660917
0.177643610877731
0.145197235846455
0.174100632607972
0.135370536758461
0.140622219018144
0.139493443630216
0.180364339291024
0.148465423263096
0.150927533388276
0.117858005573779
0.129142523035133
0.158817035153752
0.160241068206519
0.178469215367278
0.170085275468529
0.12413970578986
0.191155367982531
0.137399024963108
0.204107833106982
0.200179306641964
0.211601129176681
0.236390301607337
0.175195266215882
0.164324493872614
0.185932582637053
0.213843095896262
0.149718765432817
0.217146435616859
0.234730535948487
0.168576203164725
0.209185454657883
0.168052374367126
0.164996839077722
0.227276311427778
0.211459847711028
0.122328200167466
0.191948488231278
0.208994069405157
0.158752433253969
0.139792595255496
0.186601070957677
0.120836793885498
0.141180775707001
0.200016643978057
0.158518051613223
0.197288069871602
0.138635933011664
0.162545497919963
0.23246255080438
0.150961124805513
0.129708353650229
0.133382812534133
0.203162168704149
0.159855919232992
0.230655835568867
0.167590561998059
0.145130631232871
0.166694501658651
0.231644875116603
0.222377000882271
0.167300965135043
0.14972399149149
0.194611167878616
0.179849897720519
0.241141465649734
0.223173069188132
0.224855069587588
0.131561578219909
0.178535957602884
0.146316746511632
0.128316845807146
0.220059345447638
0.17619544099957
0.154842282596743
0.143203251321812
0.134760346107045
0.207228941750337
0.215633410401438
0.296273322331294
0.196291833266537
0.201053185224468
0.168193297741637
0.25649784621874
0.210545415117734
0.190851517231908
0.121268651248967
0.106401630268799
0.186831521156217
0.174478895191714
0.151250164552288
0.132159653080259
0.122006752596306
0.149213354228749
0.186375784759078
0.17145975901951
0.219477300698714
0.154501890460986
0.159064711659928
0.0968896475756646
0.130872848096132
0.177318120683829
0.166861107973158
0.269765845725715
0.166089263832664
0.171449630681538
0.232904430378209
0.159967709569121
0.158944074234904
0.156268145376329
0.145742903857692
0.125959047828733
0.166094274910759
0.263228348853128
0.198557036749154
0.20752095641101
0.149498124894109
0.177238161143079
0.152148595086768
0.154602295244145
0.191447459597963
0.134309720053483
0.194709453911317
0.15683103574131
0.167938800519447
0.114175532913149
0.170618852306289
0.152759375839404
0.188775494680012
0.140777834405974
0.1491220084837
0.173651567363551
0.144373535151286
0.164759108577168
0.162659516468653
0.245716036470313
0.143797302983101
0.128112484990438
0.0941408648360762
0.147331822538421
0.117588181220353
0.203440605989136
0.176365494361308
0.177463929089747
0.244092115050872
0.23589882716467
0.242130878734922
0.161370026694597
0.244891111438462
0.223561566386891
0.177207245444511
0.226464120132232
0.221490995529775
0.234072120648047
0.179611667535784
0.16336310789708
0.170104358508698
0.230010893700657
0.165806551071498
0.181099880508287
0.180617259986497
0.163392663440484
0.203969502588555
0.199427955423243
0.167383035946747
0.137517349450168
0.223042899488985
0.189470620816147
0.19324569947061
0.180150756258726
0.171957005012839
0.195976255626709
0.16977279011048
0.1978807697903
0.141852892396296
0.136936165493341
0.174715147486355
0.140801490197925
0.170073212281503
0.169522514994349
0.237143947021272
0.134922846422675
0.210464571802023
0.163890349284386
0.147070352329348
0.123405710240787
0.167665300749232
0.132007919330253
0.158293955757313
0.134301711232356
0.160226317591797
0.133391195494921
0.123517534700643
0.176704059740718
0.182824164309366
0.11803335883831
0.141049081274315
0.147604906267874
0.13557894357144
0.188404339999722
0.148787947973325
0.186965180834702
0.15671979204722
0.188120391996412
0.180220055510209
0.167942421484859
0.122057484310299
0.180264468754537
0.187080628390964
0.189764238522592
0.214652195493696
0.236000697551972
0.110083434201197
0.171109995232273
0.127750843137765
0.126579985945826
0.139365159977357
0.172090952716029
0.260974932492738
0.251769457234996
0.188887720186657
0.159535816601276
0.139905101909174
0.135715107773792
0.136780950227317
0.240445152143311
0.152459017428447
0.202311076472979
0.153877610335633
0.187062458882524
0.138585915619007
0.13784441497966
0.152819684277258
0.227481018563416
0.192292731379841
0.136027225735444
0.14077519938282
0.175335864347899
0.145145464118391
0.148434938471578
0.171770410133454
0.160169400941711
0.152193748172458
0.139509654466305
0.1802865762185
0.181206041964648
0.176880629788176
0.143156203891756
0.205217304854055
0.173176210813655
0.147325164027833
0.192539837346549
0.182251531894014
0.15971359910366
0.190667458205164
0.169474141445409
0.239929408863413
0.107679832155708
0.167112946514896
0.130530738359526
0.138389511831951
0.171743958557238
0.166594047438475
0.170421594502599
0.142651833160986
0.176006651431997
0.176126336933612
0.18550790721102
0.138255095603126
0.178142972420114
0.120405691269695
0.147791925884106
0.148183843590524
0.26655486473588
0.115410781299376
0.17006379033544
0.245532099249161
0.220095742859785
0.181362388318957
0.141140264177761
0.230711094466859
0.195855927988978
0.151686013135699
0.1152380731777
0.192055495133921
0.202536412684981
0.179579494098187
0.176348676922417
0.12939614431544
0.228276309899841
0.292796467176275
0.193499261602769
0.185312379345511
0.206618778535495
0.248231142869981
0.196498173866316
0.155513631798854
0.157505354883258
0.211276261132544
0.199234741624181
0.184391076292354
0.30294478133915
0.17478569356144
0.215579018586282
0.092014972258394
0.186880054148266
0.205646839596576
0.238296085154157
0.163876029974448
0.13961279894129
0.261297465248841
0.213538313706617
0.197601682987554
0.17755323051232
0.18956723120965
0.159864985602855
0.231804762834258
0.179382982284723
0.19207355714981
0.173579252903744
0.280342700519704
0.164158447670829
0.243608980846127
0.160420071693812
0.143238053427321
0.140857483269198
0.204218575597372
0.17425055886316
0.170974806604922
0.136129791279221
0.181355717720264
0.164534743684254
0.19581544431582
0.21496028724505
0.233474612714649
0.180861177518285
0.19974137353914
0.168013539819945
0.191347508434111
0.15701375530443
0.22082932072233
0.185859865814459
0.279718481815471
0.215916365912121
0.196455386468746
0.209277437732999
0.164506248946145
0.124362180227858
0.185966265666461
0.166143897986504
0.17699175291021
0.156832460325053
0.144874712047155
0.121411816933567
0.137031858285237
0.199867473033812
0.21549429646124
0.168023842435818
0.168412622150862
0.155029256012946
0.144441543109744
0.2119414963627
0.203709084308703
0.225957142231915
0.178427449363527
0.158621876217761
0.134255846727223
0.157258661534204
0.190530716146697
0.163765745892986
0.200387489421819
0.177515655171468
0.157395389719503
0.170664742496376
0.147723507188103
0.142404190422891
0.162195945265951
0.182823719991646
0.162002355991873
0.241801424846388
0.333249695937195
0.155925577265953
0.15807315649347
0.147067479050778
0.139982174001212
0.190006378356931
0.174048108275654
0.136062463397655
0.151116887228375
0.19340372241023
0.163929803594462
0.201687788638621
0.172868007682113
0.181362887247108
0.168969306795025
0.164533803639187
0.141568076397991
0.207231775813945
0.154591168441323
0.201650352651742
0.212336744330699
0.125765991509465
0.169027731070249
0.182151117299984
0.210467179116894
0.153546810416861
0.172196857672016
0.125111302411343
0.151895522122463
0.218042650788535
0.205298247456202
0.185655527558988
0.204326983764843
0.133122347017063
0.168667518382871
0.177372614104633
0.224956238642539
0.174511061509672
0.15372916580924
0.145229491966308
0.131583363035887
0.130261385105932
0.120307211587972
0.187125963605094
0.165340930799464
0.163815327855597
0.159971200025835
0.136373981527453
0.224137411627065
0.165865785588849
0.134484338578504
0.208300277763376
0.12513033130779
0.19829051389644
0.14640098666886
0.15832581187195
0.204299053807131
0.193915080108812
0.201967061070948
0.161999212764565
0.277269882940186
0.293489935546525
0.189495307444545
0.184880297186036
0.154290010786932
0.209710391422738
0.128082689098463
0.147631062656436
0.177631124886046
0.30488544679523
0.28344461162087
0.163178995985343
0.257600801572863
0.174627030214875
0.225929751840861
0.178039288174132
0.167049980235724
0.189634758622262
0.17653173182283
0.174533900946894
0.234121858120204
0.177608614121129
0.164495149308178
0.140573833241732
0.130946762292511
0.125164605168342
0.189329063763945
0.163269503761886
0.140145519017287
0.149319186383744
0.149480833324733
0.142031051343429
0.158513322789707
0.140157787725224
0.193982649610886
0.159013947068699
0.186455911548893
0.11506766781933
0.166343687009422
0.176041630110122
0.139449077200193
0.131396709098294
0.158061345595835
0.195347712103628
0.17312123644183
0.259634086403948
0.152847537610635
0.176446858768788
0.168621318288665
0.214534128577024
0.154633246201958
0.170695540879059
0.186504038775519
0.199557419162507
0.171393078445651
0.156815188420046
0.186332687884449
0.144459476078737
0.1215960602991
0.118083785288201
0.158505759254616
0.218451289522602
0.162294615021633
0.170145385895272
0.144447415605714
0.160141981656531
0.201929817977493
0.158454234267477
0.17751886034466
0.152707366524547
0.115650816085932
0.182028076019686
0.171451278413486
0.234830952336613
0.284837722478776
0.210444479106407
0.110304491766419
0.125149279557922
0.113735698333658
0.15713717944373
0.143867842420308
0.118593477668809
0.168792580171556
0.183908977687885
0.19852572049127
0.275960541279592
0.117717300251443
0.213560001418344
0.184891185739016
0.164309700150003
0.200654446704685
0.30279252848309
0.128657934186741
0.129674060416404
0.155642965074737
0.129207853981047
0.264177569880673
0.176046129381102
0.11630879531223
0.22038932153946
0.192682832750524
0.1713365940369
0.146340615184312
0.156785757325641
0.146706885535809
0.197230018416644
0.164907203861157
0.188831548859113
0.182711752205245
0.144368722407353
0.156033591053114
0.13987817385816
0.155409803594795
0.15218121497374
0.142326589801086
0.187970418203508
0.127464335691168
0.131423619101332
0.249528651398828
0.237248305988604
0.150088452708396
0.174784606114248
0.155080477753064
0.229539884467192
0.212444253221357
0.210392888277451
0.187351086395206
0.203918085658023
0.150505098602986
0.139984363890868
0.106428308388558
0.157807691945714
0.165361717583367
0.201049017724297
0.220485719729841
0.179775212278422
0.135745663933539
0.125475195398813
0.163818908165442
0.136601618461521
0.127943955464693
0.186391177148927
0.158121219048897
0.221136667599759
0.133371352921685
0.205563309882051
0.206637431282259
0.221561936147004
0.146259785063347
0.171979683378768
0.145776242666358
0.140237940278527
0.160406837592686
0.182875996275248
0.247639636538117
0.208616272519992
0.146236699440509
0.220974475177123
0.149848967915483
0.219890278544362
0.158180183614814
0.129832217983037
0.186306894680904
0.154422870125648
0.233661588126001
0.175581265736434
0.182686868827533
0.175951243090054
0.124715501733073
0.171258406155469
0.135621123202013
0.159538325446241
0.160243113906107
0.13636534774577
0.181352661327252
0.144362013031883
0.143244900260613
0.175365454879463
0.207612157808528
0.171614674376707
0.181303404094865
0.224318111314908
0.177373633877393
0.164983437910214
0.155459542636997
0.156565525561662
0.226923299810061
0.177415480851901
0.138197073440055
0.164826719275593
0.14061678086566
0.190671573312445
0.153635734560392
0.231226816111185
0.121768082103218
0.131745987325296
0.145989480772738
0.138177834883365
0.192410427764953
0.188265265667874
0.201237297431821
0.139932624858176
0.145725490117532
0.16617045441121
0.208088838309739
0.29869083506013
0.185991159525254
0.175585930321983
0.20353879829023
0.288779009491318
0.15995942342509
0.207428116671911
0.140403709636809
0.157947023766403
0.183973001556761
0.153779448978079
0.198261633814967
0.142715812358342
0.163891384972219
0.247798874276885
0.273286284524478
0.163849264555667
0.197811615363967
0.190761702366024
0.154132527853309
0.187953952646532
0.156831457404889
0.138422534363013
0.178545404715707
0.174838948315336
0.11778847065156
0.164243219264006
0.150422187178809
0.1117142164075
0.208500825552978
0.233795010963715
0.140546697830866
0.145404289035927
0.190942805206487
0.215101087253473
0.254631437722096
0.18199736990455
0.222977740838711
0.10427839748549
0.132808053105828
0.204780388031316
0.165375526008564
0.136779667340563
0.174977525953506
0.160823962429023
0.169138957139083
0.15133243885041
0.207538058849522
0.209929172601956
0.25408179698096
0.212443339240813
0.180035640854643
0.17414941314324
0.210249135109418
0.213519425306665
0.231452013939726
0.139710328360104
0.168524220228305
0.168561443597696
0.140713608076325
0.201285538841215
0.17060015861369
0.225925996393895
0.237544138583518
0.172751876696863
0.139296688192167
0.155400485848335
0.172646299932465
0.173388229162228
0.195187914411235
0.136903507478028
0.156454130544609
0.177539099025199
0.204653931323391
0.177771675871659
0.167426571837314
0.174242531442506
0.156983459013911
0.169384356718722
0.145409005488989
0.111626930323548
0.191710313542401
0.113183055746881
0.146436635335317
0.178715006289114
0.125017228132778
0.192683276172825
0.166061295265128
0.223341697667464
0.151894012208024
0.1670150994602
0.12989805699324
0.145753983870047
0.201727232490365
0.16323391742725
0.139809350184354
0.133670558125883
0.194384667525618
0.19612838157662
0.142454411846092
0.145616136313121
0.143320672683793
0.126404151204372
0.19162513983268
0.16694634457121
0.158233857507007
0.15445224270141
0.216822271838223
0.152330469091005
0.13174688868017
0.160514760926511
0.183902022988551
0.131736025152446
0.182137850180529
0.148536061531646
0.191420235522552
0.162439685803778
0.167512271708997
0.20562823226191
0.214539302904759
0.15258401975524
0.223122719746002
0.201819036959989
0.147413489337184
0.16929636688182
0.190598623275809
0.144094172334574
0.145949744966969
0.190289147351065
0.170855346574078
0.14858790881543
0.197781258479163
0.15406313183816
0.1594865273492
0.220054296388081
0.176411604255074
0.186532891145062
0.159200786001262
0.164301926819422
0.149008863968511
0.143376797393562
0.188960871653273
0.152242002225643
0.150858523169367
0.173889834386383
0.153834344527176
0.164503293379274
0.150111932028175
0.133938024852354
0.132650759141311
0.176838967524295
0.120611864569652
0.111974344997418
0.163090968096262
0.200135457618502
0.184227005123475
0.163736143801266
0.197332918692141
0.136212082566764
0.218313945576609
0.146354138138129
0.109274181289041
0.159949637448033
0.234854590036264
0.147926586540547
0.195122594142077
0.146647304539722
0.199921505696256
0.20470098844155
0.161309831425393
0.184893924399618
0.101405120416116
0.144627155323393
0.207047211705944
0.172001086977352
0.167150290956703
0.135057192302982
0.189349018697339
0.178302156138283
0.165520263158765
0.181851025710353
0.182457346473326
0.133961118271177
0.160023458929858
0.206973248530277
0.179547711290065
0.162369009816363
0.160156004059651
0.178426153232198
0.173004174278175
0.106502284044413
0.177595251809777
0.167335636095179
0.153917235222499
0.180068197241064
0.119161221943561
0.130949552282362
0.172991500390691
0.106090671878536
0.222146275892371
0.114699356548604
0.187106325229369
0.152914332235028
0.162211426854884
0.184920157892919
0.158206473708077
0.182436774279646
0.150631836101213
0.157119227506333
0.18413390124438
0.193195081143541
0.220458752186112
0.158873831061822
0.21865813387633
0.162272593236271
0.222633367367823
0.180780124601643
0.175763089593433
0.168208989891035
0.167640686349488
0.151020565653057
0.189376711982055
0.201260517173745
0.20569420719182
0.174449102205912
0.149989680335028
0.202321982090166
0.159482606849867
0.125628580892418
0.155080323554788
0.159602538003357
0.191226079642702
0.217387407147201
0.211375239250273
0.179511352577782
0.246599641468561
0.259548491121246
0.196787106744309
0.146644478903408
0.121534977746672
0.20756803016251
0.161437938146458
0.200649054652203
0.173693414653626
0.209139715975659
0.227546123900434
0.158959781346805
0.130483276335516
0.190907089893656
0.23675787982928
0.22834438626643
0.248330826442254
0.147897765332106
0.154633641936474
0.160653990384303
0.223450388117132
0.268582097587219
0.157095118970172
0.20005380155833
0.187790741679943
0.215914394169579
0.209399250818839
0.223570026807567
0.137260275617263
0.140701105799113
0.139562325726475
0.220855739332853
0.106783256954395
0.253779702824383
0.231362007927658
0.219469619323673
0.158952841885313
0.212431475400187
0.198666037906962
0.239701092936814
0.195990915699744
0.154992348764548
0.151318216366725
0.163340222121152
0.16800156780665
0.187854627943821
0.24623386847864
0.144862393127743
0.149398722895746
0.140684938099789
0.274203870878125
0.205453292108934
0.155157048160961
0.24799605506752
0.191659474140098
0.195170539779102
0.238317448231231
0.166340941008066
0.17009888226193
0.174798992958641
0.156730251513374
0.148740431186462
0.140520659603415
0.163750817380292
0.257068622764123
0.163433794945854
0.124726674209664
0.145627773863556
0.153267953906008
0.207512788205701
0.261207846076843
0.146855354811596
0.162895259175845
0.139822205255379
0.140086408143769
0.150336691731304
0.1390581330489
0.1592664421164
0.237109918452549
0.17625060721332
0.128077302376358
0.207987170104987
0.220549259050291
0.127408095769334
0.166672905737399
0.14981307764184
0.145758363852788
0.197250559073518
0.180049423791781
0.23895119791842
0.241378375883996
0.129601601494965
0.173265455035628
0.152820886336842
0.172022064582282
0.140845804729958
0.195483904903781
0.191363062616639
0.165553884032604
0.129570561808904
0.258338485693535
0.150407248302559
0.226965384414984
0.207913484147357
0.259544073788607
0.183488156673836
0.238344158172478
0.223341980744168
0.123497757932237
0.140760228233611
0.206218669213255
0.244029638011598
0.21374376046464
0.197943927115874
0.194852297315015
0.200883880152033
0.114339179683907
0.160382624532872
0.20409136281148
0.17316947862564
0.256094681537466
0.147461514268142
0.143156131494707
0.213143889945916
0.113679068143846
0.170751645367716
0.181694852312969
0.177200679620704
0.193255154796612
0.182118036197501
0.165524270366617
0.171784132725751
0.25874004917805
0.146004375475827
0.127765976202164
0.152749438948625
0.166709006611946
0.171676208130195
0.128013002089656
0.200037618322686
0.1923353236174
0.183414110638801
0.227837840479164
0.164663058579075
0.134787718619987
0.161799327268077
0.145542148209341
0.131293104831136
0.0900944912701234
0.213557217814057
0.172641349217363
0.206583512299843
0.216017674098246
0.190464242631584
0.168339814849434
0.157676925272188
0.196613733774748
0.176826108888017
0.188920187768545
0.180346620817986
0.207588969309252
0.216037169253241
0.242714238033974
0.194403260446516
0.194060661262203
0.159315810044858
0.183798627485109
0.144645575817128
0.101087216894596
0.16916649192565
0.157142455211562
0.202813771099413
0.136121872667807
0.187908153678037
0.209249814566312
0.138900333475902
0.185482644659445
0.214808418024023
0.148142782077007
0.126679582700529
0.14777104420095
0.172224051261331
0.116730627699377
0.248901258085731
0.149886995196145
0.206137346815748
0.159412713137876
0.145701367246649
0.175123419150418
0.186546116828851
0.145966099629005
0.135139487124184
0.142111083357695
0.163298156270699
0.183922167234889
0.254944117858387
0.160083332296117
0.153600088665972
0.203630346192556
0.170742610490891
0.144928614253386
0.136512443921698
0.189763204533212
0.211611147063828
0.258257732151351
0.137907125803098
0.228275486935096
0.167681948288433
0.10809772339288
0.165125912538976
0.131690045412005
0.186592403232328
0.138233543360414
0.170402066651565
0.185913742137944
0.161071714629753
0.135907384153865
0.144521314770121
0.131617225388116
0.147986208334987
0.146874937212925
0.146013493818074
0.14223314182503
0.162531116135704
0.22359123912767
0.192115308122819
0.154596322258649
0.138696419023219
0.138748023268012
0.179182815185978
0.133723616397333
0.179126047868286
0.128908353475309
0.197001959757465
0.200122653624713
