0.17
0.0813204458784623
0.0961091940639303
0.0978676653613414
0.171272196055378
0.14004555176325
0.167247650537098
0.270068635551025
0.120425123102928
0.0785656464344294
0.121675559364087
0.156629755725484
0.242249675365364
0.112358331275346
0.0913155416306122
0.222282936346426
0.135158864391761
0.266962468433965
0.124082426395203
0.149606785766268
0.142914268949434
0.0900593569450108
0.154035579136753
0.181653677560645
0.13080011802993
0.0632852743442424
0.125955202720382
0.12122244577925
0.121157552810098
0.144075120455571
0.10137054529379
0.0763986819138193
0.119853022679247
0.132737987644962
0.100469150562453
0.280590251580465
0.115178911632656
0.110903553031072
0.143535835742971
0.218659946576497
0.111952645846494
0.158402822135386
0.138129010060393
0.0857638466161959
0.234840958135554
0.136615554132696
0.110093131301455
0.0960801251133782
0.178970880098624
0.0975205689579948
0.0797099302202033
0.113323824949533
0.0899876031891582
0.140816064318855
0.106139417846754
0.0822027793331211
0.0925512779432113
0.117696611814003
0.115416130248918
0.275597583323531
0.0914717767576838
0.0637892802183107
0.112471945960506
0.130424355307762
0.191553415151326
0.0915621765907879
0.121717418908091
0.0926367878852729
0.103432918056787
0.126688655859805
0.119386981764191
0.0904201574203206
0.150576888693029
0.180263278579838
0.197527081654601
0.162211396270283
0.0870322463937422
0.110596376866756
0.0869828821053947
0.0936728060576026
0.251449856154449
0.0912381232123581
0.120218972161773
0.118443751320372
0.148317376537221
0.120108734358841
0.136908551174885
0.100210825974208
0.0938660585929258
0.164802053359627
0.0707124598437736
0.0925454846497177
0.126086751237063
0.138800546055902
0.174167097527602
0.0956788687017011
0.0951645036283091
0.203346742386122
0.0851702342056189
0.170901917781616
0.112883209715311
0.124573221508772
0.133380756505368
0.0600430819267055
0.117611999299369
0.124152489098774
0.135065211470775
0.102736985044871
0.113167931479304
0.087407151715413
0.0689241676865101
0.132687541263609
0.174591606780274
0.0922123113435953
0.154546454270404
0.173155370558479
0.126772118764971
0.0779048231966962
0.147336768959069
0.145595791166134
0.111764212044103
0.0844792695067973
0.224864512626708
0.12805943301223
0.123019179270677
0.17284020909642
0.202011376016152
0.134027696541055
0.119333098124909
0.063177748030635
0.0903232345296632
0.171603252927319
0.121719752020715
0.218076939604264
0.132680530473944
0.103614170653303
0.1975274338443
0.0971740807416412
0.128306587961577
0.135333787513733
0.306166649299529
0.130053418872956
0.102832730652835
0.0698902254588534
0.119867333274331
0.289624916381303
0.129797124469438
0.146803838887388
0.139265723370859
0.0605546685423857
0.0715519438288504
0.0922619724904217
0.250410234114295
0.14230969461589
0.0780938659298811
0.120903652703351
0.089587429377444
0.171939969487434
0.0789636296568549
0.0636983177071437
0.143607105174838
0.185734050550021
0.0760304794982475
0.0778261371357393
0.0753520558759536
0.119160007668861
0.0898620791795939
0.259622819766873
0.186247252471
0.157517871283992
0.139937116587424
0.143447824036341
0.108855599230369
0.0836124089833225
0.19028569757372
0.168576944998948
0.18705858294701
0.136774693858197
0.132528294824248
0.122975937904917
0.0861881597524999
0.205302657209083
0.10343380758028
0.162535659470777
0.154052155514213
0.184909476425237
0.0807873307308377
0.0632253966080909
0.113655160422536
0.13588217173029
0.0593692788744715
0.186247240935522
0.231451513953588
0.118865655063333
0.0908164579464655
0.0895786589298281
0.0769094853120332
0.201008451856827
0.171146754599018
0.137451302730248
0.134278027391034
0.173823531496491
0.18319082910991
0.0665567084979661
0.0970802640456502
0.188781580472636
0.129367996816773
0.185527843796635
0.0991930486863993
0.115554880987302
0.194064974650879
0.103943280676722
0.106795989582827
0.0954796984654227
0.160106570193801
0.15012233899858
0.14890121537635
0.122312712113538
0.085541567776218
0.0947498303940901
0.0841702556388066
0.122273182355645
0.121060625871864
0.123349173396932
0.0790324723752474
0.103905683522582
0.290411657731519
0.0921247181372925
0.274465411668533
0.077448213029305
0.12136719155746
0.177796548193709
0.128499324716069
0.10656574561324
0.106170860723088
0.266066068214219
0.193189558452978
0.127893201089488
0.171718863741725
0.116373057717182
0.11260923936154
0.133116807430153
0.0740180959378842
0.0610316848534247
0.257718239741133
0.0641598439239384
0.0970251651548931
0.0903146952312826
0.147459236617934
0.143086287096448
0.124661433062698
0.0896000626314764
0.172440903215863
0.0729083675095094
0.0802088500882833
0.130411761829766
0.15858188995872
0.121861963759112
0.0650079837997575
0.0994648879183562
0.156493527757396
0.140761648049308
0.299893082302759
0.124842379451848
0.180226806880665
0.128049459024855
0.0956282809023336
0.154270482223226
0.116043527849857
0.112380883410483
0.0776608476956913
0.143695343480737
0.11221471218428
0.0766945858271213
0.0987030591797948
0.11819875859328
0.1687287556578
0.0820689809417257
0.146277269735746
0.111582224982356
0.106314514714948
0.0944423476968753
0.0631145118561811
0.0702195300220774
0.132358880289042
0.128815456046457
0.0926877406680512
0.112636437281258
0.0886022411907186
0.114774309995309
0.124113591824176
0.0916523065372677
0.294266766269592
0.136201265842249
0.107877422380593
0.179908346473064
0.16479647013515
0.221945555997007
0.115241139608846
0.133642152538078
0.206201793230883
0.0876262436335887
0.0634028592134487
0.114561142941207
0.0967334505440131
0.112176139830325
0.0899935729180912
0.0985631134459987
0.115371855718074
0.100585488785365
0.0943036572086126
0.0897786926023552
0.180554589510627
0.0997967207467207
0.0911019790954926
0.113973024227969
0.116308806686909
0.0903945104301938
0.0714199403054859
0.0782890909480778
0.127364472185487
0.153411092161064
0.155043817000079
0.268968440189125
0.0870212234277703
0.147677846075202
0.100062863568769
0.0835567573352707
0.0900616928318724
0.172725242911371
0.113932610380971
0.175080544283556
0.106886726870572
0.186578773558759
0.156805687018188
0.118453468294583
0.143560424549121
0.0867196604719411
0.106975193952253
0.126939831602789
0.0990099510451976
0.180156880215848
0.156576879764953
0.137963987824523
0.105792253523078
0.115244858512353
0.0984585702016535
0.121028178936774
0.101312381065533
0.159164658147408
0.194594327897507
0.120121980607824
0.167575990452832
0.0990269473561552
0.0952459223025726
0.116391920613082
0.133127687076267
0.15320277230325
0.0828819598650301
0.143436893071286
0.109383676247665
0.0794832776936373
0.173810780874155
0.129642020942007
0.0848378637288881
0.0981003519024338
0.0903184671244901
0.118414458104504
0.277756755350851
0.125480932497326
0.139605311576744
0.0945232966540278
0.0983919445983087
0.126506399426129
0.120369494634163
0.0678399941254161
0.0981651106083144
0.139664696242542
0.0718759899496317
0.235219746463309
0.153046721326062
0.119588806946094
0.194817860582653
0.145930860169933
0.218893509187229
0.180840590934374
0.20936586456826
0.132537609625375
0.0605216171568953
0.0972811555094413
0.142377394944372
0.0881946861463761
0.132375114178933
0.115597552204701
0.100252045238227
0.0971546223026866
0.105716211541209
0.152613290270611
0.0873918792455499
0.0783567984051005
0.113923445292754
0.0728431992124062
0.109464303846363
0.125983597364558
0.0778094408627775
0.118842485039134
0.109385030687597
0.0914507938186248
0.144139940943336
0.15384233113466
0.142353811888513
0.0938941058000154
0.124314414250918
0.161892827515258
0.0823786293138639
0.0844577872452967
0.0583359832659902
0.136810187998448
0.0950821633659677
0.131508702805247
0.140151996179007
0.177136074126421
0.0882585930468158
0.0990109858818342
0.235183646539137
0.135162373146275
0.297157405582669
0.125211839145348
0.147337397679293
0.0791836436510233
0.122535090875587
0.155564683199775
0.171747457819372
0.115648941982708
0.0728874098290039
0.118209136744031
0.128669818728399
0.122155077102951
0.164101731785022
0.0864954308608825
0.122736871765601
0.268111624045284
0.101826264418475
0.0710812200172924
0.119008083769435
0.156516158648438
0.109596908973515
0.110891851211475
0.178823888171219
0.146987980376375
0.0812880832029561
0.108127984691084
0.0807225476406521
0.101662953537173
0.115084899234672
0.0946177664058035
0.0957636633296427
0.103084117194825
0.103793768020164
0.0818781648361369
0.113687950924963
0.135721253188622
0.138747149444521
0.0968094583897124
0.220831166867129
0.149877871644102
0.111174052587572
0.140874067842637
0.121847258352965
0.0985308962415914
0.104274442938264
0.0769029354534306
0.0898889841411492
0.146763170516346
0.143464522354083
0.0900212670435618
0.0735153811525123
0.138533535280373
0.0872951252715004
0.156998842730287
0.122795128695286
0.131781450576705
0.108155212183173
0.132582715672135
0.0984951935305685
0.117117488915533
0.127335539288603
0.139878149773655
0.126607385197268
0.2043344381036
0.107877345977331
0.0838255703591461
0.0781970387449627
0.083039944047889
0.136565063167368
0.06755124119749
0.0847851906610112
0.0748521039448369
0.0687531237650247
0.203094752382017
0.122611860583439
0.113769288261079
0.143680699983501
0.110296364669889
0.124460351334034
0.245387821564914
0.156064943743787
0.128235158397117
0.143744386441883
0.191953722868673
0.0960376913419473
0.197251361462521
0.0736161445648721
0.116646897701269
0.187302406359565
0.0696456245739297
0.16217374169852
0.0817870119526121
0.0921881030672087
0.106213884685561
0.0728465828881034
0.166808198246552
0.162354664110954
0.062959694553245
0.122041857747584
0.0681139584479605
0.107005280557439
0.164664430713944
0.113934326722477
0.0769480887186809
0.127712203280967
0.117293283468063
0.229757892714418
0.146243589334997
0.131113827815592
0.096387221361614
0.0914936125760946
0.101225636520671
0.117169992744595
0.191514202712213
0.121784260476425
0.139439804937632
0.117578261779485
0.110602701787391
0.181253069553579
0.131282600111259
0.119905742474078
0.106916801297722
0.0966460162958927
0.146474926103592
0.140412758771859
0.213309409830258
0.151395681447558
0.117225966859403
0.106053542627582
0.140247102293761
0.210072112338382
0.126216579798617
0.126367480130879
0.274675111987701
0.164725659926653
0.138450421926504
0.164258302946766
0.0858060113170742
0.0899177352714076
0.136554656579232
0.254312254026417
0.193594637116789
0.215643884281608
0.0937120874621658
0.157496644303091
0.0832439729073652
0.175140721264804
0.109173905233595
0.176159012488392
0.0827697500338331
0.143477603110773
0.0979219553136313
0.104597877646874
0.15947657580996
0.11592122427173
0.131806440730614
0.177479014278781
0.103096110014692
0.125325219937621
0.167745431823493
0.127757906843573
0.124539054266142
0.108024789087743
0.0887836309557015
0.105345550128255
0.15158373786594
0.112237387735502
0.189388561594788
0.128736426142066
0.130282015139686
0.107998293895143
0.113536216995594
0.0966779430599042
0.0985043105709041
0.15621342346615
0.150699112444968
0.11323865092394
0.0650886696709409
0.103425631670426
0.108341346545097
0.118494546579889
0.083187361150198
0.0984147972384745
0.0913015024652975
0.0879888498355837
0.158867215627553
0.0988080926355268
0.0580092609750021
0.184914174230157
0.0647586449288672
0.216111455785364
0.137506233841838
0.135140200013015
0.127210908139923
0.122876245170802
0.146553707173765
0.121492657207151
0.240930795298623
0.180091905222033
0.156281753193547
0.0928066966017237
0.128956748797384
0.0963306606458206
0.101892041663588
0.115372255303145
0.110543771997709
0.112171538790711
0.180435969601021
0.149735976870489
0.117053413654736
0.147384795790008
0.080294175669991
0.0855788825866301
0.122870805075272
0.112899221116174
0.101384109164455
0.0804374987009952
0.0957766308641965
0.116526645870553
0.108480218753519
0.144924291027273
0.090207066013049
0.143513987099401
0.127803838932738
0.0913449269871154
0.177771374202604
0.113644578884697
0.218818829913865
0.0837420633717372
0.133201113904541
0.111185895402024
0.104623549495432
0.140358004243332
0.0979180935066317
0.127104644826393
0.117524963914159
0.172936898967265
0.103890918014093
0.117950838431544
0.171886154201199
0.102654705664519
0.123173583379019
0.182292162445158
0.110919611077911
0.109252240262292
0.144789358758997
0.117751136803108
0.0601631231106771
0.0909535675103111
0.0729749112466734
0.138309849925817
0.0877645346148921
0.0656685702209289
0.0960719301649856
0.164406328239641
0.102572246913619
0.177500231952447
0.220243194087539
0.0783164356424908
0.101363224577093
0.0749020742506201
0.173529888998637
0.140596664312781
0.0667298324998054
0.0900292872498291
0.0814161515705664
0.125215379915492
0.0782293105503462
0.128140861681252
0.0929524359559038
0.0786951187135252
0.0814206837404358
0.0883760889260524
0.0706726512100766
0.0810849165190841
0.102569261773847
0.0923037002777372
0.0711278844722056
0.112751990277216
0.0884299492503131
0.0807986560776158
0.107777340281003
0.123155317660868
0.109869537194762
0.126480799691318
0.0900876536261755
0.0665368935606898
0.117096134150525
0.148537157363739
0.1216161180363
0.155654473434999
0.170691735033582
0.186771481123756
0.205507108271412
0.162554163019506
0.0881511820600152
0.0957140760931817
0.0664593398987294
0.11293995726662
0.270474957844256
0.127557456807057
0.159696170795863
0.122364062137918
0.115349771518731
0.0656311249157427
0.140642288098173
0.141611539710742
0.0942433964487659
0.0800722876334415
0.119676762771284
0.121036370294899
0.120662256315552
0.0984687738835027
0.0832340613088888
0.133308866308196
0.133414271841798
0.111814912548884
0.0755514024842123
0.117366166675109
0.0962260990464212
0.111057714536451
0.113437764307191
0.0912427509684871
0.208018163329599
0.140645610523535
0.119396477359723
0.103414476951425
0.111812317132161
0.0861332353644312
0.134849108260099
0.113936758248738
0.0867334941702243
0.371296642340123
0.0914148282862975
0.154860405520072
0.12082970286341
0.0955180763568817
0.108585605352223
0.135511259853237
0.0869625232499047
0.0813384480780387
0.09999827858161
0.0756956466337803
0.0975965279906743
0.114049037973046
0.161676149181277
0.143090216253201
0.113035928894022
0.121891245679331
0.0940386871778002
0.102418216235215
0.0875205995426822
0.121784837132322
0.109411894419731
0.13510935857328
0.100156111970383
0.0733237630885968
0.0911712737514056
0.057806923993143
0.135441800779839
0.0931866546395506
0.146679087513623
0.14956512560524
0.119242732682451
0.0804478897257175
0.123828464222926
0.0628768746802917
0.0905430653232553
0.072780368009863
0.17518630482833
0.0923728165483708
0.148981536264546
0.135492169661871
0.242794939811163
0.0909869786904784
0.145070575768747
0.0920100958653337
0.114246720216521
0.175674716894387
0.108824659892268
0.0653324200675341
0.079825466296766
0.13426227217302
0.100673658514815
0.145758990058698
0.106920414066474
0.145890809816822
0.105205800993567
0.143768194858623
0.189653526481218
0.122228349605845
0.111431210802547
0.075229355759027
0.102386714089597
0.138518846453078
0.0591985684134085
0.118231727896333
0.12692686038896
0.139761162357935
0.189427617390543
0.10745805113729
0.115409925071065
0.119910661502415
0.149943094688769
0.0989257770519367
0.0843019253893355
0.132346827632511
0.0795313508841487
0.101196682485175
0.101052251278896
0.1565766286987
0.152149556331087
0.0973588058337468
0.144863086077484
0.0884803270992074
0.113926637671827
0.161325054716764
0.216453962137498
0.12232390044686
0.162171146288661
0.119353986978795
0.0799277549466333
0.236661521631891
0.072219573880563
0.19406218057191
0.109350474555964
0.141946910280472
0.0703539973278391
0.117496581320719
0.09729273815592
0.118774462712363
0.240179317495135
0.139012756168203
0.0947296248095444
0.142077102427006
0.10748944220457
0.168830698314936
0.0782861839210149
0.0988473450727004
0.0731444336097599
0.152697962091695
0.190484041531907
0.106485032224241
0.141199888432396
0.0981109248362367
0.153530671115364
0.0883040680295303
0.154066607515041
0.0914105921956172
0.0746157707042582
0.0835780610857728
0.0987631605921363
0.177408067239553
0.170413262441383
0.092657387482528
0.180985346204058
0.119238363078272
0.0823855028866153
0.11000122531818
0.0951891286125958
0.0921281918594111
0.0787313974245012
0.131089623886038
0.106354774886228
0.112555556034736
0.125293834678387
0.0824240675379284
0.0921281456008147
0.156866373575438
0.160554067578772
0.145082510921389
0.0881332685675125
0.106246855568615
0.163970468879056
0.0647320598507744
0.1188669228932
0.148429074617574
0.0887167059097709
0.154841491043287
0.0826232854478245
0.189620010370529
0.115321077666673
0.113801201206574
0.102446328771799
0.102848834048372
0.120139983148185
0.116210071192203
0.132202729383107
0.185204029469465
0.168201179140407
0.124572482888672
0.201883894317772
0.173347659770737
0.161539405825231
0.119241038071151
0.121041423295373
0.135843472129559
0.138677505338994
0.138995149149557
0.142504927235321
0.125500508384007
0.175367462306531
0.177561098046119
0.0845168524678901
0.106710576380507
0.146295361607346
0.148356234885304
0.103297232420502
0.115350648971015
0.0547847371946447
0.125001840083277
0.195971781741193
0.0991760005075484
0.122774993474029
0.103763843393827
0.0839894784519923
0.137693424419084
0.0842275642458711
0.0673002554599191
0.178935224786214
0.0726784846497816
0.190178141404928
0.236170462200958
0.105497940712002
0.0843572215986628
0.0873209979172086
0.121027468336416
0.124818367628016
0.10991690992546
0.0856366151569361
0.054407004254916
0.129476832177236
0.0842163984860416
0.214381139451276
0.0878113111987937
0.255213433900906
0.124596006858595
0.0751833964541266
0.0673808155459532
0.100615303811917
0.131090735957296
0.110232859853693
0.092222835712771
0.145803904085202
0.104978756538069
0.259846859474912
0.137756767110538
0.139237491386793
0.127916900846464
0.15985205604074
0.140120118992325
0.10760767893534
0.0877699111957443
0.108409078009861
0.113020991446654
0.104400445356593
0.12678043903702
0.137483634082068
0.121898316770818
0.188593958757566
0.087618726186712
0.138858342389533
0.0684159319614706
0.064620181028866
0.107843188740272
0.117052290343396
0.113784769221469
0.185335785421694
0.0784623952324795
0.103889439969632
0.125062240310325
0.108299534002766
0.0888967000862226
0.178518884012235
0.0862126481494149
0.0848733366203536
0.10781358386348
0.13750710035705
0.0736507031370137
0.103744042690654
0.093702101542544
0.110347183194083
0.0766029290226179
0.108386519920779
0.0960488788432081
0.124283386245643
0.130046122214221
0.0781913221051977
0.0819033061939431
0.0803924106709767
0.102893755446579
0.0970994545346124
0.0719074502607756
0.145001244743156
0.117967505558271
0.149895248815514
0.14838606816623
0.172441111252584
0.139513832386338
0.136512098530417
0.0822489410267377
0.130876432671217
0.102308150189271
0.150045873761891
0.143006874634401
0.100064158439476
0.0840211184038161
0.247964160856093
0.208888496935576
0.11597175647042
0.0767875988429859
0.0815098170772103
0.0889930465309335
0.120589847912914
0.158759102117195
0.176878018528881
0.137103105012652
0.102636624158888
0.117713147807298
0.100375523136897
0.0793221213558763
0.171117878884497
0.0955678140030777
0.0905208183744444
0.137601327595325
0.143204648505584
0.0618361413499665
0.136830134954154
0.143785937409115
0.129656957884009
0.0742944265184015
0.131104815306709
0.240809148665143
0.108049920406943
0.163528047528105
0.112792674084979
0.134279510924263
0.118034892069683
0.128738815571789
0.0963041892097252
0.0925892521757373
0.0625334886769667
0.135585611974256
0.13220321231903
0.0801608046224864
0.0905954297982781
0.0616195710577299
0.0726393283156765
0.122345405896633
0.104976892554865
0.127959882418221
0.163644910605263
0.130814937954117
0.100897229451293
0.105453861094371
0.126731675359364
0.10006557550385
0.132051498857746
0.219166792352829
0.106377098196583
0.0984634941918504
0.0993752650543641
0.183275020986999
0.129754653526435
0.0748204908770328
0.0740291932596846
0.178480614255358
0.0817411793793685
0.103040781489397
0.110532926478887
0.146289361084584
0.0959338660227472
0.116788151635221
0.0920328435826998
0.154351013889368
0.147310689901627
0.108781610028931
0.205136712955233
0.0854761463300935
0.0965034107345099
0.175016955260433
0.10166524534305
0.176556973422913
0.125801250320138
0.133872216676238
0.111510063833419
0.116742938162799
0.277364876295771
0.117407826331186
0.0822170204274415
0.0858807706327874
0.121829077946216
0.120207489627405
0.189207983770191
0.153179288022957
0.0966789099478906
0.112301455774061
0.183647196687288
0.210737866928423
0.140266631538408
0.136549342509112
0.125323601282685
0.189143330014475
0.156962927896132
0.0843008759090887
0.117958892297537
0.121620370610655
0.140897011733478
0.0663867318831048
0.0906263271213519
0.146595870101458
0.145243359270043
0.136057464643851
0.12558057902294
0.112265036924713
0.121276826434288
0.141294903125372
0.101136166631765
0.0997460843478606
0.112140186692303
0.130069832843693
0.0822941769845031
0.0879863545801664
0.140880526833849
0.092625776336235
0.233760861218756
0.190345231350264
0.139101478319758
0.0684908998780607
0.0790316426221742
0.0774622916882217
0.129833224121389
0.0880442279849977
0.153071155844679
0.164045477030644
0.100979681362998
0.0883147708409465
0.182384746586233
0.131285275985686
0.0697613499031509
0.0665821721555721
0.0983617402512274
0.0928129657459555
0.0876359229601981
0.0814133729980785
0.135381362924309
0.0799444226259621
0.0811101806228609
0.0963140738456344
0.0964545637416251
0.144324699809879
0.205464897739608
0.145184739680661
0.213957252887919
0.130175440103048
0.0911548587862967
0.201122801444074
0.139619865013045
0.123111665093133
0.0788535786960918
0.109933613972693
0.215697702612284
0.0904223629423771
0.110197426939187
0.08076680298023
0.12166405698344
0.155925351052999
0.0827107807191138
0.096741696657979
0.0987382891154627
0.0748981639677065
0.178825470969411
0.0626540665252062
0.0646875722311485
0.125810086635633
0.0680293991195076
0.161885053773012
0.0870974051881211
0.0938670969454344
0.162091025007336
0.240850924064023
0.184004470622672
0.107237557563173
0.122314337734379
0.105235049902345
0.0961725107802114
0.0899601135771891
0.0858882228336318
0.231719220391877
0.162696237667432
0.069578917687013
0.117731024058098
0.158877505958292
0.10523690909893
0.175625575897088
0.130131460749115
0.226913290494224
0.180115007689449
0.163839476501417
0.134118092119723
0.100600892339497
0.195876669900464
0.168361513142283
0.128950188565812
0.075043615067459
0.0952008152368735
0.11851697053903
0.186092867673031
0.129116506387899
0.109381835783958
0.137076810849417
0.0850480167982542
0.136365707807104
0.169946175013258
0.133266408889447
0.255333498569866
0.0653963438750477
0.197523693933048
0.104579102739896
0.11122341951543
0.0837853247536078
0.0915725951652202
0.153821326272327
0.140832013316338
0.088730687172683
0.108778558131886
0.180687027080029
0.287567724511761
0.159408879290464
0.127704522202056
0.127051061111532
0.121414054175837
0.145384542874707
0.162196884910764
0.207657440941444
0.0959171701759608
0.121031974772137
0.193150604543369
0.0637614612503886
0.102188305578176
0.21765424585937
0.12015767778944
0.10645811075077
0.125465944862951
0.0703126217321429
0.096295427973001
0.134126062777129
0.121144985853224
0.147434788309115
0.213807011413826
0.058467906714199
0.0896534922606946
0.071465209457366
0.158890051106001
0.0831035512487687
0.135335271934498
0.0828211366635893
0.0986059655335678
0.0747903209525101
0.14593279204682
0.0975737524144337
0.0816798200826428
0.140115450277505
0.142595980208328
0.14822159103916
0.133543765406824
0.0977511636857745
0.125047031578573
0.117821408034696
0.122624774975128
0.169737206344304
0.190268209300442
0.134560842387602
0.14065816206544
0.0969233237118573
0.111854556761762
0.138535610384142
0.100089374243061
0.0848517306901192
0.0942846056649708
0.096415549474074
0.148230322969636
0.0674888233293573
0.104281560082573
0.116626256001628
0.156872111131882
0.0933893977839821
0.0556829539489942
0.121002841219511
0.109878775414915
0.0735506053875493
0.110076439725526
0.173911669938996
0.0797849065627173
0.174187275408424
0.0853819085653563
0.146119696019765
0.120479805318207
0.221503719168535
0.0615509522507053
0.139061851609621
0.0686376269968282
0.124781188206051
0.09936798027661
0.131385323637821
0.135178698313669
0.155100506645986
0.159879704425253
0.151572817699492
0.07174963626783
0.123908198528468
0.145627344406557
0.147268016633526
0.1170964390167
0.182299112113382
0.12367490331144
0.17248207347294
0.160419952900214
0.0999502331930983
0.0863683323006383
0.0889429875234166
0.101083359616586
0.112619614378116
0.12401222867018
0.0906635191491671
0.113543645336654
0.0876521960655754
0.120602668497395
0.102189066468657
0.142191656816999
0.151881380019016
0.163305735604459
0.0885384306648547
0.130588197583951
0.0750786559741268
0.126081601712532
0.0789461987090783
0.105568408980465
0.11368315587576
0.132642745494536
0.0980252882890791
0.12833890388
0.137807832054242
0.0790656337069101
0.0937861532815012
0.132706218061335
0.166327194163639
0.0884474283742687
0.087705704887221
0.112144293090715
0.0752507644442284
0.120327445111636
0.117880592389955
0.157543001555022
0.143429429151508
0.131706377368709
0.14409704500979
0.0832293616079885
0.23051450858393
0.114450662006438
0.0986708657834842
0.208980535861901
0.107202152714866
0.118444470204353
0.134716236007496
0.155726159432267
0.144724975225777
0.208062756952303
0.205439762315905
0.149944724542558
0.110940352110322
0.142187693926466
0.073125291217721
0.0922936417104867
0.0912312667843862
0.241248386760791
0.124509404829783
0.17371986114652
0.163055494610036
0.0962765404824468
0.145890108142941
0.106278795177552
0.144771347016816
0.192809988837633
0.119352904050271
0.152520319126115
0.102275333116525
0.135709525734181
0.136788880367364
0.114303008190795
0.12352370799168
0.116204670613826
0.126016908033734
0.180258528180766
0.0849776454672928
0.125477939869384
0.156765369809582
0.0858236352045293
0.0838026844467226
0.0779745616273193
0.0886972130739479
0.081321196833339
0.0935344822922555
0.0877690758142895
0.116064390829991
0.0882193890384504
0.0798330321446902
0.0699148123521008
0.117061737549061
0.15261125992498
0.0868012057523906
0.179414659918439
0.132943718503916
0.118792227683641
0.192274220161808
0.150735215022751
0.120918705062361
0.135292263610184
0.118992368041917
0.090654486307181
0.0773163037559318
0.113182065338378
0.0806197179737824
0.0914266328831541
0.114077571509109
0.121109030674188
0.228881193826616
0.123177325434807
0.0803670870516753
0.0787383586508369
0.0879637636997193
0.0854484952034001
0.100033157123281
0.120243156648888
0.119021550430722
0.0669137643448518
0.117242457982844
0.115104666307464
0.170526269219629
0.142175488240776
0.0922439045964613
0.235051988515455
0.062731134551337
0.0823249292293838
0.0783745078392652
0.102154903891109
0.142802427105313
0.0750549019779394
0.145670532406655
0.21149604314411
0.180278787572643
0.167351392024466
0.12516396986278
0.0756797936993616
0.151300461954072
0.0738274865471168
0.115531113652133
0.0966454534199507
0.129694905289242
0.116337852350617
0.0845251353798809
0.179797361305324
0.100138274099663
0.0812850562647442
0.063383807737652
0.0920456813843318
0.0774674131023913
0.101731971492996
0.102752119098677
0.115539117630479
0.0878920631255464
0.144325959391575
0.0684521478498404
0.0960097721337447
0.133262401274267
0.103165017108482
0.115590867715134
0.248033649668068
0.143935903151586
0.106189990617865
0.133827670739192
0.074168823272839
0.0830413839490585
0.163223901249588
0.117483641203496
0.123610224410364
0.103776700923593
0.0833704376924427
0.0992580945663971
0.147396412768162
0.0918035967493385
0.0847961205892967
0.0948528940789515
0.122450909223311
0.167255283821661
0.0960745982146877
0.131917341801303
0.095271974677617
0.147009474834707
0.189253238321083
0.0874744964877366
0.0934316594737794
0.0796511485682214
0.155497097976991
0.104045276815411
0.0879477490525276
0.127473252424866
0.0900996639717237
0.096632693334688
0.120225414957635
0.110794139158488
0.0854464661388728
0.11110956680486
0.147679081328122
0.175199830557384
0.181758111748935
0.147142057282365
0.122068547574508
0.0959751183349476
0.0561520024504719
0.0934792044874372
0.148859341377417
0.256407565322471
0.0885667497175048
0.129842413224903
0.120154415240119
0.114074423914224
0.163393082055071
0.134511774494045
0.146096190933564
0.147121213946775
0.183264202812237
0.186571170203478
0.122492536603214
0.166196477461502
0.0861758754607245
0.148851648025154
0.116314599056662
0.133876319819849
0.0906279470186524
0.11782769168996
0.111442279887226
0.107783087366319
0.0732517121216756
0.0700341944728194
0.155715299418571
0.169314239321467
0.151905545449056
0.0840975728627289
0.0950949097109943
0.0951592479832271
0.0725269466879853
0.16465502828745
0.0645893693581607
0.0999916340326734
0.105822985754346
0.257030420499816
0.100238669154119
0.108098979209107
0.111898888640065
0.170722235986199
0.175490723198608
0.174639864687399
0.212852889986611
0.0648015234105084
0.176066773186816
0.15977651768955
0.195640520427397
0.113448904899807
0.136687182099955
0.0846700494031489
0.128995388345007
0.169841770458945
0.127117001821732
0.140941181249137
0.135756847062012
0.111775215025905
0.0896273270455209
0.102850121001153
0.209649779878493
0.0851884531362724
0.14879976603807
0.232512638661487
0.0972313256207484
0.127508584304469
0.181968068277026
0.158755791316686
0.152494061817156
0.0760010563578503
0.14728671454756
0.207711343179499
0.128713667239692
0.196411976236973
0.130914167237305
0.0879427949176441
0.11813376149344
0.0930899053141519
0.212753688253193
0.244255493771931
0.0903412160197276
0.108069193348428
0.079854210480613
0.09705516954942
0.0778568389068616
0.0667742554272118
0.0920890700120421
0.182422143255314
0.19583989714745
0.157623484517977
0.11460912050314
0.0802669061135938
0.0605285307972606
0.101838787709945
0.131899437630135
0.178461351300752
0.0986994313437696
0.0681405229444848
0.115645150558019
0.162520231017724
0.0940388098211873
0.133609059094118
0.0597847186321786
0.166326051710341
0.183500555277027
0.0942065199712134
0.224174677500456
0.221515450860857
0.112844420283695
0.106083052930395
0.0641408722083925
0.107347370798806
0.140640515029795
0.0963474903664014
0.0845498660109914
0.183487166631435
0.0985858633483972
0.08957483858882
0.111788014374162
0.132168683768055
0.0911970874390592
0.0867603344835245
0.123672175688272
0.0608466683535604
0.0940304067589881
0.110521770159472
0.166580547127845
0.180849249209928
0.124059519794171
0.171979465934327
0.133514489460794
0.113521916750917
0.0981954161995085
0.0822052934754273
0.140033056429736
0.0775792579945026
0.102086544427183
0.122841747574359
0.114922223158458
0.196108822194522
0.122733118857914
0.0854122566866634
0.169525034494266
0.104208718007756
0.145108129803818
0.219687573744934
0.088509661155546
0.142405075250054
0.316250615559249
0.247881284213244
0.117484379791304
0.300285147505145
0.176711243420461
0.134695003072818
0.0937871693644891
0.103544400171127
0.120377218478264
0.155080857510219
0.103652746559924
0.212066705999157
0.111495097705703
0.107634172647506
0.147273682039166
0.14994452301412
0.0705130975371169
0.104883674585714
0.137874678575494
0.202199203679527
0.0778123288510101
0.129567921917293
0.15629766601623
0.206920234523286
0.135254339032986
0.0721380199688648
0.109629201352151
0.189236796092345
0.144849776536613
0.0797305447160885
0.117235644543792
0.140352080525615
0.0863994462248825
0.104899182117874
0.0693898874363171
0.116263667272743
0.153892479170144
0.084250072127283
0.128931663730303
0.138050153270942
0.110367559477852
0.0916613305285942
0.225483718859446
0.0701926411108995
0.147405711154835
0.153836306846507
0.112150278469344
0.111756648396566
0.0928782434055654
0.0792755115291802
0.205822682943766
0.187037883105437
0.162792385383734
0.104767062782712
0.0592928216006864
0.0737361314815241
0.0751097069276706
0.200872014011596
0.0935200045350639
0.129583103421255
0.110794039697359
0.0863172123208879
0.127761707952128
0.186187435557899
0.0885051093403481
0.0910098477465498
0.11228950889242
0.106543264649005
0.100340833815272
0.0991134150522571
0.216940464925507
0.111644604645726
0.0762702466605192
0.165190399683611
0.0947937696356379
0.0777535776902094
0.150540327499583
0.113066780632258
0.119688712714514
0.109045888542696
0.132031439045525
0.228176310985922
0.149262845679915
0.207255652578521
0.218457708044112
0.239441432832292
0.0991373037430113
0.07644174194277
0.111025097517305
0.091794731537087
0.15002562598131
0.0968504598371745
0.0947534673174789
0.169236214933596
0.115264696635432
0.100275286324204
0.185604544970997
0.125502487290168
0.0946335955274797
0.10014633223969
0.168165901061257
0.181976622704619
0.103107671013615
0.0856813992460684
0.117305943591724
0.102100381381131
0.0794334155398129
0.217202730920889
0.28600319806357
0.101687819471929
0.127633903071317
0.113278808311511
0.194295298922717
0.15852128742816
0.0975500487237789
0.30477543658896
0.135703814997831
0.190215280402765
0.153310811030925
0.1521274869247
0.0858484478741287
0.0888992597942213
0.0804796585439426
0.105720190227053
0.173188235328222
0.109513064391288
0.183499953948578
0.123464779498372
0.131538734953698
0.143531427651978
0.0815785690241358
0.107749937352796
0.252716176122927
0.0819879711977239
0.113738201841305
0.143988003206601
0.170144648753078
0.0987835058509345
0.0917212838673063
0.0883734250494028
0.0702426921284911
0.12069996862469
0.106543549978747
0.158797981427876
0.0922368403090826
0.115520830865681
0.114964912032719
0.104773452347208
0.105951125645252
0.0761226156785263
0.1239619139553
0.239458408664638
0.0746668656589381
0.0828236535653002
0.140470262213811
0.176620281362707
0.0934546632231231
0.0765217666175253
0.256961464431655
0.150280492079307
0.173807137513759
0.204624246808245
0.0731238758782447
0.154386525287285
0.099082403713039
0.209709417897048
0.132846901589054
0.110274015462288
0.0954829342300105
0.102003026531118
0.133251415509783
0.100396598236822
0.05836321536795
0.109684697478533
0.0989067716194967
0.222811808188951
0.116111502720267
0.119125550887118
0.0831446082348021
0.179655983540725
0.0710974070042602
0.148242802606895
0.0937605666355799
0.104745935013764
0.119473215364665
0.133730635534217
0.268999458114502
0.0962883471426446
0.19290180999883
0.117424131853484
0.13338974351086
0.0971494830017299
0.053987320584614
0.137371111510354
0.0934894774419575
0.0602573277266204
0.188031332258494
0.0981329797261803
0.0665646676155746
0.06011190583987
0.126360005418884
0.139753419223815
0.205539181697469
0.107366112540475
0.116971027966076
0.147039878411777
0.0932231905301909
0.122850954374403
0.066148308962021
0.107213127042362
0.142769542859584
0.14213053277552
0.106411314129555
0.0997307289480784
0.159935468843594
0.0876399865642091
0.140938581071995
0.100501611099816
0.145977419279758
0.180543906780082
0.134719447223341
0.0806252037413548
0.0775767252700522
0.101617882985827
0.120956274863597
0.0636290720496552
0.1743062184402
0.0891435695880371
0.113169661106393
0.0959249242613498
0.0922495641443445
0.109391392072853
0.0745849306053979
0.104898986418106
0.0895778419633001
0.11518031657826
0.113800447780667
0.133243046955764
0.149592097596687
0.145683659294582
0.127417627721113
0.0917043255958679
0.15292529251306
0.158831140740266
0.0965975358774236
0.157909500447852
0.175820914305845
0.117368538322757
0.0836070598020676
0.0648903495250421
0.142614643778501
0.158070874624231
0.0934732865836988
0.0783417400357067
0.108511331257036
0.123888557293333
0.161778284948837
0.174720630186086
0.147979650132134
0.112207709711459
0.101085658674662
0.072248154581974
0.1554292754556
0.088623958501967
0.0570809362182619
0.142577447104165
0.092098430535922
0.079012082786531
0.108126682537499
0.0792298097385453
0.0794172630430291
0.102464545504893
0.0766783111672964
0.110811419145899
0.160597807509338
0.0864835700660554
0.100449790671215
0.0966705385766922
0.11191967055308
0.142633737620376
0.0915949131607557
0.0967837607826511
0.0726469729141687
0.164809366562246
0.134009174354934
0.121421228985336
0.124855497559251
0.280911931278181
0.129288256125044
0.104056969900822
0.152783430444618
0.0922876092057344
0.232319388066141
0.126742163176233
0.0719261928859466
0.105417046838866
0.0627554240172351
0.169345420044814
0.0971137501995152
0.12393091428345
0.0740563550744996
0.133461198455741
0.0721464047715451
0.0951253223458195
0.144194846065206
0.106799819226293
0.104460423474496
0.0709638146102793
0.107751802398285
0.0993914029934033
0.0834775187210286
0.144093098822973
0.0886493553636751
0.122079641145295
0.135721666923159
0.0991542034721734
0.104869101944652
0.0968315409252451
0.154461936764127
0.22464856797037
0.0781230751554956
0.181782309143131
0.116690941987461
0.27127600624872
0.089429987848534
0.173000639822352
0.115950327759465
0.121509942934624
0.108500970909389
0.0993085883116535
0.173147376727929
0.0949101638325888
0.135549530084924
0.0618636853343104
0.155689479170127
0.159003222620393
0.147096028324438
0.148139010579021
0.133034425800279
0.163092775894019
0.141444519118901
0.093163719111923
0.227062962524971
0.0802099603770429
0.158383400135351
0.155991086665617
0.0844514934320216
0.104590975617878
0.0808110331535195
0.12061174663597
0.133901214791427
0.121212927721131
0.0805823247397488
0.0597581162001284
0.224914193162682
0.0939001718451119
0.109269632388588
0.146917006447507
0.24210515699568
0.123427840179549
0.0961120591334877
0.166698684965987
0.211460635028979
0.140220993888411
0.060347624292584
0.141089669374738
0.139390529480723
0.0707483333554086
0.208380472533161
0.121983062461813
0.119465969413757
0.226234932831958
0.0972056888129184
0.0978414638223335
