0.17
0.119775282921154
0.128461322829632
0.136813742703884
0.14821160329334
0.164476165154512
0.152889352687711
0.172239032371462
0.110811782384903
0.0810239459986193
0.107443842230447
0.115498461926613
0.125624964972379
0.145030225862853
0.107861457202287
0.158934281747558
0.128591711673214
0.128276800274261
0.115909680192894
0.145477797411206
0.0824682634553778
0.136618735119898
0.144229923325339
0.0988756038099735
0.134789513289311
0.0939781251102217
0.137603296452808
0.118805599860422
0.150321688226796
0.115564271960549
0.153605275588122
0.115834639527529
0.100435009520478
0.138959654515744
0.0981236109203021
0.133028435079025
0.124681008464149
0.114108299693107
0.0959373695156036
0.159635516514624
0.127153462903457
0.0814251257918533
0.137044282096481
0.110026780538759
0.105500091962028
0.0965394968387962
0.12453081870516
0.125871099094508
0.122006964828739
0.102779830137823
0.133153673713699
0.162948647018416
0.129319247866133
0.101629621655285
0.108616297296242
0.0754053268538372
0.14455297046613
0.0932471800732272
0.128505538809783
0.126881443908798
0.133752258595163
0.137548831455692
0.0940434266480416
0.142124738293751
0.115153578386497
0.139235320089401
0.115803495353078
0.132861561674266
0.0987104543070734
0.106644690058002
0.11745329063805
0.139459803472901
0.0843079165252704
0.0990815378824554
0.127701828388901
0.134250770158905
0.107582763764109
0.160885141148293
0.145653844953051
0.150052948548177
0.147472499141601
0.134173710211349
0.105606910687889
0.0977441638342599
0.124230056811671
0.157858705182142
0.178752665488218
0.167134715393726
0.124812788949959
0.16479035805406
0.133754265549819
0.126584284885821
0.162314732483978
0.128981888364678
0.112750656862471
0.15035349171087
0.1186745814282
0.0963962319018457
0.144673573228797
0.0997353248338121
0.134978154689785
0.131908740055787
0.129489439836733
0.107578939800652
0.150016627639966
0.116533870533068
0.172896408101009
0.127779851108925
0.100868171803992
0.103286984154515
0.136510535225272
0.123213798805231
0.124685106277343
0.167360931396573
0.159592588207646
0.122502967258221
0.096036397719363
0.0880203821918896
0.156313680945926
0.15235139820747
0.118230296582872
0.0907378892593912
0.129547187281413
0.114697970800646
0.12386484143171
0.11716901519595
0.131366924231617
0.115903843166791
0.119828672662444
0.159270009825589
0.180930889050253
0.1127097686337
0.146034150096538
0.122663338082122
0.118499185642942
0.153875226156846
0.156390313794533
0.124897307550361
0.141618557844751
0.0843245213222579
0.138211737615384
0.140625035943038
0.107749996005028
0.0735252994450935
0.0921128647299017
0.104543221962114
0.107115768941571
0.106029568680878
0.102690138002916
0.145828800079441
0.133665548189351
0.113321546938728
0.103905734917929
0.0975928350340348
0.0659355664648467
0.103470019289904
0.134680671368536
0.146564460277516
0.12916905255222
0.143926974368668
0.16050462459884
0.10839578529532
0.129307223246868
0.151495043546464
0.131592079073234
0.106256483578819
0.123247263064311
0.12831918359128
0.130750943935896
0.14159279805418
0.153915459119921
0.110882428479391
0.135944217667499
0.145032436026351
0.185344417921736
0.108346862066533
0.143759722508068
0.181403581001084
0.175467085358876
0.120184392045486
0.106326150621961
0.196349649659469
0.126621469678223
0.18799869424534
0.0834307760430255
0.116917890200441
0.128792009090873
0.155550956211531
0.171313464994139
0.141888803050184
0.0822444480237654
0.12548756827976
0.150691048000182
0.180057186938157
0.176424136938602
0.130536709656987
0.128178538942663
0.113458308429226
0.1646169485968
0.176269150509952
0.115177500255049
0.131469798174651
0.108786276853813
0.120552310083012
0.135825719528876
0.124577360252907
0.109430451064487
0.10925346496509
0.081537152715815
0.116372492952085
0.103831569280353
0.0990826190247687
0.108003432496175
0.10552905058841
0.0951977790965968
0.136892121978961
0.166647584306724
0.146531442814806
0.137195361850208
0.14400261464345
0.157645016188642
0.110297283401369
0.133768047439861
0.105061292851882
0.129826666250811
0.138623625104675
0.135414688276592
0.149896722069755
0.0918357912489197
0.115207082608567
0.0979905854362401
0.174064577593306
0.107135923606946
0.122845790972165
0.129161739346002
0.103726576868164
0.109198272395343
0.100471662464901
0.0875001775070459
0.10357184146663
0.0791410867515282
0.181348628659801
0.108079870321435
0.121089425665689
0.10366829421287
0.104927636813517
0.135495165163288
0.0917640173078712
0.129287090001369
0.112896732441807
0.145630952712099
0.130691672292188
0.108830164271412
0.137197881085563
0.131888016300843
0.105182324103659
0.128527823867348
0.136244899248762
0.13021401242236
0.177056394828717
0.156393677937402
0.161184311804389
0.13689289195694
0.0962355804502723
0.12127315420129
0.123334032809627
0.094294162688894
0.163242742932117
0.173849866987797
0.144842104406637
0.141685129875499
0.146877470130257
0.117214234188586
0.11218232524502
0.123937853031249
0.108344756067515
0.117354392181124
0.147572652969369
0.140261471392632
0.105764648726644
0.167976492685646
0.153877872847285
0.124554016113183
0.155874689794502
0.110858604920381
0.0947681512445002
0.134866434153736
0.130068841719393
0.11524781328287
0.0985864736357155
0.118887524869646
0.131651262718608
0.090969162016159
0.109987046661261
0.144701442452281
0.120264811571333
0.103034188386624
0.0796981672626395
0.117196498719007
0.127226766461407
0.126274821697047
0.165199295822262
0.0992433794464017
0.113808027236579
0.13959943552266
0.169151454462574
0.159500963151119
0.0981556964619827
0.1460774687616
0.113916054258527
0.114179178177023
0.140900286600131
0.11312903846697
0.087805960809825
0.104185377794838
0.147496709910888
0.135932839779754
0.116099206639664
0.123472153304649
0.105321626925767
0.124720077142568
0.142317748453573
0.0962472766600181
0.0912733132145432
0.108939939726747
0.0968467897695622
0.131816110304254
0.114368855560677
0.110685395578035
0.198286518480355
0.164927324423079
0.123035427655305
0.145328728930036
0.167206010132307
0.157213441885723
0.0982805340518022
0.138203103253569
0.125638510022773
0.111899427310852
0.159971897486025
0.118861639131252
0.128331033048956
0.10698260350731
0.140804105818335
0.150240143874583
0.117597402748999
0.0993937768030441
0.110822148548859
0.133084565862903
0.128107631581965
0.151481060145808
0.165248668911638
0.113189759050103
0.139458492348705
0.14679188590301
0.141523084239795
0.103035989436329
0.139823905209737
0.165562109525992
0.131528246098746
0.14237552810862
0.112969719594834
0.126101847700884
0.0861247140871325
0.120892530327965
0.124471820194052
0.107160127782391
0.144297508555739
0.112346438451237
0.134972461989295
0.119224910671278
0.137063717040197
0.119455007799276
0.158846219868628
0.122285610929822
0.0884506033427761
0.166041892582487
0.149816284236166
0.172791915908123
0.182441678803139
0.155753181065082
0.0944126466946885
0.0962339208769605
0.144680646533366
0.110782805747648
0.161397666895061
0.11711971960566
0.103239303022469
0.0998935214096488
0.111143255186243
0.125307510471148
0.111708776857127
0.12578278338673
0.0898844780044413
0.0806585440208945
0.109497669523498
0.0990331532969566
0.133400599734158
0.154581551626175
0.102954627313693
0.11479436507618
0.122697941672188
0.0936682994967817
0.150519227592029
0.172867812198167
0.12465518075127
0.147646195774353
0.0828983864431347
0.117634849630097
0.119953336633721
0.121225111386935
0.089790886238511
0.0951518325505665
0.126651232081885
0.164405640386482
0.114542300745815
0.159949249822494
0.121223410490297
0.152174723556242
0.12930837118837
0.104713325941508
0.114667015970404
0.166271032316304
0.118052686219664
0.161593076991841
0.123761955836127
0.134855827411825
0.143433282962433
0.123527925434484
0.133972330740261
0.125458245981516
0.118408736558964
0.16455298289458
0.123054473494251
0.165440179120737
0.108473840852647
0.138474585131691
0.137217743478957
0.126008239740129
0.16840052276935
0.0986326093734114
0.123039702735572
0.12381093985436
0.139826650804019
0.152513561331679
0.128844414251015
0.156545886208837
0.083319635511503
0.113213105360693
0.13468297618762
0.167727845033741
0.141861659930514
0.162508401279239
0.120744340537217
0.155755057273421
0.179357326069963
0.177306629142748
0.153464570309031
0.113327143175189
0.172202220477862
0.122117786991632
0.0867240574941509
0.115416853038184
0.143277956429547
0.135980021884483
0.145975425542487
0.15594367695326
0.135399147167234
0.135694981316292
0.104775231290964
0.128537706495076
0.148317324715985
0.111157617190843
0.1046978428554
0.121783285288991
0.119724891062726
0.134935654012631
0.168365067805846
0.117971976530583
0.166276982699219
0.107300026799326
0.126870680766191
0.141440810425348
0.139086362096701
0.129216977323648
0.0990085457091597
0.104711956629731
0.0889576477158649
0.106022236729904
0.0906170480160528
0.155494113580077
0.114479640083763
0.100290395187116
0.128417539037539
0.0859989246211144
0.117826855083435
0.149760090007815
0.103845813274908
0.153403564044187
0.163203065820531
0.100869322901003
0.0862228322369515
0.0843171101593713
0.09969715372331
0.158277297398914
0.116517580544356
0.11782818122254
0.118633274650333
0.175328377953541
0.186303092069941
0.151813545925745
0.123808239089501
0.135252351194622
0.168007087024789
0.0970502181278262
0.120635243635366
0.0948690380607344
0.17463538641767
0.111381098391605
0.117287517679784
0.121262539467598
0.114821947039789
0.110513860269535
0.128739258802121
0.12069815383337
0.127616842750534
0.112183081144711
0.0893175563108715
0.090136736480791
0.119525568845659
0.0901274243790515
0.0999757678948443
0.109033860561681
0.141808638645727
0.142016929492148
0.127522033737697
0.072356840958586
0.110836037102558
0.125344235309192
0.14310488639112
0.107788876578023
0.210464447624266
0.109244375770933
0.147739059338366
0.146704843432229
0.146644335190982
0.150769987066962
0.156274768810634
0.13032710152988
0.123763304280931
0.102493691102325
0.0991279678098562
0.0915145906368946
0.117275320304792
0.117198184742809
0.200000345903959
0.10051117909943
0.152713844495941
0.0992928676597606
0.120334335883062
0.150489487261282
0.147611123428667
0.124822645254953
0.0849440192077902
0.110505321995171
0.13157684294696
0.0803187870374486
0.150854729283376
0.174154059148158
0.125823334822124
0.158806517248297
0.141242613056045
0.170193778157606
0.157186854047592
0.0773641999576451
0.0914456504944624
0.153517542309297
0.102895078942276
0.104190401920293
0.117170119698725
0.121113334856642
0.147701034584745
0.106500540598349
0.0867222123402174
0.101014235638451
0.132069463229647
0.162628017561176
0.135578506553888
0.138159460189412
0.120873716825513
0.117204372750717
0.125612104283698
0.118538262989929
0.143892148906568
0.103121415177777
0.132538494622599
0.106497902051858
0.13128336979077
0.120014777567534
0.0958162809005987
0.0999753605950384
0.117271128927585
0.101233578359024
0.122102628404481
0.169846064791916
0.0961434231220508
0.100822548657632
0.109377462022343
0.159184756139478
0.127751293536838
0.127827700428516
0.16099413603138
0.172146321335721
0.128486027460881
0.14455554238225
0.119035537019174
0.142084652772705
0.10504491006872
0.155992863597956
0.113426072803128
0.129374902116549
0.131073802583176
0.113920308432207
0.150897741146094
0.131428022559714
0.0882804025119903
0.12372017920135
0.167235664402829
0.127290591056099
0.161958499871144
0.137646757700526
0.153643835156422
0.110102435425999
0.116591544424617
0.119205936622409
0.0660358738506709
0.149443183124562
0.108061723262866
0.103067976539726
0.175325748965136
0.161661504917272
0.097444537725753
0.0771760316741695
0.066618606905084
0.148332161674038
0.137784804571512
0.118686263705724
0.128946207390509
0.118877197581677
0.121491593215567
0.151225532665868
0.123366717182144
0.135997292362158
0.141659356860933
0.142965801643327
0.119736790465251
0.154074851748443
0.114036977796271
0.102636613728306
0.152785699873518
0.139760400858727
0.129123866364999
0.108574041002698
0.143520635041358
0.124794756135791
0.106679641836316
0.0994731521148992
0.148296501580804
0.083900936572342
0.135381880319747
0.171844460029177
0.141399247589779
0.180652517437972
0.143482937440744
0.11524919757613
0.0835095176303861
0.156505889252922
0.16020205019563
0.13209888697895
0.105501495310361
0.156537646586259
0.124062683133304
0.149233940896527
0.0976977454499856
0.118621280661964
0.127074042330114
0.0955468513479768
0.127139948299663
0.106954518895652
0.164941328156344
0.10971105856649
0.129631057941218
0.103248531008898
0.129914323426804
0.103302479678707
0.11312739420577
0.139761407305251
0.114857844802047
0.080496768801912
0.143996157844633
0.11785334530273
0.10454492741745
0.0915358421525726
0.104590069568881
0.0714852929790815
0.125852903771171
0.0967169944473936
0.0942659504341446
0.141967919777729
0.12253531665031
0.169261132307941
0.123446308567527
0.117998952959123
0.1354990750937
0.0982901810986751
0.082333411413695
0.111280322987518
0.113415492690992
0.109370386509924
0.10933894103202
0.0827296358440285
0.12918962236222
0.0966618157193328
0.0907134397200395
0.120751504668157
0.108393582843455
0.10302728146271
0.109868207674651
0.10615563706774
0.168060366979081
0.111388946367194
0.121538739008952
0.134277873371052
0.117469344513492
0.106757014980442
0.128571036571425
0.097397944279684
0.146339846092318
0.114236768281184
0.117349102317364
0.157703826478674
0.105529553092998
0.127813184342621
0.106288382515204
0.122937906460883
0.141051849912799
0.11295303625906
0.132862951499541
0.095524302653735
0.125400942003053
0.178499379976368
0.168448966349183
0.159510977631853
0.131392863487797
0.181178620136949
0.166058720511212
0.164780324971534
0.114233425701496
0.10791933445432
0.0965815775032784
0.119632065780331
0.0818476836236741
0.182914306135998
0.152311450879205
0.154580840178428
0.0912173865497618
0.0976361842118098
0.0978253244455525
0.114561415189152
0.107312339620387
0.137133312065417
0.146730527446562
0.145440575355118
0.0942748229396811
0.115224548573128
0.123145441180173
0.138001264681743
0.135512605482811
0.138397833647716
0.146489784701265
0.157093851693697
0.166933871019394
0.134270055663172
0.141075317529533
0.166614260047587
0.108942033710782
0.117687993708878
0.136280969292812
0.14915988550755
0.121630321966578
0.136229685801043
0.101704941959997
0.101126214690424
0.100774080835023
0.123624478513401
0.152583324627008
0.107059788634453
0.137809237949615
0.120520507217749
0.126689319170136
0.120160969608496
0.103676876382264
0.129357395602109
0.117128584606222
0.123612190269951
0.118845141721042
0.0773426097676213
0.154100894117825
0.155098838718161
0.111008752240125
0.129756617406252
0.0767394255598977
0.154133274156961
0.1105212144237
0.133073456117026
0.136207461929342
0.0855338915129712
0.118063281518641
0.107330211008714
0.136071586034774
0.130315532261698
0.101896277090901
0.112220581501256
0.153236996858427
0.146253944674639
0.132660225099006
0.15718235138961
0.124363347150037
0.150756110663372
0.163582536342762
0.156115071272564
0.138886472078725
0.0908565737622317
0.0922449877777449
0.162093654471742
0.125598658472882
0.0889191871378567
0.135561598145646
0.156800479473793
0.154316853888056
0.16815662160921
0.135978475734312
0.105265780788962
0.133811526786569
0.140097546936868
0.153335926932045
0.187959165603933
0.11653177557429
0.129291002651476
0.138529974886779
0.107948386290991
0.132630359718915
0.139666941415653
0.0985523057883283
0.134285323837444
0.1412791964541
0.0974753336429973
0.111415897520083
0.131601451881286
0.157971475790955
0.119632911363958
0.108869880784778
0.131370822540521
0.111673018548046
0.0947602296251769
0.0880230346157348
0.140515167146519
0.143744227085344
0.122973864030947
0.106049064783476
0.0756814608289694
0.113366600905187
0.0751728723754511
0.0970174074285164
0.11351037811523
0.1285309161226
0.067798523557697
0.141285562579717
0.109653275280162
0.123714511938136
0.109322378366225
0.138990330364604
0.092362242678975
0.168281089315151
0.15699914595351
0.147520247936638
0.137713359707744
0.092260298934624
0.115548894654017
0.105272934435517
0.0930759400277056
0.10065653309551
0.117720039635384
0.108709113273575
0.0911863225748704
0.105401781359769
0.14293828871057
0.107016072763401
0.129894813498081
0.133170394597645
0.119227547259876
0.0998016497866545
0.181505597344479
0.151548745365401
0.0978159243190669
0.0984689232224347
0.129238429369725
0.119487801171154
0.158345095169745
0.0998496059342283
0.156323776613613
0.158927783779122
0.122010437137592
0.138318908380893
0.149565387932984
0.120423711421844
0.132008957409567
0.129440626321996
0.0991077762361764
0.0962115230285943
0.166448847719311
0.130738427781699
0.135199266180736
0.12467873397864
0.0934238512491721
0.134855674602576
0.0908983634100421
0.11631368273303
0.0971121171745347
0.143600872882298
0.137535700402174
0.106486359452202
0.110860067946722
0.0793660616735882
0.121015286403513
0.123225897245635
0.176821793155807
0.151027860181572
0.114099144714544
0.110843196089788
0.134693633905952
0.133812068219326
0.081121047581207
0.125904406760738
0.16570726033046
0.154725924946056
0.102411731512545
0.136927720105237
0.137700620015307
0.115926452017733
0.10687677928748
0.104402905766993
0.0923728587223707
0.0919076104446444
0.119396798014667
0.165752797468384
0.120418511356128
0.102321512199373
0.117474406263094
0.118313236635786
0.138067902368328
0.126075859235817
0.0813742326775924
0.117732547219543
0.0973158506816387
0.11092989901544
0.155792564763176
0.0773882306929099
0.105940977464372
0.099973107613854
0.11286133606873
0.13878396680713
0.103586869617162
0.121898328644652
0.142697266515345
0.124719928255361
0.153878678624309
0.0937655624758985
0.148083868764139
0.119385488885188
0.11794517584988
0.102650526882614
0.132643261970053
0.0987438961656728
0.0940748962747078
0.156541106263947
0.0928479084619146
0.141205567856957
0.152692790495518
0.163622948754891
0.160196060451803
0.0913479519312923
0.134546771310694
0.0902956838482621
0.10228948377089
0.107938794167283
0.122573676650234
0.0937248282013382
0.102206485484084
0.159878874871121
0.171457222514651
0.163298687755271
0.089274363786559
0.121144089095656
0.112416383385049
0.153147613505096
0.135059451418298
0.0935734311298543
0.0948844084042452
0.0974793390085902
0.121720800987578
0.0804949255842327
0.10403125747437
0.139592682209604
0.14223757974049
0.120625303557999
0.0804810446321568
0.0844185851991143
0.0886367306748688
0.139888062932496
0.116926088139621
0.134671860750281
0.139814594196532
0.151414630349965
0.150730163704968
0.110462686122405
0.102099091623498
0.131344297132754
0.139693503645856
0.0837942141424853
0.0895177309689524
0.174015462600294
0.119314586147714
0.103586107146653
0.128749346459327
0.114380202157107
0.101090166032287
0.0956225722089107
0.110572647501942
0.120679301403981
0.115507715352437
0.111754488682694
0.0867050873456836
0.0996488839530621
0.146891659591644
0.113247330203212
0.101565528769562
0.110296963077745
0.139863556957103
0.132702254405697
0.092869434855692
0.128558988735257
0.116857975851803
0.121186285587843
0.14134304467343
0.0984867339454871
0.123631643026476
0.190036450090938
0.16397931208578
0.125188264309134
0.104971040598097
0.117506976581683
0.143111670279394
0.145305396275376
0.11804843617517
0.118748501272821
0.133886945870129
0.104989878451896
0.148522122427165
0.174194114927369
0.119254530478762
0.129097103898843
0.10378593119332
0.138571585425238
0.150856894755743
0.135166495794588
0.0889668983563965
0.0860715793038639
0.109669078949489
0.176845858933933
0.154879324349823
0.139594020591652
0.130553679910737
0.125355607762342
0.134800663096209
0.141372765457286
0.0904753688883769
0.0876656988900323
0.0819336334915953
0.142392383419398
0.175005353638916
0.0780153390751857
0.166266414944241
0.118371347347642
0.147669213556044
0.163959319073133
0.116207586295074
0.184864591102514
0.143433652085166
0.0913384769015995
0.153144232647363
0.135749376240826
0.112093050194386
0.143737751492246
0.10708308327258
0.128692856707827
0.125587316834329
0.170633635370364
0.117406072636912
0.113305952743273
0.13587284648487
0.16992487887521
0.143521789820746
0.109825087461172
0.1526415874564
0.102387153437295
0.140181950781435
0.0966849267805117
0.141558666341341
0.166369993264075
0.0839272567147713
0.139009985262605
0.143311324206706
0.125274716451704
0.13939778142962
0.148309736177047
0.14089585775191
0.115789448858323
0.11659175752656
0.142957622594263
0.142462467348109
0.141640479257771
0.154032694341924
0.130876145941395
0.147331763539174
0.11306753556842
0.0940689840329248
0.150494786283281
0.110758467895433
0.106330611161487
0.1316824638041
0.0764664576322659
0.103442179239587
0.132097391193514
0.077247694605443
0.13131012567334
0.111003954138747
0.153489133377056
0.131655875284952
0.139970663342735
0.126306826875321
0.115791737294457
0.187182467666802
0.135099676631417
0.116464882966
0.129227418915568
0.110458417811904
0.159884560168566
0.0846772321371038
0.168690379185477
0.0926423680325074
0.124469560291601
0.0973485356627061
0.0893469800404629
0.128316996306783
0.179240554504373
0.139154946183729
0.142617357993034
0.121982680254569
0.160829677661487
0.106766118661797
0.115668327622911
0.0965205062037755
0.0931641902758254
0.108693032309311
0.17927251444171
0.12125975257152
0.143141201204715
0.0978836818166462
0.095314650487229
0.0820068803462223
0.100777094015268
0.0631138729564062
0.111638795954487
0.107237088438375
0.108345997787303
0.0996601960117344
0.137855639169548
0.148338800546723
0.135200262800569
0.115713671377947
0.102831463048726
0.103382672425628
0.130621291825073
0.116188310332796
0.173935432104829
0.14120074163343
0.161220513563502
0.151234773921995
0.109249610153077
0.182981631795847
0.11068407253973
0.135930877475688
0.1605985371634
0.119853300400236
0.114355358296015
0.166928281888224
0.170448762665379
0.121230465678511
0.163526430833835
0.136919133788221
0.130570960231572
0.108158452456161
0.135602671387211
0.116172714877602
0.165512805703558
0.136636661248527
0.10787396083633
0.108941622027205
0.105658490242147
0.135247014926328
0.130042325531381
0.111516612232034
0.102719135751279
0.136688608001073
0.0985187923693989
0.12927101439955
0.130458917205065
0.0864152820244686
0.155081937790534
0.120148899058588
0.115461939194147
0.158107318936932
0.160954955850958
0.0893370535879342
0.115216189733533
0.127971742581702
0.153082405118406
0.111771927254698
0.10979920884481
0.10836685595197
0.119927420843137
0.161663714690442
0.107478360379011
0.089276381239732
0.0977212576746954
0.116403416892815
0.148244303003473
0.102432640540489
0.128969022144775
0.129266493539067
0.122734210358469
0.202176316374786
0.155850413741921
0.178177859082823
0.106460120324297
0.140662623323454
0.134762012980705
0.119126575361309
0.12051837192784
0.143919192315296
0.108722173001705
0.138073613929649
0.0951123705649092
0.174537352870012
0.131093689283256
0.114908622981863
0.13439696754084
0.0926702438920126
0.116110722955316
0.0971318308381932
0.148669978071962
0.149929467595933
0.100218389168059
0.1022575025033
0.152341820069467
0.155835620210526
0.085369478608505
0.118342085970388
0.124248066355007
0.117743460890337
0.138399022756491
0.139025976405695
0.140200002875198
0.126451959085286
0.132820174726674
0.117385401978733
0.140261065726483
0.130941841023252
0.0971012966908841
0.110746259730139
0.130660570185965
0.110711101733905
0.104573271415682
0.15030028077455
0.166850293147621
0.136022820958327
0.156045836301012
0.128147768709457
0.12100319985288
0.131268252247579
0.169430974482917
0.118024592695653
0.10738926165004
0.162086139403742
0.11153577587302
0.12563046791556
0.134202847722443
0.114019893434197
0.128111086808015
0.124554613422033
0.0988088021879821
0.114021840201095
0.113505426486685
0.0925353182813737
0.136296686119874
0.120468632231586
0.132136243978054
0.174885054466977
0.131225248944583
0.117662498116029
0.0938779038264128
0.118930018762934
0.137553005336926
0.152825229695966
0.107385989573328
0.145086471468193
0.142452912001355
0.152549285659145
0.114603940289222
0.169091058873561
0.12837015165062
0.171427646746669
0.143211348546768
0.173724873041843
0.120672669014827
0.110864659975349
0.10903331905942
0.125439562607014
0.123176071168659
0.131772018483236
0.110685327076385
0.148840893440979
0.0902524858974618
0.116881295174527
0.147861162405049
0.150401115387773
0.11436059586519
0.129726134964104
0.16330126959148
0.135996040809795
0.118944740533822
0.107062548605405
0.117490399001196
0.0887234790753431
0.126747506255982
0.145635262338193
0.13702003102769
0.119191675435259
0.137472664657716
0.166237192321255
0.134651363879462
0.114875076490856
0.143926804845941
0.0957354305158146
0.153026971329966
0.124976654785809
0.116544179762979
0.158705948121217
0.153735069402239
0.182448580045234
0.114082481409314
0.100645599712066
0.150060656398033
0.14810805124547
0.135135839608546
0.0901700360910636
0.145421912069741
0.136542687165943
0.116193856098292
0.157133548022172
0.178402216755683
0.18838031329326
0.13384353273246
0.158686704118553
0.157284707355089
0.106934116322718
0.119717583692969
0.114604847813125
0.157554736797118
0.144009675572222
0.099801374229645
0.119238672827879
0.106425827887481
0.100094480913602
0.134602541323201
0.128323483623104
0.103594698080864
0.175435878014342
0.10486090142166
0.12479761014593
0.0974782849588777
0.133822216119428
0.206886565021675
0.136576892556795
0.132711864825087
0.0951740321228817
0.10380487582342
0.128554447756172
0.135794213893706
0.155259947455986
0.101189157761355
0.11401771751241
0.172824477107549
0.146627763191171
0.161669228314133
0.0995535188225636
0.0899513302287592
0.111198383458051
0.10274051401562
0.100649899479063
0.104724894940113
0.09886803217439
0.107893884954426
0.0812234543948829
0.150927662553281
0.151787477659312
0.14967552746277
0.143144465810809
0.164996947898642
0.117991410356891
0.111856876001467
0.128569861111106
0.153208871402076
0.122335080406395
0.12548598848995
0.102589817681255
0.122693465420909
0.10582000545886
0.149180257172655
0.199094241334897
0.0887016422600817
0.11239579837708
0.151766844643847
0.138172441819475
0.167660799442594
0.139843837645876
0.136431573085517
0.113607307227475
0.161566793511893
0.12053849894369
0.100744005838454
0.16051199875732
0.141702336553528
0.161543140802642
0.0960250752150068
0.0978475272154707
0.102204715350143
0.0748382756316909
0.119128394689576
0.124219167147412
0.144932851889771
0.170148094264854
0.134458924677839
0.0833946951741154
0.0927862149191684
0.0958059647759631
0.13475807318144
0.13563739904369
0.169967808418663
0.160253319919971
0.206547135423583
0.134028608800419
0.119374489230932
0.0812715076653914
0.111657054994977
0.119272641484637
0.122388722608736
0.112962986652486
0.119163057482268
0.106092138722703
0.101367967086079
0.10162707780204
0.158590811231589
0.147925368849223
0.123442355437405
0.132909826338884
0.109851844354047
0.111822719956221
0.166561881073139
0.117109525356675
0.175916450800863
0.0969805041722979
0.130819811636311
0.148715782546538
0.184523187573667
0.18629956568848
0.153769455931346
0.131250157359556
0.112569656518571
0.117252912715162
0.115544505150746
0.10741050137278
0.1092746450088
0.122515031532245
0.152144192405219
0.142939961528968
0.14487969001026
0.0919270521409927
0.0970475673260625
0.114634917412808
0.134105001213465
0.111373118832569
0.136974688878196
0.130548024896316
0.127653363716769
0.206883192447702
0.10207113839875
0.105729163431992
0.132711100625677
0.115841030804393
0.186551492976234
0.160564401012948
0.109133387551828
0.15821810670406
0.100025079896944
0.11490242188945
0.132704217245734
0.112360679779579
0.156135752136232
0.127992229925373
0.0819497778847161
0.125153146006615
0.113820852433953
0.120050992295423
0.0895656085808068
0.135925190196733
0.167468078912372
0.140844925218071
0.105931571876902
0.0928976056955203
0.151672044317774
0.0798709488132777
0.151384274388121
0.113360442290262
0.131843012450536
0.0793748975354398
0.190399301536329
0.16351912439379
0.147819593772739
0.154623265082204
0.128168478756085
0.111792664635929
0.140498742742015
0.112078047078834
0.10411824689161
0.133902321294792
0.106487591725466
0.148372494784039
0.150487064506916
0.152490774425659
0.156717286149078
0.166694399518757
0.102811715812886
0.146901975182814
0.109815894047058
0.140675778589059
0.123920817389172
0.101564582091021
0.0954500844581862
0.111919614866145
0.0809894427242379
0.107162117788728
0.103185540089414
0.107959085432801
0.169105838246047
0.126751999218156
0.162551346854244
0.132824540245185
0.100432720922301
0.113564285774941
0.144437204603561
0.114974410462635
0.136777367323197
0.117798095810951
0.169645848727878
0.145007382797197
0.0984482726015424
0.129688771815981
0.139282532318482
0.0940183457864711
0.122594509584011
0.125234910048912
0.118220963163563
0.0999916247244412
0.14813657148811
0.1634725918709
0.137105221978124
0.140310727651557
0.13807437402322
0.146379583909912
0.104247507966556
0.103961431866365
0.159039160786523
0.133124869163676
0.0722017391762958
0.125093381696274
0.149693290607392
0.113994467523954
0.13071831221803
0.126644229513691
0.144296987585279
0.175967674156712
0.127280846260694
0.1299410640118
0.118520461708722
0.161782837170422
0.127080145186221
0.130430789714997
0.127505688396572
0.139535508302972
0.159516887923338
0.167434795914044
0.186858082254152
0.176706563823705
0.1595654591135
0.143433452971577
0.0948715372997331
0.156544244895008
0.140237785420831
0.124462560613938
0.115286572594328
0.157277702367354
0.0991659136488812
0.106504731470432
0.141631927772357
0.123654605703868
0.138282488848156
0.126554037987422
0.111855678203271
0.140932545396903
0.143636726311923
0.18310040862281
0.0971490434712891
0.15036164532459
0.162455103730571
0.127808488739973
0.139428403188949
0.141350568499889
0.158805271177087
0.121528156924381
0.125342600107841
0.0941443354503037
0.128156828768611
0.133336635376138
0.152105215150061
0.134133139548608
0.13951431766487
0.129714147916813
0.108205753477898
0.0851272709178292
0.116010993303067
0.0917755274864475
0.108791149277688
0.128423849048452
0.109803380103541
0.110834922382181
0.0818168563544183
0.135754562999808
0.104917652654047
0.0901704060241995
0.111938091930951
0.11323886765806
0.124478420798655
0.120248931775815
0.157595560824867
0.122745172310768
0.110946383564971
0.103663162496845
0.178955033812878
0.126360097727814
0.13964355353981
0.171177379627577
0.127138854392981
0.137762550346146
0.1410943060157
0.160592144717111
0.146258290797417
0.117844126014619
0.127715195250548
0.141637952279301
0.111697312973615
0.087430094234399
0.153304528276878
0.124858998805795
0.17742675256523
0.11686079647331
0.128681578578945
0.16232768242624
0.153686737420558
0.154503979765577
0.144676856319315
0.170904166850335
0.126754292177826
0.12876146145084
0.15894747830324
0.114899657232635
0.117334819524164
0.151276297040657
0.107139401186186
0.128455416126569
0.14977256066205
0.109055421607138
0.129638683156174
0.142496694801102
0.115893438367632
0.15363692110903
0.172650730215448
0.149229738359266
0.161365558827139
0.106490498011479
0.126376595788948
0.0771744115758069
0.091988120729215
0.141043296491149
0.131966707567972
0.114206616285236
0.128206500729805
0.109035398806865
0.155843461655818
0.0934887262237666
0.132316543506377
0.147461688588066
0.13673542608026
0.116693474283308
0.115210562269196
0.144681661227918
0.101178016684341
0.110989668487972
0.139908182703752
0.149393507875854
0.118503420753251
0.125695313923201
0.124158147536757
0.164211768582661
0.11748989657619
0.126594817455975
0.110328951371729
0.153032544595951
0.106803586149696
0.154482623019157
0.108888781196869
0.105308977994171
0.101782930020804
0.0984433998206857
0.155347428517246
0.110621691806518
0.0831105349954004
0.124319057402703
0.133722651062309
0.108215296749027
0.132674613599712
0.12220954137202
0.113407101830927
0.112109424340533
0.130012230246646
0.14252160252854
0.140977153051363
0.118348077538409
0.112881707919275
0.0913251209704909
0.143444713233843
0.129510564067189
0.105365746418489
0.0963851082129757
0.097380051650041
0.136650543216139
0.100252228084711
0.0996089066249843
0.129955057706942
0.147419412008228
0.142052326395934
0.138905070729543
0.117639742246017
0.14571675311267
0.135651872659862
0.159577839182083
0.119585329529617
0.0788809503115642
0.131597214205457
0.0894140372480841
0.113739534315885
0.144715152831948
0.122522848043126
0.0892875488390171
0.123312759682157
0.159256898565546
0.132406498378546
0.113862995854577
0.140460634885713
0.109683407664271
0.140185200771729
0.150290822303019
0.124704368923592
0.11164916741825
0.146474787306621
0.110441478770854
0.123188619676893
0.135275687259038
0.109633447026776
0.105209019058496
0.125507852282703
0.130934920021393
0.160885553310448
0.168691292176882
0.158346975247904
0.134451612935166
0.0905585470618862
0.1634473112484
0.118256648845861
0.183500189624993
0.176489437983334
0.129452311207782
0.129612632917715
0.155097528555512
0.106881911924816
0.135393438096676
0.141296081125459
0.162227928712321
0.137569082686913
0.138269880009416
0.0953453936314223
0.120336651042989
0.142399588130139
0.10527949024609
0.0972102078482898
0.132945049610348
0.103255129224656
0.145697578365016
0.186916229600131
0.118360725817451
0.170228213765025
0.0981106184883702
0.12289942076088
0.144897128730587
0.156329015385008
0.084752711532623
0.0743125456926884
0.110373571347131
0.126246264375823
0.109752938344365
0.144715714182287
0.147533469981547
0.143113537364266
0.153459805460615
0.141454001145501
0.0975939461624589
0.141223934718932
0.135671590150854
0.132946432098247
0.134555941499918
0.15379263430539
0.129964427321622
0.137845231989292
0.110197455431177
0.147663512539686
0.0796224709345687
0.0922926154734669
0.138329203231658
0.0914377681295517
0.0846374539239524
0.150371984207788
0.0975490531303437
0.0963151386174836
0.127659611286293
0.0745649899104043
0.0941948967749253
0.107271536727608
0.143888302588712
0.124149512183183
0.117726556794484
0.152997862648451
0.144682557154798
0.0864883652503636
0.16879478024786
0.138921432556167
0.152609703396739
0.146523419161924
0.0666087533560308
0.15409033692191
0.11169025578233
0.0864523137959022
0.0846060114228866
0.0987545699470487
0.141708924684925
0.103390204588288
0.134147166587777
0.121524120558877
0.145281999241861
0.0936537307517927
0.100251371104021
0.0650351200336311
0.124213056888567
0.116517914867428
0.112903154553037
0.143661239987191
0.122398371472759
0.113469429736063
0.0869325696204941
0.103577775410973
0.131616243965989
0.15650344687158
0.110878109308089
0.10313496943888
0.078922765097472
0.136085291593201
0.127691538837389
0.150540706458796
0.0840034120420558
0.138194992547784
0.134004732822941
0.144908110828257
0.101006824102099
0.105375435139469
0.110368840990502
0.124244822517043
0.103204002397537
0.149749026286198
0.0922960463028028
0.131934726456179
0.0982317567980144
0.109196464023136
0.126015791089831
0.106739803058508
0.136338708982259
0.135928243345634
0.158401915773133
0.105651800537174
0.0992771255515954
0.0918674090996276
0.077929316152031
0.123800660500794
0.146228462109336
0.153913425797635
0.172678839596586
0.0810180949094989
0.0998430224164651
0.0870391864832678
0.0963422082063162
0.0969236448593199
0.132704277310579
0.143364465226759
0.121546846778262
0.100247996570058
0.116168154458912
0.0857403627772325
0.0789862114512427
0.144143516318348
0.116482374428579
0.0765629874185605
0.13581721291552
0.133931058315948
0.104997778365902
0.111874003928802
0.128550161540946
0.0980540131679371
0.139721003064137
0.128495963239133
0.10474540653975
0.126935922579616
0.114152521706274
0.0920061061675328
0.119760812292814
0.155931870578405
0.14679605029747
0.132143326626028
0.121357025828072
0.106775908439017
0.0867835812644334
0.122581074386026
0.149963913765544
0.127069419151688
0.0872903842388681
0.117543813529951
0.121152180519906
0.0892160496174761
0.150981710880557
0.148054527494105
0.151331266586673
0.102789888142633
0.132815506753888
0.0680112257972069
0.116400839016657
0.100009123223031
0.105183367784922
0.127004214210459
0.119962671762547
0.0904379524422687
0.114067274867523
0.110269205043012
0.110152619802659
0.110359966728623
0.164113768704984
0.0984133245188824
0.154948872552174
0.139305604533313
0.132080792323859
0.132111742058541
0.108557034181849
0.106535104557449
0.077732210906215
0.143567355351695
0.0974058664377088
0.15229329662114
0.117227903451575
0.13297676386122
0.109766955611789
0.0923974947202716
0.1328729169967
0.145521764012882
0.0932148031210307
0.173664404369439
0.107720042905816
0.131388146886572
0.149990312769125
0.105579437281036
0.141896194735331
0.0930564401641222
0.114442961055899
0.102983525430893
0.0990022139283951
0.10940036992833
0.125744455899061
0.105461552922255
0.102976562058756
0.102784267855412
0.121205340348995
0.13367108870305
0.103619916284769
0.139591627013573
0.173848333575359
0.116369229668877
0.0946688365223737
0.123603539540833
0.096771657722598
0.169600350724523
0.165828404532432
0.175487732786768
0.132191193051571
0.105041559015549
0.143201866647078
0.0989390444390401
0.111471593799134
0.13545685477008
0.0960537130670709
0.145514241580752
0.122197905736075
0.0986597177917486
0.125429635046195
0.130293953016501
0.0853977600656393
0.0853426118256557
0.145263077582463
0.168489805493389
0.0951796493260779
0.133981427457479
0.113082966493803
