-0.25
-0.230290997112569
-0.224842118819828
-0.208059391620165
-0.163815037524001
-0.252319664049503
-0.234080138828913
-0.179023201608038
-0.241117759524475
-0.212583033280729
-0.254279046956172
-0.239867708541072
-0.22807390591938
-0.243416313224353
-0.23236879468845
-0.242330908411416
-0.251915446189913
-0.228943162281527
-0.238111600088011
-0.267576296194563
-0.158918060771311
-0.236732833712384
-0.238902295612276
-0.206715167444942
-0.205659940855538
-0.233369076053427
-0.248676494966482
-0.23229093980581
-0.236798015931882
-0.206315459881146
-0.232824997114153
-0.214991366717868
-0.237948460502422
-0.229607465018035
-0.198882828027512
-0.206894569135011
-0.186834858058894
-0.241023291583612
-0.239846962002309
-0.235674100381619
-0.216839358900645
-0.238322623908902
-0.264671100729673
-0.215036979683801
-0.222413082012076
-0.265093017448995
-0.246309479927273
-0.206244787712138
-0.251757160096039
-0.203783784735382
-0.268687767408752
-0.225794593328159
-0.235068700318663
-0.218311850483746
-0.231224651992566
-0.247727030385324
-0.263497170318451
-0.240258061754834
-0.275257321321973
-0.239668765245155
-0.234453909695496
-0.205836280128077
-0.206417764194818
-0.237491668394926
-0.240351999026518
-0.220271495126456
-0.283083526708007
-0.254048607073968
-0.243432768786529
-0.203551859901795
-0.191279538437432
-0.219872121900489
-0.233004576096327
-0.218484946124126
-0.195893743787151
-0.218236089956838
-0.188988734758285
-0.251564738744316
-0.233708697477084
-0.228552991279674
-0.228785508763136
-0.219545441800083
-0.243145126195304
-0.199109136288722
-0.164377201174353
-0.207197070248625
-0.189546355819261
-0.268591234557634
-0.235880823073003
-0.226571570061011
-0.213566193184846
-0.208288205690696
-0.201733239346499
-0.217594148928449
-0.209577924849225
-0.229521095947945
-0.229064933506231
-0.211923539519649
-0.208053845042795
-0.241745017975161
-0.213513011581764
-0.235211162399922
-0.217039570949663
-0.206419381810888
-0.194837404517452
-0.209537113184716
-0.179457742874689
-0.23441422779554
-0.211561673346525
-0.223684153547877
-0.175503373971689
-0.240458068324949
-0.185979367396271
-0.20546875204064
-0.207690112369383
-0.20710058212642
-0.249611264872666
-0.255523904561065
-0.271202774870198
-0.250346106882461
-0.227926407875287
-0.218212108466358
-0.203754250769251
-0.259344326296094
-0.211369010360866
-0.214860727577508
-0.190942901954131
-0.259640922680214
-0.251595558933456
-0.210364097529722
-0.261139749787675
-0.199311630573338
-0.25526360243623
-0.251243411608796
-0.230242268726382
-0.265186162498804
-0.210556440007605
-0.159809710739174
-0.217523467417534
-0.198268094620403
-0.276267174913385
-0.236767276559271
-0.168074650264541
-0.21299120701283
-0.237502238039967
-0.246909074866596
-0.264890799188163
-0.185648704133015
-0.24512519491719
-0.178492613217849
-0.197539662617261
-0.2371751141424
-0.227863312881671
-0.23083708092632
-0.217200763961962
-0.218710916683409
-0.199024423120988
-0.226498915863742
-0.230938398091031
-0.258834517304267
-0.202927345900223
-0.249098271931099
-0.253326534181846
-0.203912665437231
-0.253692641530152
-0.213566209537379
-0.181305115785577
-0.246408824860585
-0.242626265359929
-0.217190698138079
-0.200644952099085
-0.247103000304293
-0.190810912920225
-0.190797454162048
-0.236076779324273
-0.18780850516382
-0.290166776576149
-0.228330046689826
-0.227761649651532
-0.205099042953436
-0.26187814513312
-0.218119969467427
-0.257963839965488
-0.248338074676128
-0.264772067190368
-0.254115680287292
-0.173323519090964
-0.21705242137223
-0.233532447613803
-0.215361107193346
-0.224207965596005
-0.160086814364176
-0.214931884772042
-0.268741576974753
-0.227174532474233
-0.263982652415196
-0.244952193249437
-0.228278824749831
-0.236328692700688
-0.240497839762342
-0.249559177535913
-0.228324599531611
-0.232203428607776
-0.180434293511989
-0.216657894100676
-0.223096965126425
-0.22851355116178
-0.195746540319102
-0.255756502867224
-0.230278380764022
-0.271964548248985
-0.226567303135782
-0.230440841825784
-0.230126950731113
-0.243887177404493
-0.241657720701002
-0.245612766508364
-0.246483477457115
-0.229442227190887
-0.175093369503993
-0.218311525735617
-0.23847253261951
-0.205242710898215
-0.233922835936778
-0.229613500267718
-0.21501571531118
-0.250784069972296
-0.206955874551835
-0.23819315718889
-0.217190034780037
-0.226870401343044
-0.228193196336254
-0.238164184841736
-0.264199025584131
-0.222997884171851
-0.216104234490271
-0.222594125405561
-0.19011023537643
-0.213437958969222
-0.225863422605137
-0.260583409431903
-0.250057632165405
-0.221030956292414
-0.241939347951969
-0.212625407011258
-0.201712802349749
-0.25906956706348
-0.212176118426973
-0.21136416637039
-0.239508552371547
-0.256317073182258
-0.207939725920302
-0.250876832777087
-0.273854948790163
-0.252481969364741
-0.225778836020259
-0.184988479409588
-0.213098714328226
-0.224826797903947
-0.230306424782683
-0.243706901384197
-0.252718989089384
-0.235549234251765
-0.263516914951973
-0.211918658944901
-0.255728540076146
-0.189811300669394
-0.254156593681466
-0.212767718278535
-0.250072055427581
-0.222283625828995
-0.221524299607847
-0.208882744156269
-0.237865377043443
-0.240966291856988
-0.162096959619378
-0.208101969862944
-0.255120846181328
-0.23396328867952
-0.212207614887232
-0.220143348085358
-0.207606510680623
-0.237310871919434
-0.279920389477413
-0.255454327947803
-0.223628767629418
-0.228155906423139
-0.24198101415802
-0.265219705770808
-0.244235779157496
-0.205843721819216
-0.246439927734692
-0.221517757152211
-0.205550806650276
-0.206142368308475
-0.24430432860579
-0.250591302752143
-0.247842810774092
-0.227848883022956
-0.241101457024127
-0.227165873740559
-0.222086592535106
-0.180041971950221
-0.260323798970551
-0.19328540807777
-0.183959401229338
-0.223834750779556
-0.232437294464639
-0.23700139622556
-0.237808879859793
-0.198303590770309
-0.26547079328077
-0.210779223507756
-0.194709324947069
-0.243805921580471
-0.242468786762211
-0.2624629996989
-0.234494454115379
-0.227123144918799
-0.256910662470746
-0.224981236324572
-0.226525392459449
-0.227265144557897
-0.251993173183261
-0.282316463687532
-0.208943690658961
-0.264402978363051
-0.215102207317837
-0.233865449209369
-0.224415560701266
-0.23169515039001
-0.206223818350376
-0.244914898604538
-0.201967918672596
-0.240846359505719
-0.229841610457616
-0.229005107356718
-0.220261624611911
-0.236457721222764
-0.270503010985663
-0.23278340484654
-0.255774596487858
-0.227400252390384
-0.23561087343346
-0.274829343472519
-0.240044172547744
-0.246126538176407
-0.190141375251437
-0.220680425513906
-0.260832630555204
-0.227956388058254
-0.253506892271769
-0.243512003036335
-0.240716852190017
-0.263175411548738
-0.228461186219687
-0.256042474626884
-0.190407714337903
-0.217543554558602
-0.251443676426469
-0.207344129545021
-0.278789509271924
-0.260584863030529
-0.259342736230032
-0.223769174305947
-0.256886900859617
-0.212548360340248
-0.229330681138611
-0.23999782711135
-0.238115479409325
-0.230413290170245
-0.2411839346628
-0.204929182222838
-0.225216938873151
-0.230796192338254
-0.209156553754753
-0.264892680696262
-0.232218143341824
-0.214336098510584
-0.272378428681228
-0.209795508241024
-0.221258235146706
-0.258457916802401
-0.216205359432414
-0.222307604145124
-0.23220761183155
-0.166661866453587
-0.25853554211126
-0.228472115845634
-0.244097358363909
-0.221140632593955
-0.240482591500228
-0.241469210188231
-0.230685151236926
-0.209513069158125
-0.24155903792627
-0.224738585083981
-0.266554384216091
-0.213781577312218
-0.208388583608275
-0.240101180794972
-0.183378117634351
-0.253717753499617
-0.20119960082454
-0.200823518253411
-0.261386535777641
-0.208681493035597
-0.184773007674608
-0.244677147075747
-0.25220166257305
-0.248839468038018
-0.238433011742543
-0.183358808244136
-0.178860213507906
-0.249566338279232
-0.242542144935258
-0.23483763009732
-0.258815750625625
-0.227134102540316
-0.223098681842706
-0.2322014813893
-0.238746610627839
-0.215234409247546
-0.243373875166654
-0.244795472763595
-0.23247912894463
-0.253743390704012
-0.251179364795935
-0.233509179171487
-0.232878006003974
-0.232406018895087
-0.188654937804756
-0.174941381060825
-0.220935170148433
-0.186424394538363
-0.20886229542751
-0.230009668629569
-0.242934712761014
-0.255240362332589
-0.271509506583957
-0.231685185284809
-0.222087062019081
-0.215651374188888
-0.269302807243809
-0.224921605491645
-0.241526698928529
-0.241356578401849
-0.211582961878602
-0.195574691951405
-0.268474978053248
-0.286666356019723
-0.235273413293069
-0.227380360426458
-0.170630407630297
-0.20987256384343
-0.202089896649861
-0.167079197627827
-0.277381408989694
-0.218534066125731
-0.201799426945042
-0.247817625509933
-0.256515642033041
-0.234582720755988
-0.194546692140735
-0.250830114100026
-0.233571497032254
-0.218395204170925
-0.189501209925556
-0.242509344455177
-0.267540108514474
-0.270321946860402
-0.172264827581278
-0.228146659224544
-0.199961066509591
-0.284788704341532
-0.239555678320524
-0.235074967528421
-0.261520648950611
-0.210619408768192
-0.246242472660592
-0.228483077603685
-0.193631013778463
-0.2953938850097
-0.213152411849064
-0.222790755769384
-0.230951352755405
-0.193737710902718
-0.20161733927472
-0.201747628100444
-0.226497842808574
-0.20678364173184
-0.24426840224186
-0.280162539562597
-0.217130359268367
-0.22876790645105
-0.186909360159966
-0.22940169413111
-0.223918516034041
-0.22933544565727
-0.240809549931041
-0.233715986387462
-0.167990105407424
-0.226436344642561
-0.177737884330317
-0.254356212754637
-0.238399293627329
-0.212547460463192
-0.243142063049665
-0.208195088192977
-0.214322514859856
-0.249504155014321
-0.164490804861974
-0.228898324296489
-0.14965574688142
-0.219802938564061
-0.265362012291677
-0.224299362518805
-0.195768317750901
-0.268520865026722
-0.21029978140318
-0.235980126108338
-0.24362443780936
-0.199454502920782
-0.247430401348296
-0.22755816911233
-0.22821333252015
-0.19387658314528
-0.179391139708174
-0.210426852115599
-0.241623831118396
-0.23923632766085
-0.198613544250698
-0.210907141112937
-0.247215559160541
-0.250922391021003
-0.232808562190593
-0.212575423142073
-0.273077384232917
-0.21123296371355
-0.223748131450975
-0.205041731662412
-0.235098094548634
-0.177669522190654
-0.213549754805162
-0.221264308173626
-0.232071232490353
-0.223219963819562
-0.208751659653058
-0.196861715290901
-0.20597775298173
-0.21588169663713
-0.234249893761538
-0.243406740801467
-0.244669431500105
-0.246815174425648
-0.291189738500111
-0.259330866336032
-0.274421682984497
-0.301097353158625
-0.199508297759062
-0.258116492240218
-0.200500827011419
-0.258001709152707
-0.216661562593012
-0.218088995504818
-0.264378710657613
-0.243685429838466
-0.214461081745359
-0.206712876674349
-0.256931832623408
-0.243570332365979
-0.239823112564033
-0.212351927777337
-0.250982235306325
-0.194599166503854
-0.275073544823484
-0.193597852428252
-0.211603945330113
-0.240736172640073
-0.223211191889529
-0.242622172218361
-0.208907443254626
-0.200938485344794
-0.253275318404429
-0.251684648651891
-0.24117744657246
-0.219882940021391
-0.230642232838586
-0.235535649453008
-0.224640277541113
-0.215230596490825
-0.223305073693793
-0.241267901157599
-0.193796878178682
-0.239229383003087
-0.228874290205914
-0.234355759427547
-0.199515442019614
-0.194826242591265
-0.234270025895731
-0.230653031941282
-0.242396193174884
-0.21568300994743
-0.267156104332124
-0.224889703055117
-0.209569292608254
-0.228846150713322
-0.207061523032319
-0.236832891005635
-0.201883036728349
-0.187810253132657
-0.242546872099975
-0.222582178128933
-0.171171921801238
-0.150402598530369
-0.198993913609004
-0.243185199538638
-0.224480174899558
-0.231545262064475
-0.170773695640201
-0.252777213856004
-0.235372949699482
-0.269126562176759
-0.257047486442281
-0.225191303668682
-0.225515218436871
-0.228789706839538
-0.242562571099075
-0.196417584998807
-0.21717345762022
-0.27396930730787
-0.221682940896592
-0.171309063934666
-0.29434775016112
-0.227521785823588
-0.216419933254496
-0.234438334906319
-0.222399849428639
-0.203717458975828
-0.206945870204241
-0.248824675562791
-0.203098498496812
-0.237647909691683
-0.169130144038763
-0.25374375554938
-0.252555681979117
-0.232349730291751
-0.212460045604234
-0.223255761273893
-0.162940079218479
-0.247647950428901
-0.238728869078511
-0.289272877981905
-0.230097410130258
-0.15359008662717
-0.269396369041076
-0.223514293028466
-0.26404108896341
-0.243909338412817
-0.211827018308537
-0.219198745223551
-0.203222952766075
-0.271658173499579
-0.202469983151259
-0.261240066754903
-0.279536346746133
-0.253920021734181
-0.219989271300005
-0.211099999103823
-0.211648640256667
-0.236797601426638
-0.26844864202753
-0.258809192448303
-0.19775543573168
-0.25737011792475
-0.192493027674555
-0.238442540884218
-0.273257295564846
-0.252221879248565
-0.245431379244254
-0.226994771849977
-0.240190092078082
-0.220318084186778
-0.23588231753999
-0.226728652845654
-0.147936848686013
-0.179668723810704
-0.223549953092491
-0.232484979181653
-0.198473685586891
-0.228048583764572
-0.19887016298837
-0.205503163787557
-0.250334569085671
-0.24894408254435
-0.244753276548621
-0.211112553875355
-0.259219977987791
-0.232863087588283
-0.178001556275326
-0.228519474006247
-0.259819405339435
-0.237460491812996
-0.260427994870686
-0.208714922318996
-0.24398138695481
-0.238510755661357
-0.23323600607474
-0.219348686237854
-0.238935869623958
-0.254466798782814
-0.227129621639112
-0.230948843348855
-0.238028791036138
-0.232144195574744
-0.216177177262108
-0.233421134681613
-0.247204493264625
-0.209953025596728
-0.224164666318765
-0.231401111806186
-0.200997000778753
-0.254111304922957
-0.204871869187814
-0.234482995516747
-0.209490419996345
-0.268031730879575
-0.208980755779023
-0.265089287911232
-0.232262381451552
-0.172372460545384
-0.261248730984802
-0.253261812185786
-0.210100507192895
-0.247680183576037
-0.233376616319506
-0.256398747274323
-0.191197622463267
-0.201819613453239
-0.264596679649773
-0.208098046675491
-0.243556415025145
-0.245071962962694
-0.211832555023049
-0.218109017226856
-0.238860718482527
-0.240666309608008
-0.248061513858643
-0.24234665183113
-0.224057215056118
-0.202564434640381
-0.253155765738113
-0.212322060930662
-0.245127486117502
-0.232322749483679
-0.206943816307028
-0.224338384050244
-0.214789653973901
-0.239157004759352
-0.234042587571213
-0.208382154579123
-0.25354775284148
-0.259029991179841
-0.238906805739085
-0.176915572742008
-0.203998846500596
-0.239112939042654
-0.223331718247975
-0.248150412383828
-0.245185969532306
-0.26309505056104
-0.234319062104718
-0.223830853701959
-0.227703271460936
-0.237093808203217
-0.213937161030814
-0.239138613402806
-0.202514778318549
-0.214937541531526
-0.243062070932248
-0.216869580789389
-0.195116190954764
-0.267401571436503
-0.247430515987138
-0.321802705446629
-0.267136803421352
-0.210195784424836
-0.21625720031936
-0.254618850340484
-0.208726227114352
-0.248193107162679
-0.270109500539845
-0.171730508418
-0.213004937729785
-0.245846794872568
-0.224909915092614
-0.21718850458633
-0.211599053150299
-0.180307837956893
-0.237452640230734
-0.202650463031333
-0.227929761153251
-0.219241166849011
-0.235221505985537
-0.195652507940152
-0.267412017844618
-0.257763085505703
-0.258405897648174
-0.198799747804694
-0.194035829032231
-0.246929588924823
-0.217503772337951
-0.252324222467227
-0.24722350130747
-0.248806589786701
-0.210363786927422
-0.235348332391558
-0.219919970057215
-0.20789621397812
-0.229568621256822
-0.23121756206108
-0.243706146541481
-0.198601613910242
-0.248527862105109
-0.220777885818278
-0.264669075266107
-0.214767473375162
-0.23950552160943
-0.240005230732617
-0.169394562304084
-0.186607615452472
-0.220122030413515
-0.207183558731073
-0.265480513318449
-0.243936274580301
-0.205017301095059
-0.205498980164334
-0.224218085580988
-0.221437039593446
-0.217266571958859
-0.236344118518705
-0.195657905113345
-0.182122422657398
-0.221738160836599
-0.236182502523025
-0.26375864068802
-0.204077311393086
-0.223407969332923
-0.243757736679839
-0.221775912660528
-0.211573459768675
-0.233468969510702
-0.274729659562564
-0.168931104145384
-0.200773568867362
-0.221507895457098
-0.23358617864438
-0.20657386639661
-0.206999816034391
-0.235191746989071
-0.208958190143345
-0.174567318930512
-0.233860288457164
-0.231552321155482
-0.238349084946385
-0.24447032257666
-0.243721719735921
-0.280430622179634
-0.209552175716978
-0.207297564253549
-0.2207506842805
-0.201972221246542
-0.232214514620994
-0.213795592398667
-0.22584178619878
-0.235379585870054
-0.236011414144442
-0.203581516942929
-0.240243131378979
-0.196832962916842
-0.257122344985015
-0.234692709612877
-0.217922368649812
-0.251155158797025
-0.198089235648076
-0.258949358594614
-0.214643223971596
-0.262510370261134
-0.245961618424009
-0.249833666785012
-0.208530030823664
-0.205151692351424
-0.186525375563451
-0.251186904175343
-0.210579146753689
-0.23547709776551
-0.213515855451394
-0.214616755849804
-0.210282931306935
-0.263746704885256
-0.214987073872555
-0.236924697960497
-0.244784842943118
-0.210836978801293
-0.232107098966665
-0.206236249807555
-0.252152124138382
-0.227946165549814
-0.213905931142139
-0.236410902150055
-0.24002311544361
-0.221280062586454
-0.142263367859539
-0.250768697751373
-0.20956776782843
-0.253889951085221
-0.212217882202473
-0.255553112113468
-0.206321836696976
-0.23752249832177
-0.207480101180588
-0.247243266640735
-0.230541647908381
-0.209972608282869
-0.208421658801161
-0.243087317176263
-0.231098442871457
-0.244761275607358
-0.24840035419849
-0.206638930493049
-0.243197265939675
-0.317888311315874
-0.237210035655429
-0.212318220642046
-0.301505778714805
-0.232267810598227
-0.240823340091562
-0.225831140487089
-0.214789294981256
-0.263681451691678
-0.1961639370733
-0.221664169763064
-0.205507827089091
-0.234768500701253
-0.251911920233027
-0.225853659105536
-0.229553934622722
-0.186506014766373
-0.220767974049295
-0.227909238624478
-0.220916251112854
-0.258199184752013
-0.254124196818216
-0.257214539267549
-0.271146428638946
-0.206953848365265
-0.271958294513376
-0.262946364932135
-0.230138978042295
-0.196798635579885
-0.254873831424556
-0.209381575456097
-0.202640861310749
-0.239351556043985
-0.220989804188489
-0.236346088046514
-0.232312772001051
-0.242925342551155
-0.236600717551867
-0.251948176938614
-0.255346778316415
-0.198717394253366
-0.230455455171507
-0.217642993177895
-0.196799586988546
-0.244613464521572
-0.252691489167483
-0.18522256236171
-0.248878233501786
-0.258264137904889
-0.232437827753756
-0.23435974757799
-0.254374416477998
-0.210184366643928
-0.241307718546908
-0.230107606320107
-0.206694191214125
-0.265816667372811
-0.242448003763525
-0.163827441717663
-0.218558942839718
-0.231208170021081
-0.236613303972568
-0.229150156284691
-0.223632519041007
-0.210141968945528
-0.16669508233225
-0.245970509084151
-0.246083927684558
-0.237615238209425
-0.207120760117847
-0.193996775743534
-0.17902438741489
-0.199373806889529
-0.231834645639187
-0.260352063037032
-0.265801086659592
-0.241818444399472
-0.227689130211133
-0.247766160662171
-0.218664541646841
-0.239116883620354
-0.282942138039967
-0.233984417211196
-0.245823465230083
-0.234916251938119
-0.231277810048856
-0.223756186172366
-0.214103717343196
-0.224484037058871
-0.253566934641512
-0.245214430163039
-0.214464107291078
-0.240096219654357
-0.232410678170518
-0.253467778763367
-0.266619157942553
-0.230675189745992
-0.270706239829475
-0.252820674993532
-0.216838943054722
-0.214001200063422
-0.249467352485039
-0.197441629384211
-0.205590850899245
-0.241681748401195
-0.255310670975932
-0.254618175890763
-0.246714983177222
-0.19486844980819
-0.226374804829407
-0.266345832459674
-0.214088908134844
-0.228804860767427
-0.210279116925446
-0.216654270953199
-0.192237265134106
-0.208492652700844
-0.210624240473994
-0.227441693784803
-0.248874264738798
-0.237500633691767
-0.202850547694566
-0.198548942515396
-0.216461590942897
-0.199461880524451
-0.225919202903664
-0.228151516389875
-0.214912128773338
-0.223715716651515
-0.208524032892064
-0.231059219312117
-0.235682454898723
-0.271361757243398
-0.234308859678471
-0.209874983056179
-0.246565813300941
-0.255121171938671
-0.283224930075409
-0.295645700344367
-0.223135994922594
-0.187462836809989
-0.231149350683498
-0.286368681646196
-0.225943902042929
-0.187981503097035
-0.24413184592172
-0.219744871327153
-0.206720029227091
-0.211251791023593
-0.25775754819597
-0.2253138032627
-0.255519143635549
-0.265085883491101
-0.169539052238999
-0.218861206957263
-0.202517987985736
-0.19161224871015
-0.186953753626045
-0.252028882624134
-0.204793334893727
-0.247055271907289
-0.241629472839194
-0.237639739478295
-0.254673056382427
-0.195556735236833
-0.18091744715001
-0.173692623510136
-0.27561041103357
-0.231627999746643
-0.207756732544495
-0.209082532253477
-0.223769214968848
-0.200185913742495
-0.212714663054387
-0.254148823102114
-0.195103097322784
-0.185271757310661
-0.259435967393574
-0.266233081220944
-0.274138126583251
-0.223382795824219
-0.251680409705375
-0.194432121310019
-0.222469989452617
-0.214029922594007
-0.211741229035252
-0.214268970928662
-0.167201871468544
-0.233475169055647
-0.208335691557173
-0.247007823127082
-0.216766327612127
-0.199884017400118
-0.23065167734572
-0.222492099345605
-0.231646235368309
-0.204363556304152
-0.241082036253225
-0.222561047632113
-0.209596718164112
-0.286903746866331
-0.216494839977538
-0.236054104246114
-0.236040135669134
-0.212095062185678
-0.221439077696667
-0.226025746681098
-0.219109118615889
-0.202200878711271
-0.239852431663416
-0.291606029631044
-0.264740402822135
-0.241819980001494
-0.227473424956487
-0.219359358098955
-0.191491579265724
-0.225812073764249
-0.23117637975447
-0.199997768065652
-0.202643333617412
-0.225393015130602
-0.211478127411012
-0.230220483202845
-0.227788601524557
-0.230026426371964
-0.195650383288747
-0.202346787848369
-0.241535943534547
-0.290989962413566
-0.233013265609159
-0.234516081081647
-0.195771376881236
-0.203665578932412
-0.235352407454367
-0.237573943572098
-0.230861909171459
-0.210054991681952
-0.236108104560256
-0.214069133106583
-0.203341630463865
-0.241881354276497
-0.165354619499119
-0.231441754695422
-0.237713743237115
-0.220823929856682
-0.208834462327727
-0.21825593137835
-0.190364032233129
-0.206645336983473
-0.250950243179304
-0.262134017893618
-0.248227176854913
-0.240333183836623
-0.225697042871069
-0.24988505320175
-0.174909678105529
-0.214465963010336
-0.231748716638521
-0.199061546397549
-0.190893837909135
-0.198092885042421
-0.221716926896629
-0.215018063390818
-0.211776136956021
-0.235742148094699
-0.237635390991526
-0.241185878382384
-0.263656124712523
-0.220919486579458
-0.195418691663516
-0.197501653362003
-0.224418051739655
-0.234759324994001
-0.304394588789499
-0.238282748055483
-0.243945652520951
-0.196233391304095
-0.262106637375614
-0.249544121817884
-0.233600932013377
-0.256318073382976
-0.195917817558097
-0.221907465905829
-0.217016600770728
-0.244482726335421
-0.230683314929845
-0.206616031112958
-0.222563437467447
-0.245527402641027
-0.243777163145883
-0.218108896802591
-0.215962938768915
-0.208710359550771
-0.229543962054171
-0.232514551306416
-0.266362181710884
-0.22851069266901
-0.209251010062685
-0.225795304536014
-0.239807073691484
-0.272731293126309
-0.183739440138494
-0.24359191592887
-0.228292222698922
-0.187880398912042
-0.238726234420382
-0.241951320714851
-0.224333842591668
-0.216166281525907
-0.197422747349892
-0.255187192067479
-0.212895060260581
-0.231232617260317
-0.251695723275099
-0.18441594738682
-0.237652497501921
-0.2012010127235
-0.248728171332142
-0.253375595453288
-0.254479445684951
-0.208256073891683
-0.193275121351533
-0.188277087506403
-0.26680750468483
-0.18693060095155
-0.164368699988299
-0.262051994891224
-0.180165326981833
-0.2707713319728
-0.195575185404545
-0.252246571868206
-0.219136827683762
-0.225682924544036
-0.240792588472963
-0.239899804528571
-0.21028647546759
-0.253597729038841
-0.201857582997442
-0.246529783670416
-0.1741323452722
-0.218495758099778
-0.206139077061755
-0.294144159637369
-0.201876846614597
-0.211897877894241
-0.211079300378922
-0.259605610030575
-0.23651131567926
-0.220518757132001
-0.204416450835152
-0.209453978479684
-0.177025174485834
-0.2410114952802
-0.230872799443333
-0.188977692031217
-0.245244049338271
-0.243829756979622
-0.245862604750486
-0.213403105814122
-0.217559454026034
-0.217615324646246
-0.190441846463118
-0.200817681990453
-0.225963429817562
-0.239739260406875
-0.260261312729625
-0.256746916011199
-0.236937421420217
-0.258012543089578
-0.188494032215003
-0.24226103219819
-0.250392485390188
-0.230460307332681
-0.212324441423426
-0.27692436551123
-0.298272810593322
-0.22743208085136
-0.229580646489548
-0.256009929482375
-0.241339404437678
-0.197094676116212
-0.204091214291541
-0.21768490313548
-0.260093206157033
-0.230900006768338
-0.24688077714556
-0.233131710126245
-0.212254493603806
-0.261447278187224
-0.219390927548407
-0.243060630435806
-0.286316021149192
-0.248883264911409
-0.253274444504892
-0.23841980665708
-0.245318040181685
-0.226264206423298
-0.210149568637023
-0.223178260650083
-0.234480695342495
-0.217960406801575
-0.203433542114059
-0.252700476356729
-0.188998117213264
-0.219598546437991
-0.221311800727777
-0.243296489288837
-0.219455158972889
-0.22907661147746
-0.192312252012824
-0.213242265968833
-0.267413854165139
-0.216775682916397
-0.208949577053035
-0.229059483151787
-0.227304005662041
-0.203958600657756
-0.139712775224047
-0.228899645216561
-0.232889696127032
-0.243948199168394
-0.173705371209472
-0.241538474388636
-0.204248696472403
-0.271070267550523
-0.239372968709796
-0.235808534043591
-0.22968782607463
-0.242025231136427
-0.230682859504365
-0.146584685136906
-0.182720913559272
-0.236518821235982
-0.214927720406468
-0.233936748664541
-0.207496376956056
-0.239215883169514
-0.218071028253402
-0.23368548760889
-0.20901410996752
-0.159649865152823
-0.22999198748522
-0.247237636192976
-0.222859544087217
-0.243725161666328
-0.239279449280401
-0.255701941137936
-0.204336838465857
-0.201029397055082
-0.220388119825958
-0.221408305952356
-0.205140914743615
-0.231691136620677
-0.227134895852217
-0.218825814511886
-0.21392562672772
-0.228301700642882
-0.267502745630947
-0.208056273020756
-0.273633348872724
-0.222434227331503
-0.222245196395119
-0.263630298933239
-0.214952933831179
-0.287215766311403
-0.253778844052853
-0.267019392838052
-0.192702276499844
-0.20949110154342
-0.278521195290484
-0.208406096440051
-0.249567395973753
-0.245690736474887
-0.244979179524426
-0.201219231393035
-0.223602114356078
-0.220720764728302
-0.237383757495035
-0.259684539689735
-0.291326828830636
-0.206517443474455
-0.201043182937485
-0.232730567859408
-0.175726990842978
-0.257307490980249
-0.235787521586667
-0.228783237339734
-0.224601079360959
-0.222910936899575
-0.245018832497701
-0.212180502626237
-0.242382382239948
-0.265866911646297
-0.228865661831014
-0.251904760124364
-0.278837987530829
-0.193806450687866
-0.268420440728484
-0.22644319875203
-0.241690063092163
-0.252311997516302
-0.255113381839607
-0.238185438683148
-0.219163799243717
-0.240124994059956
-0.250014289113749
-0.257990052000975
-0.204947457732276
-0.247766470189693
-0.198883801815481
-0.295647312302542
-0.23304217847616
-0.23765286190074
-0.214586742133831
-0.24732887734949
-0.244113807987264
-0.216589191118559
-0.18882276256304
-0.200896049085212
-0.23655827620188
-0.227726295442244
-0.257662533015227
-0.216765844937587
-0.22072243447858
-0.27449884796608
-0.215956226133054
-0.205775996836051
-0.254833312053135
-0.219232044945072
-0.206617789683684
-0.18231713108742
-0.220725798505463
-0.191467605091921
-0.201957483472891
-0.21402942216988
-0.230703958566904
-0.278914938290833
-0.240146008640072
-0.238727580957772
-0.188316241680381
-0.244902941184179
-0.251387067085769
-0.19054174376805
-0.238526148427245
-0.214928982901815
-0.260829027370953
-0.222839692143
-0.27082325366844
-0.193911797502283
-0.22917643851314
-0.230618192757246
-0.218607850489978
-0.234720961886806
-0.234266248556833
-0.2494808722035
-0.239642274960943
-0.233764017241494
-0.23809178859051
-0.216928991419876
-0.190934407710404
-0.219262242573273
-0.252308832168362
-0.200009903791034
-0.240971510707776
-0.220311072093425
-0.235374972995974
-0.267646190348783
-0.21147112873596
-0.238066632134134
-0.225809148694832
-0.208304990688955
-0.245365379465125
-0.272364585899006
-0.260054951226052
-0.303267751753802
-0.231505606547337
-0.218695134467917
-0.25387423248041
-0.229781037996273
-0.23280728133917
-0.210751411439517
-0.298133568247685
-0.240019391305372
-0.241695819556858
-0.229269291265672
-0.232046318560024
-0.224783979586484
-0.251649489438484
-0.226632985711774
-0.244421798331519
-0.23207157949486
-0.218199025653865
-0.216448959947455
-0.23781440769901
-0.238767445821275
-0.235866422406573
-0.217560248978864
-0.207198860221046
-0.245030910557032
-0.232817777256509
-0.226341486491305
-0.209687901089649
-0.252343328923994
-0.275358553040745
-0.196015242361776
-0.203330876515206
-0.195461462670851
-0.21807367093299
-0.18826415183007
-0.283441521593305
-0.17456011626503
-0.23579115587027
-0.236984963232893
-0.277983783708512
-0.280735298428379
-0.210278870248953
-0.213668617813612
-0.290658043763386
-0.237802527917326
-0.208563414503156
-0.237994312401088
-0.267130164081611
-0.216231141556626
-0.227865595604313
-0.203843798126557
-0.242146822900277
-0.260608732372784
-0.242358890527265
-0.254738695455074
-0.247719501830237
-0.243973185750397
-0.210633475693204
-0.276842178656189
-0.25315277893612
-0.204425750306784
-0.257713800015412
-0.228798954158825
-0.242828831275761
-0.247056297971182
-0.186464785735496
-0.241731017924004
-0.244732427216044
-0.19588648964221
-0.199803246232863
-0.223331341957666
-0.18645910611938
-0.218055462062563
-0.209057206246449
-0.245096330874477
-0.263919584409775
-0.256641471748077
-0.1992492645313
-0.220943762121731
-0.237595894667572
-0.207405141446197
-0.251242328924441
-0.236616705222971
-0.210372702745704
-0.243446530279884
-0.234500243370804
-0.196572941992342
-0.219424092917476
-0.247976617211415
-0.218394802001318
-0.217806544811353
-0.225665291259528
-0.1820010332692
-0.244244642065343
-0.201886133211246
-0.240468804067006
-0.242746616035909
-0.241152900488103
-0.25093702825065
-0.240583875270069
-0.254373495826836
-0.246780406770986
-0.241149239219368
-0.213807563822525
-0.215075349543913
-0.227520752531911
-0.200428238115205
-0.198721040214468
-0.205882357819686
-0.208533375676488
-0.202053732755791
-0.242706419421533
-0.243617093694664
-0.230902548676144
-0.201997107646804
-0.259703087240885
-0.251860313250196
-0.245363236819193
-0.22756996043126
-0.204604683371201
-0.218611975145298
-0.228358699444493
-0.223645383442597
-0.27887079114351
-0.240378785278063
-0.274213232614268
-0.216308294768548
-0.209540168306337
-0.259076352527976
-0.223198777522756
-0.257160360185408
-0.220098982013622
-0.200727712087793
-0.239883964312632
-0.200276165128775
-0.194474618868914
-0.238482135823266
-0.23715021899534
-0.25577411814924
-0.261317294313853
-0.256739988108097
-0.284857394284045
-0.219163622345893
-0.243860251483841
-0.235770014841314
-0.19843592686741
-0.203115825207827
-0.238374855268678
-0.251846844400171
-0.180907853994002
-0.212316692777266
-0.24595946431362
-0.238338054531946
-0.193165368568255
-0.207184283382991
-0.250631103557046
-0.256779173182655
-0.253165374935098
-0.242029699382985
-0.229862447114274
-0.254108560770018
-0.257445363152899
-0.21214467841721
-0.209356894116664
-0.220764075943261
-0.264169406260943
-0.195640496082085
-0.172678731970857
-0.174771022379736
-0.22622511432101
-0.236957113367396
-0.236434580636866
-0.204571834316158
-0.260106846978943
-0.231766606662215
-0.24307712858424
-0.231808973315689
-0.219737001355416
-0.221412822757433
-0.183151961248794
-0.236903075849728
-0.200080771345902
-0.251619789939567
-0.258459216346969
-0.258246259305528
-0.262325184268931
-0.2116405517919
-0.226517085049649
-0.264388120725687
-0.195340725610257
-0.25344460076598
-0.238244793840923
-0.191377184476409
-0.247991862363037
-0.191482628528202
-0.196792462408516
-0.254644181058929
-0.232085054936606
-0.241159784232356
-0.216573243452087
-0.223160751330003
-0.263160539127622
-0.193115849597522
-0.249190618450895
-0.215822207765683
-0.255950347796903
-0.252185749337153
-0.236028738620291
-0.235849587293361
-0.200297096919693
-0.224735914714181
-0.19795468297279
-0.195271755704182
-0.219196498964281
-0.27323116954647
-0.235812334199539
-0.21982653916352
-0.245730060724735
-0.218885974673105
-0.197368400613456
-0.242715699340853
-0.240071739366977
-0.226128155827515
-0.217223826414279
-0.210524059370733
-0.258234962589932
-0.207060654634714
-0.214785014320955
-0.2488538760377
-0.225679900452093
-0.238777638546358
-0.220163396834419
-0.250512717743424
-0.188286175654501
-0.238997264522431
-0.192356967031644
-0.217543288815446
-0.244066608662681
-0.227976541742749
-0.251785726476205
-0.206146743849488
-0.213377300029314
-0.193134416983614
-0.208892511411044
-0.271475528520016
-0.182477525660689
-0.20722728613376
-0.239686459079035
-0.193143186471752
-0.202470489858642
-0.229048598855028
-0.200080310774958
-0.233172745466963
-0.223365250142066
-0.259228053197537
-0.223779272409886
-0.226582314699967
-0.19657066265601
-0.24177129025208
-0.237349395321202
-0.219065684792709
-0.230255042185103
-0.205983949490748
-0.228995557734578
-0.281303745012718
-0.210349834232094
-0.215200625369069
-0.159940216273471
-0.24566368593184
-0.255705268774905
-0.179707215267573
-0.233238385543466
-0.283374038013536
-0.201408284624695
-0.217197585099261
-0.198471110561417
-0.202096622958378
-0.229145084782918
-0.238199811262146
-0.239670998055798
-0.263163341958127
-0.225445239320597
-0.208622774429843
-0.213717419421111
-0.232910441797209
-0.227567749405552
-0.234662611181937
-0.233924913747322
-0.247948207755781
-0.238813897411917
-0.206315408579401
-0.251142249462975
-0.228375953166393
-0.237853263083419
-0.216005282498243
-0.24144549153287
-0.19491339682027
-0.204227306086863
-0.244221152128147
-0.200164298819889
-0.237776991299751
-0.241658010559663
-0.197425223933301
-0.222797203998045
-0.248585522637023
-0.233886447216746
-0.220158919619803
-0.227801076348771
-0.240417977630417
-0.274780377978347
-0.256828784225999
-0.229968682533619
-0.221100587984976
-0.266887862393323
-0.232456457775096
-0.197502693431292
-0.255180825027943
-0.230962193355758
-0.258259363749538
-0.238129319441016
-0.268764388207052
-0.27133247901902
-0.250439870730746
-0.237871873851789
-0.226564131330309
-0.247680418685207
-0.277824436575465
-0.268024628739349
-0.201309970719255
-0.244694634569143
-0.241277133325204
-0.2364922741827
-0.228909345379474
-0.24398221646505
-0.230749424236499
-0.24860702420082
-0.252845927357313
-0.224551516511139
-0.235551238666102
-0.173943386364779
-0.249192956816458
-0.167427380722586
-0.204448041064343
-0.251203467170018
-0.226291924652694
-0.279028209855905
-0.208538943777404
-0.247491917645211
-0.189936774285787
-0.233482779062281
-0.179749440502632
-0.185548513280814
-0.211286835486284
-0.197392356281649
-0.253079672160124
-0.257485913311697
-0.180169362092403
-0.255092758316288
-0.236451591778045
-0.231645879263094
-0.205428659303726
-0.212739833698841
-0.222015437910856
-0.252308334474093
-0.204036895812594
-0.20271775747511
-0.234848853331497
-0.190267196776197
-0.191558179976837
-0.243648985171616
-0.26462828475625
-0.242775670272542
-0.257794858594645
-0.179691352196628
-0.217901576152301
-0.219666192331166
-0.207174115791992
-0.246224150891697
-0.235753743268207
-0.240807002472405
-0.254089070636081
-0.265235296285741
-0.21449162505696
-0.206721116625597
-0.16965733421299
-0.206366850666558
-0.23239230466568
-0.251012143707938
-0.232667586879023
-0.177897000194183
-0.210566929170899
-0.254515144364045
-0.221602438392998
-0.251850814165458
-0.211324981322797
-0.232346011847663
-0.224352353561951
-0.21786329987039
-0.265034658214251
-0.224009465010117
-0.279633797754873
-0.189636663736584
-0.1981897345239
-0.1891638923512
-0.205673352178675
-0.212525536469035
-0.213107129591952
-0.236410459818627
-0.213400867106651
-0.200379465408206
-0.239725713636472
-0.206785362135051
-0.236911461984641
-0.187761468677666
-0.268075253423552
-0.237798313814831
-0.216656149184885
-0.238536940696745
-0.18935621715149
-0.190459429493025
-0.212742217396372
-0.28024401330678
-0.233941657356284
-0.228824415512617
-0.252865891804102
-0.247052290676037
-0.205996984975057
-0.259553851951064
-0.245719935113717
-0.227501959139176
-0.212781029436429
-0.229613603736776
-0.209493250899899
-0.230258622228564
-0.215373876463325
-0.202818931126357
-0.250187891746686
-0.222008341923077
-0.238987366530988
-0.237428839401072
-0.209054413515173
-0.225879685416286
-0.204528807081706
-0.225160846409718
-0.227392654360064
-0.253077732024288
-0.184866404851915
-0.222678153868286
-0.226630164982043
-0.222967637577996
-0.213126579183493
-0.255583840799885
-0.209249836894944
-0.19595553051737
-0.267544250930965
-0.212614152769379
-0.225921624556848
-0.147481498930069
-0.201342489718425
-0.207490619766896
-0.221848262804401
-0.222130130110835
-0.215941832550898
-0.256457109199392
-0.224963954008744
-0.219671153192272
-0.245669733025057
-0.205065503072136
-0.222983604615684
-0.253957588046928
-0.267309739788005
-0.249423262496755
-0.259435614554458
-0.186738997739673
-0.227541411491556
-0.256503012904723
-0.225466793326666
-0.218741660344383
-0.272835282797275
-0.236358354740179
-0.235772602806424
-0.176048650407115
-0.263053104017346
-0.206862272491657
-0.239181365482385
-0.20886375432189
-0.230130444646724
-0.20196074300056
-0.258370558459653
-0.205614256108136
-0.245143831183759
-0.237926827592133
-0.268623702967282
-0.212729129030219
-0.243753176924894
-0.186556036628099
-0.247593641011958
-0.201845034146375
-0.213674492386611
-0.264060470799966
-0.232693703520752
-0.224024221855853
-0.251002609217741
-0.216798264197551
-0.239919104184985
-0.227181049643803
-0.224872980598353
-0.202830547776705
-0.231981184986782
-0.274796525938229
-0.181850276363299
-0.227168810964984
-0.205528856359586
-0.180274681319107
-0.275218023930204
-0.209038955621353
-0.28749253290778
-0.189996107641115
-0.211181397300806
-0.230327663297128
-0.242375468401272
-0.216782452811378
-0.233139122529618
-0.224415632851067
-0.249595742503616
-0.265339114044514
-0.16869186664788
-0.249908301733242
-0.216926509090151
-0.270476803595833
-0.24219052040157
-0.231010266333676
-0.205203661857099
-0.246523420885985
-0.185272269432138
-0.217996608855057
-0.217247301181927
-0.250980210028092
-0.232925929767745
-0.246211205586658
-0.270819415484745
-0.238006475780415
-0.26107786773015
-0.242836364166696
-0.20693173794365
-0.246364692175623
-0.235096011608698
-0.222728000994336
-0.249409383058201
-0.217948416150096
-0.226888644361172
-0.230002262215076
-0.197227241878213
-0.242108980497054
-0.225176969066704
-0.219156603683693
-0.253845262706446
-0.226147228349645
-0.212530594398516
-0.188138226727002
-0.253534023519238
-0.2137441973664
