2.4999
2.49849358861487
2.4049596094325
2.49732004977848
2.49996916644697
2.49512440581758
2.49610357790756
2.45247968440707
2.48414259798147
1.48567607929168
1.00851358978044
1.00723434247859
1.05540075516819
2.32851250741191
2.49625594594839
2.4931216429253
2.49772956548855
2.43072405254687
1.01273596117006
1.01051663956038
2.11323998707571
2.47014120590221
1.94340529164792
1.70282143056463
1.343835986765
2.13083637036496
1.98847392710001
2.2678709566459
2.3371555425778
1.45414167656382
2.3601218836782
1.55347384133163
1.92275457868298
1.62286356876968
1.44309600627861
1.95895637604347
1.78424719530574
1.50944943915753
1.15447440833311
1.71054797420372
2.19460311316051
2.36419812062415
1.81459106120693
1.59423638919053
1.69206866737777
2.10663419288162
2.20162071960295
2.34610716647572
2.0863493101354
2.21010965991927
2.25030468587733
1.57339490725427
2.0821796325136
2.35222556219388
1.40304490507954
2.32271647143545
1.97827791453346
2.23246105007903
2.10658987815103
1.7474369994799
1.2618298936593
2.30989317153531
2.02089976951654
2.06998001490224
1.37802290388758
2.19585553398179
1.43610265041184
2.03693103771649
1.37437509850367
1.34873815981329
2.49415432760665
1.54563411206675
2.31211854168323
2.34858048217171
1.40385532552643
1.07539820807159
1.94641565466404
1.89658562013329
1.63470161306198
2.05759493848964
2.10056412766665
2.12508414160494
1.8416344356646
1.49899959090682
2.06556887983754
2.08769274505055
1.86321707962356
1.83541145658804
1.63183516592683
1.90986221518122
1.75329405373385
1.60835381721776
1.35323620763741
1.87843995962078
2.39603863723182
2.39718225003608
2.08543781842841
2.44100262534628
1.82431477747606
1.70976105831699
2.32304131088601
1.97456409210681
2.07855695288191
1.56742488474441
1.56100837344198
1.86610529348594
2.05232550108621
1.45787073128287
1.81534988335605
2.20245718887238
1.65734980802506
2.32306451303498
2.36593345626418
2.27295220933939
2.07767174486549
2.0472151945847
2.29790631513386
2.41085964248463
1.76071970096982
1.7749576149669
1.99601362333136
1.34852205086675
2.09754916553707
1.44773806910968
1.38797451645295
1.6816491908489
2.23787753519689
2.38306906830207
2.09064981699482
1.85301294305692
1.73009726021889
1.77242037429352
1.43241842079449
1.30613035968317
1.07441343269054
1.62982694534081
2.43833546063636
2.16857326821975
1.07761476326159
1.58765933664923
1.56233420984027
1.39366799823026
1.52112423251999
2.18590939190285
2.16403538350464
2.37238856895962
1.849075392806
2.23645676886975
2.23218270702097
2.0142433112491
2.02504785929674
2.14466899033269
2.15176443693229
2.02771300657945
2.16579579121008
2.30254345143318
2.22968774895801
1.45372964065167
2.2394148673618
1.15836570693538
2.31855214070342
2.41336360312443
2.0907516290453
2.17004917904912
1.28703034563254
1.75924530806333
1.99403318716149
1.2811274567109
2.23005913595185
1.62568820065032
2.10528219036784
1.39186353947819
2.04060326185861
1.59159287356587
1.5491484471314
1.96417102760661
1.91566191360073
1.73863007324365
2.32506949279399
1.99752606842386
2.06590664069646
1.50980140765469
2.26680158350187
1.86422110147085
2.07603757963799
2.40565476794398
1.95717208739015
2.12118052842274
1.75425534768702
2.04589411213244
2.02243026364349
2.04552211284578
1.73419482227833
1.49694711127461
2.32462822515869
2.24464862207269
1.23749571024079
2.20400725262342
1.37430234783247
2.43090426035223
2.27555424473719
1.63884240315768
1.46234482687928
1.70269742546437
1.91434127256913
2.38975134715976
2.39919082085174
1.08414991823885
2.17755170253422
1.2787617660934
2.21963840410586
2.01153602511382
1.8289194847005
1.5698255494692
1.80890164534106
2.16022524582798
1.71353145339032
1.67606735665882
2.15515709720956
1.96768731766489
1.50233492974851
1.93378197498085
2.23418650251923
1.60604681242234
2.17505624710701
2.37604866130674
1.83209990708325
1.80260997362865
1.97908989577047
1.79719366590383
2.0979134077643
2.23409459577736
2.39848381994136
2.20774036274728
2.03065851505303
2.23167674217415
1.78120945262159
2.05284907464846
1.71623047315302
2.0082823215252
1.41583379078437
1.35436518286866
1.50181231744756
1.36133046723244
1.43772661066754
2.2902385000255
1.13120365415369
1.64898215621018
2.3205626126586
1.82864529067389
1.56215751417466
1.61780096904022
2.03852453692271
1.25072407958461
1.5959831748147
2.32973930545747
2.23360129533144
1.32890397928701
2.11512451831534
2.15058086310032
1.68284539402073
2.10951237759689
1.28877653285355
1.273348663399
2.3165870121542
1.80248585992061
2.0203154016166
2.1758270646164
1.9388453206618
2.04037682583098
1.64630618106422
1.08531792061805
1.5180791914114
2.33017880813569
1.34778088956482
2.44675145069154
1.54571468068087
2.25510509421544
2.22640483762251
2.22516316938517
1.96389854013016
2.10330867066161
2.00754190480601
1.7797957681567
2.03463864958708
2.02708698544935
1.95079556159054
2.18773748752173
2.16763410394789
1.95975389722708
1.95192420402728
2.09001341589109
1.8502120443617
2.2810236421787
1.60648671899483
2.44119518632863
1.04990894073504
1.90674245498341
2.35644548590265
2.40063307879375
1.29591810405802
2.40521396761082
2.17642881356129
1.55150670754432
1.83820935382658
1.3594986730027
1.88410457273556
1.84974528694981
2.12641524158995
2.19849803486432
2.001224620049
2.40009590342095
2.45905118352497
2.30791298940763
1.97255443795162
1.67862514614051
1.87952658502577
1.94475652703149
1.49573356242621
2.16852279963712
2.44145506442938
2.37133622664765
2.28004148705818
2.4066088828025
2.45875409757714
1.81246043511443
2.30531222511722
1.44330854111524
2.19854108500116
2.39123778465384
2.39283085347015
1.82928148208592
1.98013089349095
1.69549266081181
1.88463228612858
2.36391937368379
2.35170782751086
1.1864641405056
1.62229745293271
2.24842284444704
2.27150824178151
2.04482325057701
2.12615992433696
2.23689871257011
1.57234652828387
1.90078912636921
1.95793439221764
1.84823965006154
2.33997405542785
1.68062175049796
1.56375142883703
1.89310362087347
1.66978636282947
1.76667350356696
1.73474598462475
1.96884967231986
1.80707624995261
2.07206919576573
2.23797943887247
2.08213178401624
2.388600801778
2.08374092684363
2.12574730705911
2.42198823579525
2.27989745703207
1.80893353548968
1.6714635694841
1.64277993058179
2.07728437062025
1.85020169502566
2.01716708052985
1.46059221023143
1.91604194388231
1.85697793755884
2.09328916496997
2.34591238390427
1.96193330294322
2.04333762469615
1.57171361285698
2.21923869461555
1.54273985251388
1.36148901219048
2.00413366219222
1.93890052643445
2.1127365051151
2.05602168807659
1.71276628368923
2.20586295947321
2.30128410222449
1.80746776658268
1.74043500657295
2.05921007200622
1.60230888458367
1.73177480941046
1.91083611717381
1.04362932457065
1.62137789400258
1.99482189755775
1.4673846449872
2.31998218993287
2.12576844273348
1.34126448093072
2.3344411258947
2.05235839169884
1.55261187159202
1.96144565499617
1.72350988846292
1.86797826848276
1.95085003784322
1.48589300904261
1.26056148473351
1.72548288922962
2.16602392413972
1.72054388434078
1.41874823270203
2.14188961511018
2.32198714003016
2.16151521106376
1.33346652681848
2.38883195327438
2.16143849155205
2.27186300839615
2.41028256476956
2.4859394027063
1.60415882366748
2.18606710571584
1.42619474155681
2.32577625019458
1.3716624606459
1.44434582705031
2.28053757869873
1.37069693141548
1.94527978329273
2.33021171301264
1.43856576282739
1.23576881777516
2.11490334929173
2.42724536544315
2.37529095401534
2.29563855132142
1.39604012448241
2.27993136562415
2.0157304921865
2.23824220856577
1.54041922625037
2.1374987995392
1.98010569115305
1.95573590432809
2.32894636209691
2.07851881406776
1.37552519737123
2.08067955466981
2.23069080719492
2.29318978574134
2.07180214813001
1.67634314977246
1.70268616585382
2.08068880939502
2.08068921349695
2.20213184105075
1.59316119982593
2.00894336645784
2.03956643872725
1.87664468639221
1.21969201010235
2.02291441879932
1.71442290060363
1.72095229674517
2.01450103102644
1.77042309070313
1.20122342138568
1.82531394804683
1.6914935103496
2.02697543681577
1.34865102703359
2.29593696918375
1.88951658046234
2.43305426387834
1.82939634519453
2.16004582962726
2.15412452637546
2.06199331622266
1.76807680913635
1.85934242639581
2.21224367372391
1.82359417860986
1.83099458087359
2.24666516716432
2.11177751336237
1.47165323156145
1.94201410758227
2.39650193809047
1.75658062246436
2.38085041797162
2.06381263381075
2.33415054826032
1.48589787149919
1.92739106117453
2.00689495965835
1.32555052460404
1.94048706418951
1.35803298082141
1.17338132828686
2.38625231472304
2.43777423993679
2.23159347575164
1.89672209190481
2.44178536887262
2.42776682159557
2.45086793191441
2.35437392200903
2.34184478681497
1.40713345677223
1.38202777813917
1.6667075510039
1.9014722206219
2.27412676939528
2.11900720294052
1.6167444298052
1.89776042122558
2.23651955029533
1.95901462661858
1.52735118164578
2.19190509775797
1.37356124871685
1.67015943202929
1.85149987421892
1.26204430484463
1.50776661791531
1.17793413139513
1.41413110644948
1.25511614949663
1.9524132210946
2.0733499413443
2.25693942808075
2.43586617107819
2.38780237700699
1.86760058784434
2.23077609170963
2.0834265417697
2.12314818135651
1.18434671706281
1.64917203994589
1.97361814020957
2.13222446222509
2.35400337406715
1.27289988465883
1.59390393941407
1.32782308497315
2.05941800416506
2.17635291135335
2.28582959318917
2.34283964201852
1.72187437793028
1.58792346442585
1.99428209442943
2.1856128587506
1.8437145708161
1.44519817341028
1.79126249969084
1.62399768926394
2.21357717656682
1.84810265706777
2.35461197772355
1.98759524754476
2.11669629925579
1.93955193270241
2.05462028686131
2.32235438494352
1.54261089794094
2.45754254411476
1.78129603142405
1.2837620216656
1.86721433772882
2.19530528809136
2.27885402217607
2.2885089289179
1.23109885503127
1.70974112864277
1.56556563111634
1.71082863325972
2.16045733737376
1.66395227221316
1.84144240452957
1.58597046699203
2.14271161682464
1.72541364396152
2.1419593229066
2.06205336152096
2.28444216626723
2.22223855214428
1.56158699534816
1.67420699990578
1.75733542951636
2.27329900751859
1.20572160517626
1.75770308699241
1.75722605549994
2.06987893445021
2.03838052668168
1.83988642317172
1.47289302324447
1.83111186806099
1.37551372012287
1.91874016827272
1.93026335014175
2.37757919166381
2.38299627065932
1.97147746648653
2.47384718149843
1.81724665211745
2.04600263115707
1.87794367476742
2.11276433358459
1.62303912052711
2.33873529800204
1.9066091266072
1.86084829819339
2.36783571983005
1.71039462851462
1.18955879319646
1.53229981690951
1.66920305372388
2.05724604330222
1.72310136416988
1.62764940967528
1.81250039395973
1.71783933338238
1.32310438146185
1.92871110130439
2.04333461996479
1.93760904416694
1.5469961840594
1.97466829833446
2.38066244763393
2.03876014883834
1.6024798125583
1.39660505565885
2.00789245037194
2.26737132748003
1.42967117652366
1.62205047849646
1.92528278640172
2.30765103082309
2.29397185049347
1.9611471031436
1.99695814532859
2.2231009498506
2.14889224832041
1.24074896616031
2.38252133289201
1.98905392510641
2.40056093226096
1.45336170431821
1.26009125771857
2.08558392081252
1.86634905365799
1.77438409942425
2.00463546052107
1.99040732140661
2.10311901624294
1.82372425766702
1.98783673400482
1.97972254157301
1.92548998630559
1.87884924170061
1.89712013111939
1.73167580806476
1.55003091243522
1.82672524344789
1.58789020149372
2.26487584561575
2.16257337386559
1.12993111402345
2.3263254796283
2.03143246439546
2.32694921580003
1.5091543037103
1.61711629790919
2.33400413435852
1.23804636756324
1.57788998790061
2.08293852482685
2.42995458243942
2.36816822043338
1.23068332770877
1.35109795900034
1.91161799683804
1.82650510372948
2.38791819629252
1.72010424656891
1.78425614346241
1.93121171666489
2.24025492608213
2.20550338341701
2.20898178242766
2.41289055479156
2.21362921268128
2.01348764806213
1.61659809526851
1.08914110004289
1.19293173337463
1.22193427033303
1.71989433455213
2.26203588489097
1.86704138519331
2.32358951522948
2.23997821767427
2.38662407756748
1.88595698327066
1.74111498129104
2.10062530612797
2.24986825005713
2.32188744726058
2.41978057667491
1.94978924602816
2.22025282441697
1.5027805712756
2.09997986139919
2.06762125165672
2.36756927593854
2.28863832934591
2.25015130017092
1.71837057958531
1.6577736279225
1.87482943982478
1.78888278270623
2.38380610329232
2.42727634970804
2.4476925575906
2.33911500260328
1.97919581538956
2.21165816655419
1.80522009326877
1.86153541279403
2.43825916350355
1.56347099836538
1.70065408912015
1.56579417229838
1.92957224603838
2.11822285733494
2.29995047260234
1.91446516288654
2.01916445698969
2.35738526543371
1.68223605882772
2.10939002885483
1.61515894130177
1.45526344352568
1.93389931415532
2.01789496333532
1.9798779719151
1.6968192724894
1.64533360155919
2.16566293575115
1.74334957913957
2.19486973430447
2.08841299415771
2.06802442734667
1.80692387535851
2.22602061022792
2.00429693679383
1.83443604165462
1.95647194244626
2.039099749222
1.92227143907307
2.20220943495163
1.87838101261617
1.73763806541569
1.68706732121794
1.85807777736077
1.18173041935419
1.43516413076777
1.77742084694182
2.3549717261858
2.00371878331754
1.90992101427196
2.06912092593347
1.72031935686756
1.09503264518101
2.19604063998134
1.96007297680929
1.56013330881804
1.62183005443622
2.05545563647783
1.77251617340196
2.01156319647595
1.91691705343952
1.69655387289746
1.87547276585432
1.24387145150527
1.43555043319876
2.35606038888709
1.54461093576164
1.76510404728389
1.40949338032171
1.83542688481271
2.30437726203057
2.4030385954978
1.7694379504336
1.65780815964769
2.13465368286597
2.11070891046165
1.91112064243146
1.83841132266616
1.65276130662295
2.12863863147043
2.43807605396289
1.60399391133285
1.94969790994336
1.87868690007734
1.96553913820685
1.70460088274731
1.75490843753736
1.55429437744059
1.54358562397044
2.08473497323417
1.49309452464355
1.42689970120589
1.67117565455461
2.13177874394963
1.90132154582113
2.13852246865276
1.65775300036347
2.1660941722978
2.40003478788322
1.97857910374233
1.17011140508504
1.9522578229764
2.05378957702399
1.87819165525187
2.28407174002159
1.39747159020612
1.85990053455599
1.89041265352703
1.88019568518794
1.42989509159128
1.8900165133329
1.59392951986635
1.65949669378409
1.55466525139671
1.53736681964577
2.09481373111866
2.10776869552336
2.20635086818742
2.05204872204811
1.62535422752575
2.13730211695091
1.31046059557456
2.05187484594777
2.32801411155379
1.08374253662035
1.91111003601983
1.69586687683737
1.88040601058276
2.13394995451221
2.03792891787375
1.56946939175506
1.34335097162964
2.27325089123209
2.07074526964144
2.03761944691877
2.10856940747395
1.52836027827952
1.16220015983429
1.93365781131343
2.24451611788929
1.81119775067618
2.21410638867854
2.23607721450295
1.63485542136087
1.06085318834143
2.46721534384445
1.93077424314263
1.44048723392046
1.06872558708595
1.67129247402259
2.32679852792195
2.04287483710333
1.55057715419851
1.07982208650211
2.40227003508346
1.43272500455427
2.34642960980715
2.07184628642571
2.17248372201268
1.40363687125131
1.68542340867082
1.72152300604012
1.88072357371107
1.85310765998578
1.71234466516166
2.23147999605583
1.86852900658703
2.19585157358544
1.446893238551
1.24824695991829
2.40272352504301
2.06454039326039
1.70786586637731
1.89966419744363
2.14772395175316
1.68107138295677
1.93555390488421
2.22829765451549
1.92668968391454
2.06554560649232
2.01446692915235
2.01968090269514
1.8577181158904
1.69886008547062
2.04009859486378
1.67144353882461
2.07129812777904
1.43076959517281
2.14011678654733
2.16186206020442
2.30153855820453
2.25229464113822
1.99373748272607
1.68640289693737
1.52370968215895
1.46749585788013
1.78802553825851
2.09705587751275
2.26440902209636
2.09735793047197
1.85925609102127
1.96004174793458
1.71655126902806
1.47867630037832
1.77357950806634
1.86702979926516
1.89297066562419
1.41804041832633
2.03854720832755
2.36203335321871
2.06569070062831
1.12971872365492
2.30560978752476
1.65962950599575
1.51519192552896
1.73880022984594
1.78657703884331
1.54637902791956
2.10774343108462
1.97981546458641
1.97457466030232
2.04843096058129
2.24819186346725
1.60570790177879
2.016876905075
1.87615052714609
1.09118253508664
2.35375050726852
1.82180247800322
1.98988535143979
1.69658166985482
1.71860728830849
1.53403500654034
1.45704058480038
1.98145880649232
1.11193581358367
1.16134930635135
2.00118676749856
1.76809117115936
1.27609481978077
1.32284280774599
1.9080872569731
1.63600917285546
2.02342826268455
1.95422590389932
2.31434275088036
2.3348491124714
2.14554501411084
2.17805991110761
2.11148121941227
2.16230288941639
1.30156420159203
1.98033098947561
1.94220050742418
2.10743471309989
1.94864553612273
1.69648763220003
1.49725514450956
1.95619651443425
1.63468833224196
1.96158972752526
1.84349873426011
1.50009019349522
2.31690256113826
2.34482972939571
1.32858398462114
1.86151978203595
1.79048540077759
2.38680313966012
2.17556157672065
1.80390312033915
2.08838350184931
1.49869270718511
1.60615486638004
1.53036164180418
2.39114392104503
1.86712622048036
1.88372157154187
1.97284243562672
2.31216247535435
2.04796291397799
1.90068971876908
1.64173018681769
1.91912814874053
1.76042109001436
1.8123917292924
1.79484926699952
1.95988515745421
1.88230918837944
1.66169308414158
1.51519307639424
1.88585018082644
2.07953280528815
2.13417689958382
2.09902474055938
2.00385961133494
1.74123048848616
1.88616594138644
2.0161882569768
1.9869019807527
1.77402933617928
2.35154639464345
2.0787724435653
1.19798589561383
1.40435395631355
1.6493659162581
2.09804181682235
2.09949977073054
2.05073829549012
2.21491858711417
1.73514576193183
2.04951555797601
2.36431884380044
1.95139702882775
2.24679857284983
1.45558718997112
1.66489219859338
2.39613114187267
2.16376618192138
2.39860939036967
1.61921888712831
1.86259105608702
1.72349823549054
2.26683118548137
2.02006769410194
1.8769238066298
1.8615263927801
2.39622701331828
2.02451620415685
2.31095634188223
2.25356968567462
1.53170550325136
1.62698551034335
2.03960112004827
2.40263505035836
2.20208036443309
1.53629433465562
1.86015273708825
1.83371597625185
1.06895549650777
1.56403257671654
1.41195304951774
2.04373208472405
1.60217688429355
2.35850628035401
2.24821523828397
1.77009160543758
2.18250819268954
1.7144387961409
2.18178197537638
2.30790485065342
1.70717158379664
2.05259915606543
1.7312736697069
1.83484609166966
1.42836228264519
1.7882102331021
1.93957772584939
1.90241748316508
1.73453296292183
2.06805443547816
1.18423066167162
1.91840860826748
1.85507757633181
1.45770633561121
1.19425435811476
2.10613576487297
1.87915184327771
1.70839075022094
1.94116608989588
2.15128424216961
2.11768950703814
2.3239418510747
2.33078015239227
2.49187678170905
2.48524968159529
1.75098449913718
1.77416012449587
2.1303491211632
1.67885619621032
2.10436498294059
2.35766041050007
2.36217894268609
2.36961591199465
2.34027594948521
1.96162604139959
1.50534046745652
1.01250018275548
1.71886114104419
1.55232631023408
1.54771204701295
1.7301129160218
2.406208185627
1.39827563964086
1.84714951274154
1.05059919555816
2.39971124148392
1.91973581847066
2.3407765935131
2.20106425332627
1.77175472990133
2.2068885414702
1.86328265605517
1.34217668502538
2.02441688220872
2.21660156303723
2.00876161322393
2.30343294829431
1.67103853289641
2.2574400785771
1.65496297157555
1.37684653744034
2.16670013285111
2.09078254701645
2.1531187186591
1.08412305114515
1.50301691461071
1.62683192217999
1.32348524231741
2.04438503098256
1.42168184318204
1.60986189274275
1.41487354046691
2.14275700786248
1.25722869672699
1.93927978941156
1.91778248905493
1.4604202109728
1.90783922148069
1.6051822535293
2.01091144812346
1.99722868698028
1.72232212350306
2.31763334735947
1.62182179026457
2.09300957989319
1.47080023606007
1.52214862019712
1.74770935905172
2.21798134509632
1.96477767043635
1.91855618699363
1.88192959586992
1.71882752190295
1.85188677565786
2.12128045840999
1.41468030650196
1.8840921790078
2.13125682323285
2.23860035086819
1.53662356765675
1.70956589707662
2.25629385709058
2.03953786919982
1.9003279691009
1.75914865190225
2.04426922078789
2.10598723716761
1.97797704675745
2.21564124652563
2.37673195458839
1.81575678769318
2.19019307430535
2.03711913349261
2.01651755661235
2.19125910515546
1.57490646546652
2.37980222693723
1.87607800419073
1.28258580496771
1.84759664071389
1.90398930165802
2.16429142487847
2.23631160063122
2.05129889767886
1.96612561828848
2.3142269188018
1.5107058110521
1.29848737001296
2.01856460983085
1.41512706126473
1.74690412122764
1.59818649210548
1.7799123272792
2.33746444996171
2.31001655510181
2.33412899668973
1.86107073391149
2.09245909838413
1.78485081447746
2.23536105313269
2.28669990642628
1.88029913789447
2.05760499112686
2.04703283586414
2.1720606274786
1.91178180141072
1.91022675706902
1.75304438631434
2.00991718694166
1.74556590769222
2.14447373188412
1.30372263860692
1.93461637110998
2.26670414583428
2.12757479413429
2.32051226958662
1.92783165627751
1.9851854681029
2.08185991184135
2.34591202874356
2.15301183169601
2.26374016693201
1.43340175002735
2.00868815440743
1.76344988072628
2.23354889971384
1.22394766309109
1.62612679855486
1.88760955577086
1.18485050954932
2.23197352087372
1.9904628090751
2.42112735804813
1.13070208502812
1.80144495949933
1.65702823624449
2.04073707710642
1.86307745490998
1.23487290074079
2.38230500647549
2.29255025820383
1.8655922221158
1.76087106495289
2.06291596933367
1.56470344031146
1.85245279336155
1.95604270923384
1.37869929759645
1.55550529076102
1.64713889875225
2.13163099076287
2.33788137619589
2.39778646957466
1.16576472365951
1.40241063562998
2.36762083125716
1.8535938806299
1.73991940481803
2.37977950381999
1.12818763254145
2.4552557993392
2.03794942537556
1.28285479189121
1.12416359881845
2.19302613414193
1.97193521047983
1.60716229741978
1.26410124191278
2.40275668843418
1.33852255460698
2.25856505004987
1.51868435468066
2.34281488926996
1.69440183640571
2.42891234103541
1.89961975400514
1.84177397981062
1.42225569469076
1.89680400766395
1.50681151122986
1.88820952410535
2.03227605597156
1.36778324688181
2.08279289999344
1.91658560433353
1.37187314661319
2.06296115218033
2.07553966206725
1.60347604459187
2.21405328759698
1.69702883975757
1.9447155924522
1.6830679399029
1.75504589187851
1.33482425968548
2.21594524182913
1.79601733643589
1.67931198426637
2.13728416079074
2.26629773619685
2.01902296015232
1.45400324675957
2.36443135259516
1.64106659521385
2.21887863864541
1.49177162370218
1.78873873424888
1.94548469553377
1.68484851921782
2.0049431894602
2.16529996802447
1.96946421545946
2.13366162951292
1.93722484611583
2.05583703040171
2.26515896799123
1.58166889384077
2.16781230073407
2.45997547610232
1.54626122262626
2.14017440795315
1.50922225792399
1.84471258715639
1.22336983177869
1.7350703943167
2.00214807280564
2.42235226204663
1.63376396591688
1.47502668900987
1.50205978899748
1.69496481167676
2.15922961721121
2.37075793049633
1.72031289494326
2.09786842330283
1.47038299135688
1.59812225802097
1.43502994202639
1.47390719025074
1.94669830341849
1.90264318991142
1.92415164948762
2.23255603768211
1.81576543640177
2.32175352351927
1.9862103548307
1.69467272442984
1.6661460799311
2.00685957664795
1.93382117145065
2.23857946139004
2.2801328984692
1.7870871292333
1.73999414205564
1.63252071228205
1.88971791704906
2.02887014239382
1.46198855904295
1.62113388947741
1.94351063742222
1.95712744751717
2.03681023471355
1.32855499420676
2.23350800632101
1.83657369201911
1.42713561629853
1.85316113679753
1.54784421850835
1.82038638527805
1.90589323386973
2.20911766595816
2.12222967846566
1.77006891257716
2.35599683897475
1.85416079853341
2.04813563189279
2.17776158172757
1.76823989679082
1.62792757122581
1.72511502074845
1.72467321808238
1.86176392835981
2.18698647410783
1.97227363670891
1.89476321610927
1.94285567184725
1.23524725458272
2.26944399963478
1.44642366530951
2.00609684053493
1.96999440554559
2.1801029493629
2.10363074145015
2.44201565063318
2.17063989833647
1.62235490163978
1.93259539516773
1.7170335181156
2.24386590388009
1.76816634854971
2.0440112831498
1.90463551136983
1.86080325585074
1.97251801363463
1.62181015366057
2.2355546122196
1.73093079914995
1.83551909719837
1.72837355323362
2.20278977504418
2.22133959652814
1.7262124585875
2.34233417169134
1.99707101255403
1.98684563147844
1.64939434557359
2.03530825478346
1.93020006744812
1.23386838427562
2.42734826304171
1.6912312792681
1.55885953742724
2.03213888379257
1.50938672557094
2.02504256398224
2.19196320369064
1.70128712996376
1.69362964687951
2.05257572339633
1.4241148688632
1.95925091374753
2.24394300890428
1.25341692143259
2.14246264457197
2.39515582433392
1.85992030993501
1.69253504084897
1.82797994903905
2.1422649068817
2.13034834246097
1.51015618781857
1.94233121238458
2.07744608428072
1.84956696944294
2.12059461100552
1.43802126432778
1.71853344255351
1.61123911225028
1.59487822989938
2.08086803378962
1.82307131284433
1.97414899489487
2.00991438581887
2.23159176550379
2.29124522290233
2.25666848562866
2.21858514117504
2.2677258494036
1.56670024833892
1.28273483248012
1.57795037664529
2.33459488694119
2.29149823963544
1.74057996636246
1.85389341847631
1.55923732553244
2.009401656287
1.46344578573932
1.43066717757268
1.36639756324683
1.75414109317498
1.2461458900811
1.8090305500097
1.41630186881604
1.99919919835058
1.95651746234003
1.20996722639048
1.69007334369649
1.46727289439966
1.68091864334426
1.79906734161207
2.2896558938205
2.21747736965835
2.12377441568565
1.83683544723084
1.35661510184315
2.33343171927754
1.84659084049626
1.78577644206165
1.90524357478418
1.80100655606545
1.7502269631276
1.37626010181367
1.6146982117698
2.21787381191202
1.51298465078257
1.68850959686428
2.49389117856095
1.35430776060259
2.24734260438613
1.13770736061464
2.29629957904026
1.52569528740778
2.14883340110315
1.98950228077394
2.14302461982738
2.0632475416459
1.97002790062061
1.91938844970483
1.2860868994591
2.29992437122432
1.92852910303076
1.98408869087849
1.37989317845647
2.0255861866878
2.03544440785246
2.37736005684338
1.2999814946471
2.1815544157521
1.51365165307004
1.50371360552855
1.99159741078187
2.42423745459908
1.40058705363028
2.23825723368062
1.98019244133424
2.39219350884251
1.90281563553328
1.5700927561878
1.72840739980298
1.69505215412857
2.18675176943354
1.63537551451981
2.36173168870668
1.77502564795028
1.25812658512444
1.17087980008581
1.87475393996289
2.18092201467496
2.07501082065662
2.30327465579523
1.33191484872511
1.99334794214494
2.06510535735148
1.87301052451624
2.20798052313162
2.32468188393414
2.35936002175676
1.47224470217201
1.10145735369859
2.48639082473757
2.46111760308289
2.20251299742889
1.64769323998538
1.78316474907599
1.46555951574526
1.32373540730485
1.83352051348381
2.30313240689569
2.30423376020465
1.76766300967641
1.03835793836858
2.16350337296241
2.22245972688655
2.1165479393665
2.23208142270628
1.92187400416626
1.86482126977872
2.21408787767794
1.08528917721439
1.07347506563317
2.29327644304661
2.37216595812828
2.28205523438264
2.37069899416942
2.13911897844235
2.27221138790555
1.37078242387
1.83426677969546
2.30510156006402
2.15791970174056
2.15362658095254
2.33042217343582
1.73098761376609
1.71564961093182
2.04984861925673
1.91406488050814
1.93763090398974
2.10851181149814
2.42252737387427
1.99186915598812
1.76509142399501
1.74324655545185
1.51745859350172
1.72203152635702
2.1484455841867
2.01241126453541
2.23542083945416
1.67604816596102
2.03509725809822
2.04345795504555
2.20530650451277
1.51548508456112
2.31634459660643
1.8076914590074
2.1036126992018
2.09035859660973
2.38504562164446
2.02697041762246
2.17925195491014
2.11285187614387
1.49428308369762
1.86623478440764
2.05333230864371
1.90238026977125
2.18851885749428
1.29250558703822
2.28555583972624
1.94382227582224
1.81470265172815
1.53856669188422
1.20498225861622
2.23780296865095
1.43238351572376
1.49725003528921
1.8311879896142
1.13981934481254
1.98743905513121
1.83102619225037
1.55914045781221
1.91143483635009
1.77648605364359
2.32514223768756
2.20965827200082
2.30249610080823
1.43845819939272
1.91499133190794
2.00327858530519
1.84839341418273
1.62640853134982
1.55150529023428
2.01339732177653
1.92651952526069
1.41053788626123
1.98734354188076
1.77354493678554
2.26811076485824
1.5949913053533
1.5147284213218
1.87741147012412
2.16231018903565
1.637811514532
2.2154764140463
2.19748155210663
2.06946517169441
1.68487607116064
2.06831223035312
1.889452653737
1.81833179465274
1.8072284665457
2.04049404497346
2.11002100780402
1.26445283318555
2.04868476986364
1.79454151941403
2.23337056549145
1.86047662130121
2.15031340025828
1.92693372939413
2.00959232177451
2.05736939206497
1.66663476781291
1.5854053800089
1.6064953513831
1.5611292638929
1.80907577603121
2.10984728714049
1.93552725791966
2.261547014197
2.00280515234526
2.15242764394658
1.25340260291557
1.44038632294408
2.04750260489139
2.12159476408485
1.84518500960365
2.28463250346475
2.46626034393702
2.17313667028721
2.29059698143247
1.46374962614996
2.32175635437669
1.9531563680694
1.85067751607485
1.62537333332673
1.94571524172295
1.91870253763307
2.35569568392729
2.0731827204063
2.13834780310317
1.63062612094682
2.1703991376383
1.41907926295735
1.95194231318834
1.88531613310467
2.07191732956647
1.50730652772537
1.87796218757137
1.59032655743128
1.59281210143738
1.6277891861555
1.77511592097985
1.56444881425005
1.84763513598107
2.11358446808542
2.3011901581377
1.25230741252326
1.89891919733302
1.64423306840171
1.74159570189714
1.76908508861762
1.57302645537036
1.88052186498154
2.11238435487054
2.17406581659396
1.82361322365308
2.27153339463709
2.29101112682306
1.77084507878723
1.9795722284959
1.50305114524155
2.18354237152507
1.73018178199513
1.77099245752128
1.37863234971433
2.07240932161065
1.80273448563445
2.30497727970089
1.73659866211881
1.9290960959781
1.61241581270838
2.09851494116511
1.57114418912703
1.98335289874931
2.06710376604688
1.75883272160996
1.93074330456279
1.75376157155184
1.95652238534307
1.63550758509274
2.17554613107864
2.22659265787203
2.32047242219007
1.76315313790631
1.81764069109704
2.26906574471209
1.70998282374383
1.68526229524511
2.2407324263548
1.63872243641981
1.68595551729253
1.60510352868553
1.81477471061334
1.99180665058244
2.16529563571831
2.23921932802157
1.97704194093506
2.04054160817336
1.67085532878282
1.77008251919207
1.91752883959286
2.39010941279428
2.26244258380328
1.92919602479861
1.25965517648789
1.38984228754124
2.26129606637536
2.41864644592811
2.22324969112289
1.08982510447493
2.24307997775093
1.25447611183403
1.32422319349554
1.58546387808534
1.52182385695217
2.18094425703517
1.6142750224578
1.55794454193717
2.40381282123665
1.44277229294454
1.98588069308547
1.98899442215042
1.72415240205076
2.37412674536872
1.98857490165652
1.63644690557899
2.48852628061164
1.97323401744867
1.16141571745278
1.85739758896158
1.7940599146865
1.92740033467047
1.74147639670547
1.58473563836037
2.30281733017685
1.6533310405615
2.12668613813396
1.68710476428354
2.24190448322691
1.35285251146546
2.34955919216692
1.76813712148679
2.27017017972972
2.12305664936034
1.28790987440451
1.41594257698437
1.08021866639681
2.28390242346074
1.64631816315604
1.38772853541884
2.41984420175869
1.13392982556311
2.00445056154865
2.1392112737762
2.05407933512367
2.17933561844473
2.22949360127841
1.85358152019846
1.99826800476256
2.42063691626309
2.27725737402484
2.48400401232524
2.40928061952206
1.16091968172245
2.26642878834975
2.16503665507681
1.56656225270083
2.37696524479633
1.19886151686242
2.18479196678634
1.70272570001293
1.36525982410158
1.4658440098537
1.85511547546954
2.43358533059812
1.22277604926496
2.28873070312698
1.16449631027711
1.28070467193957
1.95362340356589
2.1327118181068
2.45319684440688
2.15347588424749
1.15503942202691
1.69560032050984
1.76423735929356
2.20942230699232
1.56139798097044
1.46604173456914
1.72967182641622
2.248361500561
1.34034195892021
2.22692121676605
1.75019248611269
1.72810360403443
1.80622526132054
2.45904707426189
2.07296521625771
1.63623841807594
2.2422267502526
1.53167155538547
1.9755562553062
2.15342345296997
2.03689100723029
1.14837411791493
2.0396029713948
1.68804926507664
1.9518565259998
2.24340512056612
1.61319985622732
1.82170262468131
1.97287750628378
2.00065324118153
2.0680008719631
2.06419776699632
1.92442230628703
2.11014003556058
1.70609193727778
2.12487691715947
2.07975289862827
1.76806275399257
2.2413824088917
1.18808613171621
1.92022566975765
1.45163623063987
1.85956797020891
1.59093909591636
1.89872214406667
2.25919160365512
2.10001163664856
1.81083026671309
2.13399407035696
1.93690371324615
1.60250722459444
2.38083252396588
1.55573326230273
2.20370747156267
2.02478819822194
1.56989973187358
1.60847075979835
1.27745597294983
1.66681494058141
2.03519391373935
2.18551868464558
2.43594637897166
2.20530425484459
1.49179647664286
1.86075839472107
1.55241874139635
1.99279057474762
1.19917125444088
2.2453680588662
1.60400569160404
1.89942288118703
1.53230959346209
2.38859907154625
2.37145648499149
1.9534597503035
2.26406592498955
1.88664417257057
1.35591358248418
1.76559283873006
1.77447559273522
2.18052696346724
1.26857461178128
1.87503197239981
1.78905021400621
1.98020319566234
2.11256794725988
2.30234583373177
1.53683037130445
2.28026047120385
2.16747115379321
2.045432094533
2.35815007720886
1.13816566141433
2.03703552334629
1.61499041359849
1.23151343222468
2.32365238570432
1.46089388384982
1.41757526698993
1.67404532499843
1.96165806163313
1.1927271681793
1.95708384893731
1.8780931376881
1.68653727594847
1.37389098150717
1.70041620563847
1.37644929949749
2.39688829281842
2.14981475544964
1.82071866543964
1.57980410782267
1.88078938188842
2.08248707582157
1.33853323471162
1.69510104755067
2.31369300409924
1.38396663138268
1.90590774785328
1.90736361955905
1.92285378076473
2.07995626125183
1.42731578279695
2.07444002121553
1.92507670469492
2.22163095068654
1.79151736367065
1.64970366768576
2.05888594863334
1.58975483418936
1.58374497588874
2.38100990252985
2.33864137589931
1.22252582363356
2.1308650639771
1.65349465188535
2.11051198144729
2.14139277668555
2.20579543611909
1.90088682580338
2.06619638561359
1.66381785133539
1.9025755772102
2.29989002340769
2.02707833717762
1.51211843427858
1.65543295958779
1.75257137046183
2.01737954671267
1.14844843809347
2.1556872026633
2.14322125571884
1.37586651612104
1.98802871809995
1.75260691776441
1.69649531414798
1.76528578282341
2.1904585363451
1.84880656384291
1.84412856398792
1.72928469886085
1.92638570180232
1.70195630132755
1.71090699686747
1.67076923849589
1.41226035385539
1.64698767488982
1.5923404783915
2.03663737894331
2.3524119971053
2.27315154127937
1.73290432129423
2.1924655187696
1.92475288081768
1.97880777088201
1.74535339625958
1.62535412253538
2.065221401943
2.43899872132883
2.18428015500971
2.15802293769706
2.16307383350593
1.37064253460835
1.74597103826136
2.16345083830525
1.83455834494395
1.82109767413417
2.1743986955852
1.3870776409775
1.1327700268804
2.23812540273954
1.45381458956707
2.21077357674996
2.39109581882723
2.14907509269259
1.76725779616344
