1.81
2.47380203188636
2.48688614018576
2.27191984903832
2.2677238449502
1.01448786969559
2.4649751404204
2.49863682439219
2.49302033413812
2.23032045452166
1.16726915479071
1.01849222262314
1.28615034788948
1.60309058955639
1.12299573148354
2.31342204166878
2.27857671224366
1.81130338615531
2.2846718353602
2.48706969393764
1.98957645835326
2.32642649088248
1.44795055385905
2.22173580447252
1.13722134180003
1.09697411364156
2.47054409471831
2.40747231084257
1.64654280943875
1.16377058082053
2.29848285338511
2.10448687888362
1.95173266136875
1.4508669196075
1.87763829623586
2.25616250438771
1.85707587089149
2.22038005230819
2.32693862620273
1.78346785823366
2.1795452259135
2.00000795708422
2.01304121463769
1.73414076332
2.39642987589235
1.85969720328161
2.33553351757583
2.32073002153197
1.93423382721959
1.99291822870126
2.05909506488493
1.79671653100963
1.75875980681614
1.88852503985048
1.26665875201805
1.93562808623133
1.8938482330877
1.15808857408313
2.46684106339193
1.14412286021292
1.68891616481923
1.35611887953241
1.87877460277342
1.91278249577706
1.59864284887765
2.18694285075525
2.02298587206932
2.38797015719015
2.45304205783019
1.52701301035207
2.24767669704144
2.31133167574263
1.69481047374872
2.35705537656859
2.153513372058
2.09400638105681
1.98379213615055
1.47703818699079
2.13395811659314
2.3186860306332
2.24847356394487
1.86436757290195
1.98191005649879
1.27119394575916
1.94447995908977
1.2478750479621
1.42201478390439
1.61017289836304
1.64618095347602
1.55977672900499
1.8854466023564
1.86619106879278
1.55717891976126
1.93449541743839
2.28677710967029
1.57975938995585
2.35738603905316
1.99170805519866
2.29608490370692
1.73958588515052
1.24903304712161
2.18321193367793
2.02508308602826
1.74257805710091
1.88982124562877
2.00762345574352
2.19923481546522
2.23845024912165
1.64286058945545
2.46128377962714
2.49120754341096
2.04916020364939
2.35948905280977
1.61817994764054
2.15793600115219
2.20965205568779
1.12184581834934
2.16536748259051
2.1810977875149
1.96533181364064
1.72047244983937
2.0934461418069
1.56521242778349
2.45181242247655
1.830490117754
1.20899106213374
2.02778710398216
2.0594550797388
1.2998312818788
1.36063967785023
1.71440276506959
1.33426076605839
1.30766605051275
1.77764365348251
2.33533639055979
1.42043526063784
1.89546573454701
2.06162361198355
2.07886842002298
1.58021135538717
2.21259061245819
1.85426635086784
1.89085320373341
2.02761572183357
1.69002684883598
1.43635164215619
1.15688689342141
2.34923658924261
1.9029764977346
1.8536582708003
2.021143750325
2.15987491163593
2.11425425123256
2.09904900280459
1.40747835441044
1.36557548446714
2.4921475364196
2.35599689059636
2.03287543788256
2.19408556129671
2.42828324539965
2.13228153331355
2.39159933535775
1.40067456378491
2.03507819048643
1.6141522564605
2.05377250806198
1.97256282816723
1.45614862267047
1.34977168279866
1.33848117602526
2.40128196620087
1.98847612182225
2.00655832576787
1.61467743549146
1.95435930579826
1.80581816353717
1.61920713486637
2.21513406435037
2.19156355830025
2.11025481111034
1.83921964621351
1.94029383937521
1.98259894797186
1.87734302117838
2.01551233038868
1.68639950187983
1.82254593336968
2.01161998780357
1.83560222762929
2.17768443899095
2.25510061608797
2.23639974793114
1.52225725221831
1.52068510598383
1.46957521837282
1.35792885500583
1.56765771576101
2.02342207594055
2.42635979351232
1.58682977527236
2.29025689852511
2.19592357739335
2.21117856355092
1.11772684141964
1.74285990479817
2.07472298636257
1.41674928810035
2.29786690538948
2.22088181830136
2.19483801024227
2.31756955983088
1.62070439858001
1.70375563656124
1.66986904057578
1.88844282933878
1.80575961795074
1.7783433650498
2.15181456143652
1.94732822879634
2.02512912022067
2.21987247136013
1.41741724243404
2.24888814903003
1.66771271940318
2.05422681216211
2.04893745111975
2.04607420704042
1.87376130833119
1.24613450490482
1.82866377561635
1.62984729299925
1.68158751751568
1.76102241835341
1.63012834132534
1.75016763236699
1.92779661036873
2.00434494459014
2.27104611210096
2.10317475818328
1.52367936907077
1.45103491045656
1.94646301084936
1.77502605028852
2.18477137493565
2.04665008838979
1.48316330081645
2.13375777612802
1.52081302495543
1.83270977728127
1.87046570954951
2.20866470157635
1.58555888325712
1.45711043960074
1.7621920635913
1.97876332673944
2.20722370780542
2.01503949979406
1.7762237986455
1.28543645454141
1.30888066594865
1.34354111991569
1.27450291349461
1.70030755881713
1.4715513437671
2.31228790809249
1.81480242781451
2.37007748958282
1.31938858011533
2.02337126326735
1.64320051843512
2.06983158207839
1.07059045278009
2.35910329724687
1.52192817625737
1.87347700723149
1.23680913547829
2.28040442155448
2.03940051101958
1.99417322661751
1.61127231474881
1.75454024993482
1.54196446053914
1.88620053432091
2.06916402058598
1.89791866494345
1.60993139620731
1.82120132084248
1.87231522834972
1.95512877858422
1.51879230987631
2.04336889988549
1.62883994242025
2.05341541320184
1.27544430847218
2.32772205478156
2.09598628666307
1.86982308717475
2.2216721211514
2.45020848466432
1.93715809729141
1.23845798373405
2.03744993930844
1.31922065508569
1.40559203196359
2.19624840917529
1.45426459591515
2.45220996761806
1.46647066482968
1.93348354671968
1.85109873204886
2.18621636529519
2.19543978534811
1.77661073972617
2.00871429659464
1.25945885025462
2.165679203616
1.91119522103071
2.47538901791164
2.07980989194628
2.23192436760363
2.25925237105063
1.96726798246884
1.99271343167656
2.1611761180303
1.63984441020339
2.11217291448458
1.95302916139756
1.43831668956183
2.20835701094856
2.2139583451176
1.62016480350364
2.03635297528021
2.05339739220757
1.65518514472875
1.86721443319289
2.11713962161039
2.13296207928301
2.15580248014331
1.96964558064239
1.63592646814535
2.35836001241462
2.05112117667029
2.11533627563396
2.14175745626937
1.77515550414051
2.22187247442634
1.59548326152577
2.05661346196278
2.11265268623639
1.60623210142532
2.03707774974367
1.76160947487656
1.70087085869421
1.88853008278159
1.80010765731793
1.90986402383327
2.04524150885217
2.11078122390873
1.39957996101893
2.23597001474312
1.74161416492573
1.24136057955451
2.04102189722699
2.3033814448456
1.70463793027522
1.91598622362827
1.67707671454228
1.42832609843378
2.19972081179822
1.84617554085928
1.85956239626225
1.67231893130267
1.97423765372443
2.05942450629965
2.2157929423089
1.27081173682069
1.96411881784881
2.23140826827738
2.08378204772074
1.59406711776591
1.59489475861114
2.16272177722618
2.4432160369696
2.08320168510318
1.83687275731475
1.90012299544889
2.11595002388484
2.00169128802835
1.55238475543029
1.7967610719286
1.74761265195852
2.19872455165112
1.94149111454689
1.28265971220621
2.30703721966101
1.40577989058849
1.97210493943986
2.23093797602152
1.57264313278276
2.12259803439787
1.96160906285252
2.3608238518362
2.06374615295907
2.1000485527024
1.53472934378816
2.19417820730202
2.17267808822791
1.76635875061685
2.34460609491886
1.95109570381229
2.12801852811593
2.03332589482742
1.76312517311656
1.59627249700224
1.62887810349231
2.23849303331827
2.06855834137613
1.73362605257921
2.19604986936046
1.74473612429187
1.24285897216465
2.12604166998085
1.53869102577712
1.8768653684312
1.88434020434656
2.40808148505156
1.60641672802869
2.01662383261435
1.66771343692706
2.45845222778982
1.48174603731005
2.34900629107046
2.27879152278801
1.70219130732949
2.46433738457622
1.5371119915654
2.29813597945702
1.62542296158
2.03646490523375
1.95991081948532
1.834491719901
1.41759192033274
1.92771282517419
2.33982233976092
1.73149406791118
2.2193103678744
2.32403251195107
2.11188341452336
2.20504914749492
2.41503834598169
1.5111866637602
2.07654223177308
1.96461661069406
1.84268430696375
1.93763122998157
1.90926096626753
1.60507072172952
2.14872387856204
1.18254920582659
1.72166698263837
2.27319499139534
1.77586398027345
1.74683112356205
2.09049263481482
1.81743597496355
2.26782684964213
1.06012434078984
1.81668416825661
1.6192888970455
1.3168140232131
1.24623191130847
1.94407383915217
1.80090698051876
1.69172567369592
1.92941413558501
1.34656425917604
2.28969710027391
1.14099898304007
1.25285127591919
2.10205742026119
2.00371649861463
2.25388778754262
1.62960359903524
1.85790965039192
2.3441767230266
1.95601014503469
1.89206266964125
1.91413497340692
2.13151700390571
2.04907102054393
1.85453704100638
2.43565175921963
1.36139037266381
2.11173251916617
1.89041445104031
1.59460020710974
1.86667371412113
1.89059209608472
2.44580281874913
1.76230750929402
1.36052774561308
2.20002087129686
2.40751773298684
2.42755109242129
2.28741178590208
1.6903451076919
2.05544769767986
1.88837398207005
2.44850913138773
1.27300279927433
2.06511187487072
2.48202633352046
1.90670275544291
2.33575766643399
2.30750675008831
1.88379436385803
2.24151843489787
1.70898739926817
1.85527990490654
1.38540414367674
1.84819164425061
1.20779126278319
1.3655741815969
2.117636558885
1.26952701057471
1.98038400805358
1.95411706025563
1.9892902965982
1.55569368963815
1.44819549002086
2.12203702080297
2.07953444352788
2.14191961814671
2.32817431332377
1.93519137681504
2.07998704727906
1.98341492051291
2.20478382417292
1.98269615621518
1.87854830589367
1.78180374038611
2.21726156611684
1.37663846763668
1.74740935205746
2.07439941036317
2.00523824454263
1.88048424702286
1.60396237308388
2.3354492017339
1.32615817540429
2.44145188590546
1.6359171068668
1.8940393292908
1.89421003336515
1.88058354421245
1.6399639654673
1.95574300462885
1.81165140844153
1.77188741220266
2.20557036071663
1.21731187051281
2.10421610209369
2.22960516697338
1.9780042140761
1.96822606828433
1.53163301449885
2.09576381376376
1.76228853509794
1.69267451423956
1.67637709200637
1.94952654437301
1.96652791447224
2.10826350089292
2.16196551583876
1.79360311735612
1.27088248592063
1.53835759402597
2.23676940535209
2.37597968744079
1.63822273729354
1.77925348529939
1.73165885178213
1.43047003324949
2.09848669489949
1.89128617702822
1.43507879212297
2.21058207127387
1.84660348799055
2.11421456697481
1.56196425139288
1.9438318695565
1.97031986273651
2.01039757472736
1.49247456083343
1.89586904847523
1.67959648077015
1.5708612599103
1.77476008143342
1.71077264884767
2.16820756379703
1.94726800930245
1.45346796372854
1.76382962678678
1.81457194196818
1.74547052612501
2.10645393964794
1.09444953875106
1.62773443957022
1.80363991992068
2.20993209610659
2.08526790197183
2.01443165790116
1.67199393501805
1.80589703454854
1.73405141851252
1.76359157431409
1.17065713403759
2.00319203467043
1.41436692843043
2.21616974982019
1.30168736087547
2.25617701079478
2.08825401874969
2.09438682882777
1.63843626872129
1.61551313755663
2.04720800322682
1.54471778291017
1.87545143027552
2.27138019236942
1.98948049958685
1.47561037028222
1.7383287624878
2.17377427428137
1.74458862900351
1.70696146241172
1.89823190508154
1.68148106795817
1.89861115148726
1.95403226799841
1.95526183890762
1.59239858566214
1.72213801378946
2.18875147348946
2.16002140849713
1.95127911172514
2.07435847090519
1.67783742208702
2.22368065222964
2.0950280782611
1.44577705585734
2.24354053384958
1.32931066387182
1.98799834413749
2.03023796329871
1.95043205266927
1.6475596934588
2.03041174056392
1.97330732812266
1.80961275477406
2.04974175757192
2.20988470642248
1.41864292128391
1.49362625775739
2.2744279728656
1.56937551855741
1.62653081392702
2.06921983490308
1.43363804377473
1.68146250038059
1.97497962760795
1.66241245081939
2.1706404895826
2.20166773600151
2.17224179878273
2.04947281720426
2.08869152462467
2.1963022512228
2.09620582078514
1.98815173841097
1.35400906624156
2.02063849507881
1.72131243028941
2.28079723762752
2.18100240120769
2.1766995295912
1.8766908821982
1.3343511355789
2.0305535934881
2.35841298417411
2.3629996702304
1.9387270664062
2.41699569817293
2.03012039942429
2.46955423972769
2.27059917194825
2.01892580901984
2.14983494211215
2.38403304685963
1.62550957825988
2.41491221611653
1.06926435061406
1.49760939706369
2.08390227027917
1.72847546675253
1.7446083976146
1.81136069557302
1.73717844751518
1.95217316079925
1.92418906504564
2.35573953327946
2.25868766929584
2.33606482051527
1.42973911293377
1.95282814977727
1.53154574338949
1.22204459685299
1.56777363773542
1.66656863921004
2.07255895441764
2.02818236874232
2.08620844786507
2.03197468771425
2.0132307069468
1.93227699193076
1.90297333436472
1.56127932704469
2.12827215244969
1.53411551471547
1.92437678942835
1.09969204848872
2.18707900895735
2.23904228799163
2.37795551482331
2.47935223885534
1.66790193436937
1.82771140201788
2.08835481462968
1.77708382192871
1.92085602406107
1.78480591491502
1.76338149643361
2.4253232827683
1.49211592862208
1.78367186044125
2.03396446059591
1.71764732943696
2.24471632855917
1.96430149900517
2.12178366562441
1.88743103759639
1.84672503679114
2.04395515418836
1.90548710662201
1.93868860936691
1.67490172716273
2.177769058465
1.70933378295662
1.88160373100403
1.99766878374249
1.96405952254468
2.02084531857178
1.991047819743
1.55565390519333
1.71259203606019
1.86155826853793
1.41097126261996
1.57024527539374
1.44721699226413
1.96797824245976
1.93812197167671
1.46999785203754
1.24216396065865
1.49021299271059
1.98183185870907
1.96591232679712
2.28017683299005
1.40242375145268
1.24226512192759
1.56302587677374
2.40396527400671
1.98715526308699
1.56325177717677
1.91846091502488
1.3450106300938
2.15304957252368
2.18268094702201
1.22997721340763
1.36315440125167
1.9396588591224
1.16523493431213
1.9527451443887
2.11980483245157
1.56138554815337
2.24627534784112
2.06458408872954
2.39820404470143
1.28472933129292
1.90349312874833
1.86589168964685
1.72298326706787
2.20735157426565
1.73818296734512
1.54148211028125
1.82566787782374
1.97809279622649
2.22412067186184
2.05778914680871
1.52799359602236
1.96654771293465
1.78965757288071
1.62159798409028
1.33056004752014
2.09315056582327
1.86198939021345
2.17376309649707
1.60056417804612
2.1793053163179
1.95729569422378
1.91870299757809
1.88591739988584
1.88955910986755
1.95917239081098
2.22915765736009
1.31355005572863
1.76604405691145
1.77128319245501
1.92605509315997
2.1950976176723
1.36960451364259
2.01485991531237
1.48923960453395
1.46699445503281
2.26043926352168
1.59906971615316
2.10905048164762
2.02691105421495
1.80572772491908
1.86682416150727
2.07965107542794
1.9335605494904
2.10359850694202
1.91115922847988
2.37412941945861
2.2663925320828
1.65247170268431
2.31269339429984
2.0298845021919
1.89020329121559
1.6347741225131
2.22480435980982
1.95858608026805
2.43096620970954
1.9354547254017
2.14615280553786
1.95499489285042
2.07317287416695
1.66413066396065
1.68111139729368
1.96128601327472
1.52101979236668
2.0646714697467
1.5417854427516
1.87702599938646
1.97973695366031
1.41219953012945
1.69189644377007
2.02894303062237
1.8885752667614
2.36375186022143
1.47976081327575
1.45110529029676
1.0480107712937
2.1495224780983
1.13221848735958
1.6551655302506
1.08620702320245
2.42764943644516
1.6162717549346
2.27588192980122
1.85930463084315
1.64386195104945
2.10317744475301
1.27137755047882
1.64543801753756
1.61968488420043
1.31390047146463
1.63190726333939
1.75315239869282
1.70064004873143
2.02222146866131
1.52079969234237
1.54874942649245
2.35806062922877
2.00541260804378
1.38874170389842
1.43088395925459
2.07108563239039
1.27919659472633
1.47349887169641
1.80378060191598
2.31754152729604
1.82757294615425
1.88860178860096
1.9987031664884
1.8728109378492
2.17221337816135
1.53669702809368
2.26840359922044
1.67420013691156
2.0949902776081
1.87664071285278
1.43291221771585
1.86583079316474
2.04614033810904
1.96970503169921
2.07455289827331
2.10986850999758
2.0055362930484
1.92786209698765
2.0876349071147
1.9363278714591
2.0522969648689
2.13828248250366
1.67595208064793
1.7291809538397
1.72926053143774
2.21817316477702
2.04119593857718
1.75002587526916
2.13566378087761
1.76879307503058
1.87344510818415
2.47973014016931
2.0103608718148
1.74680432800791
1.79647275984266
1.99551874719981
1.42115632327648
1.88165978920634
2.01121023635664
1.70413497797443
1.84157733939797
1.46835373707721
1.57620130780084
1.72317295354098
1.35862268567845
2.1704773458864
1.67896111416479
1.81746136879455
1.86300884074272
1.76169591545015
2.05950049326559
1.20358251016336
1.86703954532527
1.83300968448676
2.0167292139896
1.56631212337938
1.70864037915233
1.43673373136706
2.11047466138599
2.04411696238592
2.16440797413581
1.40847641314871
2.12568455035809
1.96779267833534
1.86825221343074
1.91691771730464
2.40098507054432
1.71608292911891
2.33438299131164
1.82174838062799
2.06610669081261
1.98346265532525
2.42483643138694
2.40010990806953
2.19670614290285
2.37883397700569
2.06732885279974
2.06463901451065
1.65053218772014
1.70570000116806
1.74906450899098
1.6405056095904
1.53293260009172
1.45928177496522
1.71921634341919
1.92531645276662
1.82520846771997
2.11029301337675
1.41326650889154
1.29781874011374
1.82731212672133
1.65638073340323
1.86773076879255
2.18650178345108
2.02148014922143
2.39657253867977
2.21505862913583
1.98672448927701
2.02039783163022
1.79711419739166
1.84254280642461
1.84766452004763
1.51706659502048
1.57910405820952
2.29613318112996
1.49616456162904
1.60807632225359
1.70729119259595
2.21371119272378
2.03241824217709
1.71491808229171
1.76182436299957
2.05820158692035
1.65192850294002
1.71999190286383
1.84801764184773
2.14295022257061
1.9403281015241
1.51959967026478
1.8424704098116
2.02623953078714
1.43040490623689
2.10837472831015
1.51441506927547
2.08058396527358
1.88142326641745
1.56242250606236
1.46227883720027
1.98210664650584
1.76661250636857
1.90701910029016
2.2074625703552
2.43912135671245
1.85262370157019
2.04569563600864
1.83728807760547
1.90562846133038
1.47611795955624
1.80706405985354
1.91902123986226
1.60250701826308
1.75264617889153
1.2052783236809
1.36321415717913
2.21474139561832
1.95465758534963
1.90819874997487
1.87161322436188
1.78363685493282
2.18720807193678
1.47855547911939
2.181285577873
1.40170421549897
2.21059333893195
1.17158910271584
1.68705785153711
2.28545288623019
2.39947195076052
1.64672760111093
1.55099099101752
2.37075245051446
1.88546210893563
2.03980715210896
2.09888918249811
2.40810340284428
2.22580738054543
2.12395261897427
2.11764642685691
2.20632614956509
1.83422081886398
2.02550559099381
1.95971813557064
1.87185864633357
1.64944307208048
1.79988679457414
2.18221562133741
2.19722415587026
1.84435730690877
2.05479996326007
1.89827684317931
2.17623169089575
1.77103845722666
1.62328727395444
1.89530236390804
1.89192421986549
2.45720065734153
2.19819041682858
1.69686023594657
2.37033252357313
2.02045900783976
1.61568042629448
1.67858298639007
2.21317917448556
1.95631910462977
1.51801945370902
1.4035203525835
1.80431699668056
1.69222537452304
2.04267034896903
1.83227287483847
1.94947952060355
1.34056150034749
2.36969399422299
1.60596887712037
1.6736579982057
2.08374520259431
2.1982600826398
1.56468441638053
1.79075910422305
1.64422710589727
1.54035165951205
2.00075856589122
1.91094724987904
1.48239508448562
2.26516642150962
2.4932566156494
2.45179017377366
2.30181179359904
2.24587418824771
1.75801561145943
2.36561113183134
2.33968589503852
2.3308378585756
2.08877729044183
2.1148818277825
2.25976704612565
1.41695597047215
2.09176340757099
1.62362414799331
1.25029976820957
2.30101160387673
1.52269171433006
1.44697038034309
1.77400454891244
2.18778896130716
1.73322365678504
2.31023771125516
2.35299709335077
2.05168864381122
2.25771560994533
1.86648409381493
1.1123026613034
1.40693156469252
2.06186453603551
1.74979073115566
1.9801871161017
2.05475290068078
2.16662315805346
2.11742438156623
2.12752569103792
1.5321767374301
1.77365505294958
1.74461345046703
1.90757977630721
2.14286343126293
1.48160652435117
2.22765554059876
2.13515196357025
1.07409419549423
1.49221309971709
1.89886046804137
1.79427842487444
1.79533932472032
2.1577647399983
2.21072752333711
1.91981665793041
1.43415722233433
1.66345997568213
2.09793062832655
2.00500168643772
2.21573043670708
1.27652376849818
2.08795937438928
1.70797743563755
2.16185086758927
2.29298942355483
1.59062080441151
2.38144732591393
1.96694048667606
2.09611354360363
2.35185669688513
1.31727224218188
1.887481969682
2.25549304983112
2.18106386822735
2.16007840919144
2.07699475484399
2.15538841849182
2.02270529267456
2.20921646126544
1.63284711816745
1.64680092841859
2.10050521867455
1.85010451767413
2.23339495095873
1.7472846631221
2.27659729530906
1.97510429703576
1.97477401552096
1.92166210079879
2.1858759064034
1.78960239473249
1.41139329541263
1.83932047855977
2.05307878131322
1.79141085328311
1.81781816029263
1.97662853951828
2.17553409769325
2.04118377448705
1.50608248961183
1.85090639332293
1.8262268135799
1.93739982820386
1.93424242136833
2.14946459218101
1.70118568212777
2.06025605831094
2.19165611869044
1.79156913302605
1.82861104316528
2.18994248289257
1.58813634477209
1.8472910495847
1.89820239210987
2.11572477756016
2.34438346946186
1.89083001230896
2.06746891114346
2.04811201210931
1.54036583395412
2.25282654043231
2.15709557521121
1.83316451375169
2.24766656551815
2.06526879609877
1.74031331637738
2.18016783416937
2.09872598197802
1.72509965627156
1.62356531155697
2.0763281605703
1.53906371820334
1.4544200656699
2.01985728841925
1.96917198682499
2.28206774657626
2.36113054367984
1.2251908486885
2.30906327649531
1.57372755827464
2.17678936832841
2.37385830572023
2.01957483573638
2.4162943366204
1.16705955354218
2.19190980659174
1.43700188197981
2.37484455309392
2.11725578326618
1.9063288856571
2.20800250747245
2.06020101906423
2.16113631786324
1.84437383567965
1.7516542600333
2.42143931783209
1.8551914963436
1.26015457281414
1.04192136497409
1.16465835706633
2.40106745261326
2.3144164272091
1.00184426322906
1.06857409789693
1.23485527788314
1.16983457699896
1.67041978352666
1.77120602140761
1.96158401324815
1.73198387594695
2.2246288985125
1.23545143119665
1.7848113390307
1.57340713827625
1.8567655648436
1.43412840334077
1.57086921865286
1.58642666191544
1.62117806796316
2.08565019710664
2.21893978224026
1.73260534981541
1.56706979517055
2.16522389494988
2.11307750265816
1.85244563714004
1.85229983813979
1.94133693136053
2.01401856674124
1.65840839520901
1.78613180904254
1.47596926072303
1.82159321750947
1.63004217558787
1.64056355330478
1.67092975465063
1.43247118450937
2.15755114131158
2.15701230713946
2.20412851118368
2.28454726128835
2.0755169756901
1.77340226213694
1.37500248645693
1.86221000933282
2.46404834989619
1.44636709697409
2.25356475446906
1.99831203046955
2.06505342217503
2.09282194194395
2.24575339705895
1.91787550908658
1.67621448814195
1.80968757421402
2.051597427969
1.80492267617476
2.20762517805553
1.89805295659183
2.02775881441296
1.48312533901378
2.40003658883157
1.88454693993604
2.10153350296923
1.34041826125069
1.92744941550089
2.18957138844947
2.3505741876763
1.58549117476582
1.70226710453735
2.33874974958074
2.25498565280607
1.51309392743357
1.79981584469105
1.25081909881279
1.74442114530954
1.64056545890602
1.47884519213947
2.1595962357028
1.96465878019751
2.33558739107221
1.66065732028506
2.2831487264371
1.49591514056041
2.10271555733269
2.10320561344705
1.76462232790463
2.12675471764567
1.27399188485426
1.85883486243981
1.8232456331441
2.20962499428522
2.18685419517568
1.85721922301453
2.24140192947579
1.74890205306391
1.82210030667467
1.88872248446793
1.98942948289051
1.45693279004341
1.87784707117602
1.47996943856241
1.88780377835392
1.74918089884273
2.05861469769156
1.88291613472392
1.83262671004149
1.14621206913798
2.14628023313309
2.09610011083022
1.83511061487243
2.05727911296364
1.87265943752017
1.78250805376336
1.98957408805741
1.90426956153694
1.95579764595534
1.80610250408402
2.04072652016642
1.70557049023028
1.81245711172668
2.00421094208877
1.66983459025877
1.53753997460873
1.64072843988146
1.8482424143246
1.94331068603158
2.17555409382126
2.13808387259982
1.38327428982849
1.88473064014403
1.847077245086
1.7939001082459
1.77360026690189
2.18299802227649
1.78546179177018
1.73744237941004
2.25657087913295
1.67128310381282
1.83160922500963
1.99153293337391
1.53812879338796
2.31232687730137
2.17146889462754
1.50391766661436
1.84542052378763
1.82097834775034
2.1568471962228
1.58760837677253
1.70534400918496
1.80474295161546
1.94649110822392
1.73026503227663
1.64648425146429
1.98469091992683
1.59640063837429
2.18011946781691
2.06043355378467
1.58128316815081
2.19287760350582
1.96697676363576
2.03569850561428
2.150404709364
2.25748012061854
1.69514939952854
1.69025082424214
1.64836192689607
1.77348296067034
1.99513418327243
1.42271446378233
2.03051658269723
2.06271353826904
2.01481904906558
1.86557762000522
2.36127715502151
1.58636363169441
1.67683042712776
2.01433604946648
2.05568283942696
1.76460901843085
1.83019877601326
1.83982852600131
1.96820940940268
1.97426112256445
1.89064538534847
1.84255175788958
1.82621837803332
2.25869470810729
1.87282720315953
1.77773344963553
1.63257841825337
2.23214578409138
2.05066049893874
2.10301527589488
1.8323443232949
1.92846026693669
2.07963010709547
2.30256412137341
1.98527704696021
1.93060961348145
2.28489913860151
2.18485138271735
2.05379485982455
1.70387329781712
2.04386409390872
2.28597695237864
1.53188428617041
2.32933001619167
1.91017300280583
2.36429624327534
1.85220202394556
1.75876466415314
2.01259494837223
2.14374308111771
2.05157732828341
1.86600655033092
2.46949088225819
2.29266337919369
1.36294383768543
1.70485971569577
1.56328692854508
2.39415862389602
1.97170101920796
2.12245714119703
1.51196440574503
1.6640801448441
1.68009544487021
1.45101830319765
2.10641033313234
1.96061752610751
1.72667144310564
2.16190080952107
2.00757812755525
1.71771923695369
1.88427945341758
2.07611911235656
2.05992355537464
1.69955706594727
1.61878236309625
1.50748337326645
1.52925079576237
2.226501637425
1.4887999356697
1.42811217998278
2.23414464991342
1.98695068745187
1.25792033813871
1.5736122828815
1.51128468457354
1.80122818866224
2.32971025232201
1.52655624339104
2.064266621187
1.82768424203006
1.92484275439062
1.61490928517849
1.53508503330034
1.48026333915963
2.2153421140109
1.82452796861871
2.07598370273301
1.63003270306444
2.22787242003406
2.23497395600332
1.40842867474991
1.72613975743578
1.85351493412166
2.10284239334087
2.06184984115312
2.12081903201515
1.55852739483718
1.51137346136213
1.93581674316559
2.23599976544189
1.49040245181256
2.03825484737502
2.10011431235116
2.30275513968317
2.26284642170092
2.32344697202068
2.28909064803631
2.12008927250252
2.17492368565767
1.90360059473897
2.42897321327785
1.70390552668443
1.81598799531641
1.40709378491383
1.43899063275887
2.12901649533728
1.05084809497917
1.58592226652728
2.22976858876997
1.56772578861265
2.15958030243719
2.21221267776395
1.35238591111251
1.82270729875434
1.46536513030051
2.18476076018735
2.17354267976265
2.45247449265515
1.90290469522595
1.63752556180275
2.01998268668664
1.12387414714549
1.35864480093217
1.38493044166804
1.9822793588293
1.6215092880941
2.0161226057013
1.56507537859451
2.19104840471473
2.48191080345934
2.38558253778545
2.26861742662277
1.45568152495891
2.0260655197464
2.40444330601747
2.3231285932
1.71207747562056
2.30536601965257
1.9276928373193
2.00592721492339
2.25348346054329
1.43909704189178
1.65282076613388
1.79073934331054
1.64926456995777
1.57627412135075
2.32719706102425
2.40309711226918
1.92893383472405
1.41024121133306
1.65676487448039
2.0749559328635
1.72516178534587
1.61559097561002
1.54774645433077
1.84324329281481
1.92717405640258
1.90403144971572
1.8437067831162
1.52328008321457
2.10703231820326
1.09008925278507
1.43775593329061
2.09253846448217
2.2045461250301
2.40260505686408
1.87579090900159
2.0584772698358
2.29845831631476
2.01739338792005
1.65821017460626
2.27780867382083
1.90424301610842
1.51571227605267
1.38583071473295
1.93875215475758
1.7492072069235
1.37839941103551
2.11564954513088
1.89151193812959
1.86884292453479
2.1066060692128
1.36836959160849
1.48283149753841
1.73798884758095
1.65281574332737
2.06318045596493
1.86819209752521
2.04968476243905
1.7926259010829
2.27765979988793
2.11399632960073
2.14554088570065
1.57593504431544
2.40588971491325
2.22302347402116
1.93531764208601
1.46283013636823
2.23962206424731
1.93653336233396
1.69103610154661
1.76200693270868
2.25016274396313
2.05836993438021
1.46587090541494
1.90607445795185
1.76235901678533
1.9041046925202
1.45917995205731
2.08242817912407
2.144262056327
2.11655299826134
2.14133200740381
2.09161592126784
1.64857997422064
2.34791009507553
2.07044025641403
2.10537811085129
2.20235013560823
2.20874627369265
2.0202548497208
2.05582877078754
1.86373693887275
2.02129631955193
1.75386078517007
1.74129140511892
1.985479728129
2.28764292943036
1.21898744504641
1.75002551813009
1.327454267777
2.12256242107887
1.90701066890813
1.79556701905325
1.98088878952661
2.19945826707165
2.07705797883635
1.85018693645667
2.02006063486195
1.60754078376318
2.09160549172119
1.95787678137608
2.28004412043918
2.17875571753605
2.06288824132634
2.4207214242469
2.11551717540272
2.18179188099343
1.82362528894742
1.98281714025111
2.01930760201431
1.84062395129474
1.95903638822256
1.61576782202388
1.91519851931101
1.72004388620449
1.4860002933353
2.20889449801993
1.59303780994811
2.3296590823024
2.03480271538785
2.07978298882875
2.15574012409677
2.22054719245461
1.35881006404639
1.97728908805248
2.18007563737002
2.03924329196608
1.48111099246426
2.21536241805064
1.83103305741979
1.63153320259749
1.31754794249815
1.64182816324244
1.39992770781292
1.65402419529833
2.2744432013156
2.03197947245656
2.11587407553984
2.24007164851181
2.12476009409426
1.7652713616426
1.95603254120106
1.65767974591339
2.01253929137477
1.58693253257334
1.92595612983303
2.37762218737002
1.84007965812212
2.27408585958051
2.01802216077692
1.98388517604145
2.048293277205
1.61369038708994
1.54319052683087
1.84963383229189
1.99470681186703
1.73946199701227
2.18752280047333
1.88575183909347
2.3349153077687
1.92025955503136
2.09901283802765
1.95133445630506
2.16321801755402
1.74455215510325
2.0089349014971
1.71317661686892
1.86065533366997
2.20490550731899
1.85019437007623
2.00433533596103
2.18379191777642
1.94682014116989
2.14199275626766
1.94838525598376
2.1872929736525
1.93026464528708
1.4922285649943
2.2050945744428
2.45043028109941
2.35903839989616
1.38509272727199
1.81621020417348
2.18716231813247
2.04401364103322
1.65770096471117
2.16077630280414
2.13322597268915
1.74065980492588
1.54042659633857
2.0739725922174
2.27377412022409
1.51028152346771
2.14716921764586
2.12904335962474
1.63542156328101
2.34703044017621
1.87119362983335
2.06043174643803
1.82948441450156
1.91361402875365
1.89335100589119
1.10144485977123
1.63483708225092
1.86845714506063
1.06340934905413
1.26594627062342
2.34686701790933
1.60352946140088
1.68958499941663
2.32281539468787
1.11783120354768
1.92392617423825
1.75458344714192
1.86475360676047
2.23033663835295
1.26696573371285
1.93832449066176
1.8374382946229
2.08276298926777
2.18242497671728
2.04045386083931
1.77069770396015
2.32305850991294
1.92406227942156
2.04724478009672
1.96572766601167
2.38210496250491
1.60143729669069
2.12095066003444
2.01949822714586
1.16925361713696
1.53301878616598
2.21710893436449
1.54326831728307
1.41354496785661
1.85633248187284
1.03112363105883
1.30614775138622
1.32066142157569
2.35952476664615
1.85380016231703
1.75379373849968
2.00216971627137
2.1871706650118
2.02401724646944
1.16115961049537
2.42031474541399
2.4508373142649
1.4790400404454
1.1115846672111
2.31621200228763
1.87038761543162
1.10130536894131
1.68458644746429
1.13583205080101
2.05429093440657
1.66748480134118
2.10309074720805
2.21946996215831
2.2745467900203
2.02502989542252
1.63339195740678
2.37866598661993
2.08244434338604
2.42508743443267
1.42703161245541
2.09449733364624
1.52391926861934
1.19179093974918
2.3578492983869
2.20216860492585
2.02936655387636
1.95520820243489
1.65095281559256
1.54502187187735
1.88656436896506
1.9570300441286
1.19746222748068
1.6214920040547
1.5373959519989
1.80098224077753
2.13674096426946
1.93572727968273
2.1290799866509
2.15350313693923
2.08911575888725
1.70828131439902
1.60667616885747
1.75957968036292
2.23033195540071
1.73438872729682
1.82690725902898
1.61923544978852
2.12648668586058
2.07177428772619
1.75740310139059
1.7603110407858
2.22135605905156
1.83399785430617
1.98078497134865
2.00250350227582
1.75406062996795
2.01128526095534
1.86476228326066
2.21628245389915
1.840546530018
1.8224677933046
2.22142516015271
1.83439182033308
1.34051986803724
2.24500126089931
2.07836986974352
2.10738234699015
1.98034209439586
1.9512106540674
1.87195926661786
1.87856566755162
2.23853769572011
1.80678483059546
2.07305401685515
2.38271549050178
2.11876355362594
1.73945102661635
1.48460752809328
1.36672687538305
2.22541664775842
1.39582656589189
1.14919921283124
1.72942426322413
2.24888515598819
1.85266813877201
1.4618603108286
1.65797975512849
1.95129317825845
1.92025284959219
2.21535345274744
2.06913239600935
1.85878666718637
2.09135329168126
1.9570718071351
1.43993113916341
2.20957853879935
2.19889144421483
1.69045885827506
2.42113580792757
2.34847006016322
1.74712580918531
1.51291691412477
1.94985928580594
1.81684363647008
1.74465762605912
1.69435712312605
2.06273744863157
2.05793393157347
1.37910268530934
1.79536882943329
2.15654072267123
1.81162571463287
1.26488611816918
1.66944494864338
1.79731359220235
1.75316661566119
2.27664895394393
1.75476791647684
2.26772201585198
2.09006395360126
1.53195225612615
1.75427560559576
2.04432938469933
1.27191947578489
1.7755821063112
1.33729135864318
2.3658598654743
1.62321989088135
1.50366702856794
2.12063112220696
1.18453537240929
2.39023974920195
1.52610165285708
1.67321083452217
1.71215059967859
2.01199056235785
1.70928223192389
2.28814965626481
2.02879576272225
1.53313792873332
1.67784707261732
2.32335440095803
2.01141861477737
1.87163051733079
1.70980213542176
1.87537301894419
2.31914296373509
1.72116318795211
1.99751325038805
1.67615669313643
2.16602153750522
2.19459308937273
2.21783067764816
2.26248623186954
1.34220980843364
1.22371294636835
2.30349003809094
1.05867671230386
1.4951665745965
1.56277435585993
2.08776047980679
2.03124426636317
2.07167268059639
1.83765760672354
1.43177870867948
1.90353776162009
1.90738403200756
2.14942633601032
1.83194933840659
2.13235324004613
1.50266969632037
1.29570278297376
1.17882046491156
1.83846516022745
1.841663623343
1.36007983445366
1.89796279577699
1.98149518300842
1.63455610589581
1.70192958603972
1.6300928155623
1.76395019348181
1.81439846617468
1.80070782219032
1.96358604082803
1.83699013549709
1.91086069042832
2.06049857868282
1.79036795009058
1.6253741197185
1.70418191648142
1.17612883804993
1.72910807354494
1.85054148620149
2.40303226834935
2.1601423001869
1.65804145270855
1.85521648814208
2.01097622516699
2.20921211307152
2.0230621331072
1.29673691157871
1.8618822921098
1.3925650523913
1.94667570883104
2.19414338105602
1.74301649324865
1.92568905614208
1.83817816044595
1.85064784872947
1.3906923828087
2.10415883496895
1.3954679436903
1.84468783916409
1.7027174634725
1.07114307635798
2.29762910755365
2.21715320625468
1.80453009023006
2.22728080783407
1.55284988689911
