1.41
2.45533683548517
1.67507679134062
1.30927052090273
1.65277343893259
1.024279142455
1.00004390505776
1.00199259015341
1.00438161644407
1.00148768067277
2.43980875252648
2.26774736246578
1.60478580235789
1.72411069626422
2.49790940731407
1.01232765193118
2.00929949769755
2.42636994993849
2.23349322908386
1.5619716812226
1.60500824389626
2.33296827104179
1.98445082536451
1.54286015368093
2.10858940008448
1.71640931666215
1.84492600317221
1.95223310423101
2.41875911211661
1.35000245006665
2.17147776332623
1.5874220875753
1.08096544337739
1.51155753898804
1.5652819421565
2.02906980048614
1.99169406610183
2.09344045288299
1.94201512542291
1.98488709890385
2.21466360918825
1.90963022336465
1.56989024845864
1.56552867245943
2.14753727438452
1.74965236317676
1.63379251994396
1.6720837082505
2.20003271722691
1.94281108554647
2.07266632045054
1.32433438984628
1.89423705469741
1.45156042521478
2.24190421148302
2.01865351758694
1.59652562076509
1.50244284011874
2.14093906493929
1.27698758521549
1.76455529133762
1.43787004410626
2.0645050465807
2.46158184336731
2.12561454121926
1.40108140686319
1.41550193452286
1.77998760966175
2.22970113326706
2.43246766565295
2.05293129584044
1.23772171242448
1.65702926356066
1.79137408126374
1.73621253746637
1.7665650342261
1.88190007945073
1.54097768397697
1.55122087719979
2.26753977188005
1.58774072436493
1.71755540302579
1.80279446291308
1.92967081210878
2.24973108327937
1.82574912051295
1.44078003375228
2.03734685419592
2.31711833316651
1.98760074358236
1.74261514802283
2.13146720680676
1.43487080338524
2.30046197998156
1.99355048777567
2.10082164461028
2.06655992609035
2.25072013177264
1.51648530768498
1.75094293579372
2.18769957513004
1.24472210385153
2.17633712308292
1.98558395271007
2.18655052195094
2.05201730133855
1.89240255281008
1.25453080759953
1.54627928358497
1.72303246381614
1.88374225300815
1.59260824306348
1.14097700676522
1.2494808818694
1.68180803644023
1.57297944832741
1.92717200994076
2.29724680518737
1.9440707787679
1.84670978405274
2.10985862127169
1.8561768037201
1.38375858378611
2.10169662627688
1.36248692490212
1.21710653407124
1.63027046856059
1.60478061533883
2.42833621967642
1.776803772428
2.01975813950191
2.20791177499518
1.48989955630726
1.88946091208461
2.06504887744839
1.55878679187214
2.2690049101928
1.54298530276025
1.47927545696037
2.22772849337885
1.68874229049103
2.04163670736903
1.96025669868044
2.2892727511362
2.07659382299151
2.07120729606478
2.30475154671761
1.9931207752318
2.18443297846676
1.87594532880761
1.83461657566082
1.58419048406855
1.77272993731417
1.46835051326047
1.95592437692955
1.67733076011912
1.85043789032542
1.53662241707155
1.9138609935603
2.38965459158915
1.95696763505942
1.64883300349297
1.75461701427259
1.6970833711651
2.09749157259906
1.81770044651931
2.18177024484211
1.68092238228512
1.21374376519028
2.21169187745263
1.26458719051061
2.3100053973359
2.11032017366224
2.0462684577817
1.81308182098007
1.88935628034347
2.16203964947303
1.98823932545147
2.46880826431967
2.12706725368721
2.22336234571179
1.8454331535885
1.67824602443884
1.81992898108472
2.37074917685308
2.33296610316508
2.05325149082187
1.60259339703514
1.74659541277478
1.9747244301091
1.89382015853285
1.25853477977917
2.32690551306995
2.09250470037753
2.34324682939072
2.00364547496423
2.02989244519186
1.44870327437376
1.92687376172014
2.38877916804463
2.04781763586097
1.63026278734584
2.36827258940836
2.03593324876122
1.27710058373749
2.16102028582301
1.65219141432973
2.2248806625519
2.3691323360258
2.34120856164691
1.87538216165755
1.86345589344878
1.63261753144623
2.10483993415487
1.77452291262269
2.19786734257829
2.34579499764807
1.90488460770218
1.71471209139711
2.27483042260854
1.98054726214507
1.57977190024462
1.70028751026257
1.91325585184672
2.12594964675663
1.82089691595843
1.57228751909934
1.73806365416031
1.97274321841375
1.7439605287671
2.0188202462499
1.93370721445092
1.64731921433849
1.71547769340922
1.98142380868525
2.35473570736669
1.7860707980637
2.04943266758567
1.30891549922719
1.56079319301471
1.81807693575048
1.63100604380826
1.77161430817359
1.74149792882752
1.91960331446792
1.56185806038739
2.35958600599094
2.01237151177489
2.07152214684344
2.13387157563033
2.37733281477183
1.69712064272005
2.19641153354169
1.98022584668398
1.6097252624918
2.00385827665664
1.72605713321533
2.00210482715626
2.11682045248521
1.59445926229362
1.80510862237843
1.7643994747287
1.98205964675821
1.84946368866981
1.26846936111796
2.16321331012255
1.5424441966648
1.99866766353466
1.51382481716759
2.2229047920515
2.32315267893014
1.7294352538999
1.80153300815952
2.19468517866051
1.4918844259245
1.70304293917603
2.07619287683551
2.00032347378177
2.20718687590873
1.60905420108264
2.11787300640379
1.99714042426843
1.79471760195686
1.94107297147213
2.09828232487859
2.14215984625439
2.04457332798164
1.95585477614444
2.12725167499816
2.14600407957838
2.28097436321031
1.91255809377514
1.6891815104272
1.58867042311141
1.81165767071123
1.90688166652668
1.71020439486896
1.81480813426948
1.68902385621795
1.70733498606025
1.52472967957001
1.9802988105117
1.57740455650293
1.73719636176121
2.27045519358737
1.89321553136922
1.90687660950489
2.01174709181567
1.6451010484037
1.67243187283723
1.72520795357708
2.15616729858608
1.50542346234486
1.63309551890991
1.42508255008647
2.38927255815132
2.12000302070376
1.68542572601878
2.47145527247159
1.38994211527555
2.26225901724046
1.56377217045989
1.19597105630234
2.20745081728705
2.12400870066872
1.5683742265144
1.35799232930382
1.50162811425738
1.25601604908289
2.32785752466144
1.70269251943585
2.18942144655828
2.42911056012233
2.30985417803759
2.29000976948522
1.51464775981074
1.59702473522532
1.57271535531531
2.30578376345077
1.84341164843293
2.20547747833973
2.17069150680457
1.61644715270341
2.13196039347363
2.00077141826588
1.81696675828553
2.00533522505123
1.29783776492753
2.04182945219406
1.732486498653
1.89394303371013
1.49489045606347
1.60263515108162
1.56073985217175
1.76189871429666
2.04244547498353
1.81920263493369
1.59113430149208
1.85643243426899
1.94544477362033
1.91676174258055
2.39138977583305
2.07115459454904
1.39930085056143
2.29579374455098
1.9742311963459
2.17186934364356
1.65542900306092
2.05800374367612
1.87702353242766
1.65783408767795
2.10104450508801
2.11261885100528
1.9577597633571
1.85480205167748
1.86109273693241
1.516262868574
2.05349681254525
2.34864635282133
1.45102315009566
2.00467063174694
2.05249818201301
2.05420904320978
1.80971399759741
1.70873087992348
1.35459932098889
1.72487978874729
1.9555676113058
1.68413281921319
1.95465511147318
1.97993705499159
2.08801010661861
1.90468702104402
1.55613997873931
1.22019200468627
2.00731812414627
1.56743658609675
1.78705937901044
1.73767357976975
1.77002079314785
1.88496989719535
2.00137233009237
1.7942603095327
2.33676020275085
2.10422094139883
1.81119736179765
1.90939902693166
2.01596405129874
1.81158872752534
2.19064065466442
1.55958807062629
1.76357562028665
1.62914675100588
1.96829235079226
1.80723696974646
2.07246567051043
2.31104388872411
2.33452446338206
1.44131651493117
1.71684239480873
1.93919634468132
1.88160783879971
2.32831033575693
1.46186974509282
2.22977752616709
1.84792335031999
1.56796459263872
2.19180003552609
1.73640529359102
1.72051389938567
2.14098515150472
2.11996500770399
2.10812608777055
1.23593279707415
2.19564984878979
1.57653493109879
1.52166411754556
2.12505596980867
2.35514295179984
1.20501951180617
2.37003377840299
2.19159509657791
2.09727189125072
2.07731730838619
2.31252732870128
1.91748405520219
2.1585267768902
2.04530115111295
2.18740324283901
2.0005207566179
2.31095075711661
1.63468284947122
1.60849309926363
1.81169759412064
2.32975758554478
2.00806158355169
1.75922265037311
2.26056882585769
2.28198546559962
2.01718810413186
2.12798290725454
2.28181705254866
1.7022809712084
2.05770067339955
1.60665665200967
1.86179030600342
1.91886336798481
1.88338717919579
1.50041079489683
1.47012668606235
1.60524950219558
1.77381867098902
1.73641040902109
2.11442222182432
1.7283914647136
1.89100763930944
2.12491664617079
1.97398899072209
2.0080958566117
2.22752442715148
2.01831197270038
2.16585250349031
1.71787737230545
1.75720955050099
2.11133151554392
2.04889241596328
1.96816923522553
1.93674735041431
2.05979197159403
2.18656932016144
2.41521974411432
1.63114486620328
1.81143370412427
2.02133546692596
2.0133362062168
2.14136614195177
1.61958665794961
2.40831415474343
1.78134624180646
2.38290431408077
1.95581962151312
2.07158777597443
2.0019118883519
2.30275109766621
2.36561559362524
2.20896689585538
1.50871986048435
1.74901032911001
2.34643885030398
1.60303421957298
2.41907459045151
1.70760245464251
1.8244441420628
2.40429493821856
1.22125741755988
1.55162451315652
1.42565704444669
1.39021201395051
2.22212558435988
2.09545949978233
1.77600796018529
1.43987647899876
2.15905875303805
1.46298743978284
1.87703338624026
1.85527982380349
2.18664320560399
2.13166269807551
1.68856867019273
1.74732637803236
1.95962999801597
1.8871603150433
1.81376668216039
2.07757900371942
2.30184823658134
1.97086662597852
2.12764975132037
2.00708628586681
2.39070584454025
1.92772270547235
1.78057393706677
2.29573620933508
1.88663422989374
1.52150898976049
1.45407259637068
1.23912049360995
1.90410583950443
1.47700833255837
1.32822669810583
2.11842111079913
2.29384178756623
1.9243468840187
2.35158349287964
2.31545534687631
2.21860230703447
1.64827368928731
1.78894731628523
1.87631843733367
1.67472484722286
1.51396789703812
1.50236108769752
2.177908829953
2.35804548901883
2.0915359910378
1.45938811924058
1.75825402402928
1.67291925560338
1.74128284546456
2.06895759695797
1.68505340469943
1.83190506168786
1.67183633253474
2.03840408532794
1.97671242578717
2.30327975094521
2.16630611123297
1.51477750791681
2.43499595761096
1.79486461693486
1.67731463004516
1.71277269729742
1.30300530270067
2.15803442189547
1.40145797569681
1.98000494088096
1.51040928289263
2.09323564657239
1.87744997443478
1.9383661562524
1.99134313365912
1.77739218597498
2.18629404816396
1.65066637113999
1.48565581313972
1.48761143436379
2.19794990230312
1.82722966214907
2.03109717118818
2.11443044739083
1.87716611030047
2.00985239802731
1.49641657091203
1.7395370385665
2.15302366312267
2.09693753428632
1.67885938186147
1.28972725635065
1.69898887945563
2.34044447845174
2.31517651390851
1.55840752981553
1.97977662583424
1.63435152979869
2.28023129589151
1.83825157076146
2.02278814962631
1.4898557375621
2.28702128298952
2.16496397975143
1.50947338117147
2.00206321211669
2.02018618467083
1.53602187162297
2.04529265701378
1.5962706360923
1.58658659244818
1.9865626810275
1.76361915166687
1.78024811255714
1.62844299705825
1.80221323524103
1.88252365340357
2.02234993268803
1.71955953956746
2.02370247351827
1.81204768989603
1.53806585564797
1.78819591970005
2.23724916874498
1.51485705675438
1.67064612232628
1.85013947398703
1.85885111378423
1.69871750707553
1.89673336044424
1.78105917009803
2.25878028606449
2.09978169340082
1.76496919867218
2.2999211855414
1.59155241131188
1.95029574965109
2.17739749689683
1.81764705991544
1.71033186853264
1.3504427760991
2.15419697296733
1.72709237313193
2.02434647096167
1.9729401820119
1.83008995488912
1.85230310409899
1.91718054857561
2.00284376379539
1.83155328169848
1.45510319192033
1.93399321623942
1.69498059073856
1.8044266448983
1.73382442254915
2.31851794385091
1.41903816496552
2.06964892837762
2.42777298052213
1.36518056965046
2.01884127335678
1.598798884357
2.09994795138443
1.48149659019022
2.42681562195143
1.57797417935144
2.38166026165839
2.21759622733727
1.88300721648796
2.0468663812724
2.22404102449441
2.3033783900636
1.91702107540105
1.10403682382445
1.82102221310746
2.26401167456949
2.181821069746
1.90216223349707
1.69522547808143
1.68096777033551
1.86884780829299
1.41056258911641
1.33098029021355
2.07814655892771
2.44365591997195
2.34089180947091
1.14603609655197
1.87462513677849
1.29628886194817
1.289909686793
1.83942080808122
1.57995268527719
1.42913071944358
1.32602806114929
1.97674066847637
1.99902413055896
2.26944907414835
1.8836795477442
1.87942382052392
2.16303781976621
1.40064642423219
2.31762713088496
2.07099418928016
1.8005778333012
1.67204374225089
2.03511106518165
2.09337531402489
1.89086447681659
1.61955490514881
1.82077119764573
2.04294230342801
2.27515287884665
2.0766228473574
1.77001651085673
2.34710632025434
2.37576932850464
2.18911944250325
2.35129480371715
2.14695609446023
1.71934135608631
2.26722081112513
1.81418766976518
2.04504063519206
1.85132783926312
1.96204517301062
2.3202442803616
1.75863216759166
1.98504431347715
1.61202201541756
2.13639791786507
1.65067016660716
1.35300288606229
1.71969326683268
2.12072622557185
2.03324497249505
1.91159768804431
2.24534886615077
1.84245438407298
2.18295523754476
2.06032462476303
1.93817307036091
2.01418123926748
1.60133184146775
1.69134057850307
1.94079144180159
1.87093538266347
1.80787490444739
1.79939641177608
1.78402054995827
1.6515108071381
1.79227481841131
1.78788252468356
1.58213353360022
2.06460084578586
1.58978841825416
2.10906375267924
1.53345828256656
1.60431158473242
1.91635031962797
1.87785065365809
1.88855511262624
1.57782774372944
1.35981841747706
2.2811964088678
2.14986843557672
1.85971123206389
1.86631504756315
1.23813502943125
1.95352836447968
2.06675069793373
2.17369766301068
2.19800903324185
1.82125013084056
1.93579118153394
1.67886446852686
1.70430748512695
1.80255374405058
1.39868633705651
1.36045197110079
1.38171606061653
1.74441495322432
2.11225595177595
1.86537920719277
2.42861388718037
1.49898233413741
2.22823552348435
2.2194254796579
1.88924732722587
2.09964695498591
1.98711607638795
1.70559076872053
2.01880386988644
2.08210964335562
2.29140888063658
2.06295314552569
1.72093357319258
2.32123883608031
1.95415071531
1.37228316825462
1.72394263409968
1.41736105339722
1.4318161480686
2.10369708526012
2.11709384168832
2.02130481826754
1.74509639194328
2.16755765461851
2.01698117399471
2.02841288540201
2.04180498420659
1.88157043788207
1.79105065921995
1.61313963706535
1.85409328461951
1.94901412888284
2.03425974330075
2.39683438712242
1.78960457162837
2.08990606770117
1.67583838067678
2.10272641612578
2.07733211160594
2.06470389511163
2.04682136726939
1.77659936878054
2.19065710601687
2.23203410971894
1.62851856204684
1.77046353172965
1.55871108129214
1.91745651854149
1.63162158664742
1.68958216599491
1.77554319352515
1.52180831123869
1.75287820177536
1.78320717588646
1.64462758264615
2.24528821645696
2.00665868001604
1.67440871043962
1.75744256369522
1.75487348154547
1.9056763072831
1.40486353661015
2.27356947239268
1.50850535280564
1.91931781852165
1.94123971823598
2.18361971566932
2.04580203349063
1.80884493909491
1.86129265973491
2.04342949014198
1.71866887188214
2.3077385066991
1.83528981246558
2.44265246598617
2.41250464717263
2.04177963619002
1.46698531665419
1.1015349030902
1.64906261502361
1.27427738986436
1.41148325667024
2.35712648852761
1.40667704822327
1.26105511688117
2.14279472981807
1.60029770909089
1.61117313813533
1.91689787068131
1.75228608666892
2.01514960643997
1.58806452125095
1.80405627295192
1.81257358237332
1.63807199882232
1.81998765142973
1.73074682601975
1.99071559979886
1.87435646054937
1.3346191646797
1.5820220258374
1.89722062607822
2.22480004451254
1.69850329997889
1.84791314159369
2.01945069723061
1.73590442528068
2.17134455978355
2.15570935850252
1.9371165435516
2.05867351545458
2.04336145514481
1.78308709449016
2.00995310218989
1.9057690439526
1.77712217177472
1.65015031920957
2.03152371416495
1.44487286308224
1.79128805908822
2.32769354048723
2.03133820246544
1.780631794991
1.50154671154163
1.42559290818949
1.9345965621783
1.87336318027162
2.22929200582392
2.02031320392694
1.93227519080498
2.09341549387083
2.14853768628792
1.93319845411884
2.27327435371805
2.09654389690593
1.83488489295395
1.51182579127858
1.86368975057461
2.20244273681948
1.2339357897044
1.98091209913171
1.96974871427474
1.41975892018829
1.51280756789603
1.80586991816134
1.61740188183881
2.13636137526839
1.93801502378419
1.93744482562005
2.19684497503824
1.78394057485267
2.1876025557681
1.89412172778259
2.1285783014248
2.28656988514775
2.1148671043687
2.03854063134478
2.13633640463999
2.13495513474294
2.34763593477012
1.78197261696911
1.6806019140712
2.10892115794977
1.4404642719095
1.33890717931233
1.29981398910607
1.96411444338393
2.14212467238977
2.0796737337644
2.00368477277039
2.33548642794731
1.73605182889132
2.37103457692219
1.92039490559619
1.92372984738191
1.68572114618582
2.16062451968573
1.44792655536337
2.34574644750659
1.42913350679858
2.21766678794517
1.71186128619047
1.99472464542502
1.88487437339477
1.95194269212131
2.0122926294905
1.93127171153894
1.79050442358093
1.93294853007831
2.00861544698705
2.00890554890454
1.83561159000878
2.0717480690953
2.05448744494472
1.68241722052047
1.6920573007352
2.09086740936345
1.74424805747994
1.5443089088142
2.40732843810278
2.25109322243924
2.11579937911303
2.20858109268408
1.83430686628378
1.79454536778912
1.35543899399785
1.79619817989569
1.6251609056948
1.84903705662184
1.93133171595915
1.97339950068414
1.73203786984818
1.99816373852533
1.88686410671462
2.16339049070822
1.92607176158535
1.78620078780892
1.78804930478373
1.98104812199298
2.01525348355394
2.02581245698312
1.87000565350703
1.96538294358622
1.8237663504142
2.20523804324394
2.05625470943939
2.33292701063384
1.40616610018553
2.27275334673442
1.93274651117108
1.49529055891261
1.67650261927805
1.18820128757996
1.43366945045333
2.01442814966266
1.73848815029621
1.63307353974522
1.6880181474921
1.69275388376322
2.20345631046637
1.97223889137551
1.96800915818053
1.88543783957302
1.97236123958778
2.44156511647022
2.16462906140149
1.80306919662857
2.02047074668718
1.91694001331119
1.87747785754664
1.58534993437067
2.19431298277847
2.27749841520807
2.21130740168932
1.56220007048481
2.10910159692842
2.17076143117956
2.23343712328433
2.02276084554437
1.28545667778341
2.14771823077376
1.17706534834473
2.2476296296778
2.2170782425421
2.06773652735606
1.52788186351936
1.89439805280722
2.19453339396725
2.29172743716149
2.04273538015803
1.84612180431654
1.89507582800028
2.4434203595646
2.20179594168146
2.27020659338778
1.8719173672462
1.92774690226276
2.03921358519696
2.20995966351441
2.23043497641177
2.11379510452263
1.88297615973734
2.2003077160808
1.67766985684235
1.93384483984402
1.93068814746581
1.78551046819431
2.14938847965486
1.99116086124901
2.37391332937237
1.91203342364072
1.10526291051217
2.23524309011733
2.06128485845113
2.27387893408749
2.17727679919685
1.40151536952204
1.9995173725425
2.35571280532516
1.96412347675109
2.08986323730067
1.91414782378118
1.78251423427511
2.21704242505321
1.82348587833508
1.68188596718663
1.61791802664154
1.65508156716299
1.68596019419476
1.7874080999567
2.23059654472625
1.5831643794875
2.0035179363351
1.10595612974987
1.2099521078046
1.9475581679722
2.12727565436391
1.61807245196048
1.56004770192819
2.4231304452998
1.04847988223925
1.51589277117728
2.40211387626761
1.90245553729858
1.34969065148161
1.71324502942027
1.66029433145956
2.25756897507023
1.79917595523161
2.20259832538683
1.90260991700851
1.73881949897052
2.1130437979893
2.27056444291566
1.67279153110109
1.82325290545732
1.95066161775464
2.01208962741189
2.33187834510281
2.13499527081897
1.21344206785786
2.0914264825878
1.24832074123111
2.06131101912831
1.95388754215631
1.53993767518548
1.18433719888831
1.50949564418876
1.44579427336424
1.62402269898834
1.77606793288419
1.14881418540842
1.67928143086621
1.86878233395892
1.98828512996728
1.83498595024204
2.06537312490332
1.95525685316083
1.15882283748196
2.16414810482604
1.73971016887579
1.75957130529088
2.08059271866437
1.59250405660631
1.83255462419898
2.14019623682859
1.86172506177689
1.78375581051174
1.64907643154305
1.49413770825375
1.62618489166386
1.61894320098778
1.27565518187684
1.24276350671272
1.86871068888742
2.31830908855852
2.39302886346908
1.62044267100598
2.06961052200137
2.02799069182593
2.33299910073471
1.9553369052421
1.47941204805313
1.76582338638329
2.20868645120592
1.95173782534893
1.41926887792181
1.75989189105177
2.43540068832849
1.56180595545833
1.771271082231
1.88980829229578
1.73855897803348
1.95131424774425
2.15269301393875
2.04138512811334
1.82886182473935
1.86434668100618
2.40204591394729
1.77849844193422
1.85378628237558
2.05494742844436
1.88487019292137
2.09532304189364
2.04509903954405
2.2885764079656
1.89911664452681
1.88330753096615
2.23667958825533
1.99576985906699
2.30421097862875
2.23818643003947
2.33649893968383
1.92526523560713
1.81229433253255
1.84574961479268
1.69860286120757
1.83446666617451
2.29099263004602
2.20307434018344
1.60912170155541
1.7876911220021
1.43322644055979
1.18741396721086
1.30448145752078
2.04141020090076
2.24285441955144
1.16130486881387
1.82454837501121
1.72747390502055
1.56380907295242
1.88240905552751
1.71004047716486
1.8496674513921
2.21869559092979
2.23539787813572
2.08938069816034
1.98542427387771
1.56855181619954
1.82052141750913
2.19769565999288
2.22932834060138
1.91697009702491
1.33283463431354
1.2235460467786
2.3934736107894
2.19835088092933
2.02151318999815
2.17797058188864
1.84525854082514
2.42459132935849
2.4136990522033
2.41828314329163
2.06938748419382
1.60167100506228
1.72579845007653
2.17785336000326
1.7747546238092
1.5904883641789
2.39539895856809
2.14633323120683
2.44622633139611
1.81747089330804
2.06669963413531
2.14778036671938
2.27012767563045
1.72836362527281
2.22538847361562
1.36609773713182
1.64999423209938
2.28896974284062
1.51325883810844
1.12552205130981
2.16474268192639
1.86320252695433
1.13283593677465
1.97995331280876
1.4477565986444
1.13146148321242
1.29372447423933
1.96977766322701
2.38100463504526
2.14009600429111
2.33892452073234
1.83202027629194
2.18412811946408
1.21371977311913
2.05325153351119
2.25806345679652
2.06172216239529
1.79794070021725
1.14443269136553
1.65036182538657
1.60331541799603
2.05696593695866
2.29902884839778
2.35502241247191
2.25356134261715
2.00659287148253
1.5869286718935
1.9366400876945
1.80550328102439
2.18463833811189
2.02453351105312
2.0785994605938
1.94797266067447
1.75914632292136
1.35035771178547
2.12840117578168
1.94907309570122
1.77390179381561
2.17403827521627
1.93786161511451
2.08383968437379
2.07760843246055
1.62878278597994
2.12640973803932
1.34743680331458
1.83572399014348
2.09993158730706
2.09268569737845
2.05502625983193
2.36925367487806
1.817957302519
1.63413181962458
1.73140935815522
1.79762901919637
2.03016378646275
1.92769046370755
2.29974792807459
1.91162673550543
1.42524042346926
2.14750313148108
1.89306121247491
2.10586131422321
1.5154359700518
2.17493503071308
2.45595538526665
1.48864857143799
2.21988284450398
1.83406058100859
2.28396655694754
2.07987425696768
2.31082847004434
2.27316851515728
1.23977650743184
2.31406318038041
1.62428399767282
1.86506686068638
2.03412110250672
2.17593524901652
2.20999849565804
1.86116459327532
2.22848917765204
2.48512134361888
2.28780080265829
1.77126873741817
2.38880199591791
1.66795622043588
2.40913041559166
2.01434012678023
1.99978131341132
2.17334990336883
1.77459764693203
1.79655056766759
2.17296194301718
1.80603492762163
2.27076593970963
2.15832196079639
2.16987930392937
2.3548486998441
2.18520080803434
2.0191023565037
1.9364596102439
1.95479503056649
2.00630996781132
2.28479992454226
1.76155511312179
1.71517252888218
1.77871948479776
1.77857875744508
1.67795466857897
1.80370879085449
2.0904042397096
1.80056087749177
1.55583999973104
2.02704848746233
1.69505140673358
2.18809871431312
1.91473608222451
2.32720487485302
1.88578935307456
2.21540520798114
2.00381885390097
2.06334858404736
1.9482866748173
1.94138644458846
1.93987227151672
1.52262036746386
1.74570982060732
1.57513899296935
1.86996170840648
2.0610375685475
2.05695775325209
1.82788668312376
1.63368948547743
1.73312584464139
1.74710122463586
1.51347378677381
2.22151689183261
1.96222321699744
1.92231155073464
2.02830004168206
1.84285803032534
1.51959143897723
2.04607173645208
1.91386663903265
1.98158248246208
2.00376115319359
1.50426510922605
1.69013441237081
2.06703286245305
1.82767622185064
1.99044268995615
2.2438954432409
1.25624751443096
1.70640486096502
2.16927594322426
1.87167939499029
1.82514449628818
2.14824130700614
1.82131391155622
2.08097180063766
2.38677436452339
2.14947526678999
2.29782139553316
2.17051431820056
2.14708409263705
1.90031584651549
1.79278976560978
1.4385419332689
2.22837143647528
1.56614940420654
1.15260023707918
2.31371430912241
2.01793111758195
1.82978465517996
1.46740303116961
1.54366292774302
1.96410741591628
2.23167180761925
2.02590628149371
2.36021941489417
1.98821686525175
1.67122593433238
2.02490046920335
2.17323691065347
1.75263891272924
1.79463684812496
1.91605432616131
1.87912019070639
1.87378804776916
2.02259765010529
1.81124483684244
1.92028887759236
1.92432752793745
2.25432735877381
2.04768868994475
1.81234323904375
2.1933510674118
2.0367690230436
2.08345808201605
2.13686440526243
1.95691485398946
2.09557155767676
2.08532821176258
2.16038068157875
2.33860645934981
2.21043079724191
2.09020740648806
1.84977757525065
2.12426408387773
1.51129589294057
1.7492106654625
2.02982286464514
1.23948825276689
1.14673452638588
1.50557911410009
1.5108303239493
2.21812967701096
1.89484007432146
2.13062949565258
2.44168067452491
1.11967649381895
2.2562409685095
2.18214017366393
2.35075802238175
1.42360159820717
1.75920924106604
2.213393504403
2.00642868122124
1.58280515515887
1.97401833917247
2.31445541775753
2.23727287700721
2.09156147419477
1.78334662250568
2.21115508725273
1.78374209500154
1.94092595533576
1.84280646323006
2.04329823244899
1.6984896770755
1.8390633973587
1.5697230710753
2.36608583895689
1.53509358693337
2.10859875422526
2.34811546595282
2.16526248473795
1.66846736542231
2.3246506621951
2.04908765034685
1.57910625410317
2.34290751620628
2.32076230853705
2.15684801170864
1.48227651375531
1.27131632531505
1.48468746557562
1.6611145391245
1.93359157402653
1.97655890544565
1.4163819031025
1.63230681857029
2.1245093397546
1.57457522100707
2.19451471128278
2.18334291262779
2.44699558832164
1.55605341928503
2.10552701771018
2.40101556671581
2.0707778439698
1.84507524193586
2.02832864380786
1.15974728160022
1.90498602554013
1.66218173383144
2.07673098049899
1.56705627747106
2.46379263261721
1.81203328148588
2.35625087923918
2.0255253297101
2.15044442953171
2.48746793411688
1.09343812584854
2.42936211471668
1.15586873053579
2.25944819506159
1.52078932780447
2.18312295029838
2.0160498267868
1.70572090516822
1.22369109438947
1.46664982844799
2.19160199431219
1.72465036127696
1.58096650156489
1.6953336498014
1.90531643822198
2.46310082758056
2.46345644689979
2.43528658277624
1.65478726784962
2.02045696684111
2.23632428747619
1.63432656089836
1.88753196522395
1.61463210354316
2.07949041407899
2.28578847071841
2.47624924113284
1.85427165345814
2.27812983580485
2.2722157360277
1.78724438133965
1.53269925749649
1.51050074657054
2.45535251941278
2.49345670827171
1.73355635538395
1.59132269865538
1.78371963556588
2.26576430748295
1.79747336708894
1.82158972598987
1.59255184056531
1.22376970182904
2.24015791587587
2.16185026100046
2.24315846022372
1.46977610831334
2.27036093005919
2.10706936845999
2.08629229909169
2.18045909515686
2.34207854071267
2.22661398534336
1.70939029137044
2.20260359111395
1.84596759785446
1.41347027326074
1.4213814007983
1.59457045129848
1.80469843752826
1.92368009206077
1.40093133112336
2.42625389117746
2.23389507581306
2.21032526965142
1.90508291499237
2.31677358605513
1.44520792406101
1.13038707140587
1.6550163279025
2.40144002493484
1.83869968841114
2.01884953058496
1.54159653250884
2.04432898891836
1.59769903855134
1.77593993140829
1.48732005851214
1.92517891607475
1.88926457306826
1.87804184380655
2.00757701661163
2.45008300369222
2.26915918572413
1.7272428801021
2.00560751231469
1.17603836459496
2.29480222168081
2.12532308778095
2.19855068051115
2.03589790010464
1.55542875219192
1.75001514868221
1.70745350546932
2.00428543028413
1.11946492427984
1.05345600628508
1.8681748622111
2.26011403779259
1.66746468444378
2.13764596099733
1.55965972155195
2.27150986808379
2.14878559815668
1.41608552505404
1.88686693528957
1.99119002557671
1.877084928322
2.03873331255877
2.03429889317488
1.89960925845389
1.89310051448183
1.85313096123681
2.12924613017576
1.80015688992552
2.04840627036392
2.16046790547743
1.81887553707377
2.00169506639031
1.60614818945329
1.68751839303683
2.18774629423445
2.38097958688224
1.92782188431795
2.23809467304608
2.27230191541954
1.62095326885687
1.67536711389377
1.6010382644686
1.4595178507164
1.71940385644668
2.30657306076351
2.11499605322998
2.09518065997958
1.84605254629957
2.00153375053099
1.79586225185959
2.16301007146486
1.69331906336515
1.52220065856298
2.16348343597698
1.90753102027745
1.95649641943046
2.39138703661809
1.80405374355604
1.83801390696252
2.37563258691019
1.92620061443052
2.23355490570902
2.25542069619867
2.43199876512725
1.20408012907148
1.35544105277365
2.32128570988832
2.27378011331052
2.13499976275584
2.32922225248776
2.0216816469652
1.92123995603982
1.90460278320961
2.2556516763044
2.10445655695735
1.60596165401912
1.85216473734539
2.418419843834
1.34975098053825
1.37423471700425
2.05376116313388
1.57418009108297
2.36609237543612
1.69947926528038
2.28508855455265
1.5382705231262
1.74285683933
1.76776262003742
1.89767261753809
2.10858305324651
2.19091160561394
2.0801940980154
1.68556668397111
1.74518420625072
1.9620777903076
1.98605149463094
1.87510493904089
1.67168521652172
1.60373258445451
1.63274961483778
1.8822405666747
1.48054850686621
1.60366074844995
1.96603664789783
1.83372913974076
1.79670958977406
2.11425605593298
1.94369081737822
1.8123696865047
1.95885685769121
2.19923293247592
1.98314931360217
1.8699365966853
1.74252768509791
1.3760960371169
2.09143175518949
2.22366941484405
1.50986681040684
1.87699127702174
1.96260112720886
2.07281876147227
1.84240143416541
1.57836880773696
1.70770279775407
1.96184798769322
1.6324582573037
2.05658060354499
1.90336300363874
1.8470746772392
2.17295913485392
1.55306677474986
1.69107134531672
1.73315968325612
2.1108770976787
1.81030853104379
1.98427494210539
2.11854296193177
1.48369180113289
1.78093538157369
2.08504778413274
2.47233524478719
2.40736182369792
1.79291080439213
1.85241526279151
2.06903617745724
1.37914127351023
1.56008801646418
2.32400244550015
1.79234920772399
1.7747528515775
1.93899325030735
1.38907424967685
2.04756550753404
1.67144120534025
1.80661908393185
2.13045875305855
1.82387836816204
2.46456039482702
2.12313193228794
2.32878748739872
1.45862906049894
2.06357173867189
1.36708239491862
2.26593024004835
1.64541294288913
1.21269368227416
1.24986414390554
1.23227030671735
2.02298402042883
2.40955110749311
1.13429935972892
1.82245192136622
1.50557470197483
2.30133864718322
1.51988615320766
1.43773681820946
1.86026981992343
1.4670876639054
2.04986530773083
1.8396938791136
1.34380100168105
1.75040743585197
1.61084931521007
1.9189648896633
2.10976623277811
2.42335569509783
2.4465730055767
1.4684173441313
1.20809324952683
2.12255642284957
1.99019076111984
1.11601438749192
1.62332829698194
2.40526620371355
2.48300710733014
2.07164697821833
1.85199398444188
2.29876414411367
2.28072906139006
1.39401686559521
1.95453843600844
1.79410696502876
1.38085670554521
2.011593631772
1.23953225503511
1.85092292392119
1.7821890009285
1.66139497183196
1.0149872418797
1.08224614860121
1.28025970470827
1.09125297631733
1.77892317164519
1.61581975096346
2.01684716492181
1.76394876665446
2.13530321682931
1.46495795867629
1.45010733925726
1.82523953456552
2.02193675920997
2.39366091069005
1.64087405231668
2.36436773228214
2.14228612779541
1.40693402378933
1.86103128383338
1.66205713037925
1.91284664797043
2.34495987486597
1.80522578042806
2.35891950588429
1.23076872966849
1.77928050762659
1.95453339810818
1.93764268880677
2.32136655332039
2.21434528705383
1.6881722373648
1.63070033479755
1.7171898587261
1.68938218611016
2.10291615328446
2.23569127943664
1.69369360926077
1.60571627127123
1.87674828256896
1.82069513189879
1.71805737499958
2.02682166424387
1.9737387519221
1.73984840430218
2.08919925417168
2.22072212747611
1.48123430372927
1.924341040298
2.28318271922372
1.85376989988547
1.95457244679803
2.03906259574651
2.02094378509221
2.29086263187763
1.76951786329593
1.90028893537174
2.0440339990655
1.96940543408091
1.86433538531846
1.62001264537105
1.95521924954214
1.58948924739904
1.85404764531887
1.88627659554067
1.98378098789678
2.08367425807519
1.56786760601574
1.87560150170437
1.76781872233435
2.29466408251296
2.0511537992258
1.68014659193549
1.78289080240594
1.61849642004027
1.53082752902235
2.17866712959092
1.83067784095593
1.73216523610524
1.80806374083403
1.84505300022587
1.68640689646697
1.71106078930524
1.95126170381921
1.40785434399532
2.3417903119769
2.17143459513466
1.61186213804225
2.17438430376942
2.13061268230039
1.64830865418128
2.14517267770672
1.82527275492013
1.99828415572519
2.12013618274633
1.59294029349614
1.93894793500525
2.33398014156671
1.94915266488187
2.05801782730332
1.79847102356528
1.5949619035744
1.86832375130772
2.24234930727482
2.14461039165326
1.88255297916749
1.9112690465138
2.09695923049841
1.65433523102502
1.94768809116187
1.92562151911083
2.06047971583607
1.6590193547448
1.59945399295625
1.4155119614457
1.83961256867739
1.38825268198614
2.05864915115035
1.73819275853458
1.83256204012976
2.07669058258268
2.29344386213093
1.55487620774643
1.92358514076777
2.08350620958445
1.23307975878417
1.55797137579208
2.05955069351671
1.8148748409321
1.59860327737612
1.98958213809632
2.12931327636422
2.23408271833098
2.18534807531886
1.5458895157438
1.9533586946094
1.6207739577411
1.52587941677775
2.02603950603882
1.760192527156
2.03447984095889
1.88366542129627
2.11211879294766
2.12880775299302
1.77284768086365
1.85879086237799
1.54035001107068
1.62395884958431
2.32740921342139
1.50437293774002
1.55078667681974
2.07777206341213
2.20618945228164
2.30176601445216
1.95262972341858
1.50708426833534
2.42626841048441
1.91708181675847
2.21325159123362
1.95769720228976
1.81231855885679
2.27096265818641
1.84269497396474
2.18294339553135
1.4140619204965
1.60806137294973
2.32822322855424
1.81139074151365
1.76404900985448
2.26508083330969
1.45837744941495
1.95589942504115
1.365117745664
2.10349780413622
1.48628798184837
1.36872144568544
2.05211458216624
1.78640717904792
1.89978449231932
2.00271282777523
1.82712562392772
1.77647268440699
2.06335603830266
2.12442602716295
1.74166216968043
1.97997572659493
1.27126853703866
1.54809239330806
1.49441695317559
2.05692162473505
1.8607193564178
2.13584618337631
2.04167086596897
2.08811686870026
1.86334217458216
1.60133262618009
2.04085316584887
2.26397764657406
2.05457946185331
2.06797731940619
1.72228061106778
1.78929161620436
2.14061161471166
1.79078005925273
1.90748446355182
2.18805988713502
1.84889976212487
1.12963100771599
2.37579612574237
1.48565657650708
2.04991670843471
1.69591626402932
2.48838149874088
1.96725972309707
1.68099907252137
2.30736791214472
1.77155130091276
2.40239531871019
