2.4999
2.49998760992874
2.49964052305617
2.49583842834413
2.48339322391082
2.40761890403057
2.0515713525952
2.41380091008789
2.27433121430531
2.48385790227805
2.49701971881282
2.49184511277712
2.37670077848731
1.99696215419151
2.49797541805921
2.49128411711158
2.35441353471399
2.25107774190602
1.5175423087486
2.48037557275905
1.62249459409784
2.30978734507557
2.32616857951377
1.87859026073915
2.23607174381613
2.17850420590718
1.85455148433607
1.97770428854012
1.43788804075406
2.08417415029742
1.93100386651429
1.75546352405118
1.77242085539741
2.00366237322041
1.74286460996707
2.01184387023597
2.34590709597733
2.22021224429912
2.33032765125923
2.05719991024967
1.81942316165362
1.58654090538571
1.91664225595636
2.06828380841822
2.28488441613087
2.05859089320252
1.9726880028716
2.44883087189984
2.17348978199207
2.2243925766757
1.47674069471708
1.72631194204167
1.96560352214614
1.93379694109148
1.68354163110226
1.94591538256902
2.18192161966418
1.95346016642141
2.28348665996062
2.14011532704318
2.04486093871118
2.31699302145684
1.67494943154685
1.63727804508849
2.24871902821841
2.24396051217683
2.19545312826829
2.11256261801229
1.69251235623556
1.37655718554432
1.73604360437925
1.84476207521192
2.11644178938092
1.57515744027312
1.7682950481015
2.07065236013765
2.3038018293907
2.41422676493045
2.22795203916524
1.95167726551798
2.31338678438691
2.29359366418587
1.94172121134288
2.37037701719633
2.31481312525088
2.32739454187179
1.80505550640838
2.01407655575662
1.74778998869263
2.20152067986557
1.96677595583885
1.49807927144886
2.12689975313729
1.72483094255764
2.40614263774463
2.36825153398668
1.92399411429652
1.85424855646048
1.78803850301821
2.21339504014022
1.90518851877481
2.37417150179961
2.19175606358741
2.2208510537031
2.39420310365564
2.44807705501851
1.74191180848546
2.2775483446666
1.58627306555872
2.45051049408226
1.08157473019
1.80184167882808
2.19560972218096
2.08965688970677
1.42029553870629
1.72128470312325
2.08719839765479
2.23096266962523
2.14155207818497
2.12121297445737
1.84670264658461
2.20265720032912
2.00656774793787
2.06196580975367
2.21819806444641
2.18544031912813
2.06074977231505
1.83684551334409
2.20634121777752
1.92567185261196
1.97843083417572
1.72323096087822
1.57928733203541
1.6423381731488
2.11697128573999
2.31968887471205
1.10457782047905
2.11636935920431
1.81234477412005
2.13866418319675
2.27537266156834
2.30633627362627
1.28532232537319
1.98011032417721
2.30343695897835
1.90908063581085
2.23326482901649
2.17377952508142
1.79609475063813
2.38931138891395
2.34300965076686
2.111306023538
1.7228787582585
2.42936986154495
2.18352815637522
1.8561133412191
2.05367952378567
2.17505417893014
2.26461384344257
1.88053517518142
2.01864836996113
1.68400363267154
2.15513239167603
2.19717103241309
2.12324521650319
2.19898439900452
2.209666516667
1.56065394603516
1.56908627626594
2.05338144810603
2.24276895195234
1.7232305989044
2.01491258489714
1.25846299894979
1.82551785531101
2.07379226761744
2.05118332782351
2.21195764106966
1.71124348136258
1.61168336951165
1.99811656229311
1.63259260654329
1.86266939801942
2.2911821285417
2.29408859797492
2.05528329402153
2.26178029000443
2.27130943380399
1.91053506204499
2.34936551376838
1.95056882350741
2.14780754794081
2.4228797858084
2.45557145249149
2.14713578388236
2.36489369006973
2.17341741386105
2.4846740689724
2.35738023042763
2.41044721422473
1.7057854927338
2.25230258546999
2.2315923488781
2.03592538755354
1.70472689721863
1.86628967320116
1.8924264704629
2.43030461521883
1.84748877830689
1.64352502960726
1.96609819540227
2.42265681223854
1.95785643805899
2.14474854467682
2.10035986668327
2.23539831519628
2.0493823707677
1.74891918120593
2.25651176728317
2.46933793267337
1.3986085405714
2.44361218897222
2.0343939875288
2.31075830240079
2.41829806918475
1.61984198226973
1.56316396543002
1.78303572511095
1.21353165371046
1.95498246883888
2.16918051793815
2.03937047333645
2.07365082594398
1.92996547197543
2.32698785670048
1.80831288043215
1.70642520725802
1.89879493729721
1.69412722609344
1.89404523289671
1.94779896412985
1.85339980782392
2.16942283864761
1.5477085189802
1.31486710899252
2.08661077223663
2.22618520655703
2.21454586153465
2.23523817556516
2.15937829267809
1.20181334522261
1.17598117071288
1.77981909687158
1.84113208222298
2.28943954183595
2.32429364324331
1.8567293829574
2.15420641794751
2.22844827338079
2.15995268624865
1.63972570127091
1.27368835003987
2.28124489501368
1.96989797207406
1.9503554490396
1.89210668679952
2.07360189356116
1.82302873436548
2.16250707519623
2.48024318081758
2.42878374807825
1.75710942406726
2.15392569421301
2.1988878651239
2.22221707123518
2.02697362371415
2.21724245664909
2.21549290248575
2.10674577565321
2.07417391308153
1.8855261076354
2.13313694380819
1.9517676426656
1.67087975350804
2.15964017510928
1.96812405351433
2.26142365505653
2.27218672370366
2.41154305517309
2.22007219174962
2.29541574584164
1.90398068879197
2.03465731018519
2.20465359995307
2.3363448636592
2.27293170615074
2.40578043264915
2.2258607581595
2.36517130578004
1.58901578861209
2.40436160115862
1.79024103765087
2.40060726282104
1.73929713392105
1.94242392920334
2.42375137693515
1.5848629706203
2.29751036910701
2.21076982213903
1.70705609830315
2.33048124195334
2.24015946366513
2.09862801786647
2.36337065746008
1.46944332879435
2.36994797817288
2.34477217655709
1.75477448117129
1.69318274129498
2.39481599627783
1.92629969699779
2.38895938637863
2.47838923148545
2.15385508400217
2.32352978464521
1.9475661490964
1.71643120046764
1.99645398752397
1.8269363200733
2.44631819413769
2.31990024844885
2.16958374281874
2.08942556565311
1.94588120121976
2.05574799699703
1.7862131199054
1.50360432248867
2.09463594132065
2.02265372549062
1.6572549000409
2.20101787682325
2.08508669405009
1.35976504765169
2.11347550064066
2.10824899192649
2.32715012898466
2.2262827179404
2.46101096332642
1.86769320176203
2.13568950422156
1.7958239580219
1.66517774359682
1.91260164935578
1.57919117773948
1.74237612140636
2.15383722324324
2.05681065956853
1.968469527804
1.97057639095863
1.80562486366419
2.00783954187396
1.98944506542317
1.724023332481
2.47146945628941
2.26464697187191
1.84358072019371
1.93103635921491
2.02251570440518
1.88389883339389
2.15707608453122
1.72010884169628
2.13582639575959
2.08261995553402
1.8109485087872
2.28367795728751
2.14617914017049
2.39485546663765
1.76284609295859
2.16824484841437
2.31943236135909
1.87429944364081
2.15434626180335
2.15080481289243
2.17509630906685
1.52341768252183
2.41639684193002
1.80121977924049
1.91275638837526
2.17836489886185
1.70745363869527
2.30571865330589
2.14005426145525
1.72707927384052
2.15648422708941
2.44186975238633
2.38979043621577
2.10278084263151
2.19998380912661
2.03823975625955
2.10108319523674
2.12883926217252
1.75343026763303
1.69960125590307
1.93897270673864
1.77542339396278
2.14715660757705
2.25188439851048
2.12951246676059
1.36569478563612
2.00736526850613
2.17563316910118
1.4723970903109
1.61314966503382
2.06961871590179
2.06126777783665
1.91033145342924
1.75426317256617
2.22392676847643
2.18327616209237
1.34698141736417
2.35433195713131
1.68888007075837
1.56718510970862
1.67484750989282
2.47865808202918
2.08048217364073
2.43321934376507
1.54210819189201
2.00251943563352
1.38005693443426
2.16746373577084
2.05369329998676
2.20071548718974
1.62106465476379
2.46811084118105
1.82012098543011
2.26394897834817
2.3852954426358
1.83389556577218
2.15890217607005
2.30075444644172
2.29609031633512
2.41043239940442
2.33507569305916
1.74553680627224
1.97630581170538
2.29873766134506
2.19534730048748
1.88451254684909
2.03290606776434
1.79846002633027
1.8679410674596
1.98301771110658
1.79834404150575
2.1185991899322
1.84417855856785
2.30825691155486
2.09021659302722
1.37899691927947
2.05073045267647
1.68489664722491
2.17801354219095
1.84476845468568
1.93385505757267
1.71171322562538
1.95980152523753
1.79227770989244
1.5697976524429
2.31549414351244
1.86221339279912
2.06205822552066
1.91369471642637
1.91328159818869
2.25181455362594
1.27153661355217
1.68568574907257
2.33433178845012
2.33657659759765
1.70139968151956
1.70234665048532
1.53005766872465
2.18068985939165
1.98265257729268
1.97482716806442
1.85478263512647
2.06284917392827
1.95152846255174
2.17116452300004
2.02856332757977
1.29774126289788
2.19596785548246
1.60936320764752
1.46300267356602
1.84264109285116
2.43227391370621
1.63669574157412
2.47053937853289
2.37534167688657
2.43169646917935
2.24035848714445
2.42791654462244
2.10088597443194
2.02819722746658
2.12045098844172
2.23550048978892
2.36994152214102
2.19014158401977
2.18832876221914
2.34948789008969
2.17951397201457
2.20343577873123
2.42439769082275
2.06005443113049
1.51005471495195
1.72334294056032
2.20173263478871
1.99835704946542
2.07322950732801
2.15981294710411
1.75034727454234
1.88998556787897
1.81314393939039
2.3774114146815
2.3569372901212
1.55548385059215
2.16036213198442
2.28749077890848
2.13787317643032
2.03276363869977
1.67809622935001
1.94278751378067
1.2555846004193
1.73007932063946
1.70378262145752
2.20677034874833
2.34570586658529
2.3777614408765
2.41407732917883
1.42687554959218
2.36240801254623
2.24367585207378
2.07974569996246
2.34779357323612
2.05709910845457
1.54318576243897
2.34140477820876
1.80429507611307
1.53848526638573
1.78053789276534
2.36877728050057
2.2370331919934
2.36391082891537
2.40567293521578
2.04628561741921
1.66341879687773
1.86326081305795
1.90153671530519
1.77883164232484
1.52779484130858
2.16033128744437
2.22714536350441
2.25598413695151
2.08625285645677
2.17267806176831
1.66004266885691
1.94390639198545
1.9322952982356
1.96559683877231
1.24358736433545
1.24233980059451
1.41945278400038
1.34958901263427
2.26553593504572
2.40891499093849
1.90814332141614
2.37639239847093
2.1397392602961
1.84039239246198
1.72778929136711
2.11442919609208
1.82235049613971
2.45970809309937
2.2112093839129
1.7467328831736
1.73728758178324
1.74976080605261
1.9200764602449
2.15849697992886
1.89765741575039
1.73688966672431
1.8799342148552
1.77600787846539
2.08688683364864
2.16613359081224
2.16097949949675
2.30929037362724
2.19887023191402
2.01766212241826
2.27869847849269
2.41581704321148
2.0947393036377
2.26427938609604
1.25596806008358
2.24142754241511
1.63506739114852
1.70047381832778
2.26888436391541
2.22289823112249
2.29424695565631
1.89486148775896
2.34105232765545
1.45323897531775
2.29962199782547
2.0145345774646
2.43319103425502
2.06883646421654
2.29540268113724
1.95134175621057
1.99544861137368
2.18123633616064
2.25259150520229
2.20368527096413
2.16956684689534
2.18643661821395
2.27913375724289
2.22354038396964
1.8297621440301
2.07561731613269
1.58157884269383
1.35777257524722
1.89951995136704
2.18640218342831
2.30414691174517
1.58010923411773
1.83837481014747
2.3951862466807
1.4856344876293
2.07083436985548
1.48308410826835
2.18178065924606
2.08505559420686
2.19090846294717
1.99705500250309
2.30160174037165
2.36355048430616
2.43471504051838
2.19983023711539
1.92680418867127
1.70092672283977
1.26552853858097
2.43103070837857
1.44882939376725
1.99020654676622
2.26365013147073
2.10572149706624
1.6398098514258
2.34057708999636
2.03017298936326
1.54141148567029
2.23858624327271
2.05651046290351
1.90227453884943
1.74233970930816
1.95973286106492
1.94214351547939
2.11581731926999
1.60339205226252
2.16453335036364
1.5386216897556
2.15661416157181
2.14653969949175
2.44368948661832
1.64067290152132
1.6855490611493
2.24475729179521
1.70810103391285
1.97136868863911
2.37734010853094
1.979024562276
2.18965018781498
2.03181983499417
2.04691864814674
1.80705051467774
2.25881433112254
1.37617344432473
2.02498293145064
2.04920033828795
2.12480478683322
2.33155176679599
2.43132755378937
2.26714615558553
2.2028379571441
2.45807529170175
2.33820855316383
2.26481699877878
2.37835821755465
2.25234200788848
2.17492436866363
2.34335255018904
2.38384620061663
2.43491348706853
2.26813153058335
2.43780983199041
2.26957922420993
2.01548408173868
1.98448535527767
2.22057670506507
2.25084644458219
1.90050729696177
1.93591726233902
2.44886125043312
2.10564579647895
1.54071670013593
2.47678779421011
2.01775769520983
1.93782329821263
1.4939304047878
2.19227905305102
2.11208339988106
2.04584626888298
1.89596094595758
2.04554711779325
2.07996866302186
1.79647959422489
2.18840561627919
2.41878131793187
2.0683455443508
1.65442594789472
2.09010653435572
2.32478588568571
1.84979036109054
2.30092601118739
2.29333141579109
2.12677753112573
2.21328121268412
2.31810994370115
1.98716306273427
2.10313524956853
2.357596852951
1.65713213290466
2.35927032688044
1.82422929587447
2.20399169890429
2.0476613228868
1.90715097597276
2.24853267961152
2.30112222497361
2.23076823410352
1.893780261264
2.12665139096602
1.68147762441644
1.93399520566319
1.77902776041111
2.33364783964155
2.01095579066164
2.28268966955247
2.11915031423217
2.01883868904951
1.98074050524269
1.7788093166714
2.11747451067637
1.98407391929187
2.13958085673991
2.15595679311728
2.01439864309078
1.61322135853183
1.98163419477716
1.99757796105184
2.06525281499991
2.03672887388475
1.63854633527433
1.56832902758133
1.56410643795197
1.58690932730349
1.93766516295232
2.43495870067825
2.35959673790855
1.69343634033261
1.22016604679562
2.14851195642761
1.28686973767709
1.73508929985535
2.30999307156311
2.26757954675798
2.07680674418096
1.94688335396628
2.34071703529207
1.60368411314254
2.07590630318778
2.09207315793336
1.80813050909104
1.63893207345085
2.21469265833289
1.96162689540689
2.27485269400166
2.35204627441328
1.75065281475697
2.09922544511694
1.98798005575747
2.03500403012115
2.10888320802186
1.88753614042331
2.2525584416814
2.17409814679175
1.5021257481507
2.00897170394497
1.85887232397805
2.14679065639898
2.17627096053833
2.21185705650603
1.95017777205615
1.87275026937866
1.84742117716795
2.32832428007662
1.76930328489904
1.61826707610146
2.00560648264023
1.18165319489473
1.83986364412521
2.09370295206519
1.68909494886369
1.93531965425145
1.80406369313695
1.93440251963129
2.05083262671318
1.71241388266284
2.08728507034187
2.23212162872835
2.09474062228379
2.14746784905373
2.13280441566583
1.97605054423821
2.17388883197528
2.04569950639311
2.4606417518274
1.85207300718225
1.94719161186384
1.90102493997023
2.20531908855063
1.93279156858075
1.74461238977022
2.07506138849609
2.21915784651109
2.34482193140464
2.21204950339821
2.4075108379433
2.27695690540347
2.24155657563401
2.18192136745522
1.72769590476475
1.39302612064984
2.37506534103273
2.29987517510087
2.32584974764582
2.06564969887774
1.81710148800025
2.34285317418104
2.11077470026849
1.84206857690897
2.10271648649745
1.42002912594928
1.94913253911182
1.96058771456708
1.99641265927773
1.87046247808071
2.01034656375525
1.37039712138104
2.34992862801153
2.38075374591106
1.99984137855707
2.07581331010106
2.34229747164919
2.38850184268172
2.35867326020723
2.27987830055151
2.45753045413726
2.06618214574723
2.45449241089455
2.35193990559578
1.35776190525307
1.64540668295061
2.25298161977748
2.14389441051373
2.09638863111795
1.89357302953419
2.26903993470926
1.96882225874479
1.42043412633421
1.45810362752911
2.14420516428546
1.96691985954231
1.64427926187861
2.0790736728665
1.99369404116971
1.61857776693308
2.32232530295104
1.97701166621376
1.34188341428582
1.49873671715074
1.60678201976063
2.10765378864353
2.27426378452352
2.10535063989374
1.93172630134114
2.17162311237362
1.35701106146481
2.10587047138041
2.07608273850528
2.15506011056546
1.85847010135754
1.8010756852987
1.90652895604815
1.56396849611603
2.32574767048286
2.14963603153311
1.75432255902074
1.47642180473672
1.98777832920113
1.73909759207795
2.039491445039
1.77935176701887
1.97178426472862
1.93924606497841
2.00666157881781
1.95861995639995
2.28623695025926
1.51564430938062
1.81842990570915
2.11100803542675
1.57112030797543
2.2903930358525
2.32015629087602
2.07160488508405
2.18641988472618
2.22566547716211
2.23053154823151
1.60552033638084
2.1931831980039
2.17079255401608
2.34585202966858
2.2498932761251
2.11561499705879
1.92470639068502
1.75056406193766
1.77073697964
1.98997681470967
2.04693383296707
1.9245926493514
1.63151764130142
2.14468537000594
1.97379833020372
1.82077413012409
1.71839999607158
2.23552405957374
2.11076469920257
2.15258381087788
2.12098807311004
2.09052964263123
1.92488903532053
1.92082408927581
1.91537196933502
2.22712251656883
1.57250851659147
2.30969070650495
2.14993807764893
2.03972375804774
2.07825300969858
1.99363910726047
1.88520959096742
1.96101812427975
2.01538412022154
1.82103913677272
2.34968354465057
2.41725016964747
2.10573330030105
2.33841674055809
1.91379471935107
1.86848679633604
2.11120718708993
2.27189422795328
1.89380440910776
1.79971978822523
1.43201724533515
1.92837509428362
1.67297516542153
2.00230101712781
2.23095355797969
1.81508716748985
1.78955976267436
1.65588627500978
2.03226658146288
2.3484304823277
1.92107224746136
2.07216755865626
2.41441142808884
2.1059572483357
2.21318151935471
2.37127791235513
2.42241270294651
2.27168402051484
2.11571389266431
1.9898502045417
1.65982198771059
1.96346580266273
1.90461798324287
2.19018963608094
1.82129460176998
1.87055092978143
1.38965905895754
1.65767965044895
1.74419097963074
2.28081158306218
2.19799071837174
1.97598141691548
2.08240276635235
1.98374981603617
1.67155837831153
1.63554672905066
1.92976624784157
2.13749775464385
1.78484868754033
2.44474446457619
1.61121279620374
2.00128502963236
2.34512572723066
1.88117751672079
1.9120915681639
1.87991362867277
1.96847055956445
2.40689014063959
2.45960202377223
1.99544328290217
2.09302350077621
1.31855889078419
1.87074318343019
2.23966113564444
2.14704716738872
1.71764298906369
2.31839152516503
1.55681936534214
2.22157142956473
2.44628198583576
1.88231838289493
1.56724496255424
2.15360294425922
1.54346823066003
1.85811315545418
1.78467801609058
2.24185143323109
2.18677300597073
1.54261128247873
1.69283108001087
2.15380016159158
2.18152806555082
1.49525519194793
1.92200035681123
1.95933613705735
1.14259809484576
1.94815240078217
2.39550754896723
2.31254907484613
2.18908702420837
1.98337944172455
2.12934492718159
1.97490824098044
2.09813971395089
1.99656315196107
2.4341686194557
2.15716104661034
2.33266239460975
2.37117492169761
1.8955204724391
2.12597138843814
2.21665465052741
2.14804358469871
1.83630378701593
1.32036038808239
2.38061216843974
2.34164067617112
2.20653254721413
2.15500965981109
2.14599876456763
1.64117150898869
2.09255158054025
1.76038637659473
1.87063682449816
2.26810715448747
2.20558183088408
2.02923492637109
2.28899689995158
2.10109794525876
2.06150240558148
2.21476781989392
1.70481608075624
2.07049899763455
2.17736916223262
2.35242778684431
1.99787426264793
1.32636305020523
2.432268925349
2.45523411098093
2.21577553096172
1.38946335999186
2.29242817881116
2.09780324394811
2.09413011172627
1.912776590987
2.13190618665105
1.97003807019079
2.11110533225239
2.32814203029287
2.10901310845372
1.88181270084885
1.87785911787056
1.83635606481193
2.47382305006706
2.49701517013243
2.42106083499876
2.34798135009387
1.95303215736167
1.0253591596722
1.4634178711825
2.27012706519992
2.39012604039306
2.17002291122817
1.52442128291881
2.14031226621425
1.91463527778899
2.30190958570576
1.87463597183854
2.21082170992842
2.48792438526525
2.06541800562262
2.42858273841301
2.33653712052769
1.71958907791619
2.0168916193264
2.2172333692455
1.83136525678172
2.23416018184193
2.4062551368008
2.21994341676771
1.94802830243149
2.31334123209729
1.67259311835279
1.82424075219454
1.21128026521642
1.36479627223164
1.74732789629015
2.00510158034973
2.26071489114923
1.78315591974553
2.15805826260603
2.20412353085221
2.00306324891158
1.51377808119938
2.17815394872883
1.89706521384309
2.06242387150172
1.96839390119242
1.97978889117275
1.45244722937338
1.62087398728818
1.97772867855479
2.25337627492366
2.33972055188315
2.13870097602918
2.09256371151725
2.0064911585364
1.70132311325814
2.35770757033837
2.07869821000082
2.33219976974839
1.48638295758832
1.89985365444093
1.78346226919577
1.88980201700034
2.3145162363736
2.1246395505817
1.91367204476098
2.04191050246119
2.01496401290886
1.75147518688696
2.01738106598273
1.90604662958544
2.34885491351665
1.66447737725481
2.33969328924161
2.28727718847159
1.93905730769552
1.62190169022245
2.06919324414894
1.86975551503315
1.89782386192255
1.79143227416735
2.02986899211377
2.2509022353213
2.38319958688968
2.25711549595819
2.35077813183248
2.20292876159289
2.13105388092369
2.16633451449775
1.64653891026036
2.15944868278544
2.08749527400092
2.08850756694635
2.30817643349892
1.88496441295835
1.9471405365782
1.9131587714019
2.14398317370525
2.30324757225227
2.0543237459204
1.82907547655936
1.9427460564406
1.78718420079984
1.82519062303108
1.79162817321635
1.52292483467453
2.42593296076777
1.82866641748167
2.04469660195755
1.70557548009342
1.64827651308997
2.04640855332922
2.09887996508028
1.99195715808309
2.33215936024411
1.88525285028321
1.77094872821029
1.533232902312
1.57909469156144
1.99250039920949
1.83696705626352
2.0988609096726
2.10003689469571
1.8917716164147
1.70660239783396
2.00464939387236
1.78895876889323
2.21921502463395
2.07811210136938
1.41823334248552
1.25326593839162
2.18843445482285
2.06467200916515
2.18098799330241
1.61984158109274
2.32457374065684
1.66813647822648
1.25911247018005
2.25774540490556
2.15827194126433
2.03126055521994
2.35361645314685
2.18428949840558
2.2452118267929
2.11773779648036
2.14326444509721
2.46679061713877
2.11074796208053
1.91490225886784
2.26081589435272
1.22019758693795
2.20019912468789
1.81108498403961
1.94665801017841
2.19467711422885
2.11132223891942
1.999759694702
1.99122944347522
2.19359853669337
1.83811325056868
2.31741398276991
1.31275471053364
1.91113924358411
1.58798074594052
2.40456237813687
1.74619468535126
2.17940735734897
2.28044717554847
1.98693575594446
2.39893340500086
2.08053885281762
1.90990052755712
2.37001556466906
2.02001407640954
1.84538792283817
1.49344228455164
1.52594628784171
1.41939976086879
2.28129386147298
1.7179962555809
2.30989576755159
1.59077348182523
1.97497850069182
2.2211696760175
1.65653558559762
2.15342665377959
2.07557685650251
2.06936138203686
1.61542126011268
1.76895455127511
1.89647002922481
1.93512729084248
1.82100374137913
2.0721147499549
2.25093724601641
2.39125602666414
2.36951866680927
1.6966250380962
1.90627910851451
1.79573440113249
1.1846988714447
1.42753630363789
2.06496190818595
2.22088237821204
1.79607393607857
1.78063072067972
2.02704427876449
1.46853846907239
2.14610566797811
2.3568160395663
1.55437069284197
2.18096847668095
1.8579752831584
1.7802995543499
1.86727747034098
1.98463899971808
2.26187599845083
1.98158351634299
2.3628611252267
1.77063530156464
1.88301203923602
2.15489881977142
2.0685632756632
2.19822435616429
2.31378913768084
2.46004182276669
2.4073202824107
1.9487173482115
2.02562060018878
2.27745184597879
2.28518010996579
1.86365319275249
1.97569815702095
2.25183505847105
2.4148670619032
2.403810564829
2.14054353313044
1.4881262650319
2.13191648043187
2.13343652896038
1.8174931088966
2.45937415424736
2.02300411855215
1.74471354459876
2.23784542720159
2.21609976730365
2.23372838893183
1.93908221149406
1.86625142298126
1.60089079857872
2.0592707878295
2.21230728436014
1.90211555620797
1.61276939405551
2.05096544483472
2.01058300056071
1.75392108070878
2.05352825336831
1.45464547128205
2.25477051346688
2.05203687311321
1.67103877781988
1.89633940126983
2.04511488272541
2.07511902287055
1.62915704357037
2.12171330514957
2.21308628896169
2.4010293204934
2.1836323717855
1.53757910741749
1.84290853679135
1.9406617980994
2.02889218722116
1.95096497693741
2.09777150518958
2.26270243213942
2.03378286669949
2.05625631889969
1.95164939521068
2.29662237802314
2.30902252906981
1.51177226712226
1.73790264534094
1.7179890194376
1.63045080286736
2.13644971951802
2.11328430987342
1.88403707224353
2.17009484158056
1.95034415469584
2.26428543520357
1.45777024854063
1.90436431208433
1.77556343309657
2.02114904943068
2.15962512558851
2.038570573268
1.77979305699279
1.63324309204682
2.19528261384819
2.0584156541104
2.27752869260942
1.74364208534684
1.97436306219386
2.21271631385203
1.59574317060842
1.7656456134047
2.05539422589498
2.23924015375665
2.17010705536511
2.03640148997898
2.15280323478264
1.22033010193266
2.22301475927345
1.37178439154234
2.14772271726784
1.99392298693629
1.88823788562704
2.16385594322811
1.71152164694925
2.04131642233063
1.39175727938148
1.71101504260213
1.71845131767097
2.09782740826548
2.15468155820602
1.38510114935857
2.08625506750297
1.92494104415337
1.66501325890377
2.26690207804099
1.78660162644215
1.95063136794933
2.02195643540078
2.01011481244259
1.50285302735391
2.11859336285041
2.23905386587218
2.37815266998976
2.06593090868611
1.7669796442933
1.49889977916854
1.69629054560266
2.15920251796114
1.85461334101065
1.96563751594417
1.60125221085053
2.13085973303781
2.15019802361017
2.01067381772
2.12116757674494
2.14681701883162
2.0954576128288
2.25219726681724
1.40949158763509
2.36978323755022
2.18688744211891
2.31439611956996
1.77519283084121
2.28092296172903
1.668437249824
1.67370059346192
1.80975396146378
1.93319737387736
2.28786166690948
1.59686747731123
2.36378363337886
1.82942520060298
1.95558950804777
1.40761451603677
1.76354354289441
2.32964778969379
2.23148498071698
1.91169346716606
1.94132672491252
1.27267649547543
1.12239211864911
2.28246402100799
1.87047251452373
1.16226941759657
1.82289293806852
2.31847406904422
1.83865635332858
1.87853784590876
2.06468290042162
2.43223477948907
1.98994222016367
2.26021540307373
2.2566178017884
2.36733479044077
2.23269757783151
1.72504762636658
2.05446499068109
1.79594331638767
1.74599959059958
2.3963288575967
1.42941401580075
1.4390563256541
2.40486026816076
1.11625845993656
1.65221373052924
2.11817031438294
1.35941711865219
2.44213067212873
2.31913736760033
1.94908428212128
2.06923274571616
2.16107369642566
2.06134101970112
1.99886509405099
1.88540785189678
2.03162620356507
2.11049908536764
1.96521453227018
2.16011551095499
1.52997905916612
1.78119548092445
2.24408732272154
2.13951097688431
1.84023209550927
2.36581509740343
2.290208316962
2.38061731757285
2.05494708781174
2.02513088887507
2.31731403518323
2.37545476135396
1.85632436756798
2.0045692178065
2.23417073286859
2.38596491914654
1.89245936168236
1.34497423319467
2.35156908620515
2.37370088458989
2.40687843896986
2.0511172258635
1.40729976425804
2.28920335149609
1.8006108907405
1.27295178201588
2.41377368807031
2.13351878608816
2.20938671004808
1.8238649005739
1.90987260892429
1.76911268075536
1.11751257614875
2.04366202173741
2.03010206398635
1.5364395906134
1.23865804506496
2.22790721735495
2.07777369606156
2.33525259925056
1.06230427469714
1.93722727071165
2.3235914371228
1.47741735684094
2.48091568761499
2.12244696628055
2.34064643313156
2.46664998279214
2.25862217685522
2.12199972657307
1.87180000695545
2.47767958005565
2.3614202917147
2.27098414441178
2.13674253014293
2.02472278381926
1.95130756486487
2.36706550876522
2.41342423805558
1.04675182212419
1.26323152602949
2.359265200831
2.15834954020771
2.06203124128169
2.34147011070103
2.14126734876157
1.71425136239556
1.0855317473296
1.07063389861515
1.5955955552837
2.28214982972173
1.96368847690668
1.65543283296673
1.52649664370561
1.80739457241954
2.21794466396372
2.05809497364198
2.17205673516613
1.69090839362815
2.14853738286318
2.19257982790417
2.42274354304815
1.79003306507506
1.53228574475031
1.67652003557691
2.14371048178874
2.26744743495813
2.46991442939393
2.43106879163994
1.70887136061146
2.39898564908614
2.24159155441335
2.34734971354852
2.32151230207016
2.17723595713009
1.63028671678905
2.05452684617454
2.08028485872583
2.28614707896698
2.18637241676841
1.62463782980381
1.93896154187437
1.26932857942422
1.93552915350176
2.36864270606295
1.96566116086572
2.44196896063984
2.428136912493
2.28961075831845
2.16502577632235
2.24203421979731
2.27194979262056
2.13041141785231
2.16929574693472
2.24431950379122
2.16100503979221
1.94290322818751
2.14684175818472
1.63877357005528
2.09472216613895
2.14665115952303
2.18109751642988
2.2286682708854
2.43359024930946
1.58797905106443
2.10675096806351
1.98978600475247
2.20189075786455
1.92389997278181
1.92929254414269
2.04862173516466
1.60111968794874
2.07273149298374
2.09308931513529
1.65444789447314
2.09548379418944
2.09391857695995
1.43645526373652
2.13178901500842
1.2587132383492
2.03021441134553
2.12548373122515
2.06370813839796
1.48676910403546
2.13194108870048
1.55325766213422
2.04767323790157
2.11578229401483
1.51020253679217
1.99042786652973
2.18762027874309
1.8915676525707
1.51572589558995
2.23792924940364
1.87087774782939
2.3446556838257
1.61645642327915
2.35484032827111
1.54443168908291
2.08519294383239
2.0058216561089
2.1489230210598
1.57972656763125
2.06333708223757
1.95685920695117
1.3502013520669
2.2541591025471
2.08906792834046
2.2459186932376
2.44394805475529
1.94047898853681
1.87314460096327
2.06311612801444
2.26021482083804
2.12443335649179
2.28668282998154
2.28400219858778
1.99575320226426
1.51757148294011
2.14381014465231
1.29160329517834
2.26003725099854
1.91495017122941
1.61024655159723
1.81507839182913
2.17032270508474
2.10435351377048
2.11710163816306
2.05081635227651
2.23527845363068
1.91258352301422
2.18843456881856
2.16449640591566
1.57257048224862
2.26222937292698
2.3790283136879
2.30676608869683
2.30328049186405
1.71502649274698
1.48040117854586
1.85462523346541
1.85011599471711
2.05600556869572
1.55561343157784
2.32324591100367
2.10437609046437
1.83299702010552
2.01105545284011
1.79429349359161
2.22583485211353
2.14673999098094
2.23411584790982
2.35654871741635
1.30512341071199
1.84563819852575
1.64619032241087
2.39035177355636
2.06013988602343
1.78044755689181
2.11709831446155
1.95655409333195
2.15820280946487
1.85132825422756
2.21550817540246
1.77380921450993
1.89123350063806
2.03225191701712
2.03790292346652
1.7869904950632
1.67120133635249
2.35620574420748
2.28657008924236
2.22836998242017
1.63804542029124
1.590869032807
1.84303150169529
2.0416136941631
2.16240833791839
1.59137427521499
1.99131499867738
2.0728900656543
1.82951924492452
2.13500420097675
2.09449709801284
2.43633017759425
1.92942286789308
2.25653655222015
2.31388314502331
1.9476417625632
2.28927081462348
2.3389802045479
1.92475463940875
1.90275979342673
2.23035384902285
1.89382331070361
2.041952317741
2.40527968451307
2.2805110167826
2.42591922692813
2.05259490493287
1.54641762599294
2.44584301254037
2.23447324406597
1.5374837721532
2.40195498841991
1.46234735959641
2.46604652057341
2.07123571241995
2.32427591706314
2.07093349896475
1.89873544635336
2.30375777375214
1.64505302575596
2.16210675926335
1.59919262923176
2.38729582544015
1.28631753432028
1.6432141472036
1.39757144103811
1.37208867787848
1.75626677879029
1.55829050681793
1.21524307022036
1.51536006113159
1.9560727976119
1.12771508722934
2.17059837414965
2.08062800194492
1.37727042161701
1.39772598267621
2.14641265340518
2.07273647448574
2.22777023223238
1.80152577720087
2.37416112966194
2.09870970155412
2.08607375719345
2.05826503512482
1.57434980949802
1.17893636608503
1.12603112654514
2.05976844608022
2.39698448153537
1.33540137381084
1.04131607187357
1.83633335346457
1.25282486740681
1.60343414824386
2.14408679117147
1.73531135732008
2.43997973146392
1.94076606922667
2.12724347544698
2.26879696560295
2.39724705506216
2.10712853303487
2.44034138503615
2.2002992328564
2.19713330254807
2.46511900317963
1.93170290256672
2.26196937951411
1.96328085114095
1.52859852462279
2.48512396465478
1.92193237892592
2.42660820019843
1.86842835075447
2.22599619769025
1.81690643100885
2.2595824124993
1.61296374255841
2.26110057062177
2.28012852475599
2.00438362699025
2.44924865014668
1.69733537552884
2.21031424733272
2.1244930446381
2.19321460302573
1.9351778158923
2.33673787965121
2.0083267222752
2.33871168294423
2.37445669780879
2.23034167562233
1.30999672376084
2.35063323695439
2.00073613357788
2.39287382490263
1.84471255692997
1.83590097599715
1.3283788960886
1.69133369450388
1.60914731486559
2.07668054236361
1.71142928865668
2.14161589387592
1.88148859274695
2.07628673173783
1.94090610765029
1.96790606353002
2.20700268052865
2.40946854226714
1.91260785744066
2.00654669194806
2.34987803822726
2.18817970520003
2.14368882702271
1.79102321142052
2.06425803445766
2.11005989765127
1.9667076743293
1.71501656055258
1.98455848333245
2.00001030325366
2.18119110059984
2.3168704672078
2.17208929098954
2.32785645456176
2.19963776685688
1.53468365825964
1.90546221631735
1.61708925245494
1.86702588611983
1.92965418660079
1.37036375171948
2.2491019723518
2.23932763493212
1.89293015106137
2.17011965930941
2.06157955418832
1.6473278337298
1.80777097745873
2.11635051317078
2.10644208828817
1.99353908642502
2.44496584393113
2.17403107533301
2.02808230876379
2.18630907146945
1.53295799080236
2.3825352878857
1.37413022520313
1.81763898127637
1.24795715284015
2.38132843646448
2.45480701792803
2.39585847380024
2.42456279750003
2.12088246866473
2.19689490615737
1.5376250189999
2.31135282501486
2.36891024204069
2.39032670948907
2.18576569562654
1.83064535893313
1.48994090526006
1.97096513035332
2.11917212864976
2.11995374235663
1.93930487971696
2.24222127659425
1.96168074283429
1.94586495311426
2.09934015518649
2.42812442082126
2.17171217558689
2.08003767546386
1.86171739002728
2.14878473440213
2.29753878721192
1.55247896383334
2.03838007571935
2.31820283677851
2.21575275601528
2.15714279110117
2.29799734741432
1.82235900557944
1.90567924167183
2.2025335889275
1.64402877819551
1.22490648667435
2.40676297177435
1.8602944944061
1.92742706748331
1.85139854894374
2.36610833528775
2.21861353668627
1.98201778534518
2.05695343855014
1.52365978421849
1.76015954550686
2.20113882257001
1.45480956851201
1.91036249078639
1.97159152089731
1.53075945060596
1.83850571958394
1.88160522401487
1.77973643294889
2.34177411535659
1.64622801860807
1.89309562763293
1.60906214127356
2.35063019841652
1.9866054495521
2.03100534126817
1.45338120104022
1.91408422896732
2.23677286678935
1.20074969177194
1.86135428088222
2.32219113161929
1.9565920077911
2.33883520528055
2.27914032939358
2.22506778208101
2.12122456867563
1.82980732145738
1.99957825110228
1.99234609829421
2.02940063971215
2.21469932696375
2.01795760575142
1.96003386515919
1.62866229840761
2.05586266591932
1.97712788441099
1.65299172833746
2.01764253815743
2.40653520986884
2.15695635911783
2.22961385611455
1.76359386862627
2.18832985216079
2.00297134902809
1.63366351937827
1.80572105233265
2.12150431888381
1.6450436119571
2.28661649251523
1.96932040537191
2.2404169788171
1.95996251921764
1.79106530058946
1.92310087267365
2.39557788871699
2.31554881373672
2.23032579991957
2.39138389813485
1.98233653650684
1.89753712165359
1.86271834979448
1.76843348539817
2.35705471085385
2.08837212357406
1.73271388867807
2.18814363581738
2.27375114715325
2.01508628440167
1.44805770004191
1.79600262058847
1.31367149628256
2.12091673927078
2.27790195402948
1.70420203647308
2.29568410928171
1.81583813583584
2.33171279874942
2.35055519765721
2.12223818315174
2.05571430448828
2.15375103324742
2.41133014896283
2.12617689966417
