2.4999
2.49643796842026
2.48190672422109
1.91120959610871
2.49717277357164
1.02783977051982
2.30200548524524
1.95348291448194
2.49012271284808
2.35005132820773
1.91604674935209
1.3113284114582
1.0827699389258
2.49816429387899
2.38793213833953
2.43385293702645
2.43107920325508
2.47510665920279
1.90523043716625
2.28675022619237
1.86594619110327
1.790698836919
1.33380831068302
1.51355402613689
1.95340610951125
2.31612507880742
2.08655073619858
2.01334739612744
2.06973703332386
1.75975873442115
1.80840704940144
1.97091900253528
1.87751954709527
2.04260889549869
1.8957627020192
2.22998689526311
1.97421458302368
2.41979038236916
1.6968455014752
1.68244269656263
1.70009148149833
2.08119187301163
2.04875664998421
1.43299172712697
2.296984536512
2.26620868631999
1.66977446521942
2.32917310443413
1.58050913950373
2.01506376865114
2.11546330705607
1.80604023228161
1.43214234690585
1.88887204170497
1.97472368204683
1.43332179545702
1.48421313371481
2.23545695762957
1.40618799115062
1.78660847725061
2.35864332505437
1.85683244137013
1.75180331604383
2.00061399402145
2.30779306567972
2.12610318572886
2.20162142579646
1.59403868871892
2.00164343135477
2.40783957007971
1.14549047399575
2.36474298529679
1.92679112995343
1.83358501436543
1.1233815957186
1.546369420866
2.18456398927597
1.76384514812696
2.2182290988747
1.91052670728876
2.01716420099933
2.07495727870095
2.15796637196358
2.22815855417508
1.51722213397685
1.79656811085824
2.10303132501825
1.86715871442517
1.42275496209323
1.85999809537969
1.60949307882935
1.70618658881658
1.27141008759365
1.77241150339522
2.41659937615027
1.64993816834031
1.87118977934015
2.06053795141286
2.2803209724093
1.99139491629954
1.62794577646959
1.21767909809868
1.43863396037959
1.9778546387276
2.22620394292388
2.13723876845741
1.93095262156471
1.30037087607952
2.43417281572261
1.24661686507072
1.88003947037221
1.52411759952694
1.14966809472239
2.3842642994753
2.04197012397885
1.69639135813325
1.75712960418988
2.33327639224905
1.73235427545336
2.11859410082646
1.53557090917935
2.06106871892161
1.66663386718363
1.33627098420438
1.85592548460118
2.18734116653388
1.79301886416669
1.84601570249528
2.45920013690838
2.23097999627196
1.19438828947559
1.41945556021654
2.00472598817018
2.3091488020279
2.40333019116267
1.53191151558158
1.68521977531757
1.48561463144212
2.45452145647911
1.74689837640798
1.29232097992214
2.07531577112967
1.65213849407697
1.84374700865355
2.32099541080734
2.19234574459727
2.19322596884648
1.21645436202263
2.03463957827832
2.06403085957549
1.88379433462331
1.14462056429709
2.30992301646511
2.42980197566554
2.37028710812633
1.99673848916868
2.41428555887275
1.30314327723804
2.0991723318603
1.63400587248397
2.42325609955701
2.39637461936021
1.78792921244832
2.19669190559336
1.77417735871985
1.64826650694915
1.87903369539338
2.34230824349859
1.5473659353865
1.59922494603323
2.13179684013123
1.5062090770723
2.07744427600286
1.77543396933112
1.82652856988365
2.16332396378207
2.20104454656881
1.97102518068583
2.05268738606064
1.96920712054995
1.51585010773279
1.93004770777172
1.86053719565632
1.51544023391702
2.03333312925106
2.3218007901088
1.91281647062543
1.68259868577777
1.98647139502707
2.16062160266104
1.99750096752188
1.33706724066348
1.65982754417317
1.4145153941127
1.83581911854597
2.05242761794213
2.36613118950166
1.4886292240173
1.83400239324248
1.18705244555845
1.7662233524297
2.13539147644038
1.81890573288141
2.06125962925389
2.19259717816101
1.38368192001805
2.11272488976007
2.26410038331086
1.53309873635826
1.9437310255259
2.12969173129517
1.26993522872381
1.76393355159254
1.57678764046026
1.94176479341704
2.29337377886477
1.75494927097602
2.3394743705247
2.13142976604766
1.37820382949619
1.59420630607026
2.41369245694084
2.35300599329566
2.21907971440038
2.25936435137621
2.11797018387013
1.8020845432511
2.34290520571859
1.13576457299068
1.94392598482721
1.62607295648507
1.96007436159651
2.15942033128866
1.98313489861125
2.02570810531204
2.03561622465262
2.33091801588371
1.78455635249489
1.21293168192742
1.44436846398228
2.13018528627909
1.8741137885671
1.83759276963316
2.07239175635545
2.13521525250089
2.1109192976597
1.69724646551237
1.62304440619389
1.89863517907308
1.56843457051091
2.27764861585921
1.21227852649278
1.70192581009569
1.69363824461469
2.28480873453171
1.68899084537212
2.26427358363563
2.04519570888524
1.80666125193129
2.00393585609784
2.0850193077219
1.46341849724822
1.98342546222575
2.15176956739251
1.3581503802906
2.11211785395442
1.89459723547722
1.14013740167232
1.52590752212355
2.23080769108602
2.03554192026465
1.74060922693085
1.93742551929274
1.45441453502082
2.39617220110485
2.39181192596031
2.34449139723876
1.49355000990678
2.20216512670676
2.2171244343926
1.9927824431719
2.21968761042055
1.94553085918963
1.75729518289426
1.781980111765
2.12293471868106
2.02793519313156
2.01209530698787
2.37015173135254
1.716509024583
1.99550339272361
1.43730173096499
1.74111912602723
1.98912066899599
1.55574379259522
2.06672783547021
2.07734550934942
1.62060349068982
2.30261461660774
1.75844477569046
1.96121059165957
2.17736545663192
1.73119647714028
2.27767801884579
1.66812375350205
1.878024193202
2.37121922296587
1.82765331212468
1.90333801747446
1.84300913748713
2.27098457756976
1.64892120220674
2.28034808060814
1.37003675896623
1.9203241975395
1.52288807049081
1.11453402133962
1.79488835376304
1.36372049935793
1.9756058332961
1.64610157598584
2.04142834708633
2.38215033703895
2.41005744343728
2.0081432367919
2.07416516426106
2.27346382790818
1.69417396480483
1.71776940159204
2.380386453484
2.00851113261028
2.30155081831279
1.62852284279345
2.15818880187501
2.30780150351352
1.87305877413549
1.43932501558256
2.26494087004065
1.71002737689821
1.74305418382335
2.32649436239763
2.2722777152886
2.1990488810407
1.97458684800542
2.15393731871019
2.24722392397348
2.05326041703494
2.26061940836194
1.64424717742474
1.66659847880503
2.1366221806747
2.06927295015426
1.54964391402259
1.81291902812627
1.67316815920002
1.80570620113769
1.72306318761731
1.9399632425023
1.88131379727067
1.83523663244654
2.06565173599738
2.06550228717676
1.36441522130847
2.13610400272743
2.29623447641447
2.18177442946037
1.80152436613566
2.15580810662553
1.92647098913213
2.1827029688904
2.00664541979162
2.0157017761927
1.75434214954891
2.29188477964401
2.44345164381587
2.0164012443079
2.24944428765664
2.41761786317155
2.27431143398477
2.44129296807391
1.83636275538296
2.47195988165781
1.35360226460065
1.65960031099628
2.29903856082418
1.41412221531556
1.26393318072848
2.04645303232636
1.81713977748972
1.92677541950972
1.86047398956872
1.722529692131
1.84922039947558
1.91932134144049
1.92164272331916
1.20676413709889
1.66057742518211
1.87381029453689
1.92858677694878
2.07879671019871
1.85996727483576
2.08322070736358
2.04400056472307
1.81139755152972
2.20434496198353
1.89995895680947
1.9626018328805
1.34047376952368
1.94718728150859
1.54891306279706
1.45163854807234
1.78748573786754
1.78688235062667
2.27066950718051
2.17051471380597
1.62892727261683
2.1998696946646
2.43031880033077
2.14939675667105
1.97113747092426
1.87214577471638
2.34863792617411
1.94565096854918
2.47677033319456
1.39114291722241
1.75650132099513
1.77514845549827
1.36722016144677
2.17660335578976
1.8226366433628
1.66402397190353
2.28305283904359
1.86787645982192
2.4314338951847
2.08599715386859
2.28585291419108
2.21230031966953
1.50439259721851
1.92778689350118
1.0598412623872
2.08090906246405
1.4423426749178
1.74204657686825
1.87800673376607
2.30765010794011
2.00337503725601
2.16884937940731
2.38566679585402
1.98825251406956
1.98050114714884
1.61402616915491
1.3529847325443
2.25898036111859
2.19404859083268
2.14741758350454
2.28376976617084
2.06366221813433
1.64067978558636
1.70023122892802
2.36779091218279
2.22049191445594
2.06945258112496
1.49331614153164
1.72067814163219
1.55871428878148
1.89407258194616
1.56920531381148
2.09280682417751
1.86228510808041
1.546472238771
2.02622826071723
1.46873471297553
1.73190744441632
2.2205356985483
1.26337491995435
2.15452303413899
2.21439821843268
2.24579297505952
1.35788115825087
2.10120931750535
2.34263299671099
2.1599155177046
2.02525216111584
2.0098765965347
2.01921849638569
2.23972829516617
2.12862515944723
1.93456321595871
1.56119949632257
2.23851310600553
1.86804033486408
1.4391551977292
1.93931185748442
2.18997391179403
2.34375300495636
2.44411576097841
2.19388433005996
2.21712981623855
1.84664679803828
1.85840319876951
2.43603117967897
2.463952138087
2.3650583630915
2.40151234165825
2.43165482192959
2.08874660808731
1.34923794220394
1.94519477891164
2.10032271665633
2.18300830055883
1.73812294818859
1.8001209444813
1.8712361723345
1.72517574501636
1.55189532685228
2.04102408029666
1.61949608542066
1.53459385798211
1.72662266581945
2.14428398772769
1.74531230878997
1.75385593361976
2.06575276320012
1.67269908995666
1.65819401270556
1.56997419974701
1.98468254700079
2.14548790950137
1.73871699040472
1.69493085489841
1.56256327023192
1.8254944130689
2.13835789730413
2.03075883445673
2.29830897240753
1.57928353896326
1.81627997967911
1.60045560292938
1.20199901378908
2.16061032240343
1.43101582696265
2.42801670311638
1.97436475518933
1.67659807481923
2.21783603929437
2.09114121675646
2.24544341140111
2.01237758925853
2.18841689155898
2.08041320491687
2.20999616504908
1.86590513860197
2.36415265435879
2.20931773269418
1.91265537339386
2.20638697063921
1.71406677191096
1.83021422922048
1.24825914357093
1.63356632862853
1.78666023098756
2.02358851438259
2.31584048445517
1.6461408999424
2.1037950631383
2.09951121514685
2.30728566089072
1.90010274588305
1.85071142263515
1.78751925221936
1.63508009288577
2.22135542149365
1.61169537763817
2.22648976979781
1.60102439865777
1.46421593006951
2.354735448583
2.25210714385838
2.02429388364603
1.94903705537369
2.03172536661814
1.4615982918159
2.25021577497945
1.83931255139618
1.9469080532466
1.67389410509268
2.25451532550689
1.71567316465626
2.02334400709253
1.62177937938468
2.0114439041851
2.03531405304679
1.96832445525436
2.00979387416104
1.90577102972611
2.14515530425602
1.60221942909411
2.26324385198395
2.14313001699075
1.86503047440237
2.19550802672579
1.50922838430415
1.27670063624596
1.83873134321667
1.37994723363505
1.74037793991348
2.09072241358183
1.81183021569428
2.31521009335489
2.0647223510553
2.43530616289031
1.3323563988607
1.79096864016975
1.77861923660699
2.23906780750788
1.8060438449772
2.23675485137334
2.15315241374876
2.17595516255684
1.66176744782174
1.85104662241272
2.05933151976063
1.97938589096654
2.08435980758288
2.0527047994468
2.11567768461879
1.96542545009869
1.27718335973825
1.88914115686186
2.2213141877063
2.0525308814669
1.43010696024366
2.29096498698579
1.82910274023793
1.88725451596634
2.00484519820535
1.71121234283494
1.94253891451815
2.02078368105629
1.78859090394897
1.60416988398249
1.95587310179908
1.97612426928766
2.10699992768955
2.25706676084292
2.02302088969002
2.28405730945121
2.39133344883804
1.94106231669789
2.21801613238052
1.20595108457581
1.3285267754504
1.33619475742846
1.98195217585606
1.86397198419445
2.25460859506975
1.33703205683102
2.13786351421151
2.12597857754905
1.94474827450376
1.89005793075612
2.25245210289029
1.94164204675466
1.85521717520586
1.6254859050338
1.4546990451288
1.87152451921013
1.93802230719169
1.98274885537431
1.77308236953605
1.7314318947115
2.04163641362881
1.60898739726008
1.89180594765199
1.89436323229054
2.19844548523414
1.89019431248127
2.06405642544606
2.13402912936814
1.62593091879157
2.05650250026665
1.54479842631744
2.27266483288446
2.39916706785332
2.10336313210069
2.45271354941674
1.88077232634186
1.8717909167484
2.00325570194628
2.41170729771339
1.29797353043314
1.87127158270126
1.70239811338418
2.24176573225333
2.19427871795886
2.37949633814162
2.3739231307286
2.26532909759309
2.47999076301233
2.1518197530222
2.37180096057082
1.42436916091801
1.28857002009193
1.71829482710335
1.37865138908742
1.17914373027895
1.75442074149675
1.44256701003661
1.8292931711999
2.40092934185927
2.41214938308286
1.8914375282652
1.99460878092988
2.15312077145615
1.81446242716387
2.03697933095247
2.20442157623954
2.35957171125979
1.60551274610647
2.39624514644757
2.28158775010987
1.86661133098584
2.12237169839922
2.31979939069953
2.17236376061455
1.62637869445058
2.37121590624482
1.99264490741029
1.81461111423216
2.42929601894064
2.15459466010452
2.35088016648283
2.15020814225822
2.06789247515113
1.81558166266941
2.31358922822719
2.45827606546415
1.70998506755635
1.72434103982581
1.73700318183219
2.00764259702291
1.77369299718396
1.83096648533486
1.9689047372139
1.93303134628184
1.52202369108397
1.60421534496536
2.00038162580758
2.18680394692771
1.83835475072687
1.98053578760834
1.8967407824342
1.86019289639399
1.7611404439378
2.1210534529933
2.12164051431885
2.17626367178437
2.1361502098116
1.60569114749885
2.00218013676106
1.77576461311252
1.68767920519989
2.02216807583239
2.10444282772124
1.73133415118521
2.13421807536936
2.11333810133571
1.81677827154891
1.52070641911122
1.80755765781009
1.44833641060601
1.86205743590499
1.63109373370182
1.80526495564397
2.3601916798948
1.59755188797035
1.91565362746603
1.88187442443989
2.15631080792491
1.57114063813092
1.1084119570692
1.49256105507278
1.90228226115814
2.18458790369386
1.88776771791943
1.44739543194822
1.90075444119003
2.39737904288391
1.80643962705792
1.13758688868709
1.92498260174115
2.41675333352552
2.15841580837514
2.09005520954928
1.92344549457363
1.65661414433709
1.82210143679741
1.23307920301707
2.03075336011306
2.21205451791408
1.61381237239993
2.16884673241931
1.7763696703553
1.99685193708554
1.74814703382838
1.56134392731222
1.57507100216255
2.2274077725967
1.87334104958974
2.03718547886657
1.69676849149611
2.12625551725834
2.37130927618394
2.23573852410457
1.68154719454373
1.61315789933235
1.92648622878808
1.71974621457455
2.21170648842601
1.99590701011052
2.11703301697957
2.14323745901923
2.14218593039179
1.98439904906646
1.60751381134898
2.34758822691022
2.11989526623151
1.87046674593236
1.90356637892338
2.11162355748194
1.57245890547523
1.73204185450811
1.75120317935893
2.0672890481812
1.46792240328124
2.44509079437125
1.62539518182097
2.01090191696332
1.70497515334817
1.97027545086958
1.92926133548231
1.70691100950499
1.68177671065891
1.65456330447396
1.81851862850711
2.37562629740218
2.04318891463702
1.76947547201687
1.60023094537086
2.08257626266293
1.70706179534862
2.11244179803667
1.48178798239274
1.87221385885942
1.3901471362921
1.70225978525915
1.99018626516733
1.49034002634772
1.38980354813886
2.37670147923584
2.12673118119191
2.3214838702964
1.30056296797641
1.52129195498554
2.14078463128419
2.19013573249956
1.62923638750681
1.87142886110831
1.80987177878368
1.97907201992431
2.16737180144409
1.66942903227458
2.17307315483432
1.97397593125319
1.99105131794461
1.11118816218577
1.92410583809445
1.81275486380162
1.22680953471698
2.39693218371619
1.41782906349418
2.43252730929232
2.11092581439234
1.74015336538994
1.92871687390562
1.9233879356652
1.73115290568669
2.23959445828033
1.73826747058194
1.84202254195309
1.87853242017454
1.99125690566143
1.79795157445087
1.78069827557688
1.50436612529851
2.26818439229065
2.36701296666679
1.78404316553842
2.19090758353902
1.90724470854165
1.77071686265495
2.20154669611273
1.75828236868772
1.82792388674521
1.98609335835206
1.83680505743085
2.05549547133167
1.89344675289331
1.90045036238162
2.11468262993571
1.90563436902575
1.82678874602338
2.13186062346708
1.49175236180201
1.48605226115176
1.68260986276667
2.0233367600396
2.08033959813934
1.98247756425985
1.56545077798458
1.74168455299767
1.99203757113269
1.32263475781952
1.88739806922964
2.03297256786462
1.87663372981568
1.73169438498328
1.5807227563094
2.08171474745319
1.96123840716857
1.74926443461422
1.5295047599271
1.83494102313954
1.92632139474626
2.22169029548027
1.9428463834552
1.88734611264727
2.03845358101234
1.59156946860118
1.67624467306778
1.35055582717916
2.01229545806046
1.9991546175794
1.67953033622742
1.74537380112691
2.12876221888159
2.04531300259548
1.64436465720109
1.56907615909004
1.52302170064182
2.2069974552559
2.04983681419186
2.25175815888766
2.17456364578516
2.3488141688909
1.87332720709985
2.43800131457832
1.48817090496328
1.75422575964155
2.00176399407152
1.31370717653899
2.39653540362996
2.24522777447585
2.11631835679097
2.08901323817335
1.1927136401462
2.01204308855588
1.43800632425715
2.3720369093537
1.98021291390284
1.33293291175009
1.75493250275359
2.02877001099768
2.45865742046844
2.25293592410148
2.23545331449428
2.18469230115783
2.20268838030941
2.03902474527866
2.02046784164839
1.93433364484409
2.2250423618651
1.86649124061995
1.90267762890888
2.38749816524614
1.66957643036024
1.7001837116957
2.26154988932187
2.07068417397527
2.0968737377779
2.08839953631804
1.93790675301867
1.78979108794288
1.98852803928238
2.39964319127906
2.05754602007406
2.17332294865575
2.2929661764539
2.45575504439158
1.87214688857043
1.66151300170688
1.54013669904569
2.37047527168389
1.80846878037548
1.60363773295409
1.9638209302089
2.05946725169405
1.52244078603929
1.78186213088888
1.70713048043858
1.86250342740447
2.0134503398881
1.94021331059324
2.29857879689074
1.75872103274167
1.73446865235483
1.95909967440408
1.85905871355122
1.6761034655081
1.7822614339241
1.22180023226699
2.27140419459668
1.92982870419314
1.86564171484829
1.8633095792715
2.1554783742729
1.91461296520739
1.38079251154276
2.1165886551951
2.23985223489574
1.46961345528196
1.7313340158042
1.60204877783555
1.48679545533013
2.3828985513644
1.93503995656042
2.13305335684074
2.15301909442767
1.53497142517246
1.60800442384284
1.47778095333567
1.91752126218649
2.28201658264158
2.23715773089454
2.32089791430188
2.22473990860535
1.89587084450214
1.5334254271019
1.63049769534906
1.87004824478766
1.18537378823135
1.64068266329513
1.82281114051651
1.84179437308616
1.62874846352503
1.68675481262134
1.83951189889287
2.26198223559432
2.28613315680098
1.44595488501395
2.26834225623215
2.11087034312575
1.8985692683822
1.92657480609311
1.54087785743546
2.04175194168232
1.38004594276288
1.52779376175631
1.42470675932324
1.93665929793102
2.28576154742477
1.98874240898324
2.19824280324036
1.82629105175436
2.16636535055301
1.72377225043233
1.93291429451514
2.07976709864764
2.2392070460205
1.60388204338526
2.10174275819424
1.45724075819221
1.57380182382415
1.90132869076615
1.90787910286132
1.8237472696752
1.78042912351255
1.93755078321337
2.34547109915549
2.23830121075309
1.52145727687896
2.26197914651408
1.98978566337769
1.63100528624273
2.31721014087306
2.06625673545486
2.24385366088931
1.58986011025366
1.90651856667203
2.33800273660992
2.22757848224401
1.92726941471838
2.42390764290887
1.89558474263625
2.32953416891671
1.82911600064783
1.23431437000709
1.78688056273602
2.36565272621154
2.2961277761146
1.85612556384864
2.0497833784958
1.41315753280815
1.3694463642177
1.71880949993536
2.23951884958705
2.04253687530099
2.41347266352517
2.40105822016099
2.11533042517487
2.28189749439942
1.61187430023201
2.44878303742956
1.86170263256591
1.66924292825649
1.49986887577332
2.17340561314295
2.03268569416616
1.94150614354169
1.97147946744189
2.1186013078763
2.14153591754815
1.4981477765522
2.32663087892276
1.41188190191356
1.12784712168128
2.27378870846171
2.33794998705319
2.41805078222491
2.31857795390822
2.44071346792416
2.30936196928112
1.25556701321135
2.35764782886706
1.22036319510642
2.17271163683226
2.08677918215208
1.65316552136969
1.94736045078387
1.62037451319208
1.78554355115165
2.15829544767809
2.43576164087318
1.55670274368345
2.0697233387503
1.41944534665149
2.10597497382737
1.78246120721946
2.05124298095842
1.95868831289411
2.08858187386955
1.78160879057953
2.24387786128558
1.50623428591491
1.38166034621471
1.69059739368879
1.50135867110908
1.93064795883841
2.1483679489329
1.17040797417583
1.68102755971221
1.71045661474235
2.12217965418377
2.01274389900819
2.30569086809857
1.65188018254734
1.41628068162579
2.26064848186229
2.21462950930874
1.44146462455942
2.30891368872742
2.07497371584874
1.57346569296125
1.62982031657209
2.12164009899726
2.22382624164125
2.14765034422069
2.27639244872698
2.10370946611387
2.16250239085913
1.91844045034849
1.88353551218416
2.24294152224613
2.0189501043551
2.14666928965267
2.0813427188584
1.42839513800957
1.95268444724684
2.18726837355772
2.03879300767411
2.185444319218
2.09370765579058
2.26984543813693
2.22003787684359
2.08656307812585
1.93341964014672
2.33123282186078
2.08795730402782
1.63276226047452
1.76512163565135
2.1364656582395
2.14712569849099
2.14950113745099
1.96431895798179
1.90915200740817
1.56902613892333
1.46662987269856
1.33716181577951
2.05231787516712
1.64709736660773
1.70631143870898
2.21890671553419
1.9505661769285
1.97968473808496
1.49135056377802
1.66331136218215
1.88386138496007
1.98572125962658
1.8756385742601
1.77235864248858
1.54727969847275
2.2957718047942
1.77946743681042
2.34479452039648
1.79439838861632
1.93654075637653
2.13745885911365
2.26283394715504
2.42292443047234
2.34207945318773
1.7004449884099
2.17549603828602
1.55219933274866
2.04945767558225
1.77312030094491
2.30820131921025
2.06050650979735
2.45030840055231
1.85468037772763
2.11078577564504
1.80953154168013
1.66407439918775
2.18338677454531
2.04046840758862
2.3221502575724
1.85762725911919
2.35979840450048
1.44091788038355
2.13399650424438
2.32634067492867
1.53549865617655
2.40067333561143
1.74816966387907
2.1025922583299
2.21061341907807
1.81459039889206
2.45798368146375
2.3478023773665
2.02286768431583
1.41058549723453
2.00976352492302
1.25522604027162
1.90456378338818
2.25297323358666
1.12247940851645
1.04522859796466
2.03187913463869
2.21779715019556
2.49804544702504
2.48914454076213
1.3410096316255
1.6558876022037
2.2005110592792
1.83285895440323
2.30114391210401
2.3255861019403
1.55954288985582
2.17864338804314
1.92871722023376
1.81810337599291
1.97217863654414
2.35217529588278
2.37752930023965
2.06910041408076
2.38889536139881
1.16841902764464
1.94870049295268
1.69380980631186
1.84602180363288
1.95177078571986
1.95271666203922
2.08600316513137
1.86690713522445
2.21623483864371
2.15027835674481
1.53090887417225
2.02545070214222
2.18012338439324
1.83356175263087
1.57537349115739
1.95307447697901
2.16479754861032
2.00466727015503
2.30183106452462
2.0698469334457
1.45100966174872
2.34164969801821
2.02328577118531
2.37935521501601
2.15163021238924
1.90392447613166
1.78527527100131
1.62611385418937
2.44443792788115
1.60294028543328
1.93866639002758
2.40104915378512
1.96959369310808
1.82217095785715
1.77625180977874
1.99491743944082
2.20116319449115
1.97710959049707
2.07535478117874
1.94477316990048
1.86448441594765
1.41254049283782
1.93630518306435
1.92131058436699
1.35923553231587
1.95749614797844
2.23258540488707
1.8674715183988
2.11441896703482
1.55343319741191
1.31210627713329
1.86092157863724
1.83287392028918
2.34265585595179
1.69502023191936
1.67359552488253
1.96389490719976
2.16874106178061
2.3063441071479
2.428092400037
1.88573398718458
1.93371000568762
2.06546915430696
2.0698942659205
2.02380105762878
2.27712273588981
1.69225565382776
1.4780649083283
2.22254840131372
2.38289080457643
1.68805227204387
1.98894478045957
1.28094190856295
1.97612441520684
2.10912605385074
1.82226535471823
1.92362492201835
2.16113607177714
2.02907431791872
1.31347931149943
2.1161962105903
1.81164935330563
2.09805883228891
1.65003484639649
2.03045273715241
1.75452250346921
1.40299802519491
1.67615244559443
2.1949873827029
1.88048337690423
1.49293405354539
1.96967524902538
1.82815781133935
1.7903568966357
2.03713111509966
1.98407773942622
1.99290703782395
1.96211910274512
1.76352305770501
2.31955485077925
1.94576948246735
1.53370944021087
1.76167333976759
1.39467319798102
1.83579072564859
1.84238950469956
2.09790574679843
2.09945395047453
1.85738242989449
2.00290623216604
2.02206345558752
1.62252779647227
1.98739555561815
1.77887734509154
1.93340848076803
2.18190863423806
1.9124026241963
2.1476971821957
1.65430613505965
2.17786662378605
1.87152073914009
1.59387791661272
1.98119305126908
2.00975320633889
1.6076497640736
1.95368847800949
1.93648075238589
2.16793822706629
1.53107410072147
2.20673355381169
1.77272662131359
1.26401213111559
1.88006124829123
1.75685927359562
2.14299982390878
2.06236782228675
2.05910677237423
1.60264355281136
1.90063884888176
1.76710803814319
2.15841305226737
1.86336145210017
1.97301995621604
2.12891379914357
2.25655340167487
2.09063412156516
1.42649776917254
1.932673395652
1.51508809957193
1.94729430276242
1.72952843935687
1.39297742139412
1.8045510957225
2.07353857092847
1.71297138656573
2.05750250945574
2.12605757812253
2.13380786486528
2.22239161395885
2.02285133298534
1.68144274706117
1.84262767099087
1.74098176885655
2.19604389550548
1.71786530509905
2.11859790975584
2.02344586651917
2.24908383135212
1.3681230241934
1.5809835640893
2.30853971122043
2.00628227163011
1.66080685559215
1.82642072995803
1.92693972850636
2.23340833958501
1.933637865722
1.9216245591586
2.3587753325558
1.92577868823664
2.05343407008087
2.23286342236897
2.31687890833831
2.26807751909169
1.96015390479009
2.07978900276681
2.23217658731936
1.65045274999292
1.29815920116248
1.12063542205513
1.92678462557378
1.56237624601967
1.26363099480788
1.98735996331609
1.40272035542349
2.46240488540873
1.12606193359668
1.65067820658665
2.28132183979672
1.863080282503
1.2854920098991
2.22462132470083
1.39269557740088
2.27522054489814
1.89911058006987
2.04961065520416
1.90152829654272
1.73332599344435
1.59495363173242
1.83016060288991
2.1614309582285
1.87702216046326
1.54008918509289
2.27215953521807
2.20623495309491
1.91167842095376
1.87713644395084
2.41833143182727
2.0050067748394
1.79720817874019
2.15735612079456
1.42821782427699
2.06397560583046
2.04511701199479
1.95681329804372
1.14037446420594
1.9811432079425
1.43341297011867
1.82185616833268
2.04568983083491
1.91055387285115
2.32536408883162
1.82280256216732
1.93887282348386
2.03190280636263
2.30085097895858
1.33460975654285
1.89985602289769
2.028963164576
1.31838156583665
2.34014956509156
2.25355095973031
1.97621632775556
1.26650874452935
1.73833600449121
1.19949751931814
1.99962486965945
2.34171131419016
2.14076150200193
2.34885378937707
1.95688323188847
1.86060286358684
2.17598436999775
2.3904819447915
2.20523070075528
2.08711007502145
2.27512102093078
2.23125904102332
1.97803682612964
2.3357877382336
1.63620451176606
2.34009361679288
1.95339455586759
1.77899684963603
1.6458096407368
1.77803546799512
1.72828674138622
1.61112660399886
1.24119610273639
1.47430215957002
2.08477548044591
2.35174358531888
2.35157917684017
2.35692528397565
1.83467613006649
2.44477161890646
2.05590152670704
2.3526002749133
2.46316724138115
2.45812629986339
2.05763653396725
2.36819219845003
2.11124610641166
1.74076119141748
1.5812447873091
1.58219676852272
2.15467301670789
1.83492372779208
1.97368748669251
2.38513411873685
2.10974273506133
1.61914847454013
1.55872827469826
1.12469399159077
2.17792354959861
1.91143825891412
1.38450909477393
2.12950831064303
2.24439519969989
1.30286852792072
1.72669174870316
2.33688934854814
1.22877492073468
2.236081599798
1.34827143361201
2.0910259754158
1.98071911447313
1.22351613092059
2.20538226829866
2.29697662475284
1.66094243558244
1.93549814327255
1.85655535162096
1.67095310372895
2.04845782186907
1.5333346678636
1.92763050477169
1.48741205927681
1.5563897838139
2.14828719247596
1.62693089453685
1.46274238273767
1.13654564925102
2.15555590179235
2.44851513505403
1.70269605842263
2.04764178828123
2.23634005260462
2.42444926787729
1.8301749215336
2.21600336140105
1.29239283321515
2.10060339159425
2.32152940078058
2.21164304109436
2.23794505913294
2.04297610883458
1.96017886562755
1.93430134504792
1.69236323275412
2.23364499220654
1.86054709141185
1.4847505362562
1.38268519260542
1.94733301510022
1.97498957677643
1.48805050170615
2.28956966806421
1.75190498924276
2.25513604022534
2.25059647149298
1.63830918794515
1.85838677000946
1.47666760496267
1.77219071945529
2.27090930568157
2.37959809342622
2.29581266235097
1.9257693194003
2.07811463276487
2.02017158126916
1.78076409608362
1.45024673651849
1.62707912458802
1.52819165905477
2.32779840382258
2.06425842264058
2.371563871982
2.22789568892597
1.58596849464524
1.73945290211722
1.65452205326201
1.75109578796616
1.48606065546538
1.43668551469658
2.19576983838007
1.90943671797907
1.58770227505459
1.78366751276409
2.18034278537587
2.06313560192361
2.13579310343877
1.42123857647602
1.90610905617441
1.65761211364837
1.96230470498383
2.04760979588007
2.01224805291661
2.15608555426295
2.1168301181986
1.51379592000251
1.43505156273411
1.14549045341339
1.47690352456506
1.98688393293095
1.88560692736677
1.71234676863718
2.08307373646543
2.08537707433357
1.7471188381726
1.68477052820375
1.92645865885175
1.68130789582506
2.32148608546053
2.0625497308425
1.88666499377267
2.13406749377705
1.94825103044431
2.21301599519423
2.28677246243571
1.94257444580993
1.63303243920423
1.59203394475291
2.45485057063715
2.20961252736642
2.25104213211824
1.93097317721597
2.20262831559189
2.06272035334021
1.3040448688715
2.14386762959579
2.17028088072287
2.09106584459228
2.12767417022949
2.17304932116119
1.54726178649353
2.37379262329811
1.51610396246709
2.16440544685371
1.89303334739152
2.10690877138647
2.23564715800876
1.63727113275955
1.77522749974215
1.9569924816568
1.87830399856281
1.15821856849632
1.6456291310529
1.6241022216767
1.26882081461054
2.02477686758592
1.61885458613189
1.69304017164512
1.88099134789988
1.67810986647975
1.78603271417489
1.45989072707199
2.09677971134027
2.1396679221614
1.66228408471703
2.04861217979163
2.27133439174277
2.10506356561175
1.59055154627161
1.82430808655531
1.87070014558044
2.07596685677419
1.41435903065625
2.36819582113691
1.75323100340147
1.99287466683999
2.05040336978391
1.87019414976436
1.34089149526843
1.46999765367144
1.90688767732779
2.03245954174144
1.97579936325809
2.03196871853907
1.52573407710404
2.08655467108269
1.75473444923872
2.08522980290852
1.83061082843288
2.12358745187539
1.9102093347831
2.04181408709037
2.40501898082854
2.41713136423389
1.71231963297521
2.01446502615099
2.42629970082894
2.29298982204341
1.83782571191921
2.25251007140316
2.20011092977915
1.94569829376359
1.50903844836563
2.05562864243503
2.04772789241221
1.95575343971728
2.232227373317
1.75380596934378
1.96871559799718
1.51389530064826
2.22589357619102
2.37074613611239
2.19027202173677
2.36438894130329
2.1065784517463
1.41194975666558
2.00971574030113
2.17605137576185
2.00415531147926
2.1850497137414
1.67239397124922
2.07048185292778
1.92939955576634
1.21731666373202
1.47895903337643
1.62211606739634
1.37940110177989
1.98095317081404
2.4162824418658
2.32918259202203
2.42006831051427
1.2471302101801
2.45424576161466
1.83060180274023
1.64593158669414
1.96933741403068
1.27352570279585
1.84804745677751
2.30674954522296
1.9510540343998
2.26681698991136
1.71428400653965
1.69010962644736
2.11915143682224
2.11840470771118
2.26183435306734
2.38026236400031
1.95982532095447
1.80726625417303
2.40982356072369
1.77501060570226
2.41887603530852
2.49081955647792
1.26805116544749
2.38183874012099
2.11934534387701
2.29276130548595
2.39886649565954
2.49513428472069
2.0097250617766
1.76988030425119
2.11706518029133
1.93000507338412
1.52374363403106
2.42515044717224
2.20629278338733
1.42873929237906
1.25371751415602
2.19784625573645
2.26278546076978
2.29622548361222
2.35185702296316
1.17624347935681
2.02711705993452
2.32538706140118
2.44152353934675
1.3352053012779
1.8197396561443
1.54033477011072
2.2114402118226
1.80753704792409
1.94471446176044
1.92471575225012
1.94975444710923
1.10496209905792
2.41185052772856
1.95541230826518
1.55535288488218
2.02148169657819
1.84368875669979
1.65741599362135
1.6776718742439
2.45971202620745
1.61307961152993
1.33056252792074
2.01218179881754
2.32581806602985
1.74010692121773
1.65833364933076
1.75498422641576
1.53708276194306
1.88243584623431
2.13230518042785
1.89318440718186
2.17684878335246
2.40750088730728
1.35002454889666
2.05528620194974
1.97005391798141
1.76068827827669
2.04790003104912
1.67472727259015
1.41238789913976
2.04091930806437
1.70607516856042
1.66903968433469
1.99785171514058
2.26466165202127
2.33951076573656
1.81627697543499
2.00751078978845
2.16535874197755
1.86745520026803
2.19215431495283
1.70916792049066
1.98210256983343
2.13346892004043
2.03867846484261
1.53179622428651
1.96458232699571
1.97382853654933
2.26951848686332
2.15631910331544
1.76742353344784
2.26236864575504
1.6473696612046
2.12932059918712
2.10708557394128
2.15065961642042
2.20439126378263
2.06418434017496
2.3360948796989
2.16328947395629
1.88218246775643
1.28149228544826
1.55246565188338
1.74560718868537
1.98409376017969
1.7495232704487
2.20878504144262
2.33418391759434
2.20224120640833
2.32675116225852
2.20211904987786
2.21634916629161
1.32424869803365
2.28348244598034
1.33263852349362
1.78152749465616
1.35121908691076
1.81667107084183
1.37996721980319
1.49951168770867
2.36977341039932
1.87698471283533
1.29917459721638
1.26881814131287
1.92042104519455
1.86253210892083
2.1457056905127
1.95413620634841
1.78351680813038
2.34910537983582
2.19779394912601
1.56851752590946
1.32851021932502
1.84917060236473
2.08887756714995
2.29359339393291
1.67116255297131
2.08478743213488
1.06498244569883
1.83457133932534
1.47507582064549
1.88219694733102
1.5065649770433
1.37284933020867
2.03344925666192
2.34303354728788
1.89304116897634
1.31657972546823
2.28205814425586
2.34816713831324
2.21717583644626
2.31361985434873
2.13969849703252
1.72612538334286
2.30937573952191
2.20650417392162
1.97030912075824
1.71959356762331
1.86835130279349
1.15695418031781
1.49718425659455
1.76287699236726
1.42196631891104
1.53574518359122
1.55047681800246
2.06862945838985
1.73310211972961
1.88703704902843
1.70933290143147
2.34583284319781
2.29773426530148
1.77209172004414
2.2173919365768
2.12044216320539
1.8153308794589
1.1775177269678
2.01757042373695
2.09867199395673
2.0112006601012
1.97310014921245
1.89619544643052
2.31276724100592
1.8863475470615
1.93845791033782
2.07676950541095
1.90107728887336
2.30505945230132
1.89393937398928
1.9785443891933
1.81817306417561
1.83596910887244
2.20964366669461
1.94177651711316
2.37580184224987
2.10318798333199
2.34599082211013
1.79530375924478
1.64650436263531
1.98637863740804
1.68736419972004
1.7258387932023
2.06454101413562
2.23361914953044
2.11154870986775
1.9210153002575
1.96322104504517
1.82045956345218
1.96919407537752
1.637976104285
2.02563991591866
1.84462359684295
2.12739258376472
2.09995444919468
1.48111717880012
1.99808694768516
2.11603245704811
1.85091413229938
1.77840022996618
2.0661052739859
2.29999364346898
2.34126798993584
2.26456739249661
1.6124255518173
1.66968668838327
1.97829175281514
1.78684490402596
2.02524303123841
2.0946863983243
2.05906444575889
2.27186177470687
1.292860455021
1.6251554737715
2.35782401968758
1.41837323533898
1.76800862689598
1.67661738841267
2.29804803237796
2.25841371766959
2.25336219466376
2.39073902452765
1.8165334225997
2.1913369577166
1.96244416915592
2.43772332231424
