2.04
2.49925001922938
2.48132252443645
1.44395589676445
2.20940265540141
2.49845351613343
2.49229970355418
2.07094357947011
2.46051044531422
2.48049691225501
1.8280470303436
1.92776561837066
1.33165314236889
1.40704511209165
1.9641884684084
1.57826562834519
1.1654209946555
1.90880786462251
2.46612511181159
2.32418307990269
1.95736870982689
1.89502714040569
2.38708224595069
1.23410189745248
1.86904445342327
2.3328316149233
1.76940140411238
2.11599135903377
1.67904577103423
1.94915019727164
1.19576677918871
2.3887849701535
2.23163634225033
1.80447448736918
2.27491322376175
1.96175441137806
2.34373392877761
2.29766134813985
1.71250333918838
1.95708621697473
2.02730165579107
1.38417860397012
2.09363407292905
1.90714238447442
1.64189986191079
1.83576164112599
1.52771504065651
2.30019765372203
2.26894720423222
2.15658254341155
2.11026846972638
2.24358233017704
2.17266287371766
2.10636490662175
2.19662347660333
2.08263559190331
2.2405781492093
2.29680661858764
1.89359603897919
2.42696489110299
2.05470035262266
1.83098111945818
1.56905539676678
1.66701552583275
1.55142261439989
1.85914356226064
2.17787455266153
1.4031962131366
1.0967268294002
2.28241011718674
2.07909183947655
2.13457150841056
2.0680726283001
2.18407945261761
2.31001321171137
2.02127132552256
2.06586899663156
2.30146775351309
2.02199960197508
2.21775306840561
1.98977151066565
2.25176692709319
2.437730053923
1.49185856463387
1.26546649006684
1.70381226315838
2.36097374352759
2.16767155468752
1.82633511715775
2.18885818738479
2.00166982356551
1.76864755424034
2.33788120880715
2.13504521650579
2.05752001098365
1.98325587483799
2.35864238943876
2.25993944159032
1.94116664042417
2.05002339005374
2.0723167514225
2.28186584183092
2.04118505583772
2.21685516749699
2.17507222940599
2.28348352619233
2.21025368140192
2.27979214511607
1.65812717533613
2.09685934818033
2.36818501050243
1.48290786082718
2.26626067237406
1.23531314024236
2.06282248818863
2.16698288898706
2.43676937223732
2.07533727610806
2.29616674398274
1.66266828950106
2.0262894335131
1.76791714471838
1.58187974731291
2.44710816934523
2.02062281741334
2.32463039301549
2.42266815365144
1.60772346625338
1.9609950302894
1.59679634635786
1.32910575956417
1.62106584756604
2.48746934231325
2.45663203919367
2.10452374929532
2.24697612270737
2.46899431273025
1.95909783476142
1.44200096562788
2.22716480016458
2.14983207382891
1.68065971958371
1.496640601742
2.33136562013349
2.09308920156143
1.45719442340915
2.09664765556129
1.55354065976999
2.26230648858767
1.67672261835252
2.14008678032091
2.11344410203786
2.11131951501205
1.81568302918681
2.26268926382515
2.40486857032172
2.05466410961848
1.60891128513826
2.36274287354766
1.25335762586223
2.30512195623088
2.15519324056368
1.67724620455053
1.85747475662863
1.67868212746016
2.13917807816476
2.32529576670415
2.02793606351347
1.77032220953685
1.68167404031657
2.07182200870384
1.44430923486349
1.57648772376874
2.20304798897315
2.17384818631274
2.37253565604715
1.75488945252138
1.80886012158841
1.85239536398137
2.34352479825731
2.33146337343245
2.25396915030822
2.11025641959717
2.11826442262898
2.44460252544245
1.9969055712085
1.57607414865493
2.45586608469273
2.40894188336215
1.62982571512428
2.27722181685971
2.21495889497814
2.36864889073794
1.88484020304582
2.14228025322091
2.34180176357313
1.27672877793937
2.41659565722173
2.47872144981539
2.42428309772997
1.59263506128542
2.45759394564567
2.25634809905818
2.15070822120369
2.20944911736497
2.12165862552695
1.50235547335004
1.66050763719628
2.27478863039662
1.77662048047255
2.21007110103228
2.12062651896964
2.15050632929194
1.76758151999705
2.24902825608106
1.9979467388027
1.99935329140181
2.43840408034256
2.2342856098194
2.11944451741764
2.41712765317344
2.09976262966486
2.33807207633756
2.00670113771175
2.24343266238284
1.93920803251448
2.17811760099163
1.89244329933797
1.92699014337145
1.99541354200698
2.01543902425426
2.30648227849564
2.29023897792594
1.7901643266171
1.56874984017868
2.08504149875299
2.32585477646076
2.07625272750848
2.316901161887
1.67178406415888
2.05908887920401
1.99292895345314
2.20707611625836
1.81797708389807
1.88124370482924
2.08454341890386
1.93118441387758
2.13681707225818
2.17604149478806
1.7645119618235
1.93409847889713
2.34495680002336
2.02187852484071
2.17191405356263
2.15518133247413
2.22018572627053
1.70611179332599
2.05863512152515
1.6341169704291
1.26586044580656
2.22738413558494
1.78465369507234
1.75216944901531
1.16602879331334
2.20842340533189
2.30552282682774
2.41794041861177
2.33157759693319
1.49073337812493
2.23085169041253
1.85476254166047
2.28453828058486
1.44785807047461
1.56594124364249
1.93097808706424
2.27723751889896
1.90690247284341
1.74249351538036
1.51930911676704
2.37117478102628
1.74724898940176
2.01368150423784
1.82571096483826
2.13556202351648
1.66337173194758
1.6377245223044
1.83773865644119
2.20239090640711
2.263423179338
1.97983181631078
2.1586890992443
1.90231774527882
2.02828577870751
2.19658295198402
1.84791845019875
2.40638033393506
1.742828136377
2.39171697962168
2.17746959314268
2.26945126665206
1.75662857210788
2.29360810265216
2.31867538456939
2.32526221788935
2.17128991758209
2.22423338306359
2.36022784042794
2.10514133018631
2.2917943265158
1.83886635263493
2.0360075231233
2.30609913726461
1.91276953991045
2.3268094034746
2.30999870045253
1.91961097411103
2.4929126714244
1.57185756032822
1.86584455563156
1.81009780582593
1.87088777194478
2.45640501970701
1.81052417527794
2.48814160479128
2.20631119079231
2.29653514043188
1.75970156575791
1.83729457775725
2.3878435645101
2.4283171069061
2.26745426659812
2.28425956646328
2.13887842178723
2.05755368910362
2.25469456926011
2.13256979947249
1.83460737602133
2.06121376556522
2.34097389524256
2.15892526953557
2.02658089176515
2.00820425287572
1.85690446052413
1.52699787327965
1.84367396530188
1.90248363929607
2.17314976798514
1.79230104304082
2.14933920922757
1.84832327972108
2.06960692349921
1.79055352743351
1.88622425964217
1.5953912894197
1.85582129487252
1.7739769855444
2.12386564936061
1.9757790988327
2.0092621217266
1.86278484122863
1.7114305315211
1.92749737869827
2.46946978914339
2.28014522766517
2.13371361966032
1.83940115642092
1.52339337878195
1.6582700087875
2.12373034426815
1.65283988516527
1.66458845685609
1.90789125314741
2.05269822717443
2.02917530802161
2.12068810293516
2.10877788742472
2.42048871643539
2.44830066133848
2.45076348611333
1.84634822012199
2.34098028790336
1.32373466601863
1.969422428341
1.92216453774337
2.11693561818629
1.86327584841401
2.12569115443888
2.23670342787281
1.71475136818483
1.90193157681629
1.96103895125802
2.19580035622162
2.12484380395843
2.20635400911663
1.60663853679858
1.30535616518619
1.6422204350175
1.77460349333764
2.07875979326163
2.07197233856745
2.12203248021239
2.07432477928602
2.15445661959895
1.92342881608444
2.0797800562121
2.13024504020053
1.98768971301144
2.12703454366551
2.33011140691517
1.59433495632184
1.71403608047248
2.37735712921321
2.08744257066307
1.9833671059623
2.06833950689974
1.43840643477043
2.17036066422128
1.81008263394058
2.35932275816574
2.296494591783
2.09725432511109
2.20461812070323
1.76773512129101
1.89951193660802
1.44344657668315
2.42022030403483
2.00791805711911
1.79542382113358
1.90046975326284
1.17809253651537
1.63446118626907
1.13047035791781
1.7716654102403
2.290287176454
2.01776830197884
2.44930244647513
1.85621855776737
2.19389895747638
1.97955018402026
1.20668895696909
2.35775324825449
1.93953789020643
2.16267029800117
2.08143134437466
1.95826960367193
2.07216899012674
2.23270546809202
2.23184071070301
1.80915132052008
1.89900777634115
2.23877267381388
1.72323945068218
2.0661502748535
2.01837366765847
2.27465780813801
2.030323802525
2.29919288030126
2.33548428226151
1.74740778167956
2.17844608812664
2.38152115456394
2.01398385224554
1.79006769746566
2.2359453886123
2.27739250169026
1.77021091877799
2.02640584906767
1.68084168653786
1.54666882458392
1.85705439826762
2.05462697596099
1.86299311398709
1.55026019600989
1.99641745588305
2.073783514165
2.16284731961813
2.06353382250596
1.76221002217472
2.37834936771871
1.74059247148197
1.72984645720083
1.89952524247797
2.12495340504989
1.51662812093484
2.00248339355594
2.23249903700866
1.98794441916119
1.90581500890729
1.61146698385963
2.3843396273772
1.67799837115431
2.35236268905442
2.19153978780653
1.61760623387703
2.17095039729964
2.39489846072393
1.72879496663802
1.90788350924268
1.69183790891181
2.19401263079954
2.26459833358579
2.464811042161
2.17880127629842
2.37640128251119
2.18957294869514
2.46696964749272
1.96918721243244
1.91633037293117
2.46940128157535
2.29457119186454
2.41010696202582
2.31979014183673
2.15409657213831
2.36068703902688
1.68129950380342
1.73640465375779
1.80365035084944
1.39996570992139
1.8109758619446
1.96109012491488
2.36440796022182
1.89573469361249
2.12514271855485
1.55910729482217
2.23729112022822
1.416655979035
2.10026458123649
1.56253848046309
2.1597646838802
2.0623909721524
2.4027963240273
1.83912674947869
2.044399186861
1.96986835964029
1.59863595859979
1.88915754352034
1.82685887635894
2.3268259145776
2.21287416678067
2.40452225908415
2.39976488673956
2.32633960241568
2.28977923998943
2.43615507496633
1.9366644703015
1.92655912038334
2.39625080689124
1.60900794572739
2.41697536015792
2.39742313568349
2.07991403934314
2.16396905937049
1.96964872301102
1.63086467340892
2.06648848421769
1.82788612305484
1.79173243165762
1.47258303858444
2.24135648813307
1.61422140627687
2.13222902163074
1.72588447989198
2.20119320099334
2.17237550843886
1.84806593050836
2.09478735573029
1.99130717876805
2.03600038748652
1.90687087346063
1.46747162318056
1.87003482800027
2.25005170190396
1.86379228138564
2.4566894208096
2.40337701722947
1.95083572468268
2.28257527251522
2.04497984052667
2.33649296792668
2.22510054467651
2.39402881612592
1.9550094608412
2.25861675676869
1.6526339283949
2.12481123282923
1.96164144566755
1.65848295256701
1.75557625289548
2.12711288672241
2.24493873607249
1.99623388853514
1.64143657317663
1.57003819213693
2.03141668125506
2.10185033625046
2.24749756338452
2.37693424471707
2.1137121947046
2.25880984795793
1.59801487865245
1.69373733149037
2.19140381264602
2.27622378073749
2.47328041430227
1.97072380646945
1.85876004486832
2.24527056089456
2.42419318286257
2.32010148323286
1.9586107865149
2.37727428936489
1.98750494284982
1.68557220569466
1.72059646287165
2.33441237374359
2.17173701777321
1.25021229700572
2.34830264578875
2.30493438152588
1.99614998534164
1.91825281331742
1.86551746695946
1.68801730210184
1.9720270792565
1.77078510390192
2.0782324857605
2.16597106891129
1.71393371796674
2.13793707815192
1.91182632003215
2.05300471590433
1.5814609736669
1.49527296853061
2.3063114382598
2.16015238515899
2.37711173429855
1.9296322025124
1.33690598170459
2.29124180560282
2.08301707123802
2.20646578573712
1.77557316435756
1.77521702324574
2.2380070018119
2.14889017801183
2.03274700008432
2.37146596996847
1.96688171998265
1.35407228704465
1.57249918277943
2.42389397666823
2.38860611398223
2.43459245246099
1.9877033883147
2.34098931511453
1.66097334438871
1.28059909646894
2.03715765321959
1.69789903580469
1.73950293735553
1.7412156187845
1.71512537215376
2.01346080933026
2.22681191288611
2.09879540143297
1.59377287036107
1.57121941803135
1.87858851473087
2.27473347631987
2.18397512193064
2.0019707683233
1.79371197017202
1.57866283778735
2.21361107672952
1.99428099536037
1.92182242676423
2.35180108620655
2.25089009353984
2.42867147892659
2.18065533578667
2.1557645492454
1.92380553385592
2.15416794426695
2.27387518397979
1.99464178230971
2.28266437556386
1.80363251407256
2.11980043649417
2.3661186564069
1.74705096500357
1.78573657632362
1.94476303537616
2.17867893842477
2.01465898787428
2.07142310440632
2.09629720417369
2.32572819728582
2.31252513049736
2.33650147099089
1.72746169438956
2.254117436037
1.0248932900647
1.54562759374526
1.33131652482231
1.79556939661277
2.10272867370087
1.61947361023465
2.47508053523118
2.4324454235906
2.46279022547095
1.83224313864267
2.01889460988798
2.35263682326253
2.13159283174868
1.78163471364859
2.26113462034267
1.87509431713126
1.8949327607937
1.33314365081437
2.21673103400424
1.93669510797651
2.25953280897214
2.27316094526929
1.88405184727622
1.40915841566611
2.08755796781918
2.19796356835795
2.06524401032414
2.40328739125692
1.58827646955419
1.82847438280801
2.37360539792036
1.96392916005523
2.39218653042513
2.27910011699046
2.23645325256192
2.00209587443243
1.74602260664397
1.92684323172637
2.23211845219352
1.71972556437654
1.91391758838171
1.37579148828755
2.3745863998192
1.48688272845242
1.47705406626942
1.84617694446289
2.16148708861808
1.98134355619114
1.96691359938488
2.15669776906332
2.23862243552034
1.87441280728053
2.23658137598666
1.59061137150516
2.07579558454097
2.17095461138141
1.77487065614724
1.98883833111975
1.92155537114151
2.17023219928975
1.85069710502897
2.03654508107971
1.87603005694961
1.70488314358158
2.10063788854828
2.04680196572125
1.58144325680969
1.68625205369314
1.93898871475371
1.71976726042956
1.66781206666986
1.87658381217118
1.43212696087891
2.3355349364905
2.15597656963592
2.3895693493919
2.20386833764058
1.76387113397766
1.75301653977082
1.72485871429673
1.06230369209559
2.15118225751488
2.20659318591575
1.95101426425988
2.05501673413658
2.15066505898604
1.74121399633508
2.18701649342926
2.09784796235544
2.03642073796791
1.4660199178175
2.43302214535088
2.09339183869138
1.26015239445713
1.9763327081039
2.26029264677093
1.71390560513625
2.11071660091072
2.13382786217928
1.96833192739527
1.72794647575479
2.0957455711454
2.13879161128722
2.15340748322097
1.65379047652237
1.77156131844064
1.98129883243633
2.22003656598514
1.89547875572084
1.82951115940102
2.1011279147371
2.24073264291153
1.94333859938073
2.03932645668979
2.34504385393152
1.50075386961622
2.2224684933538
2.30578965238345
1.85618728922182
1.84574846229342
2.07747518248229
2.09289886651856
2.06292478208174
2.25905540884586
1.62554960572263
1.72699954160988
2.03799598807026
2.17111066039563
1.96651207336282
2.19825336732356
1.60741798553256
2.17670306072468
1.71705932406882
1.9192268875438
2.35080959676491
1.7979562339641
2.16866457816565
1.95661477713616
1.6708490341205
1.86000556842894
2.02782663581216
1.93220387599452
1.72170216625053
2.05651448736228
2.04240544655362
1.96809630795694
1.98076426074877
2.03621165799399
1.55083080440799
2.08417249844294
2.14974975553549
2.0937931653098
2.12377858033014
1.57502184621643
1.97659908226467
2.26837941652301
2.06531553092193
2.14125431946874
1.704561777983
2.02459517485743
2.20547587321835
1.97311622960064
1.37302705869923
2.15402703808543
2.2857694166888
1.91069330070466
2.38305155919333
1.74968179703638
2.06090281119656
1.823217958269
2.16934811467898
2.12260626189036
2.47213311360376
2.47147839455163
2.27483840686876
2.36202106486066
2.29048426390801
2.27045899266354
1.76045237855414
2.20720257466125
2.06610016949999
2.10967216997533
2.12471593374034
2.2420099888007
1.90986554482487
1.49218536133996
2.40232519056491
1.88477520328138
1.89968432690342
1.73399772547099
2.09947286696496
2.04484948010911
2.05371755539691
2.16448150543782
2.16129070855279
1.72402684624381
1.44071502600384
1.48910085025109
1.61387688129991
1.72074590670375
1.4657345647549
1.95633559804959
1.48066602304249
2.17197609976184
2.2234534680745
1.96853884865572
1.75896073897062
2.06914025031425
1.85796118680437
2.14682787322538
1.63508990729035
1.72943719905746
2.04227163263341
2.3533083347938
2.4183445892499
2.41054289572877
2.1903944439282
2.32163375166535
2.03816997685318
1.76853299065091
1.76634118419
1.94775698386919
1.71398418475959
1.96698405772883
2.10254908678149
1.76417849225987
1.97074174664385
1.9556618490677
1.95162736547485
2.1291925700995
1.90156172582474
1.88008199507368
2.38409744988374
1.42578209362026
1.81582544339736
1.84583731702957
1.72090837823947
2.04307525947875
1.68639082615332
1.86423722116735
1.72045316005065
1.69351672084701
1.75726525216599
1.70538910845058
1.98196953189919
1.87656805762061
2.13863011439405
1.90076866440638
1.72517788774575
2.10273463393508
2.15710819077308
2.21408748510523
1.76491444661445
2.18717782546071
1.87945493647031
2.09663983916017
2.35761461807512
1.87617073344848
2.04717451856295
2.08179556515888
2.31398438043144
2.1090123054971
1.455990007575
1.88126098403178
2.38971692358329
2.21808684815702
1.30718145328392
2.14696383440093
2.18000125801588
2.21490044540087
2.3591659757418
2.20687424609306
2.35336305874442
1.59848851185688
2.45715004829041
1.77200348512949
2.03174213621635
1.79390442433135
1.99785421286773
1.71424086316893
1.34399463479069
1.71379227709299
1.98987704950045
2.04395357808895
1.84265549101768
1.48465346055303
1.57589271815067
1.94336239337758
1.90280521002719
1.93481953541122
2.31201397153196
2.1342133660061
1.69375893425602
2.36744688888033
1.70090721739431
1.94714787365245
2.00677509315793
1.97724985629073
2.0859462532238
1.96665189088893
1.68747568403305
1.90687945811691
1.92001903132923
2.22219965498715
2.14829851815907
2.08991264076107
2.29544766789285
1.7872973098877
1.72980100009801
1.97493423982834
2.06662609871627
2.26961932323842
1.84487359251383
2.04395761329787
1.97553139406175
2.11348998247655
2.14228880642481
2.19079577927004
1.96562093224839
1.78690908594467
2.21451224743164
2.3323103907737
2.14447280227237
2.36231174549265
1.89944505758411
1.98427445420155
1.72036065167027
1.74670326416822
2.13676364217024
2.27558869372695
1.35519825165023
1.24244036978967
2.11158654490034
2.16620242606865
1.76076626831337
1.66352375643125
1.9263444502422
2.0267750129301
2.04763804457059
2.14755292049815
2.13041627417122
2.434996045508
2.06734774698087
2.10731669364787
2.34851656701773
2.28557589904604
2.06334825581194
1.6057499193819
2.22555633994008
2.04135235228891
1.63825726376386
1.76042657770278
1.63398598660561
2.0698549276078
2.20076873087494
1.96838472778901
2.16040205527944
2.39923869103412
2.3495275885369
2.17911147359023
2.21998506913206
1.72513737052383
2.03250912621577
2.14957403524027
1.27539461318265
1.77222089953717
1.40274718105582
1.70307645255974
2.10287119942674
2.1305002727309
2.22338026457647
2.17974571709525
2.26992346656417
1.97594916064215
1.86118891893706
1.98368380225895
1.58189085621789
1.87867108459216
1.81868257111034
1.47372532660985
1.80336403372461
1.74737475335942
1.99410021536084
1.86819432309122
2.03089500029166
2.04281489100875
1.83911178306603
1.83644787680075
1.83467847420954
2.36513920760837
2.15617247631793
1.83614831055392
1.91206847361798
1.90211689388337
2.2992936964987
2.35823739831072
2.08911209923146
1.59397021006607
1.25182775075111
1.52367097434623
2.36111119348485
2.34317262003729
2.30426908544063
2.18656791164344
2.10946299352948
2.0180527759916
2.00113778496931
2.41041999488778
2.41033307177508
2.03989734988166
1.37173831460736
1.9312511170621
1.67099364648116
2.43204463402661
2.17504276586356
2.29436817868333
2.34271747950605
2.29994567232909
2.2134237273438
2.44281074709219
2.46915608735387
1.76443069150758
2.04694948739326
1.70547547967631
1.98099072334887
2.03576144539709
1.62579276952815
2.29796356360703
1.89115326213311
2.30523571026353
2.2566330686626
2.15898136517885
2.21564366367241
2.10374585475698
1.91065605100493
1.73305110239188
1.71264261750202
2.26761503594319
2.12702423297388
2.0401070493481
2.04008179308706
2.11018341551053
2.3629390356342
2.42604197109094
1.65190104012106
2.13550481972762
1.94436001485656
1.86021915942103
2.36672785358148
1.53209003716081
1.82917812109589
2.08785142328896
2.29381355185067
2.18959699821741
1.98179043190617
1.55070886283088
2.19673004304584
1.99650270202433
1.84602829180101
1.90367033705404
1.72646160250125
1.92121477149799
2.24648438187243
1.50015592106604
1.37377951770834
1.55373350893302
2.15728082043904
1.99974484625885
1.74761401489858
2.46403289870901
1.75098157548795
2.08565020009599
1.33970754118399
2.26229504710428
2.48508975892952
1.99600420090713
1.58670575173273
1.70800862304919
1.59442353592163
1.70249138669912
1.93529224792277
1.80851171581307
1.99373324349908
2.24771188911915
2.07742438125518
2.34826883276008
2.11776003539758
2.1557685848241
2.21615423215201
2.12962603391497
2.21746370549365
2.1697361590051
2.08552790511449
1.6623697715631
2.31551615555336
2.09816571138395
1.98691239871356
2.23764164578129
2.02456305141647
2.13506683706967
1.97797168463198
1.62174593396913
1.57697852271613
2.06928043517619
1.64121714691897
2.11656952399074
2.14820717672107
2.07874363125573
1.68153752741683
1.74485661073836
1.93407859323178
1.92934172580975
1.89760492475073
1.92956357568432
1.88864860118254
1.32306743038677
2.01251629098592
2.3266206847532
2.0148204283717
1.5325153724587
1.95281858418925
1.9682025448871
1.55615964038101
2.26101985882425
1.29013884596898
2.25254874751105
2.06880526482163
1.99049870575742
2.08231136106744
2.09805411995231
1.51569756909132
1.60449102364698
2.17479171538225
2.33634182231924
1.76774953086421
1.9124144358482
1.43045850381197
2.14671250530673
2.29595313867775
2.09835405163453
2.28791267611745
2.13604551754208
2.21332804443644
2.20013579257486
2.44248294556386
2.10311886146712
1.82690797297906
1.87129721145184
2.48122191073108
1.82597651701185
1.97412909913447
1.55559671583616
2.27270483412488
1.69285486110363
1.95032777138969
2.26382158458748
2.43992737890031
1.3736732137722
1.79442007402486
1.90858363234011
1.5468723641873
1.9545877353097
2.24958844460012
2.21142028185537
1.97413138291375
2.3618651557904
2.05103490004107
2.33718044289054
2.12246634060139
1.59040539960547
1.08808419885497
1.09751937463567
1.53927263944296
2.4863611229444
2.46529080666039
2.47446675044339
2.12564790703858
2.32704349998977
2.39180450114545
2.25757598805653
1.91945887167522
1.82928148694041
2.38956336895424
1.24931446605782
1.88944004125933
1.85042649962623
2.36329293388072
1.73701919407647
1.38391310494988
2.32459328650062
2.29454732744065
1.69538129703942
2.43445922673508
2.28493877438371
2.0348976508505
2.06715209286705
2.20835119767447
2.0587203753917
2.05976409548144
2.1723802766508
1.75988576569254
1.95707598544102
2.18015315000932
1.53096848536824
2.25477907525338
1.70040907208697
1.90174288952611
2.17716833983869
2.33340593019086
2.30906744406877
1.9124347479169
2.30598598735146
2.16375133046239
1.79540708371103
2.34806573094592
2.01915226183511
1.96234882236188
2.30431578531431
2.24460294436833
2.44299086153653
2.37788566483
2.24797968138499
2.43694681578327
2.31572898711494
1.64029627200187
2.23682461706391
1.8401023744977
1.62678978843327
1.94336624845816
1.95875923995328
1.82544132814793
1.76430202582175
2.32260366378616
2.261285541144
2.46611194145485
2.31401867195479
2.11999280720334
2.05520391257394
2.33640491075073
1.90269435974735
2.31843584064258
2.10457084331534
1.38001557421015
1.30687844701119
1.73086726122731
2.03391230016275
2.24411143287606
2.30463562234387
2.3860567527513
2.44943277506424
2.43734630346421
2.29384793139676
2.11714570746206
2.12843990234956
2.34828829793432
2.21689335962351
2.23749072171728
1.7829521667204
1.97233587915784
2.15670551680712
1.86927628864828
1.90336164451129
1.87651680731444
1.65191664078682
2.39641979030047
1.54635657105305
2.17835485873956
2.15443143562746
2.18940599015152
2.18245248481635
2.01114143083663
1.41681011551271
2.06188273541534
2.28963982663498
2.10925654695819
1.97701463649428
2.1510461325641
1.8153424583104
1.74972470683834
1.95861487078997
2.31059749709138
2.18258527505406
1.93152130122316
1.95395389394379
2.1065461602145
2.1852125047373
2.07861465478914
1.93980474249991
2.01589482990495
2.07381148639614
1.95052036996459
1.98483230366572
1.8862694108019
1.81900619514357
2.09129260027869
1.91748200097146
1.67024004910254
1.79656043233915
1.91742384438213
2.07817418448909
1.57175998694736
2.28272216492793
1.65120263740284
1.44926275768702
1.83744687531492
1.08207371730608
2.12352159654796
1.9835819174743
2.08630685668429
1.4943225277507
2.26044048303841
2.0311099956346
1.48502808873059
1.7820069980749
1.64505277654292
2.06226772450302
1.91207010397099
1.99019942839355
1.84268637602993
1.98371692225349
1.98306159977741
1.92779831485851
1.6638630718477
1.61840460206622
1.87711223084921
1.74572752284892
2.07570333945066
2.11771004141617
2.33996579870661
2.03941950945336
1.7569275101588
2.22787167441253
1.7874669644304
2.36368290289967
1.82189564893969
1.14648519156654
2.24606277518998
1.48276544923444
2.26991085863948
1.64797627578286
1.47225063778328
2.12945652423506
1.75993923764926
2.12912825710529
2.01297114786362
1.74626825666114
1.61836197207375
1.97665164433009
1.69163108145045
2.31794536528831
2.05831177908728
1.78565577379714
1.78181504680536
2.01893662347625
1.70673534242323
1.84734657712452
2.0240286950675
2.02227452228724
2.12612926030986
2.16448564398487
2.15659609596477
2.19430235468151
1.94349748265654
1.72625918363672
2.17088055181394
2.01665045071542
2.21219993531385
1.72393307211978
2.40891137880089
2.10746139875508
2.01113974638519
2.12429206009899
2.29684468055087
1.89434096471888
1.51637022704457
1.64841204976408
1.62324549121976
1.74394834144353
2.21717974233373
2.23672251536656
2.34683733367182
1.80430656122685
2.08387678165266
1.2102047885696
2.02768480659767
2.02978394602136
1.87100262031109
1.94654917585904
2.10136624676482
1.91651371649038
2.46718686929624
2.12656134421545
2.1687955409898
1.82753465381522
1.49518312950192
2.23163887695854
1.74479201957521
1.69561669281817
2.19271701483267
1.70056311836858
2.07215954700967
1.90158514745431
2.20226488027488
1.59131208961798
1.90720296412381
2.05396401361169
2.27727211130771
2.2192925556281
1.9035084958293
2.37543842693528
1.47700274757089
2.03701815588415
1.90301270174976
2.41898409104074
2.05537428429976
1.72794256810695
1.98972798476317
1.77010716080196
2.19187242152516
1.75447629668642
1.8760387673746
1.55715389057693
1.77718591012539
2.03000546304039
1.92154296435016
2.07760046291458
1.87333577443863
2.09528036430696
2.01642340118235
2.03046451238461
2.20244186203123
1.95200553349222
2.02277851081847
1.99804689297689
2.35754363029918
1.97970384638414
2.03588503715546
2.41626738433113
1.57728771116864
1.87865018575076
2.24460065863948
2.3134879656353
2.24167331991124
2.16897413528471
1.68517158619855
1.48777350919024
2.19742586145913
1.89454206304346
2.3680233547915
1.60675781791808
2.36514550305399
2.21077146309521
2.24504363753039
1.95416363523715
2.11146178002899
1.83728731520439
2.14148972882003
1.98586785183935
2.28731360981086
2.11538574233282
2.06819261434532
1.13181807255552
2.1050868484762
2.15213083631957
1.41623699162224
2.41635464852708
2.01763746113423
2.13904172171878
1.52268830057482
1.97964142265484
1.61428629250534
2.4424793983386
1.9816445378138
2.44315149208076
1.30067250339764
1.30489072713626
1.73745422247908
1.76190396613641
1.94394879370648
2.31283781597609
1.82086636156139
2.21157305736915
1.51067343590253
2.09567572522178
2.33359478786078
2.38919123706994
2.4489371163958
2.32349228726234
2.28016821094428
2.08706872107204
2.1261402758497
1.93270401855439
1.42519062143567
2.29822600474378
2.45955224482589
2.41446170941134
2.05445307860966
2.01032731251109
2.09590676674279
2.3388915133319
2.44315703276252
1.82003832080764
1.84537560210094
1.92563659359729
2.11322563747515
2.47045832916947
1.34969746678622
2.11579974494763
1.66460582726919
1.90342825592604
2.18186597350235
2.10579590173207
2.00955899647847
2.07861649215027
2.02751589741148
2.07213245970879
2.40324840194044
1.82676462181951
1.76260511226178
2.37898181592138
2.02818371551074
1.26738383584335
2.02625074598135
2.10162456700938
2.0961034975007
2.21927859487963
1.95538770391375
1.89315636198701
1.88856896843373
1.90624117749981
2.03758217487326
1.74216181298743
1.67716903802225
2.0294411176645
2.330057656638
1.96161808092376
2.41141258180334
2.22614817753303
2.06674794274272
1.81400990527885
1.83250820556791
2.35434907150812
1.69399146469434
1.89774444920808
2.28503997368965
1.71108664809634
2.13238969126942
1.26810841527828
1.87966770427922
2.22840771215719
1.90785297322126
1.56152475248609
1.99388698376663
1.90580024654417
1.84111057829441
2.01780839228285
1.92118036701015
1.52713337237513
1.88366957061639
2.35480063688028
1.95269103326978
1.46913292177942
2.16849815710015
2.22745225202813
2.20039087025077
1.60501139487983
2.08146414069396
2.29308081186676
2.23496625526012
2.30811590766202
1.72533023019726
1.93589609899714
2.21923588844067
1.83730819237947
2.17118289019795
2.17113387155329
1.9919993126086
1.87037046037327
1.70358434492245
1.62712423316399
1.76836622873761
2.13034783545676
2.20723251880056
1.44823473672436
1.74789266267447
1.92211110522219
2.36059887961155
1.93462499953513
1.6476272075852
2.12457945495461
2.18883781747387
2.21747043019541
1.98781579015532
2.00487191903144
2.00608586190887
2.17483491307137
2.2468393709607
2.02801214972301
2.43580472400932
2.35965784568078
1.6856976348508
2.06498975075778
2.30001897370769
1.76039784534431
2.22402853423719
1.55466038279079
2.14663361820993
2.11990378688205
1.92386970829435
2.28120670714093
1.993786329098
2.13811091370281
2.263460502389
1.71442449528552
1.92409774058725
1.79631128335263
2.08454556927117
2.1656983083411
2.34516900929406
1.86912589003531
2.13067868912325
2.17978788718882
2.35523014105018
2.32623408509682
2.19647499080609
2.13385122935575
1.95240907523213
2.02367652884491
1.90616947285097
1.67331072544311
1.48855897354898
2.11636079627395
1.56794303512536
1.88952197355592
2.03444763969208
1.72052062120685
1.8127804416561
2.05635453593676
1.30683573937103
1.95438035260154
1.6107386670927
2.11991687531445
2.34478881904251
2.22242700659941
2.30361667574144
1.61491401396847
1.63838925953882
1.98349750310852
1.89722529610932
2.29928976683301
1.45552367130678
1.57322696400378
2.24246827986432
2.12088622735295
1.42984146206088
1.74997984634567
1.83464150337465
1.91103792667388
1.4411773619436
2.07281523345891
2.14992406062516
2.00425782808362
1.93774646155432
1.98922746630642
1.85196054715275
1.51433936224316
2.22668947258088
2.39065479547686
2.06227496637214
2.20392474846313
1.84037867307349
1.96545997416801
2.30463169429393
2.34806763126396
1.62324895599555
1.91198295099012
2.15581017248423
2.25569926043109
1.54051864298734
2.11661328433539
1.84923971807556
1.42044039088887
2.20601785848033
2.276174642545
1.48499491654367
1.40740127333047
2.47828082850037
2.15551624473046
2.35337415485567
1.8657450646368
2.09296363444407
2.20818313192422
1.99431829514331
2.1529055663315
2.35846588569038
2.3977364500472
2.40125938741056
2.10167539607627
1.82538273165548
2.29814777286416
2.21430527388766
2.07816119501374
1.92670171816563
1.48506580260967
2.48096696537466
1.75442964066984
1.70830567801362
1.60501965387932
2.08724983479682
1.95066741234561
2.16612137673102
1.51139532004298
2.31794627935185
2.32718150190962
1.46108238373328
1.72346271430873
2.22879591511562
1.38447639279184
2.22544338573716
2.00440701901769
2.28246054349649
2.07528411829007
2.21852342336948
1.90989458152458
1.57867833797822
2.07012040065699
2.08142934643283
2.28816415901615
2.36178918295834
1.91627858865989
2.35377564844457
1.4905106811312
2.41776388801352
2.43483549005126
1.10387996759495
2.28529809695772
1.8408991140347
2.09444937736066
2.33422656870414
2.24370315589279
2.49263548544491
1.87792570208505
2.43445608186828
1.73156517946157
2.16203841858814
2.05333108992098
2.04473190251204
2.1160560849094
2.12568581098414
2.25909656959007
2.08515639639393
1.79018568889492
1.08332733511033
1.05580796790829
1.12795745517508
1.75525861371186
2.24509538107016
2.37666338629536
2.33467490417054
2.31732999795886
2.31680368880779
2.00818441859547
2.2790546084776
2.46542847810281
2.09308840494758
2.27174381124204
1.98600939329084
2.42851584219446
1.71244203643225
2.16114882486515
2.28994468407636
2.13478856707824
1.93858909220119
1.72107341519743
1.79679365990857
2.0708541528179
2.12292718497301
1.99891236755037
2.28702200492489
2.11133580574242
1.50029914446365
1.949451261061
2.11495943688073
2.01151269200769
2.1150573423257
1.65572803515503
1.99174766275734
2.0535017522032
2.0359167865196
1.43979564275151
1.92748135030409
1.78599689092432
2.03629628714135
2.09193606407617
1.96727540659536
2.11378054801527
2.24843644138275
2.16583601815329
2.10246514937306
1.80001889700408
2.03772161433799
2.03343379570727
2.08957023219011
1.33349119716013
1.71209448709778
2.08656924337445
2.13512120279377
2.31767419520451
2.21031503157256
2.25038543830531
1.71531494987048
1.90192421579881
1.97399640021255
1.69224519484921
1.79871512246726
2.06498581850615
2.10756363684331
1.71002714489211
2.38127421624832
1.78924356884721
2.21792710026487
1.58988416478055
2.3384822222253
1.87613761703971
2.34987252775094
1.80275599191022
1.89427106226122
2.24260047571344
1.61561477056568
1.94555793391617
2.05597055593202
1.78577938125736
2.24636145460596
2.36442351891596
2.26880665029734
2.45033643859153
2.49293537311715
1.7964780749078
2.47338517973115
2.21973071366153
2.20869849274529
1.98827356796683
2.06113587593002
1.62396677014329
2.38227420778714
1.43993797926132
2.02395173208398
1.83524324367979
2.0052150644823
1.66095059861371
1.8724907925153
2.32431126747156
2.1996659108813
1.93161316014192
1.69086445530013
2.27824017100669
2.09487555593351
1.93438909278383
1.99579175522497
1.77711200147464
2.00347979565956
2.36973803903427
1.99457374171789
1.85513359762964
1.86658809506476
2.0077667498389
2.11597468652974
2.17039199443369
2.43610468749604
2.08053891608473
2.31722915419328
1.91497295687749
1.75791347399032
2.04303519049207
1.63042581951457
1.52397459173643
1.6057428638086
2.14310824676115
2.32395360537923
1.70374716208085
2.05414050286166
1.92203329674019
2.10963179198364
1.99592056979205
1.62428650479939
2.26550722646199
1.75867971660551
1.77838502597764
2.19895194310177
1.79077663237283
2.3265525496401
1.89110564890343
2.17778937999792
2.2192216773223
1.23601383956939
2.23054665080509
2.0367339876301
2.07151127724273
2.41077972840932
2.42260452823382
1.62644626984691
1.78153504732017
2.43128262195916
2.05705290451711
2.46642337990007
2.28893338135928
2.20057372412107
1.74193309301041
1.64646344879642
2.15026842821785
1.99205042000527
1.56599016466721
2.12454198921272
2.21913964465388
2.01867043291614
2.25601339616314
2.07572161746848
2.28073920581044
2.06123101185248
1.88983347376047
1.48787654588634
1.64096555499228
2.41088617040397
2.24752735543017
2.27162897485884
2.04454708947054
1.73100900173119
1.8120487996846
1.93678889323348
1.99692701123927
1.99671948302557
2.12159259852957
2.06373206823174
1.23900243161869
2.18734549944652
2.23096427643314
1.96616792214768
2.25943603294491
1.87311892989533
2.19499465077856
2.34023177572664
1.88058370839969
2.03452596915767
2.17621707484663
1.91080695305251
2.0505345064471
2.04651070930826
2.38187770291625
2.23082975215979
1.96838876045244
1.24265633032128
2.17243099738703
2.30367325540398
2.03729398309609
2.0313314505791
1.27953267554056
2.04324571731923
2.45750525581253
1.52676945213068
1.89965346877857
1.96204096906582
2.15556094072745
2.29698318639736
1.44353075741772
1.99864056087487
2.31690534105415
