1.5835
2.41431338305944
2.46333978891366
2.46338618512954
1.12514895395556
1.06076305540231
1.12124996641623
1.11957731939781
1.26828495927846
1.90991653945877
1.62520659876964
2.47950405061597
1.47948119700092
2.40730264584904
2.49650370362757
2.43553720233265
1.58796592922895
2.28926211280711
2.46491162557832
2.39337476723236
1.19104116647156
2.19519141924822
1.73230458169935
1.24218393326163
1.26961453230148
1.74801823388418
1.27666934705018
1.4211774092913
2.33407324064163
2.25194768217369
2.03029782581902
1.98452572587552
2.01103778770625
2.10535743328633
1.81108910728925
1.85553194644754
1.97069459773714
2.08674336428575
2.28913803454886
1.46134691813652
2.12996829208204
2.15059584491986
1.62974335394786
2.17011093737693
1.58619141694901
1.77974567581519
2.39437101708516
2.14801598172293
1.90933498734787
2.32883455610986
2.33209255939197
2.020631920464
2.24763855707198
1.97735623212613
1.741782566878
2.17629702408037
2.27246454170776
2.06648311057182
1.35006943239932
1.08711305905719
2.33458425110152
1.79064171673038
1.39059734296028
1.76089345155016
1.95282286521819
1.93024567057355
1.95252484689328
1.814170876422
1.88562161346054
2.3659157327946
1.90378780660625
1.78637267291616
2.35907631950329
1.88827111593562
2.1786480707415
2.00695471268154
1.88051719156491
2.38848853678893
1.76715914489856
1.71937320627983
1.61021824729377
1.64422812289965
2.08304574398064
1.15324906657513
2.1450594878675
1.11368588222141
1.91575344925329
1.96341066010076
1.93293229865669
2.03362182569648
1.58667954612514
2.06368032911589
2.26751930025764
2.19366003736349
1.98444682181436
2.36597918963863
2.12513178739664
1.92677020728431
2.15688789522191
1.37603635246918
1.94052272483735
1.08835607407728
1.74223938275308
2.07165119996911
1.85550208558168
2.33803990107325
1.87647854115068
2.21069033462619
2.29681021054779
1.8674496555913
1.59240457150335
1.55493520064119
1.33674115411554
2.0595606396695
2.21637481438963
1.80022013606167
2.32831921280458
2.06837311935882
2.02118265231532
1.81930517721244
1.86626764236306
2.03295563188919
2.2758574613107
2.11072353546704
1.98472715591592
1.68616715568622
2.33201807105951
1.20030648070454
1.73120036459533
1.95615943497257
1.65619567952361
2.00612771134388
1.79425257751705
1.90297844563342
1.55096666803011
1.99207978109388
1.2348847451456
1.82897894787852
1.89516952980587
2.37136184448781
2.18007567287192
2.19906213374938
1.44254935021993
2.01507730820564
2.14592313734831
1.93203954181445
1.30813047342681
2.37450857477934
1.59743888077613
1.94731869283905
2.04200610591492
2.23969893326653
1.99734979540415
2.01141545049931
1.45349978918341
1.22993604852358
2.2576350584926
2.14510751766678
1.90333510464058
2.19767648080379
2.2487980773855
2.19279308487927
1.91689838389968
2.05332510029132
1.26127060493393
1.86042848591543
1.99799208818826
2.30613164630068
2.15637879217068
2.1648211181088
2.30843226373949
2.35425406763628
1.75925317180595
2.29077707120245
1.86407632222126
2.13762667852191
2.17199212113123
1.69596156850217
1.68594115610889
1.95603122921689
1.82092781755733
1.50697656947417
2.18873161276348
1.54368499264159
2.06510453207953
1.8900708677095
2.07262037634315
2.07403290280811
1.99962174442121
2.34699703814756
1.9396477397493
2.42456579834827
2.45841778628123
1.93497390808924
2.1350315985744
1.82152880968383
2.17522395981875
2.33764255900417
2.18890651366983
1.67738546779807
1.90128142473827
1.72281076866645
1.89340456285802
2.23726092050703
2.25800180809924
1.37554379226006
2.02140078762363
1.64185744980514
1.60994404858745
1.93711892118895
2.32393597720455
1.98364025532971
2.15927504331294
1.56224885254164
1.90976792061355
1.56329642451426
2.37622646691932
2.37407095389471
1.71287878022626
1.85023447703323
1.3275905851646
2.42003988929099
2.1006690889153
2.15938498530297
1.95957979685805
1.9640011069136
2.17479791931757
1.92750400082379
1.52645823325625
2.04629298212603
2.17209443739462
1.86781882184417
1.59080446116018
1.8071859675479
2.24895084020961
1.66687119378775
1.65062249025662
1.42623992695378
2.29960420933547
1.77572181531898
1.66503389725962
1.80839239095943
1.88747946661065
2.10338959201967
1.523614748335
1.9920081664815
2.34638702874288
2.01396654859794
1.67595197496092
2.28496311977359
1.95803319043176
2.38585774073773
1.28841815673658
1.73654938892287
1.8246676366895
1.89406028486362
1.94830833061523
2.13188884545612
2.29680251890495
1.995119902252
2.25773663123932
2.13172506691432
1.73140031279188
1.2460763978207
1.28821940757585
1.43781408856545
1.34827034487007
1.97286741576632
1.89397965217574
1.41241465390086
1.8255064600053
2.37824053760054
1.92419525444701
2.31679304453641
1.85847124651075
1.34405024695389
1.75612365516607
2.45817069772675
1.99261541567256
2.04666577685029
1.96300001993508
1.72123542725234
1.88059730744919
2.01544139564877
1.58064467676661
2.14995637259298
2.08918601654965
1.72335118910166
2.26330094821439
2.16796490631292
1.9896583680865
1.77379623981831
1.87669344358536
2.34770820056568
2.27855921709748
2.04189523516477
2.24411318226792
1.73090165147166
2.2493796278145
2.28400089261601
2.10489805449809
2.16031757896539
2.31058137952411
1.92002837591566
1.83705444456778
2.25256295958075
1.59078508850253
1.62582713643116
2.02145428696071
2.10705947090638
2.43955359825779
1.455980506582
2.37363084981561
2.34459121336893
1.72581158049024
1.80920092746402
1.45828064756238
1.58183129880413
1.91567020476966
1.92543396340683
2.03829510375765
2.4200150516589
1.97163040840553
2.20295917091389
2.23398296318244
2.10464649749077
1.92087095457641
1.78155457570817
1.73275737117422
1.37819179853105
2.17325023158045
1.61336459576914
2.05249309171931
2.32519333213837
2.32303164683219
2.21193056438159
1.51891193596745
1.94425095638604
1.96659527822199
2.36087030368094
2.35465396675159
1.90435606622184
2.18693293796646
2.31190312053191
1.95693270704877
2.10926598251658
2.25761666087001
1.60465324005812
1.55831034296678
2.10302659286934
1.88060904859853
2.13993533589342
2.29282640653964
2.10521234670712
1.78582567898595
2.00185991908265
2.12131583996372
1.55999759134057
1.80020921555194
1.76669602927287
2.16360148254402
1.59081229472513
2.48567226641587
1.97779267977447
1.82690638160461
1.95453315560877
2.00530672729779
2.00979890837841
1.70110994486984
1.74200727077975
2.13699437450185
1.81746054987006
2.08568974486326
2.04345931322748
2.10886536538719
1.98443341983899
1.69935736347408
2.00538337804995
1.45907883575002
2.08464276226873
2.00725292567973
1.61542118685101
2.16325042451509
2.14701858515023
1.77157700684765
1.54209880367455
2.38434727250352
1.7716270121493
2.02685010960309
1.936620844619
1.79502686812968
1.49372280856224
2.08381669922226
1.84968098319679
1.50206800524775
1.56304839405687
1.49197863013229
1.58657450232736
2.09413390768705
2.0475314350361
1.76671847893543
2.07884260245066
1.90944294572295
2.00360249667187
1.53437870411159
1.85192922778318
1.60604865753987
1.39249665800699
2.04245929030048
1.5985749864184
1.52155363055444
1.54888648391819
1.81524671608887
1.63570105467556
1.7958416377125
1.87317846278292
1.86247725070418
1.61322674997816
1.59869106778235
1.90607376206148
2.07947762941444
1.84603222666304
1.36705599413076
1.41174351100924
1.34760452225066
2.46162394514456
1.17109965413506
1.25098169838289
1.50384305653372
1.34595536721797
1.88885092183261
1.59380978243464
1.49942347742952
2.05760538242308
2.29562172548441
2.18020778668192
2.15046097526789
1.36901022422488
1.85415839750217
1.44380194975629
1.88500448819443
1.93648222030502
1.28584281403015
2.0783600579519
1.62699536842738
2.24592676225752
2.04741581324369
1.84905052508935
2.07139641669791
1.90978894876585
2.18547881701729
1.90974984767219
1.91140836889934
1.92974152194096
1.62886504400382
2.0404315521163
1.62503332594742
2.02947120231892
2.26733067443827
1.92051677201717
2.23694257299081
1.95204464059188
1.75596002572529
1.75470249602709
1.15689327946911
1.65484127316478
1.41510028075199
1.83923659462463
1.66837141872514
2.12953990286086
2.18314858841092
1.31769820444739
1.75434884209351
2.22015969914985
1.9147046605654
1.87827082475268
1.92568178492793
2.31534448662553
1.78531751646071
1.7950996764431
2.01790845657036
2.2819735208895
1.65272475323262
2.09930028275263
1.81125315946352
2.16985204085521
2.08815904903151
2.14359125893288
2.18554657634492
1.41523457757994
1.87722544545269
1.91461055313585
1.89259776305987
1.38092205013647
2.1061943523421
1.60061104709577
1.27308471999266
1.68395564439003
2.32481111693065
2.45177932294918
2.1332533487434
1.89144721964191
2.17834516356357
1.68952172778527
2.20273443026021
1.67968321623145
2.17495997839771
2.14530556113625
1.46494675825062
2.4127600684879
1.99515675040455
2.04772046310718
2.0804006865621
1.41073893900932
2.31022467960037
1.94963758640442
1.53883712554214
2.2494682190444
1.32736682473429
1.47652479836346
1.81363740011915
1.76282007209217
1.35209503225593
2.42884130413928
1.68119600634785
1.54424016859879
1.49490483784401
1.99514428270121
1.80483522284689
1.88645119449352
2.12327969765968
1.73563620973761
2.09481985001104
2.11739392495214
1.76985317924253
2.1037218837773
2.18394337608977
2.1521564248981
2.05724687266619
1.73502712143864
2.06763263403071
2.35059373954397
2.35835045293144
2.31190781300219
1.31114992913179
2.24172784869584
1.88651413100219
1.65324108034128
2.06404609887711
1.84987613420114
1.72887069154283
1.14904572475427
1.64549419730551
1.54203559306101
1.6900697073965
1.38065157862575
1.64060094795092
1.63175829042656
1.80169301020987
1.59403984967057
1.91440114700404
2.08356765177063
1.43868997048994
1.86067620673352
1.93597506824144
1.77146284064845
2.16261882692727
2.02657813577235
1.46206971254623
2.18436223818895
1.59505740999735
1.84977769615039
1.88174197899517
2.39755093776532
2.42682961982817
2.04491249287531
1.89341592284852
1.17872254921007
2.3398932687175
2.14396146762221
1.60967267372541
1.72672743097852
1.34407836146615
2.34787186774205
1.85687982341478
2.1925915303068
1.88332890277799
2.00146979733611
1.71132229201628
2.30480807304047
1.71775599656895
1.53383005066061
2.19813009105011
1.79125756037868
1.91590338057238
1.55753166371625
2.18128666696739
1.6856958643471
2.07651724729118
1.89286675116582
1.99662909583689
1.86006199122088
2.02557599867078
2.00809501747713
2.36171699555807
2.01022822857352
1.93703155583489
2.24014833927059
1.11578684289147
1.67551330389079
2.40383364595128
1.28567490178773
1.74217854870616
1.5795826960801
1.86312147642765
1.19143068598648
2.21162663147208
1.77524706566382
2.12387153296186
2.14782273023367
1.79492005505863
1.42730818007696
1.97044180401986
1.83128075038294
1.6253978802542
1.75976105048865
2.05564293064491
1.88939408278673
1.91178022423452
1.50376212565076
2.266035938536
2.0879774135978
2.14046266149314
1.14857378192582
1.99532640135959
1.92870836652346
1.53155229276298
1.69074089382474
1.97773935223795
1.68062034831782
2.09214080377593
1.59189129264604
2.06661911906941
1.77662746466754
2.1918420270922
2.43681803523049
1.93156817296783
1.87067026843934
2.21971929618094
2.22860108566808
2.33346586553433
2.31516888073404
1.16649061846443
1.77540742087341
2.17210997986301
1.35461675488518
1.80345845206804
1.8637135120131
2.14418622227912
2.08185432740937
1.98729314613827
1.84267511262608
1.76625239070889
1.69891103482101
2.10632684112523
1.90894904781732
1.36300348274922
2.25305306160126
1.67577801316183
2.32711694076639
2.13188988026281
1.77803776449212
1.87011414417953
1.85918800023866
1.97750802541867
1.9050076568993
1.84295284186351
2.358560704161
2.16054080441538
2.0991147958227
1.30312562088217
1.59636486767785
1.96433431885097
2.30398789750358
2.04985587756407
1.85289081465472
2.27232681199993
1.78679863730605
1.45152658022728
1.2828773789382
1.85321947312788
2.38331520783459
2.40672139056465
1.2781504219407
1.81692074288544
2.19850671704489
1.65247814808441
2.26901294713233
1.65581153690131
2.49353927797382
2.22347429737443
2.20943370981703
2.16693114792124
1.9055350826837
1.26254448690328
2.36815279926332
2.25155482047825
1.58782071664039
1.16971788260599
2.40623250528984
1.88189594324488
2.11232412810299
2.46300440109228
1.84563311639151
1.91543333942379
2.2407968887397
1.30050313078135
2.07789518721648
2.30727511999516
1.84629812270943
2.02822602603628
2.03575939473162
2.26463528401908
1.94368243990074
2.19731083319002
2.23944363789584
1.80236969788416
1.9325459284411
1.93654624089449
2.4820744099018
2.42974956812531
1.22760045178126
2.08450438834283
2.06442393966886
2.46598421945188
2.39815848247557
2.22304961717912
1.7383379185431
1.23830846316178
2.1161639196074
2.09288068013227
2.18961255968441
2.26336056931756
1.75623080417776
1.6817693856721
2.09303585649722
2.16423002594991
1.7961127048347
1.52761821509303
1.79609782779618
1.5379155710306
2.02570956600163
1.74367343054843
2.02816603343366
2.0473022382722
1.82368320155258
1.92790562819542
2.15239286189077
1.79680464675021
1.89597788053384
1.91628801950499
2.05614005131589
1.86766921142562
1.75004001927195
2.01504476079683
1.74072575578569
1.83560024717368
1.68121714068015
1.6996420256891
1.85550841339897
1.96119693449889
2.2905959034417
2.03798414944643
1.74929880328834
1.30304512009
1.66877534043302
1.69742494106369
1.88614227787347
1.5419082981086
2.28827043648584
1.85612500630391
1.14977440510466
1.97857344838412
1.66920079670944
1.84542159023569
2.26705494402761
1.8925777728906
2.15048493862585
2.16266588231316
1.29124751792348
2.0855989789524
1.93812190938425
1.51810576749079
2.12635038790856
1.89798885902492
1.63147835646591
1.69851480709697
1.66077281392886
1.80974899495225
1.95405980452619
2.29885361088486
1.9030464641839
2.03657692056562
1.83774754333958
2.19056584207862
2.33975429030544
1.44986041423302
1.27689859687937
1.45701468243023
1.55158292108242
1.45750857977554
2.252046222088
2.24642881597786
1.63468509570688
1.51558910536429
2.05561580573699
1.75344584687581
2.10201497804603
1.7833335687729
2.37177950861687
1.34128051475212
2.13541285437303
2.02351078012883
1.94517315611023
2.30871863488841
2.13612102322575
1.59823254573113
1.59499246658531
2.16365060683698
1.75406870401311
2.18103523297141
1.99499148524215
2.39740602810328
2.27666244488277
1.75295159299483
1.60722394520867
1.93692432377712
1.7262458851287
1.93770826056188
2.2624001440102
1.81576109705678
1.83105035301439
1.72771209664341
2.11882751639059
2.3032987137506
2.05063736922268
2.20697073956549
2.22919139896936
2.02552308688162
1.73721049929377
2.15583431130602
1.26873876798528
1.23685354063225
2.43056943473309
1.35032100061132
2.13813249325951
2.22610552181295
2.1994772628082
2.37332690338217
1.17680526825051
1.89315501185559
1.47045536876352
2.2049394834083
2.13393742050051
2.10438745399677
2.3589978513853
2.05863035707635
2.05495356243595
2.1765096872008
2.17848453952502
1.74514054280648
1.89104489012999
1.45236705918074
2.42082609288272
2.48249208449087
1.55005437492704
2.07960764841222
2.44079086180283
1.93802048037817
1.79598592816998
1.77946100754449
1.80057522018928
1.88901631599692
2.24668685823136
1.42673954265693
1.46995490702916
1.8581907064589
1.61060397396347
1.93951316906751
1.80839500145816
1.83614697399833
1.49762192390132
1.9915725824461
1.60466459240187
1.6703467541733
2.07237241418197
1.75647062188744
1.8753490779551
1.55741472985451
1.96987714507338
1.62566293136704
1.88730651706108
1.63427701744806
2.11847650713069
1.96931699331123
1.67832191812004
1.7278803644698
1.89256217735324
1.98632088759537
2.03785290130582
1.99062755853732
1.88041408012413
2.1961114721334
1.63073669537407
2.12886628182366
1.71350435769112
2.34327214980799
1.45072386473704
2.10444733009884
1.88795040568592
1.16120307631574
1.89433195916426
2.11434853607506
2.05530151358913
1.97040312564946
1.36545555383188
1.45648381610069
2.27279385487818
2.07964039371253
1.67546439849372
2.13165020042481
2.02370729314004
1.57267508180514
1.62562126830769
2.46340440114074
1.70468767305333
1.90647395172
2.16934748051522
2.12668559707519
1.60239820328826
2.03792934326355
2.0521006716347
1.77802211996879
1.43052224846375
1.70099847748817
2.01940473946548
1.99592766553733
1.73423622867239
1.77676833289525
1.74987445684101
2.25517541219777
2.27201112392566
2.04494843792263
2.29634295868611
2.42178088424053
1.36764389237447
2.46160470285
2.25994803431617
1.83759563553436
2.25720091153064
2.03943663604802
1.72871667696512
2.33623942490911
1.59413874631224
1.77265120279363
2.1249247014027
1.89577036721246
2.14404445929824
2.45202961665565
1.82495698808737
2.19141580779145
2.35431397850698
2.33702693709356
1.94154329120441
1.88917425361377
2.01634888669992
1.98011377602747
1.34902907793183
1.99291951985493
2.08874086174508
1.80793085122496
1.68107386101142
2.00819062368814
2.01037508529769
1.58232215671138
1.90424531187924
1.87039755858399
1.5855338795772
2.01384636411265
1.85588415569091
1.74729301186419
1.75710751902154
1.89097815219772
1.65996642751303
2.3815893548092
2.40892777501418
2.33606389896252
1.21558670046205
1.93357719602887
1.71608726830355
2.27514194767553
1.53377013564719
1.51521260832542
2.42514426158635
1.73456790711101
1.7242944998304
1.45099204858546
2.20474352311271
1.59423863590285
1.92765479942717
2.0864973955286
1.96295440614694
1.72769863641038
1.44255909963666
1.89794261114165
1.59011586056035
1.8074426527415
1.69716557296483
1.60540772446912
1.9011305038862
2.06533747262169
1.44042530700279
1.92100462342472
2.0715623915795
1.74068844861598
1.7679574754276
2.20129507669787
1.59757582459538
2.14074889147904
1.96304360614225
1.17486026723868
1.09825596837229
1.13025301619841
2.02013356267246
1.64788723321974
2.1245273393005
2.01363297571652
1.78137503875497
1.68716012313137
2.19206303783811
2.26531055834416
2.19550290673929
1.27100787899542
1.71659709247602
1.43522029213932
1.60528967507157
1.74631403935027
2.25101692679782
1.98068385055064
1.55250307250083
2.05090424356212
2.20375835570953
1.80008303069712
1.69731582197204
1.74112994608899
1.142927053039
1.91478684950513
1.8587650539288
1.53281910836884
2.21170459057674
1.47986734744245
1.92634672745292
2.46463287167981
2.12723525359468
2.18609686178196
2.19126347234598
2.08188641061732
2.12399882042781
1.10984119973751
1.81754006634758
2.4278639194772
2.07007676503342
2.11686725618538
1.57369865526028
1.81950143189778
1.98307916536347
1.64767925761462
2.39325802635211
2.1520549038978
2.36116981020692
1.51515722433666
1.95228301104739
2.2905185739197
1.85964500759665
1.79272109624799
1.95768450099156
1.87995860158779
2.15193862892235
1.80009452243677
1.95802511170386
1.52781541469679
1.96998724500044
1.77770903467085
1.35064581051516
1.83079088359788
2.32658922218541
2.28593217359555
2.34319973903914
2.35113414509705
1.28522720555534
1.95472399580259
2.40752462186026
2.47094936038685
1.94820377536325
2.46798125801913
2.15586636625273
2.00001525870773
1.83434338032388
1.71132674435849
1.636888966903
2.15664731557402
1.63729301515497
1.78179325825255
2.39217251916701
2.16978980557697
2.15506516477526
2.33378642108378
1.672978306604
2.32883527151827
2.03989963813466
1.78486849187851
1.79021803549481
2.33410749215658
2.22846897045588
2.21774343341899
2.28995069010607
2.12098108539875
2.03225293467057
2.25363645977806
2.15798481543867
2.10959629546546
2.20860979109366
1.95778931670084
2.27122237973948
2.26953631751212
1.77179183865723
2.08807166135073
1.84362054619758
1.1803753683258
2.11941580529241
1.93948218922657
1.26441087199948
1.07252221208211
1.61693140178653
1.41819351006178
2.08210916790271
1.859135874264
2.04111033141046
2.19718292088866
2.34977159449656
1.44627664355186
2.28211854805326
2.29535472640669
2.01687656050213
2.28835474478647
1.50709563616334
1.3876663953748
1.72979206515
1.80645773191401
1.70538547368526
1.90398979547536
1.49816132467978
1.48068040134595
2.08752816861427
2.16900164376572
1.88966640775231
1.91128941881564
2.22239086458304
1.57444629683416
1.51325615199931
1.79294169051972
2.02908820123007
1.9001029528783
2.10218043346234
2.05932513357279
1.97221818877612
1.26204168581028
1.25805875727676
2.0830530396274
1.91194052083354
1.80893704882275
1.60921340140514
2.17042936899994
1.70527672909484
2.09717471209516
1.56800333629715
1.20763860601516
2.24090842667658
2.05735818842667
2.29966600946058
2.2294435254699
1.86568112740133
1.91119859899156
1.9814473786625
2.23023190090987
2.0511634992695
2.1578919735915
2.18396305349341
1.86280729657385
2.09747323260983
2.11535553884366
2.31164291261169
2.15564489550009
2.1827485109075
2.05170377235973
1.96195482726928
1.80382502291184
1.94491534200237
1.55405295185956
2.08122586026438
2.12795671754677
1.98408364456558
1.72002625139987
1.4365815224979
1.33288264279287
1.45456061902774
1.60654455521446
1.86358596903185
2.0145023449428
1.73175270621938
1.67511176561263
1.9010738397805
2.01380995149859
1.89818650466534
1.44995142403362
1.47206361848834
1.95321214530369
1.33380795642939
1.6141812479161
1.98010855534226
1.84419720519393
1.48994112503075
1.8651627443328
1.79791409958546
1.87564944118092
1.43965208792877
2.25592901691659
2.27215388903766
2.04648105355671
1.25125738566386
2.13091320667034
1.53314132091532
1.67017941428975
2.12379169336631
2.28680059279365
1.56940115322325
1.83533505023757
1.48096744832533
1.82559952088827
2.25939808186259
1.77098150396511
1.09192962328183
1.59784132160848
2.06497560306635
2.05205511575715
2.21807747663675
2.42527031246847
2.02347368547349
2.18784700781208
2.30832802688074
1.76722214883388
2.01662463821805
1.6911633814121
2.24956115320776
1.53652536274285
1.75932153195917
2.18511901405732
1.26719057466191
2.0041406506676
2.28633742007308
1.87047573911374
1.56110150014783
2.34427669703704
2.16646631685915
1.27924654029708
2.18289467923449
2.14837674625783
1.13074400942515
2.41435747222513
2.14844815192745
1.14541056765292
1.95855478370907
1.56530287020262
2.23656047670339
2.2314254321325
2.08478316727194
1.6738713681197
1.53087714560118
1.59333777285919
1.37328417848843
1.57841901061523
1.55498788488596
2.11355301224405
1.87486378912527
2.02815721257691
2.03678282916
1.82775592231113
1.94140048017339
1.6658837613113
1.95015302317551
1.58708859684778
1.92808067224526
2.01047499577358
1.67480455374479
1.69057165401609
1.94697204669456
1.61667592355806
2.09486052569363
1.25520236166677
2.39614798052607
1.92619178239302
1.96324421856722
1.72710313905224
2.36194527659941
2.47871512362014
2.4803595793938
1.745459250889
2.20546756485622
1.61077690438665
1.34297231701728
1.87809982015991
2.15820990584284
1.60815756831941
1.48823994639286
2.2174819761734
1.84395755957558
1.95414307631497
2.02681301252243
1.96327029798736
2.03618071002719
1.84536206579173
2.07540252528087
1.78380823190252
2.12321491784853
2.22081349768879
2.42200858066706
2.12934824485951
2.07161846045046
2.43686805342017
1.98816554086579
1.96578643236132
2.04480667189411
2.06902950908048
1.45763974257368
2.13233027295793
1.23938652719889
2.0276570096348
1.22046654107917
2.15468213268906
2.36802738131058
1.96156351347174
1.81944285673642
2.30302298746875
2.08257161095554
1.34506711079676
1.47643865042494
1.49405127658774
2.07542284615723
1.44226057001057
2.10248065565788
2.37851753195436
2.04167878581488
1.78157760498391
1.94512203715638
1.70255996578335
1.84348883079833
1.8634857296907
1.94791706071447
2.06789436710896
2.03335952551631
1.74167898043089
1.86115675510569
1.90860283702951
2.25632633888846
1.82446764316288
1.73804986816888
1.74226206479842
2.1133900240322
1.88151266899286
1.31812533027394
1.85496059256599
1.56032566477311
1.713313971975
2.11519380029483
2.06797897539772
2.00105386091517
2.05826505625157
1.78086611612282
2.02058070525277
1.69222405292826
2.09805238078153
2.23314702673734
1.99619899954363
1.46132846731251
2.11049768913732
1.89897176082414
1.77702627918473
1.7286484865177
1.49730632300719
2.08189907632223
2.08745964399869
1.67785826762189
1.77149746231054
1.88290490717663
2.00476308235204
1.54226597138562
1.97578119006308
1.7698408670049
1.63054303352847
1.93093115232403
1.77568029565875
2.16905725689824
1.81616529566425
1.37590157859821
2.01750607537817
2.3197328164247
2.03760556107526
2.07951996489318
2.20693933493462
1.71626160120686
2.05051252325473
1.83884373595331
1.6541608091653
2.10979788450333
2.01134516771816
1.45802861308145
2.01951252056266
1.96724133645949
2.08252942314948
2.14455129309737
2.12243271918214
2.06415552660709
2.04811907991767
1.69742630123829
1.75537528276713
2.00883786865595
1.95159832339223
1.76260927733724
1.79976250444433
1.98941930248767
1.43201757222488
1.55775678872766
1.97527916120577
1.36097268795023
1.62669410648309
1.44969943385748
1.38146558722295
2.08062345893735
1.29663875176787
2.01477872786807
1.87048225733585
2.2307938031602
2.30572421915448
1.67647193198091
1.99988319803736
1.75879728385347
2.02495081209913
1.9120622281453
1.97789532630349
1.66375062471995
2.16416911909397
2.07227493350208
1.79442180231728
1.99839131399146
2.17463349910155
2.18995512289393
1.83028730671004
2.24638853540962
2.18271891343736
1.7715179199419
2.13146235149684
2.13284225562697
2.07680802037503
2.41282806973242
2.29314834041573
2.30359282379113
2.06868068442915
1.91387181231776
1.9899862294214
1.71817978528763
1.30377329632176
2.19319971561605
2.18126404510101
2.09726109288037
2.41222521800078
1.64570996660352
2.29086219664681
2.15681696673383
1.84484370967241
1.55488283916495
2.4232020071786
2.20153032775822
1.85564590657863
1.04000859063227
1.37590537440886
1.8102756719307
1.58095530911359
1.61439646945771
2.03165002521765
2.26000626429422
2.32922410294669
1.39777787036432
2.27990249314325
1.41100305847402
2.05771443535812
2.05286709590628
1.73062261646247
2.06141272121117
1.79487887230082
1.85652485060325
1.66731365978068
2.19658343575271
1.64229366142461
1.82609115219783
2.36582550519042
2.02574644062262
2.32993044539822
1.15363411478169
1.8144928951881
2.04566261351239
1.4520727330024
1.45672077122548
1.98497697581383
1.62950350158587
1.9965786006984
1.85151287130536
1.87813104747577
2.0169876613266
1.21863066090996
2.13023559377395
2.10294518421115
2.34556444386417
1.91078739951269
2.30181019755523
2.19403073613638
2.3153796855826
1.85859908386355
1.38649784096548
1.5689587508377
1.55185890658624
1.17357657500367
1.61883973135932
1.70139208757097
1.84549069801236
1.88936333424646
1.59286387801767
1.40498235551393
1.925456952563
1.85786689903084
1.88508301431667
2.18569947826561
2.0770904366433
1.85413017515158
1.78226325508808
2.19063940808938
2.05673679243369
1.99842425643024
1.27726181162849
2.4106461979195
1.85143770371046
2.18496834912994
1.39591098706752
1.61158414869
2.09897298441106
1.26954750384876
2.16022455083494
2.22050111000181
1.62151506046219
2.25404755538563
2.16122042171378
2.1092619250112
1.84518968745937
2.40655895199075
2.12325612884435
2.42362990636145
1.22193719200606
2.45992239326293
2.30499840987285
2.42962844819509
2.20053289876751
1.83559614193126
2.26403587898554
2.16200496561316
1.67072712710426
2.18265597904769
2.41053834390961
2.23542513622822
1.80910496551241
2.20149417943069
1.67401808975054
2.30345808244006
1.11167892113263
2.41781877669536
1.87667395912572
2.01024669340512
1.98510354337869
1.29656580310235
2.28770339641908
1.20394499324992
2.4299737800448
1.56360414233184
2.34490540198076
1.96454191453669
1.65250401885637
2.28138446542393
1.71843127491868
2.34322405894714
2.25760620266799
2.0493613172709
1.95130371014101
1.73808859449442
2.19500506078847
2.06464884602056
1.72260232952038
2.11142310159985
1.82942325468308
2.19378018977483
2.40886355438171
1.96021234906734
2.08417581263416
2.12933835144383
2.28464153760678
1.67563699794166
1.78470687361835
1.8006140407857
2.14118777117638
1.98164472754538
1.85330709007004
2.17028195376778
2.03403856454998
1.75402931244151
1.81212988166591
1.97639962819344
1.55507861524272
1.9210729558227
1.83333234687376
1.91149714772728
2.43613885926143
2.32253295999731
2.33587050449608
1.20426546668221
1.71718671688847
1.42328570773161
1.86587368815843
1.82932478994595
2.29057866665845
1.80710623692866
2.04185570187802
1.98121052629698
2.14203630463918
1.315893677451
1.19324278810551
1.55101315720776
2.00096487323711
1.92944738276183
2.14343706483519
1.43446764663287
1.45141913605058
1.85637309580904
1.63038622704527
1.5385825753607
1.76132285134949
1.97669187199899
1.74678827017348
2.11072918609691
1.89387906414219
2.00522409489375
1.20468067087567
1.6065953877001
2.09458872406674
1.45275662305849
2.18093067465371
1.8036841656886
2.12538673796148
1.46939103484053
1.89642413832154
2.01416877834374
2.19740998319429
1.85901126301477
1.80905798885831
1.85467904906459
1.42980257931512
1.87788594759315
2.04771277713378
2.24122798437205
1.77031861677686
1.48771144513584
2.20622201449886
2.16197844980965
1.88717764884092
2.19734751810987
1.72548901155531
1.95560268782441
2.11743981837223
1.85562967353144
1.68905768382921
2.21640730190972
1.90413089038127
2.30084646149028
2.23036972701662
2.01417101183256
2.0389471610089
1.68635099719093
1.85174017493008
2.35575839354346
1.87645650228104
2.09421586532623
1.30626129578777
1.59123920097516
1.93888665154999
2.31010239772611
1.74374677733426
1.62140409843743
1.81085245490813
2.16050364285887
2.12836026864385
2.25994946847229
2.3218693041602
2.23584387006808
2.12301858723629
1.56387062811243
2.15029606898407
2.24491464251695
2.13479174353921
1.96807374043588
2.2721943869097
1.5592969035487
1.81135752024927
1.8686523907946
1.81374848630364
1.49489585736507
2.128521139184
1.38174290985276
2.00830732206405
1.85252858177711
1.88890630438564
1.68021759806539
2.05066079013228
2.12277950591487
1.90887455506132
1.50857784954257
2.083982677939
2.23958042812143
2.15428161557463
1.65740410935901
2.22377019698391
1.83922237863116
1.84093990660912
2.18951209334545
1.97987841172676
2.00095930903846
1.94707742800269
2.30113420726409
1.56669081593745
1.82012586716314
2.10344744472161
1.72890696583322
1.9999245437192
2.12341527782768
1.96555570843012
2.0357150701801
2.11293869651658
1.87381988839331
2.28736675939571
1.73691114274011
2.24139049881203
1.88008233484821
2.18390053485368
1.41146284902916
2.23505171204814
1.69969056143259
2.01207636337077
1.80096731389153
1.89974241180741
1.8448023287102
2.06338012388738
2.21501086518285
2.31236582563868
2.14033067069194
1.88367692502363
2.45297172048886
2.36353536881737
2.15693273411273
1.92841858905764
1.93671945770136
1.7481789909959
2.36258050761303
1.86659924139747
2.24093210827194
2.23015064288239
2.30940272889749
2.38367430740089
2.36454530886448
1.99513078219272
1.89001896688225
1.55368777258778
1.80053187737246
1.91878604293141
1.34498962083666
1.3206431605409
2.46429289298888
2.47972904968771
2.2143820604843
2.25963712818324
1.95351191477206
2.49565044793415
2.21978809799796
2.41788739496722
2.16653186598848
1.72086146565666
1.19648623288952
2.16083504302751
2.31707885504671
1.51307392805985
1.72240737248124
1.90035143705646
1.99358757514441
1.94557727435246
1.49850744878813
1.30875735547235
1.9818199293838
1.98352841317823
2.22747968692587
1.70273314980853
2.44799453865941
2.19131509244277
2.14266981249598
2.26248170217931
2.22215997764719
2.04679162047585
2.25248166912738
1.81677999094039
1.32556110161952
2.2275929343363
2.19912929479788
2.43398462276139
2.2356148531183
2.35828946786101
1.37107658201199
1.65449437055291
2.19673780647659
1.94863075542684
2.05560059368711
2.13461839325797
1.7062624116571
1.88416297929345
1.35716590375305
2.21204706967846
1.66786364535744
1.8915842008056
1.87155758292517
1.95108435479805
2.03585903300762
1.15654352195391
1.18754929963857
2.36213567934508
2.03535016731813
1.3069325705489
2.06527670474945
2.29638637712222
1.70577344302267
1.53623732077403
1.97866352319415
2.10477639671779
1.80561532092763
2.34051570215521
2.1689765488963
1.52885428491882
1.83754607545995
2.44787427485222
2.46014233863507
2.41806492976178
1.85682951186156
1.66237845683555
2.33172847743322
1.94132479970474
1.71913843080759
1.66925856732379
1.90509243436566
1.72759725844371
1.85661394123048
1.94855035249157
1.62285047465652
2.17185972100013
1.8187879849559
1.65946715772138
1.97426560015931
1.77733414227832
1.76892378737828
2.06228121356174
2.26971844966688
1.72956379451944
2.26524510494226
1.97725506385085
2.42370077084689
2.10678015779746
1.80453642543805
1.76772136349022
1.46321529796296
2.24048098575839
2.03021146875019
2.19162990728435
1.88949115771763
1.69526118645409
2.0774336394844
2.09980253854689
2.26652613432123
1.91760857645246
1.82426898557597
2.26012168629639
2.02391027291128
1.86040421586703
1.52204896411792
1.85642712770265
1.74880550016702
1.95292877677258
1.26795773604687
2.17857119882631
1.9461729076343
1.45812233791319
2.15749249749656
1.87395956582473
1.73632878046657
1.9714607845798
2.15781603539209
1.72413518764667
2.17540425663619
2.42753603719115
2.17481656451703
1.5555389877451
1.71316112464161
2.24092881377349
1.82855361846038
2.21446321517383
1.58622837124007
2.05620273191828
1.73896950948325
1.9926457196011
2.37921372460562
1.59569193210562
2.00746972512362
2.3278537613534
1.30784269615939
1.9944406059339
2.33152345336236
2.30574345079497
1.39523485092979
1.62423890104972
2.03247324941678
1.40281352657483
1.94289260962051
2.15654536945915
1.88068570179045
1.92119195160043
2.01147619194194
1.57418744541575
1.89068158097051
2.09540549616434
2.17274932450306
2.24865282012105
2.29125724660281
1.597821414069
1.61559987528516
1.73360430365155
1.78660274493592
1.9307586793344
1.36347947254054
1.88999169897042
2.05371958387301
1.88404211174435
2.1406172249217
1.76446660958293
2.06006555050561
1.73248523260703
2.3525617349436
1.82678507262051
1.73752524235206
2.0581720342414
1.92656247265328
2.34144317854141
1.74954386297596
2.13653596465972
1.97305140899475
1.79590142744491
1.27036401155258
2.02963058098667
2.22364065818603
2.1130003223693
2.0524160829704
1.9562945714413
2.15527595248497
2.20208481158849
2.23007327599596
2.01049926133365
1.94644290523311
2.25974564665729
2.16975004497724
2.15614164155805
1.47357818359724
1.45940788921998
2.36505615726158
1.69729246788025
2.38624282111211
1.45132146142691
2.1168392637851
1.68924158232878
2.23096391886333
2.20143737038685
1.96336510056177
1.86404903107549
2.1998863552196
1.83017548335639
2.1670321947943
1.91732986848911
2.22263661172617
1.90620040235109
2.11250935112451
1.45742591382125
2.08483782911862
1.79153850922945
1.25039832067896
1.50385654229762
1.78738197627234
2.15938529504056
1.82085974652233
2.19114043838675
2.22447427358748
1.7629528399178
1.94518781846068
1.73461589569869
2.21520339512712
2.01634108398628
2.20650781060521
1.54343719703072
1.9204899523868
2.25995924559254
1.64179969023329
1.10016254982772
1.88634193026565
2.33453396258034
1.82857912409091
1.96022954697333
1.74608322966801
1.52283154748747
1.61848319172209
1.71607278459892
1.98328634722307
2.18461716996464
1.85178566596128
2.12259978610776
1.73086652420448
1.5427148890047
1.29934127323866
2.19327162301375
1.92857830089936
1.34529119258237
1.83214815030595
2.38388683446449
2.27983516231526
1.75161025463895
1.42482008672512
2.10240651626955
1.93564909767185
1.68663341393794
2.2184431779831
1.99169511019477
1.50081972734934
