2.4999
2.49958401623568
2.49502972274538
2.49512922696434
2.32685113126893
2.47040270596042
1.95037986871825
1.39088021321762
1.61526610516772
1.0836525524287
1.04530377607821
1.14336649161738
1.09292210428533
2.24127292697745
1.1693914543067
1.0150303620807
1.1827695997052
1.27566095452285
1.6215953862744
2.10555475958898
2.47683799742758
1.24722246527405
2.0577264447312
1.29016003883089
1.85167871919172
1.23253557081082
1.28554486075805
1.14714075951469
2.284530922673
2.15232902448179
2.15031180575513
1.82611122232201
1.12832584852148
1.83654672367518
2.0917661512873
2.21056302704635
2.16922795245804
1.77427461264108
2.02276384299701
2.20331279560751
1.36391914549134
1.73540886292045
2.12979640625307
1.53760994995206
2.16285159679921
2.28903709843604
1.87599192151567
2.23888315145917
2.45635900183654
1.74541223926462
2.37517135791244
2.11069065742547
1.82945341193303
2.06641809467418
1.56554011941593
1.98537212863994
1.87528536631529
2.13260634362514
1.78377664644603
1.92129326458236
2.47379235872213
2.12570301051347
2.29715037789597
1.90922673319176
2.18325473016502
2.03684201449274
1.67319836596543
1.80156719682457
2.09068706558053
1.43297697122319
2.19713734397427
1.65714338475751
2.41109517641002
2.41326810864203
1.77593540902545
1.92241437814583
1.73632783215947
2.1583484605315
1.78070514249437
1.29202516845341
2.34914888396451
2.44109809723686
1.90252040989862
2.12726389476915
2.4388930571984
1.18099834523925
2.04899432730714
1.39878720856059
1.92528302601453
1.97290629261272
1.39095710059842
1.96145781847008
2.20194860459347
2.34214285093999
2.44632176815873
2.30896735908449
2.39499362461265
1.97480151788028
1.50296900725379
1.81650556047495
1.77498415932109
1.63627377326067
1.40879959667644
2.02233525816189
1.39417110916153
2.07153458509891
1.77614140525658
2.31187136868333
2.44235802518044
2.43522851646923
1.85938912871192
1.33090656800164
1.74201086935746
2.30161628805112
1.65191788241159
2.03306476121846
1.87664492332284
1.3383902512537
1.81414895073238
1.58616107319723
1.22779562645457
2.21209915528991
1.37922207833814
1.40994541402986
2.06371862820799
2.05216102421038
2.35097152520141
1.66726080282603
1.85622828596051
1.73069152808454
1.84127456023687
1.63362737944036
2.1043941375049
2.06854183490005
2.12371061046599
2.37682302325294
2.48963903054468
2.21650171144491
2.01020056658118
1.79140159433987
1.4466988334247
2.30333099930547
2.28365388329462
1.79086496682317
2.07389354537318
2.07825327049177
1.46818034466242
2.19991763877269
2.42845866368085
2.00631911551741
2.0784228363466
2.04697745679822
2.10025521765535
2.10778386261396
1.86244204769699
2.22836977593151
1.82722341360305
1.81717281266839
1.31182932741128
1.96621622459226
2.2838266424709
1.48348922308265
2.149069706706
2.33110682272953
1.92616900504953
1.75034132085887
2.08634923640564
1.87199952241071
1.74665091208754
1.8732211226284
1.7152785798649
1.72888573403468
1.80549879206471
2.11533617851292
1.92827768549127
2.21310107817986
2.06899293928041
2.27388527918072
1.73994220227422
2.13069253198365
2.1013848286127
2.19669473693045
1.7903365433003
2.17534280639168
1.52650208895057
1.43007827236789
1.8587115749303
2.08676028414722
1.9433316456594
2.08804825888855
1.89296233990802
2.0218507603289
2.18651304537556
1.59464189744015
1.64038186573422
2.06186391557336
2.10814136993129
2.35893917126049
1.66383463909671
2.36398889123789
1.55358481558243
2.23999692518017
1.22560477948248
2.27790557443933
1.29043720436193
2.13087344019975
1.66434497470898
1.61350253142111
1.42569433358818
2.34027795859163
2.3266701284236
1.52603600701096
1.78506262524915
1.73094513678585
2.1681951886065
1.97568350566381
1.66255300199007
2.13648882121469
2.18053950127517
1.91735127558099
2.10945130622283
1.48652820083211
2.1479786343335
1.68406185087158
2.06875656136324
1.56558354318353
1.85379849644579
1.34761350782066
1.6902606991979
1.65444131756548
2.05710713202236
2.4184679422316
1.71894117179729
2.08756208694238
1.61186590971214
1.42465765267086
1.94365798148635
1.92302616206123
1.6598336087884
2.02877736166289
1.63554723288767
1.55179901098944
1.91475590524429
1.69167717698547
2.02296347867643
1.5626556029245
1.54718431006476
1.44557888290833
1.57293432947881
2.29783939110582
2.00453712568116
1.78671369504172
1.24780214065498
1.96083390386689
1.58458804838632
1.13636571895647
1.46357588644545
1.08417884772156
1.68752948079221
1.60985963794417
1.60403104494521
1.57381178128793
1.6601029912687
1.15114917303012
2.19703052694051
1.83255578247846
1.19252582153797
2.02160777454271
1.22368838236102
1.57192876043938
1.22227152100252
2.47037443384013
2.10110190405352
2.10662219957481
1.97066255153986
2.35040321628564
2.30118138438898
1.61818891512037
1.8249333519898
1.76164980708582
2.0178921617139
2.25858017570168
1.93115096719091
1.97264668080856
1.76761267549831
1.73337695317188
1.75404338872089
1.4939145988478
2.07331662604944
1.70019904227122
1.93017030496419
2.03401502522353
1.64065517453858
2.05049222797126
2.24314783060254
1.62947969524788
1.05479337087932
1.38743925498169
2.33065809385531
1.88713258773613
2.40710922488463
1.4490103682716
1.5384771041338
1.7629667709728
2.27894083596767
1.43928254949833
2.26181694750161
2.45117036559342
2.08838599742982
1.72541504735313
1.64641286813351
2.11670818062162
2.10100369037445
2.29237323137024
1.17132135028083
2.33238192988952
2.45754065034934
1.79701262100778
2.45037704468491
1.81934964260048
1.98624622134707
2.16791318105447
2.00835314859285
1.95911046348078
2.31485396159694
2.2130508610452
2.12658877312326
1.85559119281555
2.14827579602864
1.4604486617205
2.04709050672049
2.29267838058211
2.15261263117497
1.6202956586842
1.39974740966413
1.80371118046764
2.00253168593721
1.98893435243488
1.59881472702934
2.27568238435841
1.98607658102683
1.68664659667118
2.25270729336423
2.18710943856264
1.56055196695812
1.94467386535903
2.03861582215282
1.79003228296555
2.04475609712906
2.02759062010588
1.31715144015844
1.60627574143254
2.2346804248979
1.77765785847606
2.04905034961386
1.9013901761016
1.80393954541276
1.71344348352824
1.71737814776429
1.90315052115609
2.16264305422319
2.20361831078636
2.1960845742144
2.17369086673902
1.43164522931758
1.99293958347433
1.95540523458907
2.04837703783227
1.84012602462878
2.29896659726708
2.16918989618706
1.96891121493909
1.68614232546448
2.18420291118836
2.21439400361906
1.86648244243074
2.17303758707126
2.29847442661943
1.82629023304522
2.13906049186953
2.05895016040363
1.57008400823659
1.69301700977421
1.35235173358598
2.22503178558826
2.07251200712755
1.37170622943407
2.0418362674865
1.58776280410346
1.92692483508518
1.98675625736328
2.0920044282463
2.15420197729731
1.51905100389143
2.04594794033934
1.87247836960539
2.0909496967141
1.13658563015855
1.31761427764776
1.83482945883768
1.91155621327289
2.2469021595664
1.91360780560266
1.89679760815599
1.91841535543233
1.85229112789006
2.21479147883062
1.57650324001953
2.2579554555777
1.47174364546422
2.34284175615492
1.20759963741198
1.89878698628673
2.28086275204857
2.16452994359054
2.25598866604158
2.07913649612117
1.45286245943243
1.93702552868379
1.95762512890548
1.26394289759323
1.83524238143581
1.51981593026873
2.23843423758628
2.05186680950088
2.45255849335431
1.56491431012872
1.21797224886255
1.69955338980887
1.83843855338684
1.09701533329158
1.58381011544319
1.84714585965037
1.83969071211306
2.47385915358578
2.47731496347412
2.41994218809642
1.5062771405746
2.1594994439117
1.23732453565071
1.33448364190667
1.62161282644413
2.39479782129564
2.17369891671177
2.18144874611493
1.78046263759944
1.96111389105727
2.30016991413931
2.03194789199786
1.9400352580691
1.95113401214535
2.23871886878976
1.97740318683273
1.25311182736838
2.10280809092249
2.05865122909115
2.253577430994
2.34767776900782
1.79912193234371
1.52805950915437
2.30986149601535
2.32174885023471
1.48315236247939
2.02110615968177
1.9855759012523
1.63601478820983
1.67045263947186
2.05101556233155
2.04928303408584
1.94760292317235
2.07398293526815
1.49366393694654
2.09735699671913
1.47744067752567
1.48598724248808
2.12958617409019
1.87259778275485
2.06777611549879
2.10153570802888
1.81168515338946
1.5789224109015
1.73512105375955
1.65814197467003
2.16679746373316
2.35902193638553
1.91637757693377
1.97832307566352
1.64628861751555
2.13742263488013
2.18530471653695
1.60610625451759
1.4067794820397
2.35305681594358
2.31195283422735
1.36585952287479
1.70685205415749
1.90893881826155
1.5770434045718
1.53276571702835
1.35709781962551
1.32673752266313
1.36130457107935
1.90337508588308
1.73459505215468
1.51049734646092
2.30165788363899
2.37514570333739
1.41998347075404
1.05339179394646
2.30105377900834
2.27300822334952
1.80698263531497
1.19651631492458
2.08788729677961
2.10168443363563
1.8409166514579
1.66086967348207
2.28424495062027
1.91210147796545
2.07282745997241
1.24989539750298
2.14481487621342
1.85481874159602
2.18353213225988
1.81772022229377
1.27006189796561
1.91698441400583
1.90996881260486
1.78631030335391
1.67051481660735
2.02536089682155
1.67795085898969
1.8769510875588
2.11581852374333
2.03225421746149
1.93352197928574
1.8488233339222
1.68642760637706
2.15187679431934
2.43488317097124
1.03641404742598
1.73900928504042
2.05575347303622
1.39410637193841
1.5306902428863
2.19599904408836
1.82944285704611
2.44185874570534
2.34991923215078
1.40583411414723
2.42872029414052
2.08021036739208
1.59172666562075
1.99934470692711
1.36243978827915
1.46960286044738
1.72263718374403
1.40364031257272
1.73204537045059
1.71890530603004
2.15798396527888
1.67526616037182
1.48653916339591
1.66788985288815
2.08560485520695
1.76876320565738
1.59594341370728
1.53689871769499
1.99189952203501
1.66320893236897
2.15352340876353
2.10695472246742
1.17645483705049
1.07511127931743
1.50447785826331
1.20888926824911
2.09921522129264
2.03227376728319
1.68198568605556
1.98952685113691
1.72642709625353
1.52709563314255
1.89362007755512
1.7545352027181
1.98104548805528
1.59924753230351
1.93995205333003
2.14965379778047
2.20207089033534
2.1322660841471
2.09753745666539
1.70901869325344
1.87815650330701
1.58636128678252
1.97079941676945
1.20760719418577
2.15104021947573
1.93286693073661
2.03973231755489
2.01071231920296
1.95234150945115
1.72698216210524
2.14814832265661
2.21676128005644
1.56675301426224
2.31074715575072
1.68149005142633
1.74519625637796
2.12009803804771
1.73833830938513
1.9283717941556
1.3286327655987
1.66324610791283
1.69432386893862
2.09989633610003
1.17489270470485
2.21296266535402
1.15410638295523
2.06034914545291
2.24367437557131
2.21915019470088
1.71849278734701
1.6899788790394
2.05347048046803
1.91295694860771
2.06737257372252
1.4231202042372
2.08287398126226
2.04267245655908
1.26845480329599
1.98738769823271
1.54337099199493
1.94158704183799
1.52496113468042
1.4198607298058
1.86954840956491
2.23728827706908
2.01932290150393
2.00166826019971
2.17258665372179
1.98275910318986
1.61005825978073
1.78647154916571
2.16625173379981
1.9329812327542
1.48895021005946
2.37603642373496
1.45936664204987
2.01918095885844
1.98721891069571
2.15914188805115
1.87929866455894
2.25957634736112
2.43045568291964
1.97426235338027
1.29239532664357
1.29340865617179
2.21727948299501
1.66951464003636
1.96973639829976
2.07718977246192
1.61180117899804
2.14535535160225
1.74622319619074
1.89959509587996
1.59478605442264
1.33917695234884
2.1388300591037
1.87394352113428
1.9573493969737
1.84618227946502
2.27699088788911
1.68572373410369
1.9890847562493
1.44802787504551
2.17726752819097
2.16575003516119
1.69137887715947
1.6024972118867
1.68853625020406
1.47479758535099
1.70470502420202
1.57106721516681
2.32341856460518
1.84166240647668
2.42735474650665
1.66942538206544
1.85696797703187
2.3101034210283
1.3969756431663
2.48881479546654
2.31037400526929
2.25038173810788
2.30843689273171
2.14085372397558
2.33459457290005
2.41972277905937
2.05432833183044
1.77700234278485
1.91707643539603
1.82820492184068
2.29311941283796
1.73144942815893
2.10490571243039
2.10339816513527
2.18366263345593
1.06988995151049
1.26753484408294
2.38904856089306
1.99218863270958
1.98245915728267
2.32459218000543
2.44193926459629
2.33807366971425
2.00880980307405
2.30944463213166
1.949628286749
1.83882665826628
1.99587765460759
1.93043873553389
2.00306517078327
1.91928056915239
1.93511049972517
2.04959638055542
1.62270334388322
2.3225683632091
1.73355629853598
1.71772577054285
1.58845670299322
1.70251315810237
2.37931468717609
1.55421351817448
1.83365107712243
2.40721974589124
2.41937940666071
1.93927408086525
2.03456460712625
1.76462169834859
1.90450610323621
1.63172395810133
2.2700679876392
2.27318207705391
1.85147132773405
2.23387528751037
1.97025745039321
2.35878862619254
1.87494466654906
1.92560572181962
1.48131634723067
1.79379769345939
2.05981514726476
1.91124043108987
2.17215591055442
1.95625171888313
1.83002669208119
2.19749208393564
2.13526371440092
2.04509303651789
2.11897441750989
2.04803522787044
1.83015847352866
1.56377264518656
1.86454285774033
2.148852335367
1.73299614951804
2.00334857030038
1.72579068831856
1.90045325806731
1.79160036328643
2.12677878053647
2.0672373185419
1.36280262279669
1.79195704903945
1.41658493840299
1.20608286505042
1.34791874479008
1.92795074823855
1.34096409475244
1.4047751106634
2.42696954101801
1.96354798424358
1.04371861894199
1.91666730723744
2.25081317696169
1.70663195603239
1.94593657958649
1.81574444075126
2.17512149704885
1.70393197608984
2.40426301702751
2.2037353806495
1.40351286049915
1.37153685847478
1.4285728207552
2.22303125324346
2.103510156875
2.2617217662827
2.30700899603993
1.65260880063838
2.3047559938254
2.1557988796299
1.85053645049458
2.10905884438839
1.83599816286756
1.97048368478629
2.05352499437597
2.31607868259788
1.32977484310308
1.62022828052426
1.9667824555642
2.13058090537212
1.89900567907616
2.14647650827748
1.92112609139029
1.40746694822239
2.1381313911809
1.72233523104223
1.50025868672495
1.99239307029472
1.81863585201968
1.68738332508106
1.81613799140274
1.94545701373671
2.3557090760498
2.09457626257697
1.75832487945316
2.10793334181796
1.84912932390952
2.11495566446477
1.78820749838988
1.93382669039476
2.14595541522811
1.31982549958377
1.43267763416984
2.33197473652383
1.6068803102853
1.99924064981753
1.91192238783452
2.04245384698947
1.5876584429477
1.80346654776272
1.78238985161417
1.94211779588759
1.47458056486409
1.94132592904271
2.22191888454802
2.15894175816958
1.64885766232578
2.1594600550995
1.75399985491399
1.75190401156956
1.5024441303504
1.50291658138822
2.20163074598488
1.52586121401755
1.2032690617921
1.26604189982466
1.34591865672939
1.75093070422252
2.01290302827067
1.24424092262319
1.35936016132805
1.90504187408475
1.81848786296516
1.89502023244286
1.87015131919284
2.12828983338616
2.27986474666665
2.1938942022174
2.16640178007866
1.35872990051731
1.4724275210926
2.33167906691559
2.28630224646967
1.35099131135474
1.38427590058638
1.44476943467882
2.00485388346947
1.62086400002417
2.40324768419362
1.14844514923263
1.38816979311648
2.33922867605017
1.7285106683754
1.8245786924672
1.41526960765051
2.25158634020314
2.40741874988087
1.626408925766
1.97373655150449
1.80362266355408
2.13793646603588
2.19849047025641
1.70207144550141
1.58957031216381
2.03016797194831
2.1289478141801
1.90382632727718
2.25497656880357
1.93692689294166
1.86413336563101
2.0587294120521
2.08698427672363
1.83024965915369
1.79396199529826
2.09761810413132
1.64719903871705
1.80155075401701
1.7230188276671
1.84833990206498
2.12614505717613
1.96947765216589
1.54863753896771
2.32995802747425
1.74081022643778
1.29726253503704
1.35797973451738
2.24741330733548
1.89226112196613
2.01880569654558
1.22420113376815
1.48412227594913
1.98894181283872
2.19000807479378
2.03667397845508
1.29201518307961
2.24206075725596
1.78690572502984
2.19035648897474
2.19985293772561
1.49787915510686
2.05067058172968
1.63949387574909
1.69799136741531
2.17171932438609
2.24322675106129
2.25129415713916
1.73487349659247
2.08235749917514
2.39191270714914
1.85150824500416
1.87814111930906
1.7113982223325
1.70021562129808
1.88709365877794
1.74621970938667
2.22945459761869
2.35571587049822
2.27891753360073
2.16976573738019
1.55700321185835
1.84400934767832
1.78505669040161
2.30208003123504
2.1355718863529
2.24897237666656
2.16124912759896
1.91035881206658
1.63017138398159
1.68384291632392
1.19294896934658
2.28070519902931
1.18123832426333
1.24819542464808
1.89350409039747
2.15262623433844
1.4379844411518
1.17598652244261
1.97658968824016
1.46613050966042
2.35845969097722
2.27244924570384
2.07910383802467
2.39079520919236
2.10954735603199
1.83407388381215
1.76261083525799
1.61113600983093
1.69303813213695
1.94441018449707
2.177921659094
1.82529622937896
1.56393053625476
1.86124371495092
1.84139703896225
2.03019760102173
1.67494521696517
1.99634333118408
1.75682925417073
1.50092035200865
2.30367642070603
2.0214378850131
2.26516420714164
2.26931318017857
2.1798666210883
1.89484023309684
2.33474877668403
2.3007866236745
2.2632492470232
2.17616876173228
1.80504448861961
1.62968475618956
2.03726068705727
1.83916752722165
1.59597547502261
1.79291168425792
1.79979092891793
1.58161498613955
1.90999604350833
2.23347996369992
2.08062090613024
1.92914342034962
1.8321776664234
1.7535024758669
1.84984581755812
1.56891842796507
2.12125320325019
1.33557903250884
1.6786127028066
2.15289576803626
1.12609076163685
2.19382115520286
2.06911779858428
2.40472451270499
1.47954267586319
1.21101458606138
1.83192503302795
2.27724964651042
1.91242288596607
1.38081171168684
1.14648650752899
1.63942214605279
1.81911019782462
1.35452419475647
2.0673698279032
2.11117123702431
1.75916580855613
2.18696212695437
2.04707298265153
2.02990886727802
2.05151402786411
2.03252820113894
1.47084135022271
1.44430807422262
2.23988489539858
1.31926527368442
2.02673632894277
1.6327854648317
1.25619845058316
2.0782039147916
1.4631141037828
1.85885928647767
1.85655106300719
1.72346041186192
1.81246598806967
2.00015191076372
2.07234728833387
2.25375533057014
2.30508508862898
2.44633041505464
1.39522899798313
2.40854278981687
2.05066337015797
2.04299574345581
2.40575204737684
1.75768943285413
1.61665764995125
2.40211281783645
2.45255924143734
1.88186832033236
2.34020431195804
2.10163534824694
2.29251059452015
1.63103961942359
1.69193051889707
1.91322999367562
1.53495474143122
1.98404010981581
2.33228696672293
2.08718398992842
2.31726647978688
1.75553540479985
1.64746502314402
2.02487982015908
1.67648194229003
1.73826908189883
1.79476523126311
2.02969230546587
1.26931330393791
1.9596264780727
2.08148652333546
2.2593180580043
2.09713060663478
1.96900338842237
1.87755465427928
1.85405515671005
1.96061228893326
1.31951026763869
2.33087834496544
2.26537372876326
2.47816659718223
2.45287747506748
2.31509605683323
1.39523142149884
2.47073271635705
1.70016946882167
1.30048328309011
1.47745279954322
1.88035967364717
2.04789399184051
1.76205926438046
1.950811872008
1.81166596641947
1.80280356555948
1.63293133251617
1.52871898005924
1.81451497065985
2.49048499139002
2.16558282471645
1.93679596387439
2.11843448696836
2.30786377764722
2.30395521890286
2.02734656708645
1.76708563222739
2.27040901154238
2.14187584318137
2.00815587467957
1.35551307687786
2.25497556468312
1.61252913354694
1.63379268056836
1.22965480752014
2.46053397813777
1.40161758156477
1.75283153851323
2.36406931062568
2.3623885991817
1.60980799551587
1.38228188250703
1.80397767662051
1.59102572705222
1.46927659314487
1.16967741900339
1.61691460082429
2.34811778238643
1.72228927017805
1.79471172434976
2.0506654854298
1.5256039089492
2.02415080108687
1.55040459818261
1.73418469103927
1.91798637264122
2.36297031759663
2.14980342804042
2.32456461816395
1.99738027455876
1.65592597879806
1.85984766836068
2.0377156862093
1.70315369435123
1.73337013498148
1.34969184222972
1.708223533865
2.44564059816115
2.17736952506387
1.56143504807083
1.93634562444558
1.81557286909077
1.67213468474961
2.09851179591685
1.34317386534021
1.90892898878628
2.01450868391718
1.98080283511656
2.1407494451206
1.99852926128334
1.72264345370766
2.27082621970411
2.35416156005157
1.60944326969778
1.7938918287905
2.16460111873941
1.58598545891457
2.26258944752513
1.83411745438098
2.32100993205632
2.30606903390668
1.90745803236011
2.28533873985326
1.43566833713698
1.97643454445609
1.88137365150153
2.08586687699374
1.73590916194337
1.63633181456809
2.09304691845462
2.0584346199022
2.05488497381847
1.80050439002035
2.29197612634959
1.72844524537244
1.49995250464602
1.89570109858758
1.84841844851795
2.20042612570125
1.29747085478569
1.97856154183114
2.12750054204451
1.77049574031678
1.86954259895263
1.96067607038848
1.60283007217575
2.00571172739192
1.66733759413905
1.88483747505413
2.10419836642061
1.98641129104742
2.01538031418085
1.73013384911378
1.83420384375747
1.99980567444868
2.12925305262646
1.3390019299417
1.93708377847353
2.05702520949642
2.00789880165289
1.86874592262733
1.91553381475195
2.22486234482303
1.87643038293089
1.62279978680465
1.57796258149288
1.53386333518252
1.79424889162942
1.30106624957874
1.52484432683458
2.36277536286743
1.94861240699194
2.01359750113408
1.97077386330689
2.07172128309125
2.2366767465526
2.2691742253715
1.63511560458672
2.15214233499523
1.50945367373024
1.82270263882451
2.24904862388464
2.45092254124238
2.35499814512628
1.93366917995566
1.98925363729186
1.74800640747481
2.0906070175064
1.86910429018356
1.91061879290583
2.00284500518651
1.94114011486329
2.28402895308038
2.05065128013304
1.97900843833919
1.49541443258761
1.91132945126798
2.26808807062369
1.99397571242429
1.69002425722847
1.38655671902197
2.38231801985316
2.29863281836286
2.1854417749582
2.08915660482611
1.38393088756679
1.944128188807
1.51958053152682
1.26293562108394
1.1257081387305
1.91973244818595
2.44164336343886
2.30729960393997
1.39146118296925
2.3791178075441
2.36014806658765
1.54926525252478
1.26963544978293
2.08789684767207
1.72035190123963
1.22186918179769
1.59623679885926
2.1807452786269
2.28776262124541
2.00682419517842
1.64438670556357
2.33815920296229
2.24889279236189
1.5051367617407
1.85487347543372
1.79121328836838
1.95764769378208
2.01142117059128
2.13216972007265
1.91217569368962
2.22840282344134
2.11646974374564
1.98084559700699
1.62784502734989
2.28542646616235
1.89710350562812
2.32148524229265
2.07046013521866
1.82114858259009
2.24634039203639
1.96485936771032
2.09557424441289
2.37653861491027
2.48825565207198
2.11703144693584
2.30705707354815
1.52969981995628
2.1150363139337
1.66839486111324
1.70098472694328
2.48320391480394
2.39177890233983
2.12824474032808
2.22244056276895
1.6455673551309
1.73703727288157
2.03683412113481
1.99431407556797
1.96910805313004
2.14456264465928
2.02948067706631
2.05059332533202
2.47058326633967
2.27891285042722
1.94562312643672
2.23206517902811
2.1928174502621
2.03333847861615
2.09831783097994
1.84598059041895
2.36669904110972
1.20431278285521
2.01372730529587
2.12862958212079
2.10524162650451
2.11421965458363
2.24259001793037
1.75950385797988
1.25978471558434
1.22260836825777
2.39744595845222
1.09134139539186
2.36972272351037
2.37990447271867
1.66228750754129
2.33993871733821
2.09080149308627
2.16341945788262
1.59697483742445
1.80613528081851
2.10007813735124
1.79258259092156
1.66621592160477
2.4629762364323
2.27487400067679
2.23749191946583
1.82817142787062
2.18398326918705
1.68914274973514
2.0291645859705
1.90021623133221
1.78914311272698
1.87433414633787
1.78166459226123
1.94586247392761
2.00750253593182
1.57308278334761
1.61430422586527
1.37383297718953
2.21759236889703
1.80016794423186
1.78066961208366
1.46002235908943
2.04775783751292
2.17156167234434
1.96466047308531
1.76210072943435
1.93480572540741
2.18366505337186
1.8389487714835
2.11440187557606
2.12300698268097
1.91132766699779
1.89008765147824
1.60056858133699
2.07905345702792
1.64803308746344
1.81904376440086
2.33752303815036
1.63882654319325
2.16807040786868
1.79888081034253
1.67516680035258
2.03924687915433
1.89280431235665
1.78653787419278
1.74879174360402
2.0107621256894
1.89795006881897
2.30767785175677
1.91784808686189
1.69564240802143
1.65262422847514
2.23100644520564
1.82372928725923
2.14404330623386
1.79823207647066
2.2679218499577
2.08173507170753
2.35369935836022
2.21342161698416
1.39144081967889
2.11739145480401
1.42273647034793
1.84046100673654
1.36875707446211
2.06622165355186
2.08764897199373
1.95593417046819
1.84787611963757
2.34566085613746
1.94626965494799
1.76781853492629
1.47123271576594
2.11802604861159
1.68635375601894
1.69349774942994
2.09219205337814
2.40301546244228
2.07241718935008
1.38425341002248
2.32291414103751
1.6771664618596
2.03188753235679
2.12129255910802
1.42353421323406
2.07382871265353
1.66474638770675
1.48683882627307
2.32725715610912
1.85202817250166
1.99168436293198
1.79201022598569
1.90998095329449
1.88328942756746
1.82125307902606
1.94501823752476
2.12235326665826
1.81153897488052
2.24216583659037
2.30835261075263
2.05219398159307
2.06843734523285
1.70086268586267
2.13301624679594
1.84501337098271
1.87679301065678
2.37606791804211
2.07731125954913
1.93669848951827
2.30061694978689
1.73789781852296
2.092208141281
1.48772015201169
1.57616417102546
2.27571838109329
2.26015448194216
1.59312252930087
2.02612705290292
2.15693344312246
2.16181642247023
1.98942542368413
1.86270714016376
2.28209076582325
1.96768641186436
2.04938569912141
2.3865651596769
1.06620953978335
1.14177956647836
2.19989956275215
2.10269907956094
1.78669094642025
1.44403654524854
2.24576986767121
1.83703512414008
2.07549930469752
1.93749229023168
2.02432438609552
2.05425037759284
2.19499769093241
2.14931340764705
2.06199304247864
1.60886634965185
2.13453933702992
2.08798458233042
1.82408037801481
1.69457615646454
1.96389800815833
2.1737526055991
2.05008659516175
1.81629605166465
2.39302631552634
1.61138490008828
2.38982322218585
2.12460529290333
2.14087657431434
1.48689450129553
2.07887225854565
2.09586163267082
1.84128710366577
2.24896450752826
2.04881884144372
1.93712003146146
1.84321162392723
1.73649430876525
2.07016451166324
2.17395788224015
2.26466645047795
2.22280821066543
2.2055637514833
2.14608325052971
2.36121967409251
1.99965405896791
1.92468486445155
2.29447463061606
2.31432416893711
2.17672824286227
1.57525394031331
1.65264951912183
1.85429680680295
2.29513906937547
2.02079944869124
1.44654781300609
2.19160720245763
2.07957234953931
2.23726607207277
1.63799755357338
1.97805880470219
1.90244438132602
2.16863473757816
1.44388458790199
2.2873646895629
1.88446540542393
1.54374476075317
2.11195700681978
2.36676667068791
1.61012307874158
1.52115403930753
2.43716087091789
2.16507786585626
2.44725370775263
1.81888046496629
1.36606710027045
2.04832086886195
1.6783200374879
2.20510041617268
1.98671116892975
1.14612297852321
2.3074787246353
1.61801371765365
2.47345906321485
1.79946060560236
2.32913972581081
2.37650506512126
2.1037875939991
1.8353279405179
1.86326929024096
1.763248911182
1.11194818234902
1.94502795919088
2.14086718245528
1.95008398890915
2.00792258808663
2.19915760811472
1.69784749607789
1.63983115330729
2.20098307265956
2.42096929987467
2.45700810513697
1.2852555172682
1.9673588503447
2.15548433622034
2.44034781008263
1.82580503872272
2.20740659522958
1.8732597019964
2.28183784713586
2.37045653080234
1.82337024033272
2.09363056142084
2.24405090803921
1.9289774764148
2.16404934267054
2.23366677424106
2.21735842398319
1.498267260912
1.80792982769005
1.7826740370346
1.88093368419173
2.41887070003611
1.47128509568322
1.83892826801841
2.06505163531459
2.13775319000822
2.09242681748064
2.24923217182185
2.34141412110422
2.00889116874077
1.63503823054917
1.69365041629109
1.0927251651331
1.78576548776113
1.64371728872238
1.56589974837799
1.87065213123756
1.61798543504816
1.68666622240416
1.9028176616787
1.75851105153942
1.80357902680123
2.0203965585953
2.12438615272338
2.44861986646386
2.32787989555507
2.37457167722997
2.23350421503851
1.77361516372173
1.55288628366447
2.00947623914493
2.1190541535913
1.53453126966636
1.7364391148125
2.24803663049497
1.99910843475096
2.07846934406629
1.67319396338304
1.67911068314009
1.36328255711983
1.64261042525455
1.91657291209456
1.19821474950905
2.41790642413004
1.63273690626181
1.9420961656269
2.08108999310199
2.14695654159706
1.72079681171998
1.966516383767
1.56879614238472
2.1094545945188
2.00288883527171
1.97174468909464
2.12459764760058
2.22052804814462
2.32611701433177
1.59044234877595
1.39589384587545
2.14185518967411
2.34717659173017
2.00060443175207
1.92698020920152
2.12988669566413
2.03464469869766
1.85160972400679
1.56643361856651
1.84402533243457
1.8067496031289
2.0159774947243
1.95840077764485
1.57722542762431
2.04093677344337
1.91092214624823
2.41219795330605
2.03427997845395
2.06143766181345
1.85378894675537
1.55946900859306
2.2309316030794
1.50820124053917
1.81802719257516
2.0616187668326
2.03913365437813
1.62354509945404
2.1224543254246
2.02074452539836
1.78437097329384
2.10870875532127
1.90822648581564
1.62745681986441
1.81557636617268
2.00423996419481
2.1463860197445
2.10130105909002
1.96334033735601
1.90989325101483
2.37757049881679
1.97019560293554
2.25766082926568
1.95750876990959
1.37338498104403
1.42937010883895
1.89770460665178
1.77062955336929
1.90704903261031
2.15816110822898
1.68138965536728
1.96670508429988
2.19053318850457
1.5808142220525
2.16854864608041
2.12730339890837
2.04297665991221
2.35221805044829
2.18167400140808
1.51369501401794
2.10319468736302
1.95707333804255
1.65124837420226
1.57216437405124
1.54483391054509
1.7669242480252
1.38941371099114
1.82122570942565
1.77668459791017
2.10672033995732
1.81161475263458
1.77422949540863
2.0838153241177
2.14799420205072
2.23254549865717
1.7436293760563
1.29677713117461
2.35725708764448
2.41350508574547
2.20356577413362
2.05873754665435
2.21090807850541
2.02359535436212
1.97326588921152
1.78097647531394
1.52297708284472
1.71777990355778
2.05314599804132
1.80910388398081
1.91130671928962
2.02807586940548
1.61891421283231
2.23362069617829
1.85795166196294
2.22797518762682
1.89358200907441
1.65229667283468
1.82267508806415
2.01688731218212
1.93952248019955
2.07543749704754
1.41530303979949
2.13857208743792
1.73823303408756
1.89956949802204
1.46925735929029
2.44235569038369
1.55297361837165
1.07842616266519
2.12269282880939
2.39601900270746
1.80224627299556
1.83053174235778
2.38699174896135
2.08136442238489
1.24854712558798
1.05685635482281
1.88670956959667
2.10313545775973
1.27172381633845
1.12977517697743
1.82996558714848
1.94046313321392
2.19314480600796
1.76311659416825
1.75369879293442
2.26308115957682
1.42173015710439
1.8944368861831
1.66319190678009
2.00852285597563
2.25178613692696
2.02817665641474
1.55249133399121
1.1126525282745
1.43247385333437
1.87002237909061
1.73838548874049
2.27511098636422
2.30336994609679
1.72527741288359
2.26629246616725
2.12421541575177
1.97971673246017
1.63187710202299
2.03060542766505
1.10509076621915
2.13620237401478
2.00572178247923
2.0525142955953
1.6836247432226
2.07013055738223
2.15407312855042
1.89798813356407
1.96026358550316
1.81495917300581
2.12655741055547
1.96559597506818
1.73391805940096
2.24022947868715
1.89785301976055
1.53455543947863
1.04352544334548
1.13815872849294
1.16145224734063
1.0964501844497
2.40129920135935
2.09598839732668
1.1809700191394
1.46722251249088
1.62506461201115
1.60191536005828
2.33290947969835
1.58175543453874
2.39179654033872
2.41956601986391
2.33244667528843
1.99059735410151
2.30890388868238
1.14783399072015
1.39145847661
1.21700119169663
1.47432094050177
1.07891004224054
1.02107145184894
1.5331704201098
2.18956279554779
1.83648843253297
2.37455132077418
1.59940087995655
1.57676397860059
1.34591264160311
1.78980900963284
1.99189984613702
1.62030948556127
2.1594245322469
2.33758156363007
1.73506414255959
2.14792372228915
1.39336243702068
1.89465855720413
1.80694986642827
1.39009557132789
2.40218946812549
2.46057819208567
1.18171286026504
2.31197332217804
1.94328186076612
1.61935682377418
1.24319471200302
1.77312523690235
1.61665199285952
1.80532328746117
1.78809696455167
2.09809561234165
1.56334664303326
2.10976266363803
2.1157767260801
1.87289335259584
2.1361218619371
1.96309444794794
1.887657838708
1.89615596260062
1.79882098780579
1.99167941631409
1.91639615772625
2.0008455646457
1.63202806989622
1.85703269273449
1.98868482307953
2.19633574125631
1.75005826258631
1.86415176221918
2.04010597112341
2.14650753921262
1.88557081172839
1.94944315160453
2.12947283973005
2.10541294518392
2.2885846342223
2.03363555660745
2.2086334716907
1.73073038271604
2.24782342274687
1.94831166998413
1.90002924546948
1.81856536586636
2.33476806676386
2.36175574134192
2.30135567606175
1.61298028596515
2.12050774767709
1.23625331677806
1.99442061722323
2.16849260462064
1.57722620768049
1.90750148037885
2.19948490524006
1.91465364877442
1.52596205853944
2.32659582615348
2.18962655622806
2.06851879560965
1.95719237120736
2.07620055580732
2.32952183765781
2.30695629263963
1.71442360585404
2.35787451052126
1.42194685220712
1.50403677467674
1.65805496785072
1.38341426148772
2.03872069797053
2.19495573101792
1.13501194390114
1.30780746963676
1.61201303844306
1.63843137934276
1.72503395286555
1.87690121497695
1.88626370749764
1.95149341294256
1.74569280061362
2.00839778782654
1.91757236972997
2.06406776453841
2.00833915858351
1.86933181719807
1.96713778820157
2.03652974016731
2.25228936878957
2.00496514157561
2.16096304097068
2.37615681188156
2.29674828607138
1.87295516680561
1.78397903827516
1.68279670042631
1.73926068105464
2.27677262098794
2.15442981805816
1.35358329793554
2.39897672972582
1.78704726796282
1.73191099825087
1.64722878546035
1.50980072282113
1.93000938304121
1.92702007248007
2.09908854021866
1.19588833512699
2.37427069862313
1.89841768753496
2.06717180566074
1.63271045502574
1.88178455696649
1.53616755395057
2.36131352637892
2.23976911700351
1.27369539392885
2.04412407229146
1.60581771633614
1.78998834639054
1.70762109888699
1.97546507514602
1.48031669109425
1.92585664733738
1.99791744336317
2.09314834524099
1.89094355179596
1.57560655997353
1.74700434321659
1.25108319607369
1.2895208855859
1.59088747697962
2.03593960111121
2.20970111130445
1.81419171777035
1.65330372486503
1.91211541813276
1.97944712759906
2.00950688665097
2.00453654521212
1.8273950150881
1.85448852773929
2.05535254764737
1.53555788432448
2.31252106072614
2.36552959668395
2.0323793485675
2.20960299150843
1.79768852340585
1.81775140816322
1.69624884772529
2.13905432795218
1.98804614906683
1.66367582378754
1.93213687906539
2.05855119795805
1.85421569697401
2.05154618936566
1.68669838490139
2.02168579082581
2.19586637867294
2.27040739158777
1.51262072943845
1.90148069210853
1.65153757106265
1.1964521521138
1.79477852157602
2.28415953138556
1.39027024231601
1.98120182543593
2.03310682777314
2.12423948973592
1.63597442921897
1.65665958281538
1.48942560560218
2.45528711508928
2.09173541625174
1.75661468426123
1.84913437786348
2.20526345530185
1.67070171734705
1.98412902309825
1.61271617803142
2.23256365107518
2.07012792949641
1.98580791398448
1.96531165647126
2.21900851949044
1.84921077688547
1.66529433322814
1.78223202370074
1.31622037755628
1.89617040119345
1.8896133022846
2.27337647256072
