1.2782
2.48466252673871
2.49935254065322
2.47537431203221
2.49811795032047
2.48450001162284
2.41983461228005
2.47421902110852
1.25753804255267
1.22449397016012
1.61419883562499
1.78015944411703
1.25722376088952
1.02657578398316
1.14132748619494
1.02949535892472
2.37796437735809
1.90767172914752
1.9899998912286
2.31896785871745
2.48475857029715
2.05827322797694
1.55996625608091
2.05765968553902
2.37173083700531
1.41304250950475
1.62927773132691
2.11507157649675
1.63127539011821
1.42757306637411
2.41564303023544
1.8553640498096
1.22581578849718
1.79384762108429
1.49435251047661
2.23172500891582
2.04389103444169
2.04290980808876
2.02406016893491
1.87488889377721
2.33943755682563
1.88139294909478
1.6648267497454
1.86113440333652
2.22936612605573
2.22986692678722
2.4320984036346
1.58325188168426
2.32570926881756
1.45542135729409
1.32070082918517
2.1388153895994
2.20321811628812
1.50950600333673
2.2251666466343
1.49261362255062
2.07205514740793
1.6568650550261
1.87023413959011
2.30545661988752
1.95438693112461
2.08796749918464
1.36750502919483
1.6604332937932
2.29612229354357
2.30355820316266
1.18489077612505
2.30891810843293
2.06126167776966
1.51947429473468
1.52388964509246
2.2962746687478
2.33284028234518
2.24922141850039
2.40824827628122
2.37512926283161
1.27341246674189
1.87089236893561
1.49917530210839
1.86512697703369
1.78826177894019
1.47720904040923
1.75193796968719
2.23221081951581
2.31666823005888
2.32856731056474
2.06491801962515
1.46966345094695
1.24342447809136
2.05635108919992
1.81996602738731
1.37919217980277
1.88912011614964
2.03683414369683
1.96687116299138
1.78689005950245
2.21628314101919
2.34061919991472
2.04952430501163
1.81625346303784
1.61763882859125
2.06659388048019
2.25483220067733
2.20309906578645
1.36006918500233
1.84026013464501
1.90768574603637
1.14667982198657
1.7021128644716
1.9696907045303
2.2190688369452
1.42472223823752
1.49402341643172
1.42463147980308
1.5128961398166
2.01571633542745
1.81298410904074
2.12933772361294
1.77534169910416
1.95431435877616
1.91409274531116
2.08658795545012
1.96379746787215
1.91594139349716
1.50583933247349
1.39523349975615
1.34985219106514
1.65013116318849
2.05714135857626
2.02940404420679
1.3107640208981
1.73456727463477
2.44519493985837
2.07570506165884
1.39739014898174
1.44818919915965
1.30049393811388
1.74880637717084
2.13205032818784
1.69744184218671
2.1675171853665
1.88031901966033
1.612773609759
1.52032942985598
2.12250234635601
2.02832778811868
1.79108664047295
1.49284379506408
2.14495472830283
1.52193839809767
2.2945889133356
1.6823434857172
1.49244809834628
2.00609044772574
1.69405440267375
1.95844438318605
2.38420946244471
1.66513048652665
1.5711446373484
1.66477511243876
1.95129069931463
1.73713732964579
1.56187766286516
1.81665338930398
1.31498920282004
2.21190485667197
2.01220707568911
2.12937719101018
1.74519065219068
2.14708103257203
1.14851047647228
1.64702837198238
1.72875260164935
1.97093838059104
1.53240038636203
2.17497547565642
1.53130005275125
2.10103427472475
2.20319556303734
2.1453655607389
1.83905068865543
1.58572888804831
1.72205487297826
2.04443971367189
2.33305757992618
1.99793485094021
2.1965618026283
2.25154892272761
1.58102771528617
2.20888708519657
2.36563290471905
2.25572695435631
1.16639734236183
1.94885825231182
1.67889234193973
2.28332875033284
2.03859530843293
1.64388420961609
1.73799247667875
1.70174500277323
2.20580146852039
1.82141603880958
1.95885216233221
1.0246276183166
1.46727913607358
2.1627012393213
2.09473695674223
2.06544409267713
2.40826979083025
2.47988861926949
1.85942730687092
1.61066386671433
2.0346054630315
1.65869709637136
1.73287549811691
1.79639498677995
2.35183204420003
1.28160816737671
1.70318743586568
1.80334748224792
2.10191156243262
1.72823094961705
2.00998993776445
1.75801570965783
1.75346638538897
2.02499580027276
1.49964536418815
1.73728747742096
2.37566990373013
1.68041977946685
2.37642273367726
2.08573503534229
1.61623150291124
1.77234228305948
2.05214345775326
2.0977253367608
1.8124795967053
1.96128902563434
2.12607590306433
2.29111751548687
2.00940049779375
1.8354059503482
1.74333872586691
2.20573970632337
2.10153489503569
1.54827250110553
2.00790735123603
1.85008439007186
1.81257879138713
1.38417639407098
1.98936643305313
1.4238477237228
1.61388248041111
2.06279092310631
1.96731335188551
2.24964115584898
2.07059207113905
2.24497862586087
2.17021970565921
1.72434089523441
1.8455849153157
1.46277021766989
1.37336106005451
1.96227844035353
1.12830641285137
1.42795399181523
1.39476854021447
1.71763894159675
1.93457398953661
1.28985901434561
2.05626883028685
1.43807521688862
1.91561732203555
2.3327858981201
1.91046338985269
2.12590170709942
1.47589609052247
1.72336198528978
1.69764058730744
2.37906104909402
2.18765565733675
2.20747712777914
1.6978025214571
2.22444841208867
1.75202622086181
2.17668675035944
1.29948129600912
2.44647508912791
1.90421451578738
2.01746200011382
1.56057963003291
1.60133879595919
1.86738459908686
1.7872966745286
2.13492543966003
2.02716166433216
1.34066036586662
2.45199946334719
1.73459323612889
1.85803195761464
1.56919290079824
1.35364153591309
1.1820289875388
1.50781087030872
1.55379233568253
1.42222069254111
2.14069556645056
1.17844510384317
1.79445604302417
2.42142386904786
2.0682149313901
1.78840985663608
2.43489231247083
2.41402818217265
1.26285375259606
1.67792040072774
2.02386404705233
2.00037447110225
2.12740432513426
1.91770169265791
2.23265407811228
1.39040497164362
1.2315497492839
1.1513731090167
2.43959864820005
1.63605534557598
2.20526061593164
1.9311361475723
1.63361427541401
2.25866828768555
1.83338014754043
1.80018938451619
1.22011761523316
1.57616808102762
1.88638304600818
2.13173400453712
1.20030012132808
2.22532235344658
2.22702395000723
1.79129641714636
2.07612938458292
2.18351763464087
2.18018551827812
2.05551932759448
2.03608561586445
1.7816014142223
2.21119736425895
1.4003799624389
2.0817072699429
2.02992167059978
1.6079718675844
2.04022979768407
2.03279357454833
1.76680402976853
2.06248488511879
1.8400071580649
2.10726895772057
1.68076959422296
1.93763834365103
2.00695295995071
2.213724912977
1.70213659204734
2.37684856800968
1.72208781778976
1.72600866214759
1.77418661397233
1.78608012065665
1.96635560403191
1.85286705510624
1.99210233255829
1.76621475054175
2.25480719589397
1.49531117498882
1.69059076767014
1.6389383396225
1.67452775835839
2.37090469831835
1.54863174603137
2.15890414660171
1.77087840726984
1.94889425296818
1.60650322729715
1.41908971589021
1.40492996548417
2.05910893770302
1.74701572151063
2.1139949852751
1.91199328972059
1.88680187224596
1.77389766440318
1.8287865566721
2.42062750542523
2.15995757730866
2.35518848640474
1.72121899264351
2.25203371677309
2.17586615764091
1.96333054296409
1.92421928621776
1.93592664682467
2.24926407471805
1.39259132687438
2.10413914116309
1.94493991133835
1.83045970620934
1.29578504032039
1.80744102037886
1.54911582495977
1.48356850034797
1.5257298846436
2.19440726086715
1.75916092998214
1.62018551137271
1.66585023097628
2.23484481842639
1.96993051203056
2.07004041873239
2.3706040992153
2.14542928590765
1.90399285718683
1.59773593161187
2.37152862568895
2.12572685310354
1.52935685782886
2.45546803686009
1.26315152411933
1.3627769687976
1.83401389864198
2.17765441626405
1.63027237575713
1.57742128128709
1.9100056713793
1.81051028809413
1.6488421967256
2.03030828365456
1.79895371133223
2.16226836241866
1.08093712714339
1.6574189504906
1.26942369571567
1.47799142265575
1.585137997503
2.27347100619839
2.1700391634298
1.99213277418427
2.12862173491055
2.19752231621716
2.11412048421367
2.24153348782966
1.85936779005177
1.79526049754645
1.62944238787008
1.94311467548427
1.67534281791478
1.8821794866141
1.813914992241
2.21335089270258
2.38061456142931
1.52939095751175
2.2423707040101
2.20554962710512
1.94530004999169
2.12941173905037
1.87538366182767
2.17583370113035
1.88297898901275
1.86862198132374
1.80866158872779
1.39208975607859
2.04217808328678
2.04196510391863
1.51367545360367
1.51578782701014
1.99156218842591
2.31926921698917
2.16565912978366
1.39311570748215
1.7902416978062
1.61380514967222
2.19489456815115
2.33421492216572
2.27670402733043
2.10421621566393
1.67840158972741
1.66437163728508
1.64810018357152
2.0525163855893
2.10360226524424
1.45556027853658
1.63475487652195
2.00153235870415
2.11256488026102
2.21579165537495
1.6694360045849
1.52741851080484
1.58233165582859
1.25690323130057
2.04085385417691
2.3811404333539
2.13414184503925
2.3916089683512
1.20380896363433
1.24031316403644
2.04878078636686
2.06574349640591
2.22719058055061
2.45971474127123
1.84101611415686
1.66517150903901
2.31211385389933
1.76366567764632
2.46046271540584
2.37419905794853
1.88721806815613
1.70002298406297
2.25024016681073
2.15467729760677
2.0069523124016
1.87441927057258
2.27184730337085
2.09036168988844
2.03686048353694
1.75363930217826
1.96798589549646
1.48546582424168
2.24869582575551
2.01006161492815
1.9152870409438
1.32759126870851
1.95439913106167
1.66472336167261
1.54817258169979
1.62931660049656
1.90096285513964
1.571732050037
2.29433675346581
1.97300843511807
2.00292912711657
2.24550666088889
2.18110811222137
2.48553366098344
1.86442114181153
1.6446814934366
2.22694066604845
1.58302945484079
1.23695032121768
1.47412913921049
2.00716984456814
2.26178082145196
1.6891409071073
2.02995347837461
1.83526678652898
1.66266042983324
1.85521465865104
2.14593467714368
1.49491391535667
1.82435489297804
1.50289477295104
1.48599801888772
2.1417812755638
1.70506505593062
2.0190145154952
1.88888732729578
2.01801431547852
1.53729018409955
1.89113947312041
2.04464256587996
1.56152059758465
2.22207196743406
1.57123447122599
1.94043186512568
1.73887864134767
1.77653792812352
2.04384097184734
1.34888283859945
2.24199395796902
2.39385965897741
1.74990087170489
2.05372627050348
2.24334735807445
1.53628927463817
1.89718557512973
2.30958953740677
1.3904842016287
1.82780358220826
2.21660148570052
1.98014775440887
1.6491880448643
1.63593314959725
2.01370240640023
1.61108977469844
2.08751400331643
1.65328170715305
1.74563944190034
1.80864915170085
1.92824465170813
2.28592098682568
1.96038188162817
1.85139631003765
1.80882461738351
1.93497904190514
2.19517968674156
2.30533738341199
2.3074929446416
1.69455341849324
1.72146568765067
1.48219321256971
2.36282028400011
1.34641119611143
2.36631298905259
1.12357775930451
2.16078618783269
1.8068478776276
2.27957191142698
2.12843331291417
1.93601351914121
1.65350134657268
1.87032489717271
1.71455052349309
1.9848462919153
1.67191009945264
1.68035052194071
1.95093909742301
1.88684590417908
1.91156335964856
1.9658721374178
1.87361332809297
1.63255494877624
1.57356529282991
2.0608742380518
1.89416331356806
1.52702461773098
1.51075580294528
1.41073065389807
2.14388373965294
1.89320049757123
2.22990142248565
2.02246769744355
2.2880442439255
1.66337141664711
1.79321551547098
1.57714461434408
1.93301873677979
1.79749439091944
1.87227590296567
1.86332664937295
1.22965713636451
1.46151636317795
1.84167329154155
2.02020962942953
1.81780223594803
2.25631923310047
2.16876660118104
1.28811210572431
1.84669512381487
1.38815804346139
1.71673779264933
1.67167808579559
1.98341291622722
1.51674802627569
1.77968842553532
1.75983393954992
1.69820253190703
1.80531820387852
1.3887178829106
1.70466535978645
2.06705575348973
1.94554606766058
2.12761098055017
1.98638264232954
1.67748070356136
2.27894829179161
1.93503330770923
2.26726389976172
1.85857242010181
1.76224231709592
2.04756239131696
1.8926128887128
2.31568077471816
1.96855852855498
1.75403233915602
1.97797400791196
2.19855398757944
2.2762462352669
1.70677888990299
1.82838743339069
1.36174966597807
1.36471449826377
1.47557681800248
1.42584668053251
2.27723235017678
2.19278790813904
2.08813508608556
2.22540802525236
2.42181636852381
2.34033007388489
2.01006208239569
2.07111262303263
2.24778451051398
2.47296984955988
1.24366916060934
1.34467049152723
1.54626307197866
2.14442333200733
1.45593701601816
1.60388770769268
1.75382382288749
1.56646019342573
2.26975487336328
2.16551557113956
1.59297529124417
2.3580204973409
1.12337434390359
1.4711622130342
2.19062743930731
2.12117216007936
1.60624031240255
1.86896929505651
2.34863987459261
2.33252461083791
1.66631233363014
2.14484894640442
2.05644787965289
1.94764402792989
1.61534408217132
1.38824101194118
1.93024194184891
1.5260706180048
2.27985923445596
1.63658716135243
1.81666156403879
2.44527778266379
2.36926093770487
2.02244280959851
1.37232938523964
2.20974400925852
1.67396719513671
1.65163678633213
2.08437763034864
1.49495851571343
2.05410323709582
1.98553679287758
1.81642823281019
1.17264078219215
2.21597619634319
1.67518721656569
1.87580252148905
2.05258393286008
1.56334861714865
1.96643952570269
1.87540392656582
2.07562472570215
2.02861330008284
1.98064613666682
1.75706957892799
1.97251841934858
1.84418862564146
1.62366404959688
1.9185585987651
2.0472157445835
1.60210289810116
2.018507925352
2.14534708911843
1.89228306598967
2.061398051236
1.74156096555671
1.68744057706396
1.90999495495336
1.68566487489875
1.64128769683892
2.0489846952122
1.55709155893989
1.90194001522492
2.17628504101819
2.00854312359653
1.83155998269202
2.28672534549177
2.28003911144777
1.89563686003866
1.1416723107605
1.57999117412052
1.39134266062957
1.81388705352533
1.47348993813707
1.87021167518711
1.8187798175349
1.72689876548347
1.16994173823791
2.03339311868479
2.43317527663957
1.94663836865465
2.06005034752766
1.25718414153049
2.09484644963969
1.54402861261496
1.43255244660343
1.51415691453718
2.42104140995523
1.6731700122461
2.23801223427421
2.23595017135591
2.04154611588966
2.03726838252238
1.79374455475744
1.74104107225844
1.876527178666
1.91273095730409
2.28230720973728
2.3404890455686
2.38243729361325
2.25971910507139
1.91300058751166
1.98948127970283
1.88579374886967
1.85552966003208
1.7811289168962
1.87906297787055
1.88346331799939
2.17272653378997
1.89195611258082
1.97179307495627
2.04757649412274
2.04499529660116
1.62042339261884
1.64479755930864
2.09175739810998
1.96979012735083
1.55607096575006
1.74730618386856
2.10207541118107
1.70040056921112
1.79955680617299
2.37953372771945
2.02483728015554
1.92712205955738
2.10978420864196
1.69619585504129
1.74250290498199
1.70999589885424
1.99245277765066
1.86809580109736
2.01634844502149
1.60431518839229
1.90339414879223
1.52383671722
2.33789546540911
2.13580577019352
2.08755508194134
2.48092844132996
2.46130668432399
1.54455710761023
2.22414439602367
1.19816095352761
1.02402016366585
2.02241855438924
1.15803613809176
1.9864722124514
1.81687944370276
1.43270114819063
1.87421423490923
1.84421258798293
2.18567954780279
1.97011728564335
1.42507021101327
1.58943007734457
1.65976332118343
2.07035969817773
1.94727090933736
1.83793698760138
2.15896029889147
1.84128054704429
1.66577822916828
1.99923996583843
1.5295227951915
2.08244267037665
1.36398218807205
2.32885265602055
1.29351688202624
2.33683043161552
1.62931650938019
1.58942658969655
1.79285230918293
1.64333749765268
1.9516568910725
1.93896018140769
1.42323671866303
1.93116793332937
1.40391393493607
1.92664284153535
1.73112469926082
2.09691349759573
2.00319119918134
2.06763235702346
1.96308484134185
1.48708363763167
1.87878405231913
1.18083357321073
1.63488852159395
1.52320057802608
1.68273975605099
1.78737294818667
1.78792505676284
2.1667058925628
1.97928867916737
1.81704618641942
1.89182887038574
1.6764552749961
2.1130719197238
1.72975190893896
1.94787227368163
1.96278834570339
2.07351254903574
2.0005091134519
1.44112482136855
2.04513763112123
1.58688723515832
1.90029788579767
2.07499495094585
1.48454750023175
1.87147668418353
1.66920212105616
1.6426743141533
2.12246637307985
1.67938172021001
2.18437916396147
1.67106509644661
1.6981683192072
2.01300276930334
1.81814785415129
1.94784993576434
2.110748672996
1.85847437858257
2.25297095947175
2.10087242079347
1.84640060004221
2.033360412906
1.47655361062194
1.93740436587012
2.37861193565364
2.00136276600469
1.80987792197701
1.71622957181116
1.97194257021986
1.85919261281762
1.59751221587201
2.08113112575705
1.60640574203335
1.99299810084455
1.91294816533275
1.67426396590738
1.93445345766089
2.10945736279719
1.82208463720139
1.90852251133756
2.35160097368154
2.17243936111035
1.86060864659622
1.62322508122602
1.93657018084499
1.3204268557554
1.77512809074195
1.61247021286672
1.71382030505146
1.3423052725689
2.24184263524281
2.13344448284718
2.17952484605566
1.74805448024454
2.30560563569693
2.23786346126586
1.82726810762841
1.69247597278257
2.10723721775421
1.91108305324588
1.87045430233633
1.76352410615258
1.68995406980298
1.55614044702952
2.08541743793162
1.96033671082341
1.79811516818677
1.87597470641703
1.86169133562113
1.90266346611052
1.66932948899853
1.78152611392999
1.56708943368095
1.90335297280675
1.86866881926716
1.63119465793848
1.31439511090301
2.11238549015178
1.57098710931236
1.75299776503594
2.37521867588599
1.24926881500005
1.88081727831442
2.16521144092995
1.93452721019084
1.76871021096215
1.89303690157362
2.10643615102046
1.79543501165456
1.77843827353744
2.1591616048074
1.72204832985629
2.01550845304576
1.97196019590277
1.96932060956618
1.75077195635031
1.69270134729291
1.91655094373636
2.22144330055089
2.02563041811742
1.89726357719287
1.68444443400587
1.46758298541926
1.7362713555498
2.0684550917799
1.62128863180803
1.89281826477621
1.73826005617378
1.37130100482715
1.86378734306321
2.20014389309354
1.96095287433825
1.41169323386979
1.81266374726262
2.17331740005511
1.94169288489798
2.42364232393432
1.12514392175646
2.20425065906196
1.57604295563837
1.93567130247782
2.00631986106986
1.90351880467387
2.00503791781041
2.07658234682918
1.27516718441041
1.16918510975807
1.84649349108927
1.89657045212888
2.13709506345933
2.11184602180361
1.53074565002603
2.11325348018032
1.89736934002545
1.97629693249273
2.02420041314005
1.96001015767935
2.07159758165268
2.31817007003857
2.05700573901052
1.8967085392394
1.25768577863864
2.19324552855116
2.287384069158
1.72875655111438
1.57913615287038
1.78384249249097
1.81642219353825
1.79409293188822
2.37106259930724
1.38987909144856
1.44216022899418
1.67596980548199
1.81816920332637
1.87431385630529
1.31818534985887
2.36014216347637
2.38592747599838
2.12675184918882
1.56954040709572
1.93622313476613
1.96709246399689
1.73277585035161
1.96950325720243
1.56969417546642
2.15226251470367
1.45893854241886
1.98623681929841
2.2039073350827
1.61980665833634
1.66496102262421
1.96533276407216
2.14550357758261
1.91979127940409
2.34735470023319
2.01092191185219
1.22719123757993
2.32408997955933
1.91416309928734
1.47909669107515
2.17210213173853
2.35308254265636
2.17739696552608
2.49012865466558
1.59138047771805
2.39133691122699
2.28384092503271
2.2451108794033
2.25371613343952
2.13121755796368
2.35294337367692
2.02695541985216
1.74446711917388
1.84748974238541
2.04637433798756
2.12629546899047
2.12873831278305
1.82475695266951
2.32790109850821
1.23280437994547
1.08287127270154
1.09010281640476
2.07420250340789
2.02919248852501
2.43768270212529
1.31225877206773
1.17361249946873
2.40858959441846
1.76111426956518
1.67740496928727
2.04825676737635
1.81309271075737
1.77752540071049
2.20658749812303
2.35791432878965
1.38436920873035
2.33445891919149
1.89536185148337
2.40010012921356
2.42840227623909
2.35327945853471
2.16527819436689
2.16857430906116
2.10137190339705
2.46871259922389
1.71566956891296
1.71872327899813
1.80475449840727
1.51297682414115
2.12136048792364
1.88390644914
1.68491494840411
1.59985173674174
1.22433090658069
1.48175221572964
1.72672223087547
1.56472261516148
1.5769054376316
1.46842140731116
1.76875842914533
2.09306742490826
1.37507426563795
1.6086278138702
2.04121581423998
2.2360090200905
2.40378764779788
1.76726957157776
1.61132548224791
1.24859444609182
1.99280666233981
2.42544692869223
2.18573043973917
1.90385809773749
2.01147399332035
1.77117359307329
1.5812463984949
1.64010240573813
1.95911348060839
1.82281584372336
2.10926180375805
1.39076587726737
2.39679692084815
1.75770623267372
1.96135469859624
1.54283577536844
2.23116411213829
1.59923053681843
1.76442589914854
2.12466511352686
1.77442920340067
2.1952413714506
2.066181292378
2.22744657614583
2.01198628893097
2.27343109469147
1.93708546472484
1.79777005846083
2.12421202407383
2.07008663765679
2.29056675127285
2.41578177736166
1.83007718850549
1.61093769990129
2.11111186450991
2.05359232075816
2.22891103771969
1.90169334158414
2.12879920734925
2.06468167646338
1.99154331596945
1.95917055736197
1.8085737362352
1.65437325840109
2.17166971860816
1.64778634179003
1.55804116948942
1.86729907575702
1.80596374825106
2.20506859469311
2.16701175035134
1.61068921900342
1.23868596273048
1.69343127817702
1.94533086912528
2.06423707673816
1.90169333090518
2.02795954957091
2.18841292782431
1.61112996337231
2.35774242585117
1.91597935865634
1.61171711892235
2.13271514254629
1.72824151001954
1.95291143879625
1.9415553483589
1.43442770104902
1.80086872167615
1.93971681569641
2.13481464935758
1.96748208487449
1.77414356416975
1.65858737494716
2.30041024081228
1.67845946285322
1.89902631592581
1.14067521672329
2.37697860665531
2.10497582261521
1.18464374955361
1.92878567172078
1.93681341773587
1.60082531638318
2.19849492154446
1.99932886180469
1.19421306500952
1.16069509421723
1.96109206210313
1.1999938814581
2.38212952873852
2.44609631895207
1.38962190134552
2.08487214295745
2.34146460051784
1.40411663878764
1.53768013807661
1.42628349515922
1.14210717798736
2.05134766484823
1.91361995308798
1.87796312096374
1.52600474181691
1.64327746561797
2.21594608603839
2.38905254985771
1.71449314860101
1.28186077622018
2.07797516570217
1.27276957200728
1.49439049244496
2.18646590435517
1.12334159848736
1.71449283079165
1.52628630271204
2.03182287045195
2.09680177171904
1.85752127874857
2.037035497063
2.24473685177342
1.52570548277289
2.34722722635963
2.22901685844753
2.3674207675221
1.91582724718468
2.09977463134787
1.9994220459742
2.04799945568707
1.61954677909306
2.02400748578037
2.1754331267493
1.89861199547215
2.19493379752091
1.52852705004346
1.97755368024994
1.63328618940852
2.0452325819734
1.94721698158912
2.11446116106307
1.7263758545929
2.04216289537577
2.11651722813105
1.9866651033514
1.65807989828532
1.56895425484564
1.99181583834479
2.27019111102066
1.95289433478477
1.71837810560786
1.30349771476041
1.95703534007607
1.4831447300033
2.15196923486875
1.75696299734375
2.31087779676177
2.30768867853767
1.93523776332055
1.70716614629118
1.54325290532093
2.21649148235582
2.2891596112628
2.42129996644371
1.85112525152848
2.20418543332019
1.91002889589558
1.87968129071445
1.64824235004522
1.97845737843007
1.6977011253782
2.040085670352
2.39143677199294
1.92561103252005
1.87913898574419
2.47251610456855
2.31687281606894
2.03530301185834
2.28057420070607
1.569975915335
1.81981909235706
1.96791352125377
1.5998960669008
1.90986196632578
1.8396481068411
2.05247558851934
2.17134262156978
1.71840069955501
2.44598763723843
2.13066917035662
1.84569806729256
1.1500855766724
2.33490593254381
2.47348111705713
1.89685540063808
1.89446051667831
1.49845634753989
1.48392866189135
1.74195474589983
2.16833945360887
1.52762921716526
1.43353152185985
2.01398267062996
1.85708955779917
2.18388503329273
1.78658234102328
1.58610666081295
2.23323893942243
2.13392857074976
2.14242759840152
2.02045115593738
1.49006101724495
1.60412652897655
1.63191664877249
1.87080721992438
2.15157700105442
1.83418450137889
2.16806504075101
1.737534488361
2.1240463966874
1.71471571179045
1.85990561284279
2.05636240073145
1.59464610777209
1.74899615053906
1.95232161720545
2.05008376099052
1.89398046353588
2.06311450809758
1.73039064198913
2.13424531338124
1.97618211861135
1.57673036152131
1.72323186860375
1.89028046730924
1.76506605004312
1.25203242610998
1.91882248168929
1.8688310300112
1.54861694735519
1.72527124634285
2.06267677863059
1.79608334105239
1.41663876488572
1.36877522231624
1.85307357274587
1.92913821013091
2.04116538462487
1.52841469325856
1.54552201515207
1.66306624318581
1.78861998278757
1.4673331359226
1.64334648917177
1.86697100260312
1.46424670066143
1.65059158615833
1.80406528619051
1.94096885371141
1.54843011184292
1.46775807999172
2.18851903900046
1.8476126486743
1.76702446742518
1.97181002195574
1.71055187793507
1.58855668120993
2.12544182991622
1.98439171059131
1.88930168745488
1.68079585669343
1.57680951056526
1.75555219534042
1.89846462473114
2.02432158596161
1.65418127127252
1.69936730566602
2.17741966547756
2.18425843921888
1.52068418106912
1.86047054611736
1.66003036986797
1.45120133012484
1.50035710208337
1.89440347028691
1.41268055985595
1.51210661586373
1.63380060050458
1.75446129415865
2.37970437074277
1.80407124794644
1.60934970935265
1.9700621846199
2.21701148599352
2.01917327752249
1.70821933870113
2.0119385104283
2.13959614100059
1.94746014609237
1.74607455972171
2.16719220615409
1.60208481826318
2.0408174369832
1.75676734760312
2.05591873507433
2.14732211897378
1.82331622756053
1.89417022059397
2.1679608616563
2.01757798884827
2.12287287244862
2.12505052708129
2.29884911538574
1.67078023048765
2.31041397711917
1.67968454202095
1.57005457584969
2.17371578451516
1.84518806143313
2.14034798215829
1.77973681806675
2.20917049491853
1.5137257679076
1.45492683699906
1.93415059355978
1.39119198890376
1.86531973697698
1.88462710486799
1.6310708010937
1.67824429324976
1.79736805015156
1.33295240814091
2.1973921499191
1.24751150247499
1.61025876510882
1.37476947123465
1.7258489240715
1.85131572962832
2.24691580380679
2.00626905357858
2.2247075757107
1.84467886360024
2.06770482285155
2.09651799641951
1.73082648521821
1.63729965565491
1.66905797232729
2.01501948863365
1.65645361150258
1.6059598302171
1.28858148731622
1.82658852454179
2.12277031632285
1.29662702334911
1.43297988966806
1.20585255360692
1.68401075899051
1.48585433494535
1.9288408687225
1.74316004941292
1.47300710277559
1.67501264141556
2.09031073852822
2.05853242024097
2.33542277208801
1.81225695051825
2.17439992546978
1.91265944069183
1.75824171698541
2.14816073224037
1.93337256408921
1.75134602690242
1.92985423387429
1.67329657384631
2.05228722042572
1.9386078568555
1.85889582961341
2.0550165487836
1.90948148812444
2.07823072062586
1.50079107618514
2.28924331448746
1.87167547042052
1.42314010407413
1.75325194127017
1.43923738838487
1.85319684898512
2.28856550255117
1.49234987849922
1.50136543221426
2.06142444310801
1.35817280618788
1.93560140607355
1.76601025628094
1.37556274732477
2.08049416916689
1.19906889531461
1.51917095967489
2.08181486424262
1.67198799555113
1.75560465496368
1.0875857862352
1.61021837765927
1.80170274442674
1.11765754491046
1.09481795029864
1.67744734800263
1.15768496678877
1.48873797723502
2.47479656656422
1.93014222707352
2.15267923900276
1.16862506408023
1.47718414819863
2.4944608778973
2.27856314211908
1.55716081045502
1.98035955578317
1.82165309263087
2.17082481612066
2.30300607161167
2.07619145733786
1.61753825059758
1.93199153977427
1.97366773315166
2.06836675910162
1.6813897140961
1.49569356810491
2.38438136267538
1.27576261752046
1.83860266455127
1.95252943607777
2.00291434923129
2.01497662847046
1.70082930791979
1.91191048060353
1.37870389338213
2.44765822985478
1.81384201773725
2.31992444759091
1.22585432779433
2.22652006932768
2.21854049775554
1.91808843657157
1.99162802188358
2.3427680928569
1.38973089968024
2.18301829802932
1.77611669247369
1.80320756869845
2.14237927872198
1.7354681303408
2.27879103712371
2.04923014250134
2.21679952980532
2.07245963291296
2.21990078511252
2.3062760222872
1.72946151830476
1.88568583980712
1.93785607311181
1.90980122734394
2.45246627412312
1.46858668866409
1.78044374291399
2.4107563086342
1.63218138129215
2.44291014570604
1.96007654864501
2.02376791122745
1.43662546694501
1.8331653969872
1.6043444521428
1.98218033664746
1.77663793163017
2.27005151073711
2.47524568103155
1.88775104761555
2.08519713826071
2.0995593381273
1.67734834903928
1.19161796916827
1.59033854012788
2.44324749705853
1.69385529312011
1.99852003282433
2.05068914771957
1.70275454398564
1.89118158616444
1.94859563167899
2.22806589584472
2.38728257233561
1.49192330774623
2.0553947532403
1.66091562068048
1.87579362651234
1.88017756234689
2.00035283072055
1.56190968061128
1.88708998256937
1.41382183306306
1.93010527067103
1.9490242749271
2.15299080252202
2.2398411696497
2.07031037779634
2.16025407100445
1.90957133635534
1.55004316329407
1.69262139760812
2.05789958900351
2.11634808380976
2.13261521596766
1.55228628556886
1.89121061193825
2.3716830889796
2.33510926167151
2.17507015184894
1.7904943778945
2.10677654070526
1.69334536286587
1.99013086072481
1.72722762595601
2.37912702470578
2.03182779721371
1.85296833039069
2.22139529076752
1.58298378676478
1.48473937123092
1.66534591829761
1.61357856984335
2.12934768803195
2.1656519757974
2.11609684016329
2.04864863950817
1.76485798299386
1.76007046452867
1.3009245486575
1.69714154910099
1.94815165129417
1.74624682123985
1.89943801550899
2.09427849790403
1.99316461029736
2.05179746326791
1.79215592522122
2.11413854683354
1.28009590411753
1.78464986621427
1.71062581226121
2.21828599641009
1.79808619796955
1.29339232349287
2.09215937448246
1.9592980313176
1.97297529183353
2.30855426095751
1.69397019919276
2.03906421376773
1.98935068539561
1.98376670545745
2.01161930282504
1.64015724445821
1.69517409846528
1.55598647463257
1.96317404602502
2.286540351394
1.78257295152787
1.54826603599861
1.47489031150143
1.77841651600928
2.15481852512625
1.45518882366211
1.69401341979607
1.80236805192178
1.88678882908237
1.60344078511868
2.02047909726991
1.89887585203415
1.69897899237513
2.00396739794553
1.5030070377827
1.58024502792902
2.24735859055959
1.62344754211194
1.57237636902243
2.07620513253882
2.16002157470783
1.93452986223416
1.94819955883251
1.84242250309831
1.82406617436801
2.13954785448449
1.4557077564332
2.01062861301395
1.97780465986027
2.12352788295966
2.17805450643756
2.22708580517565
1.72862761133602
1.37664271274863
2.10294929517002
1.50682716331101
2.0625808319569
1.5850659323424
1.87152838065581
2.09467575767619
2.05633769995846
2.16682077532442
2.16842871978086
1.97823664315304
1.69180593761435
1.93738576258692
1.96317556947756
2.0597817805485
1.96888557861081
2.30417967781158
2.0305699918178
1.76346600928261
1.63442789779727
2.26966595095726
1.68875025870284
2.30350998081123
2.40730259027039
2.2355446212756
1.9367017282448
1.56919888420401
1.64264706729273
1.84385352063637
1.55748531794922
1.82380396674349
1.17139320274265
2.23720737256082
2.37896925552484
1.76964425931477
1.99727449207063
1.34067410676862
1.60797124070495
1.91662250398131
1.6871895329251
2.3701945594066
2.24666541910228
1.85760168065431
2.21913757592396
1.8700584388932
1.35039438209926
2.32310373118323
1.59478768084916
2.33339403099203
2.17702983812009
1.78300742212403
2.36889932117374
2.34231265896095
1.55954980067001
2.15836296159133
2.02222494980622
1.55398913132801
1.8732364930885
1.63341829582137
1.99900644680838
1.72143582629387
1.9826616928013
1.59741033056728
2.15550783062997
1.47087779624416
1.53638862106031
2.15060719546267
2.10443782341378
2.37935280267835
1.72025215476132
2.36310822314221
1.98210813129793
2.48692855779206
2.3321027159045
2.18954794006525
1.75954478971367
1.58142055777302
1.55062587660473
1.55023038179744
2.25998197066526
1.46929216744256
2.1186654993053
2.47095209245888
2.45816502755288
2.36348756945481
2.24570730256133
1.94549787630816
2.2128775052682
2.35253088057581
2.0687750357195
1.36105522760867
2.01682585926198
2.28719457606066
2.38376708598856
2.20747934892121
2.13108574743613
1.09354240377042
1.69248282783231
1.9290029464535
2.10345070931539
2.23477019561604
1.75275233124532
2.03072288244281
2.32988324431714
2.05904472299149
2.00469591616059
1.63549828558681
1.18066491305807
1.85806649105167
1.75470685448784
1.51891176578586
2.15655916590549
1.82023242458997
1.5558645657044
2.16046118083204
1.58727150255191
1.86778226567278
1.54003157214554
2.27560900669662
1.71740618598126
1.53689562666245
1.74180310421533
2.03364603570051
1.78396561878932
1.9949148472658
1.60384852966444
1.75840799784103
1.91540978905352
1.93409741562779
2.27889029917448
2.33075596042518
2.32876359274279
2.3050298607788
1.89450064021182
1.84700789212219
2.06485425244147
2.25277175596287
1.56263630545292
1.75790937418159
2.03984113668744
2.03645392092798
2.10158338389898
1.68144571827086
2.26775100928103
2.14663395954381
1.97312735371409
2.01124645664879
2.09056350537822
2.13495632118019
2.17243633073731
2.00925984798475
1.66661658996849
1.53713398266266
2.13184292199613
2.1330405934281
2.14624953083838
1.88679823088912
1.20100022504739
2.22610537823757
1.86832264606762
1.73718011323855
2.0183504922762
2.0135496117673
2.04499589582256
1.5960535653521
2.12233999515581
2.04885481138503
1.70331076417313
1.24576709434795
2.06058227473464
1.58233754249288
2.31877352877102
2.15998036856262
1.43038418148083
2.27385261298365
2.32333361434972
1.7469359702832
1.11920937834336
1.64259284335457
1.69169894523844
1.46991511834057
2.09686731646183
1.71009958263522
1.29794717141115
1.35277331858667
1.95038235101119
1.57597625602803
1.21891053187201
2.18429722393001
1.9677143976689
1.73606226610834
1.99891275571796
1.7380397070653
2.00603459807212
1.70778747542351
2.0714073762096
2.07604837468118
1.93798458712405
1.99140982210856
1.79740354411358
1.74014242851015
2.00885509013307
1.72744885054625
1.91245001720089
1.62175273417112
1.65870647024398
1.49617397801358
1.79317040448792
1.14997393278105
1.8627018840039
1.46385596642497
1.67816264129277
1.63874517792223
1.26167032061323
1.8171559716443
1.87445608445347
1.90391345262015
1.60271976295325
1.98714306908415
1.56808265165983
1.79473076000247
1.73344118066435
1.59858961898681
1.8307716827006
2.12763277548073
2.14141771172917
2.33575547110847
1.44617734124056
1.92229343590481
1.63493688218505
2.20308083280874
1.83134417688373
2.31021697500685
1.96492255903709
1.52701286297391
1.97291091422634
1.94761437272633
1.54910492554519
1.8176582297956
2.16195380443069
1.86419571001601
2.23007562661883
2.42901339138032
1.25018655995726
1.90118819211617
1.88850657367329
1.5782981756042
1.90104512716705
2.13390162516865
2.19180161488895
2.25730089540091
1.72828313050014
1.51960189678653
2.08103917524239
1.79122086992578
2.01072921915485
1.89389802806915
1.87365699451334
2.14747981819239
1.81508027586653
1.75928113978921
1.7276954445304
2.00151574083469
1.87024077320676
1.97692831525547
2.2173580165064
2.01081188479554
1.93273546070829
1.88980965037232
1.65973098848475
2.05108244824072
1.83607873921853
1.24136371855982
1.92446568061603
1.7984758047377
1.87971693044461
2.31690213418056
1.89275423230826
2.01274779104329
2.44095231411259
1.77582688375506
1.75546121301156
1.48479590440345
1.65599704679276
2.13801907663209
2.04297869747996
1.29063436510583
1.65691416322772
1.99917595175544
2.32866126380635
2.18215169301809
1.51088397726975
1.54037967231852
2.2980212876059
1.7156567477902
1.18465162441105
2.41910007338849
2.09444227292571
1.69329735735199
2.36010524217789
2.16915779236687
2.05281765873034
1.86092566548599
2.31158825459372
2.04285378295181
2.12157378231973
