1.5754
2.49487998673264
2.47177233505091
1.68661550665087
1.00255207609689
1.17024682518014
1.20273004793154
1.02071676757239
1.04854319607613
1.33119813955182
1.00039517147587
1.01060270257639
2.10276585181143
1.07985959774426
1.05510328789674
1.20255012238169
1.2273845015766
1.01535963389157
1.00263868293569
1.32765265755251
1.69601195629954
2.23061786944878
1.3554020180029
1.41992756807855
1.17400641681073
1.39550253294046
1.56179144653143
1.39665807123551
1.81793182616986
1.74155642450044
1.72161757554624
1.30957082533058
1.78160207307269
1.50404327633291
1.6314997376746
1.49815114590831
1.81487406426981
1.62285713944575
1.26113888918027
2.2375929221033
1.3978790685915
1.82836092141913
2.0057948318793
1.43876207013586
1.58958262613746
1.6639959628689
1.48036606368258
1.79876728086277
1.63493043523162
1.47435732773753
1.64081483693653
1.7589308727882
1.70734954026521
1.54036949222812
1.61008633104136
1.36133510776813
1.75070313828044
1.34529216194279
1.29387379967883
1.66850981905878
1.65138296604404
1.36479109484416
1.12177210125101
1.81340138859552
1.13574368973627
1.47551685218116
1.63465387153754
2.21990296883795
2.00694805659804
1.95409896163958
1.5687394065078
1.19561794773108
1.36767143889957
1.45472662179197
1.5638357186632
1.67065854336027
1.63876227560827
1.77610215095776
2.15326991534529
1.26978720738969
1.81067920404851
1.18670219946999
1.99903474632205
1.40415432045954
1.63793919564334
1.2717866918802
1.92294793186606
1.52987997697121
1.74207282887034
1.78692768966582
2.09282118054449
1.40760289644497
2.31172497357868
1.67353695252817
1.5879486615316
1.80712247343944
1.9277731978756
1.48081902759034
1.56063173327856
2.00812593891129
1.95503672224165
1.7673868712445
1.63461293426819
1.71787832349706
1.58013121765116
1.62422433529293
1.35131200175179
1.3189808230918
1.85772081472954
1.7284214873782
1.37469146605887
1.05708338491629
1.47623888638828
1.26505462830044
2.26370280902
1.25624584649274
1.75051015396486
1.54413809752004
1.37478737778829
1.55950588441059
1.74582646354148
1.44283831871993
1.96582095556106
1.26940755477383
1.14271601360391
1.61903452654557
1.48181234818834
1.96352415919075
1.38883798020906
1.61869625550861
1.66688445404963
2.23950091124483
1.58383052361567
1.4938879441365
1.0637279663451
1.72832181851411
1.95139162196744
1.43004694121092
1.59144571663571
1.36107169248644
1.62796237648969
1.77362881991038
1.44558550037029
1.4077264433267
1.24464130808644
1.70087558143716
1.73401516407383
1.832099521434
1.87782516227307
1.86540462438836
1.59513129699166
1.4047847189926
1.63095277218432
1.86154925348977
1.3474830025258
1.5840481267318
1.32757572775011
1.27160195314357
2.44230617508416
2.27164741420896
1.72977341868442
1.39185877305521
1.4395460110066
1.66684406630239
1.64487802144275
1.34030795916381
2.18544588261885
1.52170826586652
1.59503258475686
1.77327291977718
1.7687373780863
1.43793941886167
1.55105036854304
1.71585607473903
1.57549278064688
1.81040675436886
1.57791861966043
1.27978214889572
1.71509736167099
1.32582253256949
1.68998221371586
1.78737266522185
2.31178762357918
1.54582238268115
1.32886676058252
1.7367449142658
1.96681121549067
2.17037535491101
1.69861835020528
2.1346185005463
2.04879435799156
1.69380893993352
1.61457839146468
1.54051688450794
2.43431140197615
1.49824260860661
2.10408469573244
1.85504988829516
1.34421593582306
1.76272949178611
2.01301416281091
1.42212367894889
1.06444304135327
1.86298046411563
1.6358403407731
1.31461063218772
1.69567844864194
1.16170004584923
1.45069340270548
1.74251597247165
1.63927396237201
2.31092745632939
1.73475346561533
1.67169118975714
1.91574848976556
1.57742021213229
1.49638224977129
1.53206732639091
1.89413695890455
1.8355649048243
1.39447496730082
1.33107792543585
2.32227867229922
2.00332350837408
1.53710675529985
1.84091772589979
1.7454014562184
1.96365327893405
1.65973888569374
1.74609767129278
1.95505302658747
1.54707600290826
1.48467757837268
1.45657675821159
1.83889539666983
1.41430474985957
1.80295628547211
1.90821022005154
1.85836178884576
1.18302170934802
1.5415126409493
1.62006059645322
1.4151824246388
1.52973155127723
1.74350298383506
1.66250228327425
1.8125701440933
1.56330476033728
1.61550744582019
1.65487750555604
1.58209636934378
2.03001431055824
1.8574334776557
1.48383578291807
1.65506045773427
1.18907675952736
1.77370869519614
1.61705317572028
1.32835118924034
1.15100538577069
1.45796968615976
1.83601498586283
1.09902243963334
1.45340825982714
1.01106315025301
1.64729159606244
1.53825315691551
2.14139366469422
1.30611574312922
1.17972356864857
1.5193864766542
1.39913650336199
2.23624327548138
1.89769921589573
1.07777266632258
1.13480238066871
1.71600767210144
2.06976246780763
1.41031822294333
2.1559592118327
2.18138485307931
1.79746634591706
1.74000102086022
1.76993198657479
1.48221901698619
2.01284528767055
1.89644973745405
2.18219228142175
1.72838468227567
1.79927190622586
1.42458172722987
1.79348455457209
1.89708652712873
1.37236285592975
1.54525140111863
1.80756218402502
2.05431136398638
1.52325648279066
1.64009231830666
1.64565764582381
1.58127614697358
1.068971299753
1.34145294356648
2.35833484222253
1.75085885006997
1.87794187930808
1.68407969137304
1.69061441564182
1.96604666434519
1.69488556415849
1.18668319720916
1.22943737299841
1.59651441998266
2.12105576067394
1.15736329362706
1.19459992386792
1.81619738866961
1.48568936442741
1.57705951982704
1.86017808786069
1.62789932625397
2.04377920115671
1.07408190977794
2.32140517034954
1.67614597392559
1.78391123224494
1.42868261345083
1.37081967562575
1.36070145185112
1.18990347608248
1.81173251330442
1.43208242016985
1.37235154921403
1.18124674726105
1.81780091518772
1.88685388425362
1.38607687820625
1.70522965509856
2.16551090396455
1.56060678092956
1.50950938353963
1.89866878481931
2.32957839859979
1.96099231871626
2.05714757946004
1.83516944303247
1.79894847667717
1.79274652038142
1.35246518608397
1.80223988490599
1.80473486422064
1.49728902951567
1.7155063283113
1.89223798828674
1.81095500054863
1.92193957569745
1.52186694596783
1.72566232790931
1.56378094966159
1.53837107031406
1.8590768439178
1.99431289535258
1.30498977283448
1.46844243938197
1.58358510199944
1.791995054197
1.96196362913681
1.80610285943024
1.90723542463811
1.80390487917434
1.91707817924182
2.36053390740429
1.77049177173866
1.76425285722077
1.77357429452397
1.53227151541965
1.60204426983821
1.67810817310522
1.87528012234361
1.75694703534717
1.43664832054526
1.69833621757109
1.13168943766264
1.45499414058479
1.37036582683786
2.12964722856994
2.00448393995815
1.69813242695258
1.48862447877388
1.85587790743473
2.06973552969415
1.80197013605016
1.67658239079875
2.17480552213203
1.47065670699848
1.94487780142451
1.63608891761203
1.51121024929606
1.68890255361487
1.88456179246199
1.95520165594144
1.63469403462974
2.03191730004368
1.82035477230588
1.59013476175261
2.03369697175933
1.92057978881709
1.12553357736981
1.93227343656077
1.69016380580084
1.67385354676339
1.49733130621512
1.54035768994457
1.93765543618026
1.59376549258341
1.49710592927453
2.02856217198588
1.42705348369384
1.61836140563143
2.03966422194288
1.64085285772807
1.67209544226577
1.56255647051031
1.67575676592266
1.74975342340647
1.82722432664903
1.9701002005328
1.52572809120585
1.39464256211405
1.76604462634383
1.86310224691206
1.39322295566993
1.98383267902084
1.51669596686213
1.87448331143151
2.41425893902767
1.4188461808648
1.29733929863312
1.65529415286397
1.57992437675565
2.43759476596795
2.20683117628232
1.93589099333242
2.01161658217918
1.63530325492675
1.54617647799018
2.03135398138887
1.92464658203379
1.99116454419121
2.05293221393137
1.75479300307714
1.60817383396808
1.82330764030889
1.79657922168642
2.02628039220497
1.87721112423479
1.81319994133346
1.74589674777418
1.48170453560544
1.97484320008119
1.89637107531018
1.79759497059164
1.62112718565135
1.65288721517929
1.72402488762448
1.64109339227362
1.59202646818525
1.73112165464978
2.01168889696736
1.53253936983083
1.56905218311693
1.41715134386072
1.57913770309744
2.02932113168266
2.0707295021232
1.61304281375955
1.658141008544
1.61359436276815
1.8052411202425
1.48978682071109
1.95445319710127
2.0153350869214
1.83544540621323
1.50538451435714
2.30608374275375
1.51140675964136
1.76205413556144
1.55370346346553
1.43736483889881
2.14776943732668
1.66990522754273
1.63006161417718
1.62428372536672
1.09861155900573
1.41499555140136
1.83023065417793
1.17831576236857
1.35388814568376
1.6020006410397
1.97641300119692
2.07187843557736
2.10158923947578
1.28481215018368
2.17060995287858
1.45505125799831
1.03749709062484
1.41953544944744
1.48392602149899
1.01317388884742
1.54491102182453
1.71858783108073
1.76981690939264
1.58349106108449
1.71388814343265
1.55346374007247
1.36680743213943
1.5176928686695
1.78766649829854
1.56415133247543
1.74332885373409
1.83157423249462
1.62847532217757
1.8697450640613
1.12741260371065
1.73728315630802
1.24722292896569
1.98352259574321
1.40510402738823
1.4458776610304
1.68374959318724
1.73293824450092
1.3908911162671
1.849748712369
1.91032620071682
1.7795531805917
1.56152652051366
1.64393754432383
1.21443847988193
1.52526865480665
1.30500761101853
1.54713760901659
1.36354144582422
1.51656076630682
1.37195070561638
2.1364844453448
2.45959362704119
1.1556457552082
1.22604758493889
1.80732324179466
1.7908040261642
1.63413898569467
1.61356745691254
1.67962431682125
2.0356352623343
2.09848652963974
1.746405639402
1.69771978130457
1.37290454174324
1.82239759314524
1.84041606080829
1.58654654968621
1.53177645368684
2.05368461701585
1.50712740122776
1.82490279044676
1.43477301075304
1.80312268664617
1.75475203079917
1.4553711619982
1.77254728759912
1.94744888483269
1.96971646424417
1.72251608034332
1.95811280115629
1.11111267052748
1.61045734526386
1.51506636150753
1.82322691515766
1.8322470313519
1.77184911087678
1.42553401321723
1.23770058781687
1.43279879996459
1.79689480567027
1.50996618933431
1.84205545392613
1.51526156625432
1.61566353646577
1.74343876449339
1.5478287287074
1.6222361238585
1.69067887626075
1.82385756161401
2.28841656629946
1.33811280961438
1.8329822173332
1.74548980161539
1.63515238467416
1.56049366795381
1.61338884741669
1.62242109329103
1.2349556211652
1.77854640988553
1.60805726675383
1.50331546787185
1.60055896847507
2.01423269911406
1.05583950636045
1.39144667092769
1.86216854266972
1.98563059970175
1.57552455375762
1.46175332733666
1.51831489409865
1.49461580597333
1.41886857971927
1.76027388374224
1.34164071246936
1.86218918226471
1.71480098501344
1.51676354030724
1.60554093701555
1.95264305919124
1.8733598700855
1.38260934337432
1.55736733099647
2.07819237945297
1.49083077352188
1.35412597338343
1.8544131099751
1.73322830799588
1.95494190449009
1.40797071422316
1.67439493459474
1.67984459016457
1.85722839959113
1.87502734707717
1.61508037840386
1.52802710899095
1.98968139637727
1.55676951171017
2.21737454809263
1.64614425228501
2.07817078239874
1.29688639541798
1.71519946306907
1.62092065695952
1.92224757667641
1.20256490509242
1.57791859501789
1.40149075581372
1.56667170655681
1.1716776250965
2.00686849679921
1.4721981261621
1.70911707434173
1.34063756413356
1.43509319544654
1.98785623329643
1.62818515342113
1.70326964056699
1.87468628498649
1.65432196537062
1.77847937338494
1.24442528663067
1.19020026233624
1.06608637223016
1.24617546008632
1.65031024839916
1.30392233004835
1.92643402317899
1.63422813058838
1.82121086464745
1.59331247222533
2.10586147741066
1.72119324940115
1.48685513453934
1.7153639955654
1.64576568094494
1.39147633845696
2.11726148144427
1.60370642471405
1.8315894673777
1.83944682948817
1.51005791508128
1.59226463223057
1.72423991017335
1.77497197039097
1.31804204728648
1.33118681350517
1.36766457415667
1.45942071309199
1.37742986265645
1.15867962187599
1.5353365984316
1.35299995588735
1.05693146987649
1.12752121734749
1.57763534063331
1.09415059459143
1.38758190577191
1.34996599393111
1.57818891166555
1.35657059943498
1.37583472457429
2.00453022656837
1.67473395177312
1.3511450123401
2.12588093041182
1.46717495939869
1.28001185505078
1.36886967060946
1.57649460723933
1.61417019512313
1.77381122025136
1.87025468684345
1.68108318167845
1.57337785959996
1.79085811446325
1.44629999502637
1.67914383673607
2.00953830632884
1.82745717271622
1.77980993394171
1.41680527845083
1.82945490876228
1.84473321821374
1.21477258604285
1.51524615517583
1.44203109495753
1.6309905328842
1.41676094908175
1.8660123620517
1.66412121520633
1.56467713316644
1.78536894438038
1.91561971733682
1.40937973598952
1.44809386740183
2.05211801151846
1.38194215503347
1.48272806861696
1.68949394365494
1.53683571413178
2.11156618974291
1.65198299420169
2.01264706864521
1.55114487758435
1.48029403864747
1.88098733832572
1.64122051813273
1.74158705155603
1.87005586396408
1.76137023150091
1.78547358422487
1.59330580625652
1.77909457605318
1.67754023771329
1.78192834263616
1.79558966815473
1.69667472948921
1.80360564541519
1.76212284207229
2.07374502428905
2.06693315706303
1.76788302309295
1.63534963976017
1.93038465481169
1.80584176849577
1.54261468497216
1.30047560730464
1.74147130745875
1.94323308654577
1.33852514248711
1.67171708782997
1.48487644885195
1.51727376123209
1.990422737841
1.56884729631168
1.40475389773514
1.74624271946567
1.767134126249
1.6114740715847
2.25066348133092
1.97239537821556
1.4802785656634
1.63695634725265
1.6577498635972
1.90700543270976
1.21995265319134
1.32949659330267
1.190373193174
1.04714591616922
1.29138230278439
1.68175757533176
1.37992692817841
1.54833199463666
1.51462300840612
1.85687042394268
1.50446518570342
1.26748848209347
1.99353814718472
1.57990720160264
1.74804801747608
1.79724704533221
1.434774587287
2.22746331726972
1.45304474581198
1.13840931203032
1.29362608423116
1.52160333227052
2.01336900331078
1.611500567661
1.48491907979663
1.20497255325166
1.34647119321976
1.83341596260364
1.69330950230287
1.84043581559926
1.68662360153999
1.90933977372169
1.72831089713473
1.88997177594928
2.02033827619944
1.61782421734432
1.92471019444444
1.5512507711304
1.47487478136451
1.81718932905002
1.67948831355201
1.51040213035627
1.46132159698055
1.91512022550758
1.49519913287414
2.13400435470226
1.43916629430633
1.63163456163082
1.84067429240999
1.59417119344052
1.61278335737435
1.64617684130745
1.74984910753422
1.72489917271281
1.46511158996511
1.46694149726292
1.34076240167272
1.27233011133111
1.39085736254091
1.27830096773374
2.20365352052236
1.42250602515857
1.59986466989514
2.17772550063837
1.5403437101252
1.24081670611964
1.56313114735395
1.28205119798036
1.62804587052169
1.27346916587843
1.93804589315173
1.71635678688436
1.16972895959896
1.28051825528468
1.445925805316
1.74599798258156
1.95166141877032
2.15442431705402
1.71920993959486
1.64701885516959
1.2912239853507
2.14424339975141
1.75920156850624
2.43788578509619
1.07392710259704
2.12160169841152
1.01853422343405
2.02817247621802
1.39551059195507
1.28274007593487
1.72493374732043
1.7989406178437
1.21290911872291
1.85840115425074
1.80991207107011
1.40578776754063
1.87330293112856
1.46097783312365
1.1931192332378
1.3433879330306
1.71185874016285
1.54387804739715
1.82791378508233
1.77124063198907
1.48176122011619
1.886339990928
1.68316502233332
1.37465377147294
1.87739336462236
1.70001714404214
1.80097357354704
1.79147340100192
1.77018512161777
1.70202197978497
2.05260077643118
1.93931710479067
1.57414227783727
1.75157929964381
1.65285307343265
1.72065668550808
2.05231090035005
1.61133179386414
1.93625876006574
2.21767396237257
1.64138724734124
1.78316771960646
1.53325404380197
1.46717403136051
1.97212748160237
1.32810016836267
1.42571927455283
1.62451049182233
1.36772161807931
2.17013607914836
1.62174005458
2.06994912455316
2.0182653912793
1.30423406771043
1.74186931632404
1.76897148776018
1.3999462996581
1.46332969637869
1.86356392715307
1.63069105742193
1.86613275138957
1.68327500077105
2.01025888652631
1.91916957983465
1.89624786912615
1.80086978393279
1.65980509746116
1.53455022307956
1.83960543133389
1.88441665074075
1.7644990512352
1.7316622776698
1.6124986528522
1.71845623992019
1.81474295696207
1.8773958626344
1.85751939841914
2.13453462229692
2.0761032703133
1.96386781580171
1.53509014391504
2.05456217431891
2.02409355465858
2.31696549375589
1.94328906014653
2.16062564500545
1.39915166003938
1.19286676115385
1.80104632052231
1.39488441422375
1.66158146848324
1.89613687720424
1.47576899989044
1.21424066201976
1.60386906468955
1.26053535158592
1.94016325846433
1.90073349997368
2.24498162748828
1.66298064578263
1.23806692133091
1.67212771074426
1.76541824306204
1.65983478669276
2.02149362168828
1.56112216611494
2.09469190906791
1.74394548582749
1.38110519759341
1.81515844513992
1.81991222981188
1.8036425495358
1.68256193608331
1.76464575205408
1.77378228785584
1.66693773946333
1.89179642925176
1.73748059854358
1.64259412075613
1.77182136089001
1.62059446053993
1.52957807457717
1.93528980759461
2.2351032610137
1.85454322227928
1.05163061041703
1.58737812368693
1.68491781265163
1.52087488713408
1.80153484790041
1.79903268983288
2.19997386547457
2.0802369985418
1.78223165445132
1.55130331088923
1.64798983735928
1.49987533581222
1.35912130705126
1.88810626421601
2.08880468032148
1.31614796522258
1.96063280601504
1.98451317339616
1.81938477228138
2.00916850245959
1.3183820511402
1.49040962894398
1.67451605140396
1.87977134711456
1.29151036815926
1.15940489140877
1.43202018493415
1.94900241880347
1.46465454555454
1.29248775652767
1.2625769876589
1.02472086518092
1.84704256573204
1.37894511685068
1.47932610731824
1.15605844174805
1.78819626481084
1.66441303420705
1.60891131676156
1.54550953913499
2.17165867934351
1.6626500708861
1.65081423496665
1.33040196863481
1.40678657943438
1.39784614214701
1.39831866161578
1.50350425239423
1.53967090021936
1.6591923636677
1.64239135071897
1.6129961778635
1.56055706244894
1.86553913893203
1.4304094877564
1.71520155563126
1.54337429096843
2.011550564713
1.38766719172928
1.50182387199474
1.74769762630417
1.6212354596827
1.59141711610298
1.18810079559555
2.10138149035326
1.56129009499154
1.19606135293059
1.59544800699904
1.57063169006431
1.14660454182327
1.6182731942004
1.61360021781607
2.20888384502505
2.29437467258662
1.50879603391619
1.23013850605927
1.5380022600857
1.84624144365174
1.85753235590026
1.69292101352263
1.70883533347624
1.667595951575
2.06393188087387
1.94521415310637
1.52892055146547
1.87492372423536
1.73426418692028
1.49563979811968
1.50998000835859
1.2529044499783
2.17428525814105
1.32550362429405
1.7827808658219
1.1181896498536
2.38495186513017
1.63079549074225
1.38926328728278
1.35470499711374
1.60523514843517
1.5528473886594
1.59181982645572
1.80898691263642
1.38621578144805
1.32377926540898
2.32926502601353
1.2102620358273
1.66206962065483
1.72214710938197
1.76413448497533
1.90478263297875
1.56880422303566
1.74455264426515
1.68928554380039
1.67175515934073
1.43873674652443
1.40003051061083
1.11922207732615
1.20654805014843
2.35063377406946
1.52155906580996
1.64108834031613
1.0595052336839
1.87416871555442
2.02405227048888
1.58012827628192
1.73167794852315
1.92940240915197
1.76634909267045
2.1850730976734
2.19110520050885
1.8784648239433
1.82106401858162
1.23707164814791
1.51235269712811
1.18756025353341
1.75371854921591
1.60857077825379
1.60548466117477
1.60063999029904
1.85278307219696
1.82109748930521
1.55184954753607
1.09521155937182
1.41128111992791
1.31077695181623
1.01701344198705
1.85081758407976
1.71419168150785
1.86690698999791
1.72113215615521
1.60962654959829
1.6005425019864
1.43793457475536
1.37931076506563
1.74995871573807
1.71255454661891
1.63021713313675
1.46147103390321
1.52995057090973
1.82166194657506
1.70273975495506
1.74880973193982
1.60943880528192
1.71922531339818
1.50595550335057
1.9686462487865
1.45552994426951
1.57501004065196
1.28856193326154
1.63360865648901
1.24664613134531
1.37398098813536
1.94436559006761
1.08283897119261
1.2764204001527
1.20857569486286
1.55124359027198
1.66536135869134
1.41445593156456
1.37110780716635
1.54854445686478
1.65636102639777
1.69572382915156
1.61507425469942
1.40998340480685
1.37737393094992
1.94538557169058
1.78151188697251
1.50441249291909
1.51412422292862
2.24898642914984
1.7566905301769
1.54202392661729
1.49219826037351
1.46276879622609
2.11762359425609
1.62145711242709
1.58476497104801
2.29888148606037
1.36143118220653
1.7274725771968
1.5967900680182
1.72942654053878
1.53796301217634
1.64894001073629
1.55947967965211
1.72742744617202
1.84105519039952
1.3217760296022
1.82727615205972
1.85620828526149
1.37876215473749
1.64236715849225
1.73824218608083
1.83322764685738
1.4282040360167
1.11448892609946
1.81885856669806
1.49663408461557
1.39123267842604
1.79068143506426
1.76997180938007
1.67876559527549
1.72462999445344
2.02172399553815
1.82512780154155
1.27405437098108
1.78126497068805
1.62063015142427
1.71193322005023
1.66476134382526
1.66269583197925
1.518298492234
1.93246882166508
1.97898302488738
1.47146211877405
1.7681498353046
2.01776679076935
1.8420057069314
1.73817881881109
1.33189946729306
1.66014614555085
1.41180958648809
1.63957217918038
1.58251912689748
2.18056554564422
1.58144919885118
1.73450513181988
2.05881335979582
1.84080067691483
2.12184991758615
1.27893213638235
1.4835512867839
1.46256963475138
1.37946768164579
1.44246843298726
1.17614156038765
2.29286790576698
2.0461709889584
1.44625343753582
1.21292532898272
1.92394426160034
1.69152164916891
2.09945796285387
1.41994153489954
1.85426761266975
1.66556320884762
1.63021975215618
1.38510061996203
2.28032773806017
1.33309486424545
1.92993882653932
1.2502588820814
1.76285349684485
1.62988313382227
1.03690782438047
1.02451475068115
1.1831382439135
1.14654966077843
2.16476126898476
1.44919202195042
2.20947380625531
1.06483617128532
1.06702829236737
1.4746764259274
1.68509309045162
1.46470230140126
1.58220833349909
1.20229740785488
1.36276314471402
1.73889620608131
1.8242112933729
1.40800104638357
2.41724008691659
1.14246782006937
1.58250173506804
1.68814907675277
1.30460978619475
1.90355594302846
1.94429023756122
1.67314271005228
1.77578543424396
1.82968448656891
1.9501195686054
1.35168275734133
2.05999389155956
1.35489998297862
1.33507704657434
2.0027626168278
1.5346366615609
1.95557538699372
1.67255099669929
1.71561228813377
2.07627945307349
1.53140573889711
2.02417574490465
1.24537216462772
1.53438526397014
1.58385533579126
1.69901865363304
1.63634300936016
1.77608131019363
1.56201703281565
1.73366952037605
1.52001601870288
1.69186753738518
2.33427618584451
1.86372357260306
1.54798813240736
1.9328360248084
1.73529981979461
1.74645915459149
1.74901625344872
1.79729521680565
1.84355053544215
1.31417634625718
2.23465961373079
1.4069081971598
1.45333772645167
1.89928809804511
2.35770159329796
1.3302041563112
1.61878925472898
1.20678296916977
1.43279762979262
1.42983403055355
1.55944213927061
1.53312915165224
2.23810026267906
2.0893348843044
2.1275705460711
1.66864998871988
1.16107791184636
2.00481851731278
1.48704223332542
1.16233900583734
1.34585801190403
2.14582747415029
1.82323001220906
1.72559406775989
1.77616850955245
1.6400126533089
2.30586695166736
1.9862464343193
2.18693433295532
1.68882032214423
1.47095061586341
1.97996654894282
1.997040332195
2.09361568499813
2.11632204081541
2.12868994521707
2.057641360828
1.94839698778659
1.49105974245216
1.5424143310812
1.86942566175354
1.78021090607613
1.77807194105289
1.90096130408477
1.80453617399886
1.93578602408253
1.56292105369577
1.28171742265022
1.80840713956481
1.92855719855572
2.0190648012037
1.87123936995658
2.26257818330719
2.02536654437349
2.08503669397794
1.78337289668269
1.87240840668013
1.9449528901997
1.87115036522569
1.47759186658579
1.61498614736304
1.82255456366509
1.80248003135896
1.36978644658565
1.89029145153613
1.61264288333206
1.51841071017877
1.76658303488533
1.40021919149295
1.95571977392012
1.93649479912582
1.49136920054483
1.73079794828203
1.71054326936188
1.53906683413222
1.98433199191949
1.52213641688917
1.62531788305328
1.32727215544787
1.8204502492447
1.63841643839175
1.80498663839834
1.26199510918052
1.54472357717253
1.97711982358892
1.47721665524283
1.99531838964834
2.22227676928065
1.79162042565364
1.33305480095767
1.65047421024498
2.05893828573141
1.46463301284166
1.96910544701615
1.97635147637733
1.89409330726173
1.89211807715307
1.43160620432245
1.51496629159908
1.63276748361299
1.87654450378831
1.51172717942971
1.35385330896936
1.60551192826354
1.68212345444593
2.05268694005511
1.39836002663549
1.0385136319634
1.25300314314041
1.48148942127163
1.68636583952407
1.71831160065509
1.52071751691717
1.19767865619281
1.48723385927688
2.22665005870213
1.25616463521213
1.74212310412532
1.93467240658517
2.05610196192891
1.93738603825485
1.83625573270722
1.51589172623018
1.76975309363488
1.7528343124609
1.76041314947125
1.76813090168165
1.57945285313973
1.78442956683151
1.92515958643102
1.87793726560582
1.97494619713465
1.83054044245243
1.91168623471679
1.76836899777547
1.77367847708985
1.57582268043126
1.74789468923947
1.71305572358581
1.57699428170004
1.86199587452301
1.61780802690964
1.75907652996669
1.61281100424591
1.39814673650496
2.02845384719474
1.48267909581277
1.85807490499058
1.63918408215372
1.44896704480917
1.88485488767224
1.57065215482729
1.57847664286298
1.37898230713856
2.35764165735258
1.53371866735241
1.06791181431058
1.12566179945054
1.05952282880576
1.37514703410021
1.8536017051144
1.82334516916957
1.25948369254341
1.98820003524957
1.24575621737161
1.60554624171239
1.87778102944278
1.66984931568724
1.64040488730605
1.46780659062456
2.26831207171947
1.48476719561032
1.71110856895301
1.66862449607134
1.82678693079729
2.05779381657436
2.1136309673733
1.95632927231986
1.68465726159604
1.37752857817956
1.39023120606117
1.29197798932725
1.37592181410048
1.65778985453935
1.3826568648981
1.81249936819765
1.63498954479819
1.56913969790941
1.34302535345107
1.64253946435525
1.84758700245442
1.81393779818979
1.58784938741131
1.80568724113424
1.65142185263548
1.35983642090172
1.41997009604319
1.45576337038724
1.22102988924696
1.5914193424368
1.77282385238917
1.83011442515828
1.87188538100667
1.6475218917441
2.40221112457002
2.00071602154516
2.12552921301774
1.6507404975432
1.4136360170113
1.72838335926069
1.55881573373119
1.45965628834264
1.36863927324997
1.30356823444047
2.07909245900473
1.13905606885884
1.93501712301528
2.1698331527201
1.36609964381361
1.67012948691958
2.36470853217652
1.12433184945025
2.23632017971944
1.6610232145723
1.72927185087804
1.10103832953839
1.7100321558793
1.10772508306727
1.84062665278666
1.38438361556178
1.46769239466156
1.33798748277156
1.53005233245635
1.62396378680116
1.46033105687599
1.95843737039809
1.08697006030133
1.25769207537454
1.86949210358364
1.61085401977752
1.55783720487985
2.02221853168277
1.15738348904222
1.27470288019266
1.98127316492834
1.12184870403042
1.02713725975241
1.8704890748004
1.58168056802006
1.19392610405705
1.15461230459687
1.28374739714895
1.73579103232123
1.49595121623077
1.55534772472737
1.42647671290507
1.63130065369465
1.70388175974326
1.4634958674157
2.13268364938481
1.13601344613155
1.48745111587992
1.28330625952087
1.38424692901886
1.01873080735402
1.41605612489397
1.53165293478557
1.85610483629716
1.75748583921879
1.43979943236365
1.7384196326854
1.88582445310918
1.21535580882527
2.05646849425015
1.98108179057213
1.78031118653951
1.98925116962291
1.33777197732381
1.95198891437288
1.57338706682606
1.90590605818796
2.15143895348782
1.53656812447546
1.76475264007155
1.62140577150798
1.8507156767576
1.14884381261935
1.82973212289484
1.68231281051557
1.29188168617952
1.08534992363444
2.07049796635526
1.89758527010078
1.69550334967765
2.00079537568072
1.65314063868933
1.50081999209175
1.50773854577015
1.35979473429218
1.62796701445198
1.67915629280928
2.09441125199394
1.18074769549569
1.62374738991197
1.46334581904481
1.6070143176038
1.75722011288653
1.19525804678265
1.33428460483649
2.0483885247827
1.91854217558374
1.76799267517601
1.78529916015111
1.86305594438172
1.47979305878515
2.14246906467119
1.43179031264374
2.06760261381031
1.66327878002175
1.25478694735711
1.83259318733367
2.1988582258545
1.52411966088283
1.90083416901668
1.43982956435604
1.62771985914232
1.91307963291529
1.82671707663527
1.65205259812397
1.67480064582071
1.78013897387249
1.97487604062271
2.2767584960803
1.30635183630737
1.49124590099514
1.3137650707178
1.78832451712814
1.68642291604632
1.64574471772897
1.71507517327798
1.59620360332512
1.73797229810703
1.68387785604223
2.15258364312086
1.21643969121248
2.03579309750165
1.41766862171757
1.97824771263318
1.59737817720539
1.3849098017132
1.63177107911493
1.61657957752512
1.7981491579051
1.59550737616469
1.66258558775549
1.71644545040302
2.13365021947204
1.87793300411893
1.87975454906639
1.87269257180549
1.86950684563409
1.83918897382313
1.36153385518334
1.74053813331566
1.79165523578953
1.36855755194732
1.77567003241178
2.40316401204926
1.39432878217631
1.88562647880059
1.62405469207132
2.09824126173016
1.46093407800415
1.91590238875277
1.44309600308946
2.01422049806496
1.46482515292464
2.01287910949752
1.82285859967128
1.63450247335472
2.00327458077994
1.32074680044053
1.47572914230048
1.93262499455161
1.4861365131737
1.84661421003876
1.60864835120478
1.82426427976902
1.60891453213513
1.76492500342636
1.88050724897357
1.75048556491045
1.40730007304231
1.68159183576778
1.33604893687322
1.75157265971168
2.20149269612481
1.70900686832921
1.45619571827819
1.94188560288614
1.33897817463627
1.88496703044519
1.68657159442018
1.74883617611632
1.78013853793533
1.83397504513661
1.76809954892238
1.8443884723551
1.78580617243374
1.38034795175554
1.65822246938991
1.21152679883883
1.49054728538845
2.07460541282915
1.45700761849821
1.7905660357048
1.77861196044533
1.72187621542686
1.89252964779815
1.36881371499433
1.81559185702284
2.09284597035968
1.50732752736115
1.47546255418609
1.70519933165567
1.75692721965735
1.37924773558717
1.33352917868561
1.42298486608786
1.35094974181731
1.67504034545606
1.87858255977199
1.60376198203377
2.10635648487574
1.79968694983153
1.84407167224845
1.36174818744353
2.11905890544076
1.72580219137707
2.22937816621126
1.70186658717338
1.50621214849921
1.5131853261465
1.48466034317691
1.97530341927544
1.6847808076162
1.48552564979827
1.61410856334321
1.10887387052131
1.40453917081862
1.29251933164798
1.55300320358881
1.57320218438821
1.7927476488202
1.73239204521205
1.51369816219265
2.25125010231615
1.55864419185441
1.52947905472681
1.20161929671813
1.66652995321772
1.59449333269924
1.36836719352894
1.58783876755409
1.56825621118892
1.15398442983184
2.09564577745268
2.01592569513119
1.40759884831452
1.63194929530305
1.23045927349192
1.18459573778652
1.94766001444836
1.45008987643348
1.57658437482192
1.28350570068061
1.02372531571922
1.19825196718981
2.39620944241795
2.46737819533226
1.45935351727681
1.21501590794989
1.75382591008783
1.51379448786673
1.45148158616523
1.91441802415687
1.97077416937921
1.87887914712187
1.94472982266624
1.50874359597709
1.99762854936809
1.85167864647111
1.25384496438608
1.37850306850767
1.59719151471664
1.01979898501238
1.35215094624593
1.62122466769659
1.20769345829983
2.14811281050138
2.43827171546714
1.72543194255824
1.68043026070414
1.60524621252424
1.06377774911284
1.47365553129885
2.18461698706621
1.70387316763848
1.35220115825883
1.65819118343235
1.49007864640683
1.40715267891724
1.35660930519694
1.16214510706338
1.22254815116606
1.54168804261357
1.74859601156786
1.75818796105465
1.12574226658206
1.53859706303099
1.01790165097391
1.12848575158581
1.14102647898083
1.46239930867288
1.16951183944853
1.25365614375655
1.85114839309092
1.93059093014365
1.28999682527494
1.99101141665275
1.32581182998846
1.33866731077963
1.33445757410895
1.53774278591747
1.30968043047688
1.14381136275165
1.19104812726818
1.44243002741779
1.83182178719513
2.43081331542284
2.30143578473502
1.18726428706315
1.34653088225934
1.60238528154336
2.1881088156972
1.66639975024946
1.7774301017769
1.68327954334545
1.78859177643991
1.49110765233531
2.25032313165548
1.7772090640815
1.38166034621047
1.83062283320723
1.59567632250582
1.67527233445892
1.43012216842902
1.71822283643778
1.59450014358071
1.27144482094002
1.37051687817215
1.54752806750389
1.80940410397609
2.00372303343856
1.69654629846636
1.85310366772507
1.9614434564411
1.92191318352191
1.95780919136448
2.10866915086915
1.90843084972733
2.24358634016868
1.97733469420531
1.74360364006587
1.97354795270125
1.58567539166028
1.65537337898373
1.71060292717184
1.62816467056392
1.78596114569634
1.84130008711239
1.68965908005895
1.62253244324988
1.95821337026119
1.65793204632924
1.63816267673544
1.41920386753819
1.5083939603364
1.86960071198556
1.90404015377951
1.90909272453104
1.32796738889579
1.81224857048418
1.07063737877836
1.7907483445554
2.17361127425853
1.4518397014454
1.40805345054416
2.27791400135584
1.43684309186794
1.68318095296034
1.16801734356635
1.52740500725774
1.17261615365951
1.79967400151106
1.15015104255814
1.44552227003884
1.74229964120118
1.31942443595367
1.50481353714631
1.91536550785243
1.27095160224199
2.17830252276877
2.02559521511425
1.90088482781602
1.32476696001258
1.74705424853817
1.61633199295699
1.42815350837873
1.420852309759
1.44274472351106
1.70489258261286
1.52675547643009
1.76603157181482
1.74404715786999
2.20467257616553
1.28947437806589
1.8383533375434
2.21382743983213
2.13047696939675
1.21705862830334
1.52396210934101
1.17908548705909
2.40401758695655
1.67115825104438
1.55449242567322
1.05277513461126
1.4612216068533
1.87126656804339
1.44633584935148
1.24836342545489
1.41994006981456
1.38756373490836
1.72368810908463
1.73411753500656
1.60828239570626
1.71086429315761
1.74869346486445
1.46226105144955
2.37581336428339
1.52704217255975
1.867100467045
1.9024564974138
1.42271813199321
1.473608621413
1.65888731572025
1.54112057894523
1.3752786107143
2.11360195155429
1.52328744040966
1.35356037922716
1.74376424111259
1.81316987814195
2.03577750576496
1.96855423331686
1.36560584224674
1.29588696037112
1.21744636262293
1.7093710855203
1.6241057229643
2.39663330907168
1.58600843713616
1.67009675637997
2.34939355517611
2.09820141883326
1.67105399838285
1.7652890051865
1.68825095275497
1.59205576605602
1.46327220169023
1.78515827505571
1.7046785416828
1.6141952857454
1.27313282168632
1.7353578929677
1.71865383861068
1.26241696397697
1.77832968988253
1.23005293022359
1.740852076101
1.60575090702806
2.11397141638982
1.76382864331289
1.72374395816394
1.80662458754445
1.76552394110831
1.71406909611406
1.79071338924182
1.54589710029371
1.34774300586819
1.28469889717827
1.68224993169531
1.58478562541139
1.15205446810457
1.2269383632879
2.32453499300844
2.10319574674854
1.8527712628888
1.48462438927974
2.28472284267777
1.820568472054
1.24426651231277
1.93883685989696
1.62532671533959
1.68141954405507
1.75989359015619
1.40734745129404
1.17851901113901
1.65548062753148
1.70474892630624
1.5732854193352
1.99431220115886
1.40981371629645
1.07826820538421
1.48498810805557
1.65361900870015
1.55069560532595
1.72973034558917
1.43961358797789
1.60610121392561
1.80565078993271
1.43493288293406
1.19114298584688
