1.3856
2.49238465514043
2.49925193215
2.49790291494607
2.49413315726113
2.39875417509129
2.37473796894664
1.66963890042472
1.8087300020927
1.19011337275446
1.14270210460208
2.32224200748332
1.32972347932227
1.54327537783304
2.36063851338189
2.34475222492308
1.66220884270584
2.46859610036828
2.48501069925824
2.40190963993032
1.99152702103537
1.91673154566343
1.53021737434756
1.74533632312813
1.9487047904189
2.31863061164124
1.55778990112008
1.78127458165314
2.02647519154827
1.81550575640937
2.32497527344322
1.69672773980137
1.84295759469994
1.38763047565531
1.79954747078384
1.60448356237891
1.9270139008858
2.2599365871459
1.96417366036949
1.35420429066613
1.99243468471107
1.59701499955035
2.15810701285749
1.80906685014244
2.08668418637127
2.25221980881215
2.03485551972619
1.76909041568506
2.2991014835753
2.03670242952437
1.4929316576114
1.92098199277825
1.4335508099223
2.01895055594594
1.82476403896323
2.10546365246498
2.23183886328131
2.07802680368007
2.09604518597795
1.704819582305
1.64848993098415
2.27091270908781
2.05714090475911
1.83832184034202
2.02051294562676
1.66285398373733
1.49612908765918
1.70811028571585
1.43849137393395
1.60436360124079
2.29748819386652
1.94528047942293
1.73936291286119
2.11659313488622
1.7217431895256
1.44447890827933
1.75737839534633
2.15545653932188
1.23010785213076
1.31091756180554
1.30417519503553
2.4146672365568
1.22866689761495
1.62116953818746
1.87745604023668
2.21881771752001
1.92456482304318
1.76875320875999
1.28063977645552
1.69538708137446
1.97816255315806
1.79235796645081
1.90787881109341
2.31621317654851
1.12459894245441
2.29096385042291
1.34164844522879
1.56503223331512
1.68748928675431
1.89047111632176
1.82888187029253
2.13088646342167
2.19208666590874
1.74329690287441
1.20159099819559
1.90165479559542
2.16712095866437
1.39762772196605
1.18639803532675
1.91306052644004
1.89227984326385
1.51843699663969
1.76729527472161
1.63372687585092
2.20551899775733
1.96674296380989
1.91300225882922
2.06798557904534
1.5590305116816
2.10471256199226
1.79407905393044
2.15667183356471
1.83596010823909
1.70440501124129
2.11650522759594
1.83258977197524
1.6243814146758
1.14664171685685
2.17806668456596
2.08697222491911
1.92655784885852
2.30998919248625
1.56941128677753
1.98782668379412
1.69657660328224
1.27814912542306
1.76031527045838
1.13157105807829
2.27748256376082
1.99690153738553
1.46779503303916
1.70120984072764
2.03918488219638
1.57538950102517
1.96416679093061
2.18768263433056
2.05582647771114
1.89929580828507
1.7868680731568
1.83297936471839
2.03171487261192
1.92271248249779
1.79447909642008
1.95560744421741
1.29033312546976
2.22496804768732
2.08439260776079
1.72138649509794
1.94265393061373
1.35555419599843
2.17684735255662
1.7762205854698
1.5055283866982
1.9938067383065
1.85349903803538
2.04791672196867
1.4650150895745
1.62587679032543
1.72148577409992
2.27044139686724
2.28134678816121
2.03148992396396
1.90132368594625
1.85397007667948
2.08870742641955
1.66864861469164
2.16550779127747
2.17405908996305
1.89978824231782
2.12475726418399
1.60068842834136
1.90001506418042
2.16540451150697
1.38495942864445
1.66853799877738
2.08126451674959
1.69138975570344
1.86405475355689
2.20948294759144
1.74001699359922
1.20244582347531
1.44170097361998
1.89413981053282
2.28887587084723
2.13928627844741
1.9910638292127
1.64881798719684
1.41344163821561
1.61913168626543
1.46773719103774
1.47481334605594
1.41948518256589
1.61279588335165
1.74363438913561
1.52563005086917
1.52840779078885
1.51418238191246
1.34948073440687
1.9741466221913
2.10620051989376
1.5956050079846
1.90620128424035
1.98771356917537
1.75047918554996
2.09762156012732
1.72301229633333
1.64909398332304
2.19996531760025
2.38459038110825
1.8399699360888
1.85984598005979
1.84083828592493
1.68275775198633
1.72152223437762
2.24222870540248
2.18325451762444
1.95958385550234
2.23304232280361
1.95195655621876
1.953954573683
2.23840940489756
2.26265049380497
1.99471193229374
1.86037398908511
2.35965475727457
2.0607498930994
1.47062011041319
2.0031484584432
2.13237059902425
1.91294112453396
1.71300565739993
1.78105288542275
1.7366950678127
1.72572090787423
1.55864284727616
1.55601041710314
1.35195956237055
1.48430542367369
2.30013196086817
1.85631560571783
2.34005230831167
1.52962763259116
2.07222769151246
2.03993838003731
1.45710352946944
2.18398868453937
1.75845340131647
1.51742530847663
1.85201621184902
1.69241233632274
1.66456139357775
1.63454326835489
1.3106558863887
1.1351167163583
1.56771669694215
1.57026137668769
1.45238992640011
2.07967846885378
1.46384806132288
1.16863637875587
1.42939046703957
2.35392757797376
1.27845880671225
2.18446607620608
1.62692612141042
1.4345024332849
2.10064570210257
1.5678344274733
2.16723495249077
1.72256716629287
1.79498515133314
1.87058996420109
1.69770164246389
1.61554501742654
2.14193721412228
1.76978937125554
1.74986314087505
1.55298668201956
1.7670171390109
2.29612994260961
1.93789356524131
1.89473824286234
2.05044035743757
2.09057484571007
1.45891388194873
2.30358312139301
1.80111803599395
1.78051828101269
1.76090551494025
2.40394263128016
1.50056242876017
2.13498867460648
1.54457225957113
1.59655311508304
1.74161159865641
1.67568085640757
1.89596724823807
1.75422996405229
2.24740254841183
2.28047101441148
2.17674350563491
2.24434701739987
2.07660059484206
1.79013271770911
1.90147559938151
1.93896964558886
1.39747489127632
1.48907166415452
1.89894408899877
1.87391729402925
2.14034666944361
1.73399322677691
1.47798155489742
1.30433868507281
1.93424626858169
1.89914302172044
2.1215166052113
2.11237070999727
1.9048991384275
1.9084862279859
1.82289063804993
2.06053001842886
1.96219014767485
1.76945530938021
2.14826318599752
1.57548434950693
1.63315778170511
1.85234581132449
1.8438405451475
1.77135072960979
2.14305313594223
1.72136778574596
1.83832768562227
1.96771070346164
2.09931944728333
2.07451303562714
2.08276855560628
1.54279980241766
2.16710612653241
2.20886435220205
1.49912529027897
1.72581306241995
2.14138659890256
1.65351172391046
1.79661858982283
2.15495377642607
1.81715423668453
1.61027956872606
1.97851674111911
2.02307773256362
1.66780224825674
1.54751999398349
1.28007110360486
1.83517628824788
1.29934040522366
1.90826613709584
1.77141833430598
1.69250452309379
1.6490781953258
1.50198528923932
2.06604321583707
1.87184101439629
2.05930631964752
1.86789160001123
1.82787680762757
1.87929713371993
1.99997688963285
2.05312576833528
1.67351538078983
2.20329337485687
1.82086596020723
1.13823956947376
2.17779880833808
1.51455495574927
1.67232928684723
1.40637078779468
2.28279819524954
2.07655372702669
1.96576748795872
1.88886994964785
1.7469195658738
1.90291573936606
1.56111020448103
1.35071220103082
1.28508626922284
2.11329741677939
1.93297833335161
1.89012027566703
1.41663576154163
1.65953124481328
1.65328761594525
1.37239075718768
2.3774076916442
2.12943276159607
1.66686024683379
1.73534122037062
2.11245297092447
2.0804107442437
2.11200346597293
1.51904333597668
1.95846444004223
1.81620989155764
1.53096141538355
1.7795915628759
1.94033650910535
1.8111032707643
1.69137172510407
1.76340991127912
1.55466787525105
1.64862332444606
1.88688167570466
2.41852078411234
1.31957237895405
1.57462212377063
1.2814339305854
2.02681247295842
1.25021231084821
1.65265020174132
1.72980723495281
2.0737001207813
2.02601089307743
1.62872874392386
1.81674426939745
1.69809984304824
1.50978813240046
1.87057811077399
1.77101819266593
2.4144969509377
1.93040547036269
1.90838590975958
1.52584122358566
1.59148403114415
1.76844231968371
1.70963633061647
1.82754375194848
2.16284598822235
2.28919739416561
2.27222558968187
2.20424823045554
1.76889868945567
1.82641418397471
1.63570722239138
1.64455043910148
2.0796420098955
1.7807582220298
1.98798217474753
1.80276453341223
1.6347035611156
2.00350405581994
1.77975030528781
1.95234718477896
2.1893266341731
1.83797973093643
1.93453052746136
1.98616213970932
1.61380784372
1.70737705703927
1.36203749463167
1.6591962209398
1.55805860550357
1.53651739100925
1.85002615899852
1.90640623161851
1.73825893686257
1.89987911592049
1.59261894763211
1.8904400409005
1.32003526691662
1.45011215232151
2.13738879632157
1.72288374256696
1.85689985071314
2.04173824760818
2.10911052373936
2.03714019288379
1.78735925597424
2.131751787306
1.85296271409146
2.07862966623391
1.62875509644117
2.26448439259055
2.00647292009256
1.5870883073391
1.18525352602388
2.19932245040189
2.07293663776245
1.28865858941336
1.41809349517378
2.44013083473345
1.45442096157306
2.39460846602133
2.08502745636456
2.08475271473096
2.01683146977579
2.19003386905873
1.67781865199346
2.34892912181547
1.7092034510789
1.81897690255914
2.2388594326821
1.98761540592755
1.49379153396156
1.60640063935395
2.32309003914055
2.15079672840339
1.94941029677698
1.39676440711588
1.61676193005332
1.41300953710465
1.37510732589714
1.94343941909758
2.07001858135823
1.48359728256306
1.75328289234263
1.77156420287371
1.45743979197204
1.68696137565987
1.43741969474131
1.8097396670989
1.55828243075011
1.84567103200278
1.5993501776403
1.8841357007043
1.98809776974921
1.91891602717433
1.96696418931016
1.97955421969902
2.27576981901246
1.81220200010657
2.24457991916183
1.90724002402476
1.38365966320428
1.91362420100792
1.92137555969635
2.06820475129059
1.87871857676064
1.024746593692
1.82777673930598
1.78268669029474
2.04600522169855
1.99221525368581
2.10210484313671
1.75902044849576
1.81245111407206
1.69111198865001
1.86660152443674
1.85809807111448
1.81012598745158
2.10438657958531
1.56892976778756
1.75999640001704
1.97894517236188
2.29981285530669
2.03456080077205
1.70422659016952
1.94536948947373
1.84060368722637
1.94389463951319
1.6663365759106
1.59351154238582
2.25573777038838
1.37834809738594
1.72560839821897
1.79854677290363
1.43984932065244
1.7748930939134
1.34276572912789
1.88472996500604
1.46798918033581
1.82764570898812
2.33715592788409
1.68890697347799
2.24361701609907
1.91430173230514
1.60545121362016
1.16294483056304
1.86721934951264
1.79580652098242
1.98867902551837
2.02622001351296
1.95026767705859
1.74880651991963
2.22536360728395
1.70755896323864
1.6737187168739
2.10076424542334
1.66248274871951
1.726582655104
1.58741023163701
2.08917148288018
1.75132512281554
1.7408050348448
1.63533752167866
1.9572379941363
1.68821070939694
2.13026466750426
1.89969852938184
1.18204195905185
1.39289213857699
1.38524502177932
1.21850178859718
1.88995747452128
1.71455455195665
2.19210628205606
2.16532632225664
2.05160538597663
1.86160148992449
1.84605439334513
1.30135081874141
1.58950523091519
1.95623622535001
1.9919017731403
1.54704599400436
1.70193855242723
2.12120015584231
1.73044931208161
2.18582333397828
1.68393202216445
1.66454948734951
2.21908010613124
2.16782045081018
2.003344354401
1.90653989216307
1.27778035695077
1.81594510249334
2.11321841988522
2.00505501304541
2.13189663627055
2.05295080635452
1.75214871078992
1.90883515683424
1.59352245610889
1.90217008407807
1.79694077808586
2.00468283566525
1.86833938147901
1.28138434111172
1.75761213428085
1.70500045364343
1.55301519576043
1.33867144666487
1.49681458655406
1.37439820687707
1.32186131781444
1.80123424040026
1.76951145781319
1.8347661891513
2.05259172395434
1.96294604746703
1.72305646187692
1.79132399036519
1.59288483237565
1.73896669668525
1.73418425599302
1.77084903302026
1.35437797977753
1.89274813174839
1.93302979988596
1.16592091966358
2.09821523218665
1.78470942296034
2.0491678212075
1.76366393644745
1.19315513740264
1.64730813527243
1.75505923546213
2.03173804303021
1.73134377796302
2.43943471453728
1.79086130945056
1.57327824195812
1.96182257345543
1.35941700729969
1.64422407504643
2.1344321468301
2.02766100300695
2.0141071738321
2.05506257117366
1.77122545487624
1.92378836282085
1.92334948414434
1.97448969985917
1.77442963266618
2.38599257358634
1.88906941038705
2.09675327087266
1.70741972495486
1.58522916983127
1.91082234302795
1.87269901331638
1.47019642400786
1.33437321479882
1.09572203914239
1.81281066662326
1.18108460705922
1.75803744480138
2.04425623332536
1.97272255586643
1.44073748967042
1.47676875022659
1.76239336229987
2.17840615032084
1.31888107859743
2.15848238883885
1.7247624192009
2.33590373605496
1.5542436303096
1.95026154584828
2.17176165816838
2.1389078070772
2.32212109113848
1.93575709300872
2.28263045848388
1.75035052050142
1.57963915033601
2.00119540379485
1.840513941338
1.93502821247975
1.68190486884168
2.02679354023467
1.66625516822711
1.54205546554323
2.10122700937774
1.94731259890505
2.05524481595984
1.96784637798772
2.16079454986333
2.37498404831241
1.53607725921919
1.64037411654083
2.16463920226788
1.94081755717977
2.01739618407754
1.51825517520407
1.65842206213459
1.947361659891
1.96356159058518
2.17823439724709
1.54982092692397
2.14248616930524
2.02270958889577
2.19841474598939
1.70266449633834
1.60748487719718
1.85389164456821
1.93190448438544
1.7794802152338
2.01513340337058
1.92816984412117
1.92460309617679
2.05372951126207
1.99325219110641
1.99398781177699
2.07478609987482
2.15468664191214
1.96918090254505
2.15749109167201
1.54932187891831
2.0558901064731
2.00445168285806
1.68611323016942
1.79999150200733
1.81897106938123
1.6620205058734
1.93048320484085
1.58952606852273
2.31468641815117
1.61056344276723
1.537445532075
1.63606728900186
1.66106034085989
1.78678409423473
1.44372008907581
2.10332561609178
2.2150904231865
1.64144020089339
1.52657325979256
1.54227000226053
1.88923473844024
2.08416743338326
1.9776477730933
2.12020829105531
1.3059358592723
2.18720590574329
2.09087259185106
1.36101715942473
2.32931813978511
1.61401186506632
1.91992750027346
1.59022419475073
2.15489648108503
1.79073843807469
1.93633045411269
2.08954674278363
2.00193716299409
2.04132946325321
1.89317855736274
1.90775439641815
1.48795793900014
1.76709498659438
1.87043255735768
2.20313522801184
1.44113492465943
1.85920733219185
1.44063570022693
2.08314656182071
1.56913273913932
2.13096571178368
1.48743711325047
2.14774352849752
1.89337213453534
1.70359103031466
1.60851755223973
2.14461779435687
1.86108725376578
1.76725777274848
1.87953449442292
1.90390308464217
1.85714624642549
1.97658224025487
1.85387117009553
1.93175172808536
2.31130417576481
1.73952002699573
2.26291407559651
1.80868922476034
2.16099774668804
1.95343493252661
1.73781132808408
1.88214631898263
1.85754049463434
1.62170599038765
2.05679030755758
2.1120297091395
2.13614057469839
1.98347958393878
2.20093901774578
2.05238802739459
2.31734236594514
2.10206536365203
1.4440005004347
1.25242027749739
2.01921899660777
1.75667370041314
2.09880163992081
1.53734777634483
2.13425291637594
2.18755620926909
2.14990892056943
1.99950558231139
2.00140342484892
1.64575944533946
2.20814505560387
1.78864843575847
2.26044533280288
2.00307607305869
2.08509316055856
1.90237634764674
1.80481308709286
2.00855543217165
2.10979415065492
1.49447745850595
2.42204710587923
1.94531325144525
1.77360248316883
1.79806544189874
1.64225154148165
1.12355980523828
1.86803344597421
1.94130398854815
2.2701123629483
1.72197254888856
1.44341320710942
1.72258192936441
1.63049035654902
2.07214773732768
1.51639941119435
1.84650059681465
1.85256224425936
1.96266670974298
1.74456709383368
1.73707340531715
1.76634594417268
2.18325095851203
2.37206568949316
1.96783584464827
1.55049553125031
1.41493455469968
1.74760051262388
2.07572850247329
1.2374108700395
2.19496622524279
1.95564966607083
1.69238285110881
1.86616510497406
1.7629038765745
2.17979133252334
2.01162979552259
1.85645414020695
1.60597858761351
1.52402597008701
2.01733075969161
1.7289296241538
2.04822900650064
2.03119101805159
1.50419763750065
2.05797183628626
2.14280506154334
1.44628624785556
1.69458507817684
1.44952505257099
1.86671844124104
1.75492851503195
1.79268834756009
2.13192491888841
1.74889208773195
1.70899535651744
1.52740580647466
2.06467292649862
1.65547766738709
2.06066310109501
2.14256974501526
1.68265368663988
1.92252426071806
1.35697764925184
2.1382435459699
1.64191789360632
1.8128207393343
2.13893269637176
1.64124362817666
2.15149346928579
1.77201976897036
1.93663358948638
1.86009917214927
1.74819665138444
1.63558255694359
1.93043664815707
1.82506917718224
1.94071541464116
2.12827112129234
1.80144264367772
2.01383520368445
1.5321956776421
1.31421463823076
2.34775885416189
1.69400094699376
1.66200576109351
1.59381361934987
2.18927320150735
1.39775248242384
1.68230147083049
1.99163405008633
1.59221931751642
1.79857949446945
2.15727918294192
1.56303005135534
2.03746608580521
2.13432874821865
1.98957859593148
2.43957610137117
2.08244577854808
2.37368526671778
1.65657868893461
2.10404335854128
1.97180072345397
2.10461411635788
1.99374595472286
2.03615299445391
1.9728292937831
1.76288120098832
1.92449058480895
1.71025343639055
1.67322122696923
1.88880010777955
1.77779691933396
1.58411442216486
1.65327555211213
1.64013444051309
2.07504214246301
2.03838978389733
1.84901515193688
1.69250523444232
2.32080978816143
1.7562864140702
2.21783317615983
1.66394566388307
1.79681155079173
1.20793789246653
1.13431952889507
1.76262570034121
1.59056150645639
1.62044633063627
2.09076555298075
1.57067228599311
1.58490338018987
1.96597059071414
1.85603547449431
1.55611423385509
2.0644774313587
1.39929556000295
2.14622706708043
1.8170742122722
2.29711556317233
1.64527337111441
2.00529835721181
1.71224435592573
1.6452985214799
1.79619060338378
2.07515838387358
1.47631870095935
1.25057312042179
1.87105047344973
1.76915569066456
1.38121267062177
1.8249326221273
2.14302905581222
1.89141519838224
1.3858610179125
1.92987282434352
1.98863277463077
1.39608116453451
2.03237716067736
1.61478263641992
1.36965539562699
1.78709725082225
1.7022580134891
2.44932248114181
2.1691673368486
1.32543652524431
1.99529540793355
2.1967178781551
2.25404436652001
2.27241801197239
1.7326789443963
1.52944843651841
2.07811242938901
1.27548821452056
1.74165339766859
1.72495002186212
1.51467273490581
1.83470858531803
1.85426687953386
1.83581879750112
2.12462691698975
1.96742589948733
1.77885609430287
1.42713642252079
2.22453285682559
1.93048445911669
1.67989793902028
1.87724400147312
2.09030213924747
1.53709492443027
1.75129912123823
2.0899766492626
1.85719707261246
2.06150597641747
1.88990620257345
1.82330445289707
1.97882860338053
2.37691864494463
1.3514435877235
1.71893153990938
1.92513233912741
2.19150716317897
1.97613604806384
1.65802670030914
1.93933743269716
1.68832705952035
1.66607170096378
1.83485282876902
2.00511223926636
2.23852314672546
1.94450301717461
1.66836693551
1.90603038899137
2.30184920629663
2.37258456205859
2.17810782883489
1.46615804013263
1.2676302797343
1.87381466681977
1.53188915780276
1.16875860797193
1.93706241572012
1.98767315709068
1.42585720110959
2.09325702574571
1.37806280094187
2.39247377533798
1.77934898464778
2.40484522195093
1.77092975710153
1.4085632991025
2.23875179653646
2.27035187538561
1.38700021078377
1.80341884781566
1.20105850447814
2.30101979890216
2.27975968541314
1.41485411835874
1.65639810718934
1.22265950114672
1.70895132558971
1.96055612926126
2.27651671432471
1.99127836806749
2.33733930937953
2.31827872673731
2.0460334528557
2.09962593056044
2.3684348808166
1.84397985186834
2.0104607195537
1.31653761860791
1.87337325032852
1.85991066349671
2.34830200283324
1.99111289847933
2.07177613041931
2.00431893461122
1.41418119004023
2.40843831014723
1.89397996953837
2.09864196534112
1.86592051038008
1.86981526598764
1.87128940842016
1.61940692285677
1.45668820600344
1.74560496050973
1.94960281106004
1.64392840332784
1.81185817951341
1.87758994890788
2.15185695323154
2.24029564758773
1.44747295481495
1.93306308402682
1.82922898845285
2.12978747111701
1.56720982184389
1.8919445160523
1.87754015210659
2.27861708804319
1.84744475008382
1.94847117582605
2.06539899818802
1.69916144305771
2.0499904627337
2.3798947595394
1.21945154830853
2.06808007943215
1.66596354112193
1.6937270674633
1.83214957711775
2.06969996073163
2.07094005932235
2.33239005951651
1.529254985777
1.82919705794155
2.28634645696673
2.33956846165984
1.19216478405524
2.09178834565462
1.4360388754623
2.06088664249863
2.03481743065351
1.79944762379571
1.68968296558464
2.08762345353335
1.51421257897358
2.22831780980017
1.70659262814372
1.67038933959805
2.39359136800438
2.23393662553122
2.16136454633764
2.22689156403438
1.96574582989332
1.87072268880814
1.90411342173712
2.24282131795169
2.05659349961523
1.99827240207272
2.07430909690851
2.03764981231706
1.76904329706495
1.49711469605861
2.20921774275322
2.00347243704495
2.06367786010073
1.87271260597312
1.91592942410918
1.87867615158356
1.6115599028717
1.96059361636667
2.11277544913233
2.21921180316207
1.14924597039388
1.66256608907003
2.07352022939309
1.73936930698147
2.32561173624558
2.24484549645433
2.08596988395576
1.54062397380667
1.7014748371733
1.84212782569271
1.92244335050287
2.14369713444076
1.79710511635392
2.13104365177379
1.85726216407838
2.32476549424873
2.0223517063796
1.67163838923423
1.77569269012019
1.99642672296731
1.35163078080624
2.04008479128586
1.50870585056789
2.17438314799164
1.79175700734079
2.03363317741316
1.86882473271866
1.48695751367181
1.73279415801812
2.29666253862601
2.23530335627925
2.37538829615044
1.66830198017058
2.01436020772459
1.77344600608445
2.03284133552348
2.34007570807622
1.98423207891523
1.87286260569738
2.48600661594695
1.62144708469311
2.08500584567662
1.45480244192537
2.15943915422716
1.52038294297383
2.01624507139715
2.28021445725567
1.98727075412365
1.61960577539765
1.45015871290794
1.99124440327896
1.80946796722979
1.49328567223306
1.68974313368993
2.01365006623584
2.05108970022337
1.90419521363419
1.48913021018149
1.86809563910622
1.91675098822805
2.27411316590338
2.23262291240296
2.05599540914511
1.7661370469566
1.82115117383031
1.80738903375843
1.02885644713751
1.99753657691268
2.37959811460738
2.02267856192057
1.12093972237083
1.12085714214043
2.01020647866785
1.52622318635722
1.47634143643831
1.48196630060617
2.09971740401789
2.42971524593447
1.40432965662906
1.75021688837279
1.95206095870254
1.69614687635444
1.90282557236555
1.66650911355452
1.7762593996127
1.36432799165892
2.0067215605609
1.66934043377914
1.78720572947382
1.92265667677047
1.93634380279459
1.77655975716537
2.09928806194267
1.88000203510398
1.99254344732449
1.9253548035243
1.79812075107197
2.23261815972864
1.5450809360685
1.15929623004444
1.85384654016871
2.28184500225602
1.75843148078948
1.72741510608627
2.07752857592372
1.99246956654869
1.4233294360181
1.89653271600798
1.73607510716704
2.43159245529915
2.01980134324898
1.32920684651227
2.10952642094582
1.97282535464225
1.72882074624305
1.99160461588324
2.04281823207906
1.94451898253507
2.15632810264613
1.96991367712474
1.72621478208904
2.05663233686778
1.89573643876205
1.4499447564608
1.79178302399783
2.3443375941175
2.18465448067177
1.86272657438682
1.79304797186595
2.35437177894693
1.82064319769908
2.21405799915711
1.88164858059869
1.23970114598122
1.97959158265871
1.82026042356343
2.00816646108335
2.00056666769839
1.94291591102741
1.77936982947509
1.76654002109144
1.43725746615861
1.61653769999357
1.84366022731367
1.31221073319798
1.6955192560318
1.88975898264497
1.67890390419058
1.91316644425937
2.13412369775927
1.95665874208882
1.63545924243559
1.61673453673175
2.04283876675759
2.06645744594149
2.24154053002518
1.58575229833548
2.32802060828966
2.38256219752147
2.03634948724139
2.06579350916971
1.83007268363332
1.7081697093967
1.76341441746397
1.85054682773286
1.97831448158021
2.22455697250284
2.18558224334148
1.93202325585907
1.98826178248938
1.71597595884469
1.20349617128924
1.73399284016854
1.74156328441203
1.97902219882015
1.92264219685893
2.27817839602211
1.92120789607372
2.10595923855126
1.92920067379047
1.7124496131955
2.15394558636541
1.88522669220266
1.99327597857542
1.83364247631812
2.06758831810777
1.72606121909154
1.84313885614829
1.97018334224703
1.8818425221321
2.04424891208667
2.06643452292485
2.17331113711346
2.23043495947281
1.7664498136968
2.0059816055311
1.64346117885662
1.88256444602272
1.50817122019233
2.09726528160786
1.72983175014865
2.18659345698177
1.7956485130853
1.62991943244352
2.02894509196961
1.39466211881612
1.62784087759254
1.81506417573958
1.7199271572413
1.5237973156057
1.36066858418104
1.61837139318687
1.45446798956934
1.85818930091046
1.91082634547284
2.29563285161826
1.53245099670787
1.3632836336624
1.77159921051597
1.97493418109902
1.98519797206886
1.64719282767377
1.76806625945935
1.5235100679474
2.18566109957828
2.11057863391677
2.23615284064531
1.90387791743325
2.02699371716116
1.31645788892916
1.900483854377
1.65697169602141
1.82500146581535
2.04693493095007
1.74389058355933
1.78938973198873
1.47386077018173
1.83925579004517
2.08599706962921
1.75644815991929
1.55968416245035
2.1429665748642
2.04357177016794
1.64890027954907
1.91157672223512
1.92033484598087
1.92992203777044
1.98368730314054
1.89082897152429
1.69689463363737
2.09872109044102
1.85654946049002
1.9389986243263
2.14158020215243
2.12814741611379
2.02792008448451
1.98031191755347
1.62452986198455
2.00311633594046
2.04300307828419
1.86379192634573
2.12590834588894
2.20058815698806
2.23634149690812
2.03616231532388
1.74763519330502
1.61454633123147
1.72793004179797
1.82158651943125
1.48044377478921
1.95447355288305
1.66157691894233
1.97032422682597
2.04093609522629
1.92034032435539
1.56299394130589
2.1364456457456
2.39282631152908
1.45165306882366
1.83450819360733
1.66307531018143
1.41635418517469
1.81517450015366
1.69706943123318
2.02268671512301
1.13034900650077
2.19269923892359
1.84506135864196
1.8640225329086
1.95259858872825
2.1786134340449
1.47352417148232
1.58901514459288
1.12127712756135
1.93188994186396
1.93455398889114
1.56438329645733
1.96869605274641
1.45755562909203
1.74086409440394
1.78751382332882
1.53498146155023
1.4884838671481
1.92758505307862
1.96236888021875
2.01032480516541
1.56701333484402
1.11502385645573
2.00587089033123
1.4318472885675
2.10227640454955
1.60219887908108
2.1688791456234
1.9424975540888
1.97168338366651
1.88289385087534
2.00161078129192
1.71018562942151
1.9048170114069
1.60934977932845
1.51535730608518
1.86299029705819
2.01641160299876
2.21181987115914
1.76793055138673
2.09263140850365
2.0513611604841
2.36889617926501
1.80340261883276
1.88131758279183
2.02110973615516
1.59701914380547
2.06275289010494
1.99172719316913
1.48532195537588
1.83173023628284
2.15268631608148
2.08199142528943
2.06838397867915
1.87302737341704
2.24418270293067
1.99344209528942
1.65991062080403
2.17475752434976
1.06800484295392
2.32666578533525
2.02984747532801
2.23421528517415
1.31625505122416
2.25536448569322
1.50467146874619
1.60975017538087
2.0284787890866
1.58100572660767
2.4920164760416
1.93223648383658
1.41720379120674
2.33810814986316
1.74243682575377
1.54837070730649
1.27165324108022
2.01491118680904
2.05363241073775
1.28706459286965
1.52195960526995
1.38903725504108
2.25876837069106
1.66713346903388
1.82255021568275
2.00322131023744
1.55639029213936
1.63275085838591
2.16358222402343
1.98683892285954
2.29503278254368
1.48426407167744
1.37441914364048
1.86241475254923
2.06816413012571
1.63676862128668
2.48112139850081
2.3121144464085
2.08600959870763
1.56817370019101
1.7273639923715
1.96272957605283
2.42051403161389
1.23785167046073
2.20163951407152
2.30979906656025
2.09461846684218
1.74421968088652
1.89306115161857
1.51930144095555
2.11948249704424
1.7760949082607
1.79377945927848
1.7381240815786
2.20826819336293
2.0982003133269
1.7484024503977
1.12939728902172
1.50600282520855
2.02206101234437
2.01954428475156
1.76299678387
1.58255207673669
1.12544520889981
2.46683646810992
2.00205351795164
2.46501538432625
2.07759068796371
2.03998823469928
1.82131792031192
2.41713321683211
2.00191481190984
2.1641888713003
1.76262305424274
2.20448231724846
1.91741259187626
1.95209718615481
1.85306983636976
2.29743485696424
1.82336251362999
1.70446105248445
2.2152030055767
2.08017522826753
1.59285016762388
1.85685785570942
1.79682157270502
1.29196526742027
1.62072493310536
2.39147874238335
2.08802920282585
2.34823427221242
1.9805838780335
1.68663358791127
1.82283309967538
1.78578382873515
2.12965954253073
2.3821109721929
1.94267443739643
2.20616627589289
1.30001010446952
2.01235059052125
1.40202164349461
1.76205400698923
1.91199077465697
2.15712642000773
1.51308060340256
1.9776619032622
1.60101663579818
1.76026210784598
1.88146114996591
1.85407243036717
1.97613630557745
1.92749731633042
1.80727683030891
2.02629343258254
1.79094288681097
2.0186906045058
2.24006103397939
2.10612612373485
2.15785242782259
1.7926372966038
1.64255882945428
2.06002570841004
1.69255264507787
1.36961567117922
1.88731511929051
1.96868884594127
1.89999215494871
1.6444922237347
1.93696383644606
1.84773500857431
1.66785215062354
2.46101851118674
2.0359146255498
1.77985967283642
2.0595835983947
2.31962758375944
1.68894450626574
2.03387582386296
2.2111518429655
2.02164789540714
2.16008110690949
1.53624118314884
2.2592002607285
1.23278637418255
1.66661117847016
1.81782225183192
2.16059738594417
2.00214653471656
1.38670558421512
2.31943753343815
1.80496882237631
2.3702848196059
1.55742501518092
2.19268898012274
1.39107981693241
1.90164052717931
1.88406003983066
1.44452212794819
2.00115837296153
1.93200323944257
2.07298820223929
1.76251832972713
1.6592115591298
1.60461509112648
2.01263034827287
2.3046539729029
1.65531901091218
1.43217365844735
2.07919740645966
1.95729302618872
2.05627502368288
1.6323769264054
2.1488912188752
1.716555083695
1.9425963714865
1.55286632855496
1.60973259147646
1.57247515948068
1.41548055367272
1.64881220899865
2.19013292627272
2.15955224088287
1.9159863045977
2.07904412573685
2.33626398192607
2.02988435146943
1.93623254778866
1.85773580950375
1.98668150484898
2.10972772872614
1.76682096873504
1.20774394957922
2.05570891740469
1.95724268999092
1.70937869820376
1.42485117362529
1.62801146318599
1.48592253782474
1.53790659177504
1.87520271166376
1.64681505909647
1.66197014091097
2.24125969794204
1.73033729044483
1.3527426865941
1.99182721392418
2.01457499364901
2.04595156908519
1.48710079920242
1.9112996646541
1.93829148654169
1.79995853129758
1.73412555991465
2.36174526216758
1.54040017975823
1.68036784820944
1.86078745826652
1.86482060141356
1.94085859500147
1.51288228086809
1.71531669183776
2.01411421737602
1.76884327581299
2.24369078937043
1.92520921112188
1.96330217078242
2.0379302265307
1.38411348963844
1.74571048746297
2.03229691289101
1.61459780784227
1.98902238720267
1.40998159507996
2.34527711098463
1.90466934139341
1.37837247727789
1.90161500012255
1.63513044958914
1.71741258974936
1.94134986944803
2.15687633988775
1.3236086597877
1.96014312705207
2.03564724767185
2.17753303627322
2.35878166141753
1.80377678493534
1.6809948637626
1.80021102079484
1.76564709637435
1.54523263896405
1.84546784114446
1.48867098003156
1.8805074533534
1.6658919693435
1.50555456957405
1.98070642590136
2.05837645106533
1.71813606109417
1.15073894287105
1.91720804484493
2.28796051486985
1.93115810022024
1.53386267572115
2.12830579366085
1.7068150890099
2.1270313517536
1.87938712622622
2.02749213937322
2.23150993651551
1.82291294095413
1.84131760441998
1.37557194309256
2.47740577960969
1.53804641978477
1.14753556027625
1.95429926852516
1.92115932582735
1.58302900458033
2.16574768155839
1.87168480433839
1.97561695195089
2.09299941118289
1.74247188235767
2.24215329714316
2.12631115866428
1.51704441155199
1.92792985153245
1.29667608555311
1.78015537203348
2.49867991616687
1.87896177457988
1.69131695643121
1.19187072625989
1.58824207767464
1.21521759645946
1.34296919047706
1.5405197682067
1.92337714828351
1.08639852404453
1.69184075604197
1.43401610481335
1.85611023119191
2.12347178133908
1.57531348523572
1.68843848831626
1.61913055083461
2.17955800888067
1.84174185411921
1.76136037621318
1.83251174299346
1.99023446554686
2.06662024548905
1.68533143854552
2.09090007846387
1.83585233643381
2.33891977750972
2.37611045611796
1.55427313574199
2.42082356547057
2.44919280443793
2.2373053506223
2.13330807484427
2.25716579510556
1.73970177013192
1.7421665136614
2.10014953016293
1.51618333623113
2.0598192647307
1.86797218190963
2.27280228186909
2.00499191508348
1.93402839304423
1.7714440080512
2.29511083608112
1.52570250053023
1.72069939178781
1.69816061307309
1.51446614475657
1.84938002580704
1.46707377583511
1.73382834582032
1.36653490984482
1.79957533709552
1.69243032157361
2.04251569158568
1.88643318488204
1.99065307298253
1.67007784126579
1.77808710839884
2.16225051047637
1.85595108754099
1.81074853630947
1.88561999442499
2.36772091037414
1.99888075830353
1.97152459630348
1.61186875217293
1.67682118115671
2.04501712471119
2.15473438093144
1.88542861669228
2.01450047050035
2.19127720481384
2.20396700434243
1.6210295011881
1.31580840019788
2.32748321420689
2.08233262886427
1.89948578190727
1.99093151134727
1.78900872487218
1.92033440416182
1.94891378271824
2.27126591917379
1.76246985711353
1.74467840902675
1.59940480156142
1.70837526757711
2.00213572538105
2.38136236469425
1.51246101718069
1.6752021174877
2.19385271950291
1.62048571560049
1.8990337536618
1.84159564360767
1.42502387100362
1.93017291389546
1.80404729825136
1.75893887147388
2.41862743253967
1.74603114235425
1.52989535374607
1.43993282619188
1.77752392796808
1.85429784628724
1.92983758318983
1.63378952846831
1.2877410758891
1.79453135678474
1.46619487601177
2.31025662863112
2.40882339739149
1.66431732917196
1.87675138169645
1.85955458540192
1.95927727419101
2.0226869748136
1.46745606237109
1.55019584671271
1.71097925180597
1.76614485374003
1.90161343054454
1.12038423057326
1.26489022640924
1.28905881382982
1.80441689361396
2.17930714378347
1.90584274344632
1.69943872376485
1.55685368255373
1.1886096720876
1.44025404142772
1.97472621793002
2.02609442827804
2.2675430206723
1.5362980067306
1.60651672131021
1.92747179398684
1.584671340247
1.68053692787256
1.9465391886822
1.94920098500354
1.88665011432663
1.7688992959058
1.98768176846419
1.4593240066707
1.83234046410455
2.14455797051417
1.98517305097058
1.99752644607208
1.77430273815965
1.69901124333345
2.16655448280713
1.19466949898994
2.06697014717047
1.74681665487801
2.19574225067382
2.12309098750766
1.89225860080007
2.03650564275909
2.21761717061337
2.0395015720364
1.90264137375801
2.16052624889767
1.673375459879
1.94099208102934
1.57001408730237
1.32783871895671
1.78638122943342
1.45761408100708
1.63996008975496
1.78981762778155
1.84418660335639
1.54625210169327
1.79310955844012
2.150604631732
2.13973030975476
2.10073985702391
1.62320400031733
1.62353835833313
1.89723754963517
2.11232626390593
1.75151555182663
2.15791583929236
1.62198886667699
1.97508843363487
1.36757603914658
2.15249206221138
1.64370200225864
2.27562108736541
1.87134984493841
1.96728675782252
2.2414887359506
2.12678616444227
1.76902577305787
1.9537806992714
1.62598060917007
1.38476172440437
2.39653104461714
2.36592978892181
1.42752669522794
1.44994808752659
1.92427237131899
1.51692292560011
1.39416851114011
1.51922616063833
1.69301383529161
1.73010229218451
1.92669144945707
2.03970385138308
2.13540443506454
1.36128812111382
1.37984783389524
2.07437101689755
1.65705481991983
1.98490527005969
2.26112778611681
2.00099562571476
1.86560577141781
2.0050445578366
