2.4999
2.25869346756389
1.56290996140493
2.46745321129636
1.96094358992067
1.71606336945304
2.4960101297488
2.3755949584373
1.86102422221126
2.47267400210605
1.67063854097426
2.29106927013116
2.48335667473373
2.40508724062784
2.46136080696289
2.37295171495406
2.47524904580523
2.32878294585281
2.47463557548332
1.4966585503118
2.11038715373769
2.07899032321583
1.40065441492531
1.70572873864917
2.40118566558571
2.43081144692811
2.4389911589028
2.23389457132291
1.70492318892374
1.76934303302049
2.27651828014799
2.06743077050277
1.16221652647688
1.15911498150302
1.78595078331318
1.90298934728803
2.27896170264852
1.88028492721196
1.78861375253386
1.9375799925362
1.53105908376627
1.88187769647997
1.77364551986075
1.32785200957007
2.31268221442014
1.87299907520519
2.12585202958454
1.94998987420678
1.72741676664794
1.35688945282709
2.17846299156155
1.95935046642366
2.18935426279253
2.12024348464354
1.19340132072711
2.12860724464524
2.16471941554872
1.60648624725188
2.31034110761333
2.03664150645778
2.37958954587463
2.08404290471048
2.13657203378185
1.61406726853838
2.12393262764861
2.23229267971323
1.22550764957454
1.84739862518683
2.08153964763276
2.46487367954563
1.87332244336918
2.3110083814967
1.45814392096486
2.40042033155039
1.49431399136561
2.14377483266103
2.13523730508015
1.88423436613024
2.31983940402939
2.27226150087637
2.3266980111668
2.39291814580605
1.77643467420023
2.16983716200099
2.18732823213214
1.63359371781749
2.26803863481193
1.97021098902804
2.07673317847381
1.76408791495908
2.1765859321385
2.42815670833725
2.21493522480327
2.44214055502369
2.34327031712441
2.24523778387785
1.88469628740093
2.01893665912285
1.67332087250548
2.24997846438686
1.25152676550361
1.84868304150412
2.20997815405632
1.89874943945337
1.40316940846164
1.62467851509673
2.35720048645476
2.39932322800059
2.28771424319234
2.45779044323869
1.83594259937507
1.85159513212139
1.67937574831208
2.33230292397557
2.45730986088028
2.06336271387563
1.66734962343818
2.26273714313134
2.16027409497166
1.52478217917666
2.05418068643389
1.92016386665222
1.95721244985175
2.15507454257214
1.76949098337832
1.5399878210048
1.70287389341286
1.71190679869355
2.3613638062993
1.99818126160208
1.80913249582494
1.41968360027044
1.86466513391614
2.37414893074087
2.19174343798381
2.24193734717506
1.5259298470714
1.81675490809108
1.20702298586088
1.34773749733388
1.62035527588353
2.3808786558767
1.6233274251601
2.07752335447946
2.17748533784538
1.79054516814709
1.69059980906556
1.53140010710021
1.97905015997853
2.35874233754065
1.71197653785668
2.0350614978215
2.05649028072507
2.01653595059196
1.77798575712877
1.75238833377171
2.07676928135021
1.55663333383516
2.20325365335859
1.92671155677626
2.26982648053597
1.73131785546985
1.99838652736217
1.56425889502587
2.07907196657969
1.87360844221649
2.14697676391535
1.56530316671283
1.70726016947886
2.22041641760508
1.35964598391333
1.72576606215835
1.41345878755913
1.83637327811275
1.66465288496826
2.096987750762
1.72654409913924
2.3270469257059
2.25425602648992
1.33212616211345
2.23543308692165
1.87587665050803
1.60836882289899
2.08291128567835
2.20782994321357
2.21543792944363
1.35270167894797
2.18460537337007
2.25039470964323
1.7871047087719
2.05507433836555
1.99997782115058
2.09523580326636
2.30288890145912
2.38050120831851
2.22871732402836
1.84305183896095
1.70064487233241
2.47025307809752
1.97995590464003
2.18398212134688
1.33851771328468
2.16929644827308
1.78471235605082
1.9780847225031
2.10428573828613
2.02047297334876
2.39032433757321
2.42551503427125
1.62287084953383
2.14579251425553
1.32039662476979
2.40386923075281
2.06479381513464
1.92494195510391
2.03775861391534
2.141092755473
2.21478699357698
1.78449300305902
1.48450954220054
1.27030143052058
1.21223240583314
2.39949246243546
1.78716967157093
2.13382439539065
1.98020411538546
2.04194109627214
2.28825790174574
1.58205889629367
2.27187764619234
1.76594817283481
2.06549269182237
1.89328497280385
1.76415601647761
1.41839762290911
1.64036267439008
1.44177922529157
1.80500034444102
2.27769438296257
1.62801964089561
1.65080172422903
1.20578816428353
1.6486909202252
1.84815213058201
1.98805578377228
1.50575043506644
1.79687152965759
1.81529116168136
2.15076190493888
1.94911761247453
1.42849904642804
2.26773745679543
1.79199628434723
2.0617619997287
1.37233952358795
1.97100023919089
2.08680810157695
1.85086733653738
2.07143452738767
1.86078363635036
1.70721773845665
2.21758020327676
2.16537899033447
2.04092093647343
1.53079421210307
1.88849009966505
2.15277601376591
2.39782897960491
2.40912963667932
2.39276854476807
2.30109808770504
1.73297862254752
1.62414974128932
2.35181852281328
2.3316015111311
2.31858150939035
1.87377187008866
2.16069519548129
1.94195653155363
1.67548340796384
2.18327062970855
2.24264515198893
2.20054152193249
1.87884600591941
1.91002787803191
1.94991643342088
2.35281411632363
2.17689681800636
1.65588991557501
2.18992530381722
1.72144561117682
1.82301692936657
1.91830165469876
1.7628096872812
2.13700470940574
1.51779199956696
2.301032165797
2.23264103076584
1.07640430983476
1.5361312065727
2.39299302042101
2.2504925035813
2.29750250901511
2.04877836718707
1.48380313768512
2.07706608313742
1.96153028562548
1.43625047026456
2.20141636721765
2.24202840603491
1.30638999929406
1.85220302587035
1.86735918004118
1.73390921770064
2.45048213802332
1.61991575578918
2.06539936734567
1.93754643560307
2.20559297706844
1.89856336243822
1.2562336111105
2.21629495116659
2.43174125375408
2.07306985088321
2.14691686871066
1.57181391435584
1.97531800819462
1.65247692760209
2.27591993085487
2.09252077830333
2.34095233465447
2.44724004852302
1.11097039982179
1.89953752831678
1.78861528279989
1.29979031215468
1.77376658472248
1.72485701601582
2.40881130710023
2.41617816427933
1.79602922630704
1.67520817397328
1.85007614344891
1.88970422442954
1.64192836852104
1.85812874644961
1.92624845777346
1.9414622142636
1.83417873980046
1.67901592610954
1.21390129125167
1.51176607874588
2.02532128915715
1.81142776653415
1.8131250145639
1.90956343217427
2.16340088880228
1.52298137032184
1.74492870977164
1.87802809837182
1.68411589554117
2.1560155934665
2.13122395519455
1.47293746455754
1.90803550958409
2.09856664372791
1.87971123496208
2.03438795359644
2.12829820510143
2.20482265010472
1.63869529629537
2.17585280443636
2.0166708660731
2.24663185107558
2.08145469413262
2.35737140978695
2.0903702770769
2.35317034668098
2.12615183503639
2.26008536698746
2.01893842216728
1.829306874316
1.92377656098055
2.02422749118556
2.02706620157785
2.03108748974322
2.13306539080599
1.80815427087883
2.19499035460461
1.78492376462292
1.68807861825917
2.19567372828863
2.1286919317035
2.22818208867119
2.04232493951577
1.95617466025558
1.92497701385172
1.77830627884998
1.82730843051991
1.37459287937081
1.5986321157918
2.2265568344303
2.09454774363956
2.06106087796434
2.24894164658509
1.68929916248675
2.03258334831582
1.32718535921557
1.90995356068676
2.01824180670359
2.00278836744154
1.90596138855359
1.72544469353496
1.47256779263034
2.29778987601537
1.5386964776883
1.79560125166813
2.31479382040422
2.35418333320594
2.16043719132855
1.617622304789
1.72840293715353
1.28134632205697
2.41581648136623
1.68906270932184
1.74274766137865
2.07339025841561
2.30817079644669
1.60947429297944
1.61125662225077
2.2479043816941
2.31180729583234
2.34903376044344
1.87726506420871
1.38956395829763
2.0411084672874
2.30537728233766
2.28099134771228
2.22092353724156
1.66902604923475
1.79654748545178
2.38486811707403
2.10785764808932
2.01974399703591
2.0730820839851
1.71697491509927
2.08736909153286
2.23915855320026
2.28079104347287
2.2529748795211
1.20087153507388
1.46161764276502
2.15865464509861
2.21669285501037
2.05318435548748
2.07441291186473
1.65141722208132
2.15125540405721
2.24083043564456
1.96965085080923
1.90978646765314
1.91012645421242
1.7432033591179
2.21260910116175
1.50740341681083
1.96652578587371
1.58157255477222
1.45466914345842
2.26464044527725
1.64197192305036
1.78967203901576
1.93062259778438
1.80508573407419
1.90454564021633
2.30230653263711
2.23065669049687
1.89547071060152
2.43874433554156
1.80588494373512
2.26957015468092
1.46017144686027
2.23295410331284
2.27353816496306
1.81470456233732
1.98580300025187
2.16566037898758
2.30317097716412
1.62102278416487
1.40972584256996
1.74338756515198
1.87236739812052
1.91706370698587
2.18596172479382
1.24951205827784
2.20876586633794
1.94314621505576
2.00723323656099
2.31175961579677
1.16870072266975
2.41274120882277
2.37047779579359
2.40009439769673
2.46365445533651
2.27310583780828
2.20872378505303
2.30378796924347
2.20502363235539
2.21960551756143
1.06971413996698
2.38630108717181
2.44371015982486
2.46907037149132
1.37490932780098
2.1810595286605
1.62190869662352
1.51682663388848
2.31604430048688
1.96574076698171
1.78737967409971
1.40107028283621
1.70014429251122
2.19827566222135
1.90485082131007
2.36341392367859
2.35862661647757
2.19928790036384
1.48377351810984
2.02558123327128
1.50970035476064
1.63575270031794
1.36398441262676
1.67739583921269
1.82836833125938
2.31724779900814
2.07491075076936
2.06494233842807
1.97399900099499
2.05664884815798
2.06956395261481
2.28744384476269
1.75597992548151
1.63867973564684
2.26777667825467
2.33743788626477
1.96187028655409
2.46979263615128
2.28816531846164
1.36093392030936
1.80416990809969
2.19007739218916
2.24250599142833
1.7110036105335
1.66216588713439
2.00103522713068
1.92252899316273
1.66208707323784
1.73274287363085
1.62899723429762
1.56413506263293
1.77411900789841
1.66406726781465
1.89954420091995
2.32797899886991
2.25919026381155
1.83631420952534
2.22840533225825
1.38735344002069
1.93986200052419
1.71190695707279
1.4882696189011
1.30978554311316
2.46103957756719
2.35809634290601
1.31059018720649
2.24501125219367
1.82540020251153
2.32432176773384
1.97080376771194
2.03769867794528
1.86203775054052
1.97850443224134
2.23055276552372
2.01807243860391
2.1120533659869
1.7388214658076
1.6739262538371
2.03821106937148
1.62708936428231
2.09032461792798
1.67058294027854
1.92299968961386
1.61091627495445
2.08400082645957
1.98508902714702
2.12654785747008
1.77321443783993
2.29949432880003
1.65493014009763
2.16319301425154
2.08454676268286
1.6224017071903
2.09187289329968
1.79806232531853
2.41166002650182
1.96497678609497
1.85492616801393
2.16303090669574
1.89446875512194
1.87096947309642
1.17444471869239
2.06688421399357
2.30963115722613
1.61903558343551
1.63137616836475
1.28498465579082
1.87826732373889
2.26626900250747
1.60211352120348
1.37095045889259
1.61214161219628
1.6050454115228
1.73341587093378
2.37886081150215
1.49372361550885
2.05269536087217
1.66091593380507
1.72673095076814
1.84660026626461
2.02337047998838
1.62345893251047
1.59627891782461
2.31181810690518
1.69138597523241
1.7739091660216
1.83209282885016
1.63779468972631
2.29125029583237
2.06657963881814
2.38541639447887
2.06857955587679
2.14577810534917
1.74540075050889
1.6754616589591
2.09525545734542
2.02789429642195
2.34153485637664
2.35726375682351
2.43409615430123
2.27271493146499
1.8275358608668
2.12844940647626
1.86846607556282
1.99599225587448
1.42112531339891
2.13545986834028
1.47857025978901
2.25630676492868
1.67228956893426
1.6581851123551
1.49507240355963
1.92644756640118
2.04702023613755
1.99113981698196
1.62915032512904
2.07097070003394
2.23552641791492
2.4140489407299
1.55769423484096
1.85401298271812
1.72302556862372
1.67529495064793
2.33638552223569
1.25999835825641
2.15949617987622
2.12914942193382
1.59147020258013
1.58886297633685
1.79906509130498
2.27357346754227
1.41611034405404
2.17848688789386
2.2130634525191
1.44130557338545
1.75977677709286
2.10843764599253
1.92263637848208
2.04506509794137
2.22899874740575
2.1521486187225
2.20347765909353
2.47969456825724
1.50261641857283
2.35624970506113
2.3038065257919
2.2927123793684
1.81565267031911
2.07244548869437
1.62460932665506
1.3147802988777
2.45764328238017
1.45319075956387
1.73418682949115
1.66307678651632
1.4710329106777
1.89828922621566
2.18777576586294
1.56831838907181
2.26447699640831
1.68360812422006
1.78475586855014
2.29312920893177
1.88425838026426
1.90539113095572
1.86080669892792
1.82737105926128
1.86626253757727
2.44711544971331
2.05320807862535
2.12480959041207
2.35347609754296
1.87148978756557
2.08204298511573
1.8192611494042
1.78148343885754
2.04672287125867
1.78465088654419
1.54653480847169
1.23521219598278
1.82276601480206
2.32310798799069
2.41252667157926
1.37075383833111
2.14904790151481
1.97712382508014
2.36680149347081
2.47288077906489
1.74072526025044
2.09765649419056
2.21921153110868
1.67281624126253
2.18781914669621
1.87077103643377
2.15879196209372
1.55548166669046
1.70891897767724
2.07831579891021
1.80991951918925
1.96104854495688
2.18868904198699
1.67962033921551
1.87285586732959
1.65947464785656
1.91346761166844
2.18631704609425
1.90332570744374
2.03141528736153
2.19614894056104
2.07370241725416
1.76895441940641
1.97990240969126
2.06420483757984
2.07140323370925
2.04668594726812
2.27796643658458
2.01354660986324
1.77777317923593
1.66845783375898
1.73894244002664
1.67149884997521
1.67868391720276
2.14394253494472
2.3099054016082
1.67699594884899
1.58690399605937
2.38375972096971
1.72653024726075
2.21811299972048
1.50881357965208
2.31291386299335
2.4678856827932
1.48315358619584
1.82655400054054
1.58210360586366
1.83715422595751
2.29885828686852
2.30225263405553
1.54245697459068
1.75859788920163
1.36674804738947
1.60466142287334
1.12071167550647
2.24898830077649
2.05083105456334
2.3650706269429
1.49680502267311
2.14983627419876
1.58752892852564
1.93202996719695
2.13570644881655
1.78915245726462
1.79363348990711
2.05866894642689
1.98329157634858
2.19394504188134
1.9248658295532
2.12030596763592
2.1236015927647
2.3724975067286
1.9829172228904
1.63400352810571
1.40050227069789
1.61890529382618
2.17855407195815
1.50844514983393
1.42552882591705
1.69690246156475
1.20976411662891
2.26589570329759
2.02702712311092
2.15106566377831
1.83308230175623
1.76973697264661
2.02597191222746
1.70410553610645
1.75132583657756
2.18922295067569
1.93636336587762
2.30778429233979
1.86582815269102
2.08757142910382
2.07848866682065
2.00229648746457
2.02808356389521
1.81865536333251
2.04163128998342
2.27567397244108
1.99093964740741
1.83543250012732
2.00157368147996
1.61252581535913
1.75579570084751
1.94252921962498
1.77763360967803
1.88408874084972
2.24759278746494
1.80302212654082
2.34403521471362
2.21756895284478
2.16476704431905
2.01680824572022
1.21154454780691
1.52376009756242
2.26472630928775
1.20239057977747
2.08868216077332
1.7511730964415
2.12158199221767
1.29720466745202
1.41255739528882
1.97851403220093
2.06955568257425
1.21043122348265
2.19798472356716
1.61367468539131
1.84246822682728
2.14774801960367
2.32052933189054
2.0278902351658
1.8773696796024
2.30288846000921
2.06587482059845
1.82641217904212
2.47568054182229
2.3316304133284
1.76289564757064
2.02569068487819
1.07008062138013
1.35541717448619
1.63266629441661
1.58470029064617
1.43284057356918
1.70067336242348
2.04740121239085
1.91100769169447
1.93185708012346
1.71608523494631
1.87510413537709
1.85198510998215
1.8323626310365
2.10319704475727
1.95606373469136
2.22866643459553
1.7092390844617
1.87767298548864
1.89637784279625
2.08506970219758
2.23549130827424
1.30265443832052
1.34001227028357
1.80042873262692
2.15668142134626
2.00610056290272
2.1865212751227
2.225440938783
2.23754109430598
2.0812221993068
1.88860873338609
1.64126396923411
2.1962010458861
1.77251467478014
1.96257938874305
2.14010609561083
2.35887798050341
2.26687867350678
1.84913926638709
1.85118121987146
1.78468956957468
2.31623994871592
2.25054698068828
1.9000525726253
1.36854567234614
2.10245466747875
1.82584916211851
2.07236492119223
1.93371031359484
1.89626451907686
1.60452908325222
1.90177672804481
2.0274429266855
2.09853648060136
1.36423659658367
1.49509355612895
2.15488215428258
2.19789456938727
1.95705215115584
2.03276488805009
2.19845838592676
1.68044428601409
1.45246365412322
2.04237278987393
2.29119032757954
1.58029409958928
1.71699714828624
1.45378874563617
2.16921763787616
2.12881767349645
1.92448176036585
1.69911724394393
1.92425501092414
2.25737200262502
2.00118290813262
1.76048308733052
1.90339895868129
2.29057108499118
2.07180366361014
2.2385322346378
2.0938166041671
1.7552656761433
1.53951429727676
2.3632290429902
1.82876098568864
1.87232473816537
1.50826287053787
1.3662973961671
2.33596402230725
1.62019457542142
1.68163183628332
1.78153109526335
1.93767644207467
2.16681871974781
2.09499573108379
2.2591301686714
2.31344139570192
2.33954747127699
1.96300638500687
2.02706508036163
1.55707547249021
1.54368008314133
2.24183353606777
2.04349902127385
2.18134320542081
1.75299257447629
1.78073876878175
1.92664632851334
1.659793761202
2.20709098404947
1.58643374407174
2.1701970144551
1.80530669360299
1.6564574188286
1.83374056118839
2.28058889492641
1.84061295835167
1.60236807694437
1.87067380384641
1.64081325225
2.21918590528917
2.40138842633526
2.37020906914166
1.98994850707508
1.66500823054315
1.86575769366746
1.94673961311026
2.17427544353672
2.02437777764176
2.17259839913848
1.90844485929226
1.81727388859145
2.03359719646981
1.85852415226726
1.89905228114354
2.13908872767643
2.08738487013154
2.16965223267922
2.1691133152834
1.8578257260928
1.84925738769768
1.64401633624518
1.92677421923847
1.41307062592749
2.30628477834939
1.70933964437981
2.06279739715397
1.81704303372244
1.77673485505502
1.98465571910456
2.34178905160908
1.47135303695255
2.18410595117638
1.89756772014392
1.67410532901063
1.24967320819418
2.00947926937327
2.13160912832229
2.00507946728098
1.46437211336894
1.70615659930226
1.78427169979654
1.40621502843336
2.30964326545039
1.84593269262337
2.21733773210063
2.32039834031715
1.93344484892656
2.21951652930359
1.21684803592259
1.82472473094134
2.28678730528142
2.24918824593668
2.3189146668397
1.43184853897371
1.85567858544445
1.64376861213054
1.80713089789449
1.71698193399471
1.09656950009729
2.42554117084013
2.03298511617848
1.73390580042871
1.51783729121142
2.30084156662875
2.45933961711875
2.4352503138251
1.97761470888893
2.21644192264122
2.03854837825365
1.8151530327822
2.4162766078102
2.08233697169334
2.14303850911933
2.30156313222072
2.37722533275607
2.13694387712607
1.96747438324723
2.08037036963233
1.81317391803186
1.54775014486867
1.51905345981539
1.84830579519192
1.93319956370525
2.01899652435249
2.01309273518046
1.87178169262003
1.76077296346415
2.08233239492403
2.0844076269406
1.33010631435236
1.48511773722204
1.69318509407745
2.38211973767671
1.71194757725738
1.99729740425532
2.34845904614329
2.18586905287337
1.33225915983808
2.15429034468946
2.3853377706526
2.28468253769414
2.47145251527303
2.3474603260988
2.48285971324254
2.10968167092708
1.80121213227299
2.45062622220234
2.40435303779519
1.88236421258965
2.30206229524143
1.68571158473255
2.27903296833206
1.41953013569597
1.95192622271584
2.15521383109816
2.02979330633521
2.39386645613102
1.04277299562574
1.15494648873873
2.04979716019972
2.01912832578097
1.73749736174839
1.41470577449175
2.10733674346004
2.37530211121629
2.06921854880281
1.72588997176256
2.35909275845052
1.73160323145645
2.03644561339184
1.94747589848379
1.49607312185827
1.60065753187572
2.32174164749983
1.61657117982667
1.82003794899358
1.96499994093995
2.15821108907499
2.35750848346538
2.32256450100432
2.16485922400483
1.8724363507894
1.62460871758765
1.82417010533591
2.29230105988501
2.17644794497927
1.9973720590609
1.79198607494368
1.97178819990469
1.62208949283784
2.13979803208168
2.28829378607236
1.9420051418635
2.09226392704994
2.41605396807992
2.08048468941756
2.18917543913524
2.203247163719
1.62763149656881
2.18973132972567
2.05117158296453
2.29863310039897
1.80026539989112
1.27227784549018
2.0927389970428
1.51778539674232
2.15368502207568
1.69245841387936
1.86328684946368
1.88299941533945
2.18232564360202
1.99005669831974
1.9025369264755
1.65502952483622
2.25655777671032
2.36632885495692
2.25248297018958
2.1332175833967
2.28754960265311
1.75044139281953
1.63796161038262
1.89165350763197
1.69477742031955
1.54521198011801
2.17022004579485
2.04389849838743
1.88987565768516
1.95781586525945
1.93725141282546
2.30478296810462
2.03583740678919
1.81076457940628
2.30188268012775
1.70463784805621
2.25506607000409
2.2523769857272
2.36002535086505
2.27895728491645
1.50705153973094
2.11208387252905
2.13939861953135
2.32741032815007
1.83802739159228
2.2011772001229
2.2065035119643
1.93932262120951
1.82556983324168
1.74605854512034
2.27185997625124
2.12010434802589
2.09497804273329
1.92815522202556
1.97414904034724
2.20610712821135
2.27979638470582
1.36247750406354
1.5279607774684
1.69271034345404
1.98347770048462
1.83492673382941
1.56030691151073
1.61575054908751
1.87870132919795
1.54634274609125
1.74871659576658
2.09652044577205
1.79787432790735
1.73715363134424
1.49222386667875
2.06327038349473
1.99907996714223
1.68179627761608
2.10529269929749
2.07660364859509
1.83903870644011
2.36081256557913
1.88314086578039
1.80415502203985
2.06082117088913
2.12743651527703
1.72812121355722
2.18485413672901
1.98598674795849
2.43722089905067
2.21876430432472
1.75325671572345
1.72466385662043
2.06517303020288
1.60377556622136
2.23388765525737
2.19500489672366
2.3986119654383
2.09020818749867
2.07044681840107
2.48288957278135
1.7342513931284
2.14861162380232
2.27837360577796
2.26563286364385
1.41994117789312
1.92073336313089
2.09177936318988
2.19307467982568
2.11900538286413
1.76468597773165
1.55880424678167
1.84738860947061
1.77448360074126
2.09631130448979
2.31893369862291
1.99711139321578
1.56339055974769
2.40988726358402
2.39906521391502
1.78446613881999
2.0368731893448
1.7301789019222
2.46699805527261
2.03377702754948
1.59419460642797
2.27812089392618
2.30438648583426
2.3998816687038
2.33086146183822
2.45533052507243
1.8873902873912
1.93978365235286
1.6740828739412
2.36670938464453
1.88953270362897
1.30291249165401
1.82180705582049
1.35474981295029
2.38640034796551
2.25502439295971
2.26672703361132
1.33684739363373
1.85681713766544
2.3255447711086
2.29961622624705
2.07398336452655
1.96435883195499
2.16312931456197
1.90291198069121
1.93290632921213
2.22335460057228
1.44077119816804
2.16333344663004
2.20408258291929
2.03982740605464
2.0961729434697
1.846024817039
2.12634475383355
2.01180022569986
1.72485980539676
2.39603361448103
2.29514601255253
2.01026486785786
1.98483201534015
2.24926263450037
1.27638388186643
2.38746839278751
1.65824430210675
2.22070405836256
1.44909813046868
2.24113962117831
1.82164282464019
2.35709846778846
2.05255879268966
1.58252596608208
1.60343376497914
2.02426562546086
2.07393968691337
2.08543353591176
1.92683175947085
1.95612964659214
2.47369671946365
1.68964969924109
1.67020347470611
2.0457001838038
2.02669604781252
1.76995932631658
2.46546987117128
2.40906276845818
2.20807801121732
2.10338078429251
1.21520155469039
1.99767378088463
2.35412308005939
1.85780510448762
1.71866742971039
1.98424335336743
2.04384448174508
1.89185276126654
1.8198026714975
1.30184002813528
2.45808923286411
2.3906129002716
2.47078201229431
1.94584111463219
1.76872331151239
1.34336525771179
2.28431693460095
2.08814624794292
1.56635947365118
1.48287435447483
2.33795213019981
2.1104702618509
2.19041590219476
2.11339121446681
1.87504603065872
2.28087116592204
1.71172008026639
1.9802192075609
1.75904607924783
1.67586312254867
2.11645836251127
2.00487852221837
2.14382794495014
1.69423577360047
1.599764880927
1.87376400684135
1.95243804645344
1.78985427777893
2.3454432637168
1.91220152217635
1.6479026402334
1.62540825032776
1.90913742125625
2.27117193696528
1.88070309538637
2.17213744762519
1.97902979694711
2.13475492655759
1.82239624745181
2.12891092753519
1.99610749209761
1.94185483988231
1.86592478307379
2.03201679505043
1.75056170963876
1.7143520235839
1.83130999068423
1.78674431022375
1.95264896101798
1.53892774247093
1.78158955621781
1.68460768017286
1.56905377743506
1.74762315559601
1.823144362465
1.72204253853855
1.57801412558272
1.8624692508336
1.85061705470791
1.71029311114576
1.53925966202215
1.69251196811083
2.03281474823817
2.15948727451163
2.05997762466584
2.15300616460959
2.16175997188108
1.92930847541712
1.97813882684513
1.84550589357858
1.88392198346683
2.10008180292556
1.97514456639111
1.83077342249678
2.24843593604421
1.54283185577818
1.92156847648749
1.65470491706439
1.86049328835011
1.72135963508188
2.33714789229773
2.18819343503211
2.3857687262413
1.75532859197611
1.3886613825417
1.76705761280546
1.88721833521908
1.51604603531292
1.57386515958673
1.35922304699786
1.59814199433533
2.02539889801822
2.10855498449885
1.57103644660433
2.20015225503555
2.06535280466882
2.18338774635789
2.34428603077245
1.50346620642406
2.04093463794584
2.4123231280526
1.95174923153814
1.95954771262133
2.035397303197
2.01371698741694
2.13127645240653
2.01318972209406
1.78296080569679
1.93798979935424
2.33016939177812
1.82066874297764
2.15897511604515
2.17073668756464
1.62373914331578
1.85570399395966
1.84612243860753
2.19472940686871
2.02637153527945
1.61442313671241
2.15810663569638
1.84218357625543
2.43786554017978
2.35003687892698
1.98405364167386
2.06997081660105
1.89583610489444
1.83510798955188
1.73701184367296
1.63337378328194
2.13192384196121
2.15908171736443
2.44449245064397
2.18403703996352
1.68511352797185
2.07010333440922
1.73568557788304
1.95783255410484
1.84338925017792
1.45280195557926
1.9042836628473
2.33920621027212
2.10520745169243
1.65373069403787
1.82119616235416
2.03990609580351
1.53271560151796
2.10616060001621
2.26928900866587
2.02443664552699
1.98732136736302
1.52813422588347
1.80573583552977
2.0111945354352
2.1138344192539
1.98255179950278
1.93850071900856
2.12753179377749
1.71545275020626
1.65655357902669
2.29115610091744
1.81432854004389
2.25812034626366
2.36968450785074
2.31446836245313
1.68266301069336
2.29506794499963
1.88331541141443
1.1661898071197
1.58965128220438
2.0445983277695
2.02190228088354
2.09541327126205
1.94744871189536
1.89922705150771
1.74664450024154
1.75290383478203
1.6376453956691
1.66209041665979
2.13275075904869
2.19328014670023
2.10062107161268
2.37989831000737
2.14823699497446
2.32407391310625
2.17631210899752
1.80172132807476
1.42270927074142
1.21425048536436
1.50449041238691
2.04079273014251
1.09190339392035
2.00896254819796
1.58849578803082
2.13630973346015
1.71742785595529
1.68498757581606
2.40965431434452
2.11230836764324
1.87151981423435
2.30571816074408
2.25482547190203
1.39159252309827
1.99124366801785
2.2605783724668
2.12964532433189
1.63803678821651
1.28798480187922
2.16944910942826
2.29336844417092
1.49389475494697
2.19409997560183
2.30500605846849
2.22561984005122
1.73190091594321
1.57559846913407
2.41855866952527
1.91926361929734
1.3357034162933
2.49188417333334
2.30517632889299
2.46266914104523
2.40955777826527
2.03542189181281
2.49457434718497
1.63582325593715
2.36036823795157
2.3403049035942
1.37820380986945
1.92785316498475
1.49729396066775
1.75829730561811
2.46874444181245
2.4144997267592
2.14580946329657
2.01412357464488
1.13579824580909
1.16470644892675
2.16057272692226
1.87647392716043
1.99835275333992
1.25302539412819
2.20330323670247
2.31236174155847
2.09942735665443
2.29610165894376
1.8253414769581
2.44241370540873
2.2018741897174
2.40775784172863
2.18464002172683
1.86897426215884
2.14562141447414
2.22341257822667
2.04059972963871
1.62250731688805
1.87876217303336
2.19476080690611
1.96341943018798
1.90367857217329
1.73661788732283
2.20607216658456
1.97011217103881
1.57478683736572
2.36177506726382
2.47605890879609
2.27589815003047
2.40617953654196
2.36201317211942
2.02304019346098
2.34335326025352
1.14836072300223
2.31579572806119
1.85733377582308
1.62557958934655
1.83673027250887
2.09418153052255
2.13561021776672
2.23192680824975
1.96751209644641
1.83050374073705
2.02098020729968
1.58500207353618
1.81426813264127
1.97822514054599
1.74675352151185
2.13596622029245
1.4983678936068
1.83058485497918
1.12483134656871
1.63406989557415
1.66254050917388
2.28436299576652
1.48101646272457
2.15059508916427
1.64253035908006
2.17215892956444
2.2778803293051
1.47730736393144
1.35330895934848
1.46564353213006
2.09066648950636
1.60812241410972
2.2699714512242
1.87141159385091
1.98832887521712
1.99943151006458
1.92679877356186
1.73117112826239
2.13611710481552
2.15095127741326
1.79167306624791
1.82983418252745
2.17145607708367
1.56340827615212
2.0548580313078
1.69060332298566
2.3280568969858
2.12832405823533
2.2643097956678
1.83177478315537
1.83967830006688
2.0731931557546
2.18697265600796
2.02320079235419
1.95362013324189
1.99219687016758
1.82563615640307
1.88125354727505
1.79528624409473
2.01995823610263
2.06340986239605
2.39185744644204
2.24932162606996
1.87923215227199
2.2539171974029
1.7677788648583
1.57249134292309
1.80139167632111
2.25473495603663
1.751480428478
1.90024346992632
1.9522096245345
1.5930619768285
2.24758635812197
2.08952149793646
2.07177311786167
2.18621816432148
2.22261726553792
1.81138111358647
2.1806119379734
2.32752309184634
1.91741629243464
1.99091648267387
1.95263911457061
1.7893981537218
1.90416122470915
1.83303325964842
1.70683469044693
1.89393474487574
1.9177097352716
1.87973368219232
1.66309694860831
1.82795044046764
1.90042634065608
2.04124270615148
1.66087263109714
1.81811609233693
1.99174058431303
1.95193799384076
1.66690323505296
1.73288321117319
2.13446548568792
2.12968911101726
2.45722230407106
1.60846407707638
2.09727588361723
1.87136286582661
1.3334805135089
2.0524252130219
1.52554395674292
2.17939192368207
1.86976353776898
1.70981790224179
1.86992799484338
1.84152078930042
1.60880492912054
2.04270275117182
2.03929062337847
1.71771843363977
1.29982889618331
1.97628341541847
2.28282832412946
2.07947690862471
1.91522640940474
1.8028676622087
1.73622224171934
2.05882899615904
2.16152117083979
2.13399261315228
2.10635776146648
1.74277507290853
1.59551378197621
1.95851384887051
2.02212427791031
2.13767338460817
2.35817688713508
2.27508487876258
2.00530724908894
1.72977108437571
2.28303315649736
2.1262221716945
2.08492238065067
1.97456558076759
1.9050714999789
1.68702944030044
1.92497316711284
2.34604249992708
2.03709065857955
2.1089646359493
1.97463191173385
2.08360856919539
2.0294653962928
1.95200331731266
2.08205816676661
2.24995796296366
2.31356997225242
1.74206106498779
2.07074880855344
1.23514405112228
2.07027569616653
2.37786854334554
2.34697678210622
2.1405197732943
1.56162703905966
2.15842502230507
2.2322529559005
2.31408945311361
2.41325314351757
1.58199759693588
2.09670415530029
2.20069437857806
2.03015431612473
1.7655707889587
2.38763583399831
1.83089262629919
1.52495971010423
1.72433936779077
1.85144847980901
2.39743622388513
1.57094546341352
1.73265754138716
2.15352920150353
2.21875380104848
1.42499205285243
1.96120649315043
1.95699964527992
2.0531271673547
1.32845634836192
2.38715005968213
1.11459071117632
1.26025464462515
2.15427069888596
1.79506509441837
2.2556374100078
1.5653080958639
1.80378610935327
1.87422848636012
1.97503876786784
1.99592858025812
1.65805089483405
2.06484131018876
2.38587525051271
1.46803950251107
1.66699764595247
2.03988767988081
1.71365158204932
1.42547312900072
2.18002395150513
2.30372549845934
2.35394151146969
2.47640658992026
2.30939211077123
2.43494748497139
2.16653835901687
1.59022659734611
1.9738194233765
2.35028588019062
2.45971206831428
2.22949477041747
2.46369462126025
2.41968203183743
1.86672517500637
2.04787621594467
1.63395260206178
1.04199869647864
2.34219070776381
1.64642101435477
2.15680380087045
2.29232839631517
1.55716465216082
2.06895165470522
2.38295411281157
1.98552798957754
1.08227179218707
1.29669750162944
1.71075926385455
1.1997070586249
2.27949318098577
1.77002972116685
2.11670171640619
2.15116214251138
2.36089246477821
2.46075420378053
1.97434794991154
1.85576943136387
2.04421945122259
1.81055486713097
1.30321445218955
2.32479149055812
2.0735265033267
2.06549957939556
2.20804755950189
1.74870444627164
1.86044120927183
2.1088815784189
1.87631019680733
1.84386260209362
1.53806283655367
2.42875877035722
1.49810417791155
2.23692965149517
2.35666761115904
1.82992712953493
1.90487354675629
2.00141937902279
1.90206305586445
1.59403004369593
1.98254718676916
1.92793420156731
2.29640948844842
2.00229873142091
1.4234806583041
2.21732035381652
1.8703686893021
1.47383364561355
2.10515847473171
1.68980152197507
1.99250007189804
1.88026414140152
2.0962661547063
2.0729120691189
2.20056238780612
2.074853564748
2.23797091528593
2.1227474613454
2.13710245030872
1.52496428139052
1.55362870221308
2.07911599484348
2.08463832609236
1.86854520513925
1.71797378576322
2.21945934076951
2.06872726776242
2.2889621115683
2.29904962705531
2.40270817652244
1.4254100620647
2.03343132072259
2.39290325817562
1.78103146035092
1.18639259115004
2.12116829281283
2.24816756646258
1.65692359006284
1.51358200649256
1.95985020056035
1.57718967154559
1.9388889380493
1.85346868986058
1.40165514531596
1.60233239418131
2.36371730733603
2.36346728498728
2.31419971567453
2.37943326690079
1.76724443583924
1.56423622209896
1.92375032293534
1.77302856554047
1.84769434151281
1.61035540119605
2.3681958071119
1.59781019313918
1.56704446089828
2.11753757226187
2.02579187186004
1.66987614513865
2.13337514436475
1.87628694830215
2.05666815804447
1.80274027348574
1.7869662604798
2.24843826668408
1.97388348672902
2.17197471583048
1.47412848140565
2.28559322932206
2.30751946839658
2.12053372912021
1.35500261121805
2.218366037831
2.0202067812492
2.17294996833272
2.19431340749401
1.0494059232853
2.1524581282642
2.16851225520477
2.33480278184762
2.17166636083925
1.36459685402176
2.39666132080782
1.68375701457907
1.52403544464751
2.03883413680766
1.50455890789989
1.55443239137695
1.77108529515669
1.9210588537898
2.05675221805057
1.8095257839312
1.91042243820983
1.89143723612592
2.00579156168591
1.8195741902421
1.07719762637497
1.92211247228717
2.10835102235601
1.86557105105171
1.71763453365497
2.19665735045386
1.95958782784589
2.22414092653023
1.55908008484116
2.15168383672966
1.5590372834319
2.41383293561015
1.58339883425734
1.51110596568688
1.81827310349314
2.08795258365871
1.5005002927216
1.80037622682335
2.07499917679448
2.10407621853935
2.13642075954098
1.70482800699199
1.68996806958992
1.88831133680428
2.21606865100583
1.44985248317851
2.01384161899892
1.81098333089882
2.27077118952674
2.06200460927004
2.00947010761713
1.59704702922717
1.54279975457059
1.60465098884853
2.12816305400258
2.34280945089218
2.12719631655499
2.24862144803576
1.94791094717578
1.94121046102093
1.91628064134194
2.1142264740834
2.03870735842505
1.49650442811729
1.76692946494378
1.67734027847069
1.59478232418957
2.19591216857723
1.6170445759899
2.02237921974287
2.16319533296604
1.83263294176318
2.35370195162278
2.27830519032
1.98023182440301
2.28862484207334
2.27283617366985
2.01493728255843
2.13365827878653
2.20336181543359
1.54562808401392
2.01110059462872
2.30512250422292
2.11484506546562
2.47033736706638
1.4217786669312
1.693401469522
1.81811826920359
2.24599288678731
1.55250751004802
2.42652359505607
1.57352374754761
2.03321826181247
1.88644911181105
2.29922047012234
2.40413840607917
1.19489725635178
2.25565159276368
1.60423155164047
