2.0084
2.15011953590611
2.48658164054736
2.35822944517915
1.43377907274433
1.01356748170266
1.0028561462744
1.5070767474703
1.30579011146466
1.00460958258197
1.45604076917935
1.54168916687137
1.66820688037828
2.0605999734637
1.48882946777314
1.22875130721603
1.42235530571042
1.80737327358164
1.46232857334342
1.69416668503198
2.07632373260848
2.41172282338447
2.47332642610093
2.25085155985977
1.82463022575297
1.498346137819
1.84963800154676
1.49333131675195
1.90794224540655
2.33040703171725
1.27146472423305
1.39082575549415
1.11991062589885
2.31177524096057
2.30110393405996
1.57639350347343
1.97556572956585
2.32178014633146
1.22283909324899
1.66434715105399
2.20407426320434
2.34917061715997
2.12361311655781
1.44582623853449
1.90125784323881
2.11982158632761
1.28559292223244
1.69955826287528
2.20750756351827
2.22144268663661
1.89210563744091
1.86443259157663
1.54988538950561
1.62219875995214
1.6279673088088
1.95113063195195
1.80490025342409
2.05018259422277
1.93087757912067
1.26948744608161
1.90436158782955
1.6293569961068
1.93271596630029
2.38656954462383
2.19904701277415
2.16451791058569
2.43105025259418
1.90741581263022
2.04455990650878
2.05945025203949
2.21449930395319
1.76904521377147
1.44110746676946
1.45550464861434
2.0492147042347
1.45994697289802
1.8401041751213
1.78625851703796
2.36547403051297
2.39824351561033
1.48761343008496
1.92775969309234
2.1599265737612
2.07743251201071
2.25552453647903
1.96052381711458
1.20012335968573
2.22469583384652
1.58207390206567
1.45314613140714
1.86820808238218
1.6228751010317
2.17338905395048
1.96210023904045
1.61406863305098
2.0702275359801
1.8791339359852
1.71512329832087
2.1507380605909
1.98186302428115
2.31518150042954
1.66503167085138
1.49199581906903
1.90733538973644
1.9991653701439
1.81527922708338
1.74541044611605
1.96980107554053
2.44160534844315
1.70850067879471
1.74632329769713
2.27073052599542
2.14641973157355
1.74104718924111
2.17210403047607
2.11749201262004
2.11563017508698
2.23906002202513
2.13188469152228
2.16489549822673
1.53525435001416
1.44789952135874
2.20453670662066
1.89662837218952
2.05404485469694
2.26033729179331
2.21348325973148
2.29624788621097
1.89204161725046
1.82443498857574
2.11878004473875
1.32507928294112
1.84956685081769
2.28632535587541
2.08806650866358
2.26646805058625
1.4984465148407
1.64997107292946
1.28094340545759
2.03263453798574
1.76038280718682
1.66410746357419
2.20048607434278
1.85777541896001
2.09428802333233
2.34524367291146
1.53199923522451
2.1782604289173
2.01939564078122
2.42068167674102
1.36284137606858
1.58222922341137
2.14743629284291
1.62434502331656
2.31588569130094
1.98073060321279
1.2408814128153
1.98299933327733
1.79640629263148
1.39360898533391
1.94175174363062
2.1329852980346
2.18109779808452
1.68031285629446
1.64653633535239
2.13917554519666
2.28729722634272
1.96110684024512
1.6818256311524
1.85182000890156
1.95809285874934
1.84902436015483
1.44886503113261
2.26353917759496
2.17074577539518
1.94718778320815
1.67793421372499
2.09620264198578
1.6393542950896
2.25391761457051
1.61377664515482
1.7059462945646
1.82613299025825
2.13255189442425
2.17002005794954
1.85007027531644
2.19549447058689
1.46460521776664
2.30129538121205
2.2347369672433
2.13673703396469
1.78147921554765
1.28805730681191
1.2984347302829
2.2562853056088
1.80810195438396
1.41460678772615
1.73738731486883
1.83839060090646
1.80418616916071
2.40757105146534
2.11995361578814
2.39264331177733
2.00343322918954
1.85611077126994
2.37258210066302
2.27324204067527
2.29121143228113
2.4038447519136
2.26620708392623
2.00674126319281
1.58537476224553
1.70565661157068
1.95640463449929
1.74667498626299
2.15111665242118
1.7810350730947
2.30947747836656
2.0319186688359
2.08359955914839
2.43346462509601
1.740956354091
2.07813874273134
2.20164091682105
1.52431360074233
2.25863554535455
1.91519537937742
1.74063512670579
2.21535572591537
1.89511436445946
2.12701190938719
2.33814215654682
1.79965224480262
2.03445206573958
2.29439693849715
1.9816469616202
1.87060128264354
2.1073576874345
1.77910114325819
2.18856172292833
1.69556929135026
1.93959485893389
1.83492341097201
1.40378577755372
2.10472758587114
1.19125516991005
1.98592909864895
1.58036586071177
2.19630595854054
2.22437707880807
1.8692798907806
2.34954783568772
2.01635812969869
1.27412007545678
1.57395641008711
2.26747857436767
1.47640936816233
1.46880918322113
1.54930217595908
1.53360392561474
1.98216381979484
2.25292601491715
1.53332842196803
1.80138669229339
2.06375243950861
1.33568610340055
1.32047419537624
2.26558924381542
1.30577423019225
2.36114161053093
1.62956956087701
1.91264888550428
2.36433237849571
2.05267153568213
1.27942106917778
2.33351520625838
2.25969106936956
1.83656185691234
1.87672595746419
1.88879680394537
1.68002445462773
2.12159090910925
1.8386169794569
1.60969887807217
1.99543783423579
1.80929471815974
1.57581348639125
2.07909903140372
1.72753217411922
1.91366170397893
1.58521352574813
1.87536074129723
2.02816673477122
1.98522395202479
1.53297966903332
1.84495283804246
1.01433681310084
1.17136296938555
1.60708403540634
1.95987275093725
1.84734385675062
2.26450388088671
2.26245042245116
1.73296361195588
2.28777068990656
1.88345102249392
1.81333401069089
2.11862810046733
2.02200223318799
1.9117334690524
1.80306752611122
1.71121142741572
2.32020487887775
2.4593474691346
1.797097847887
1.51427758976301
1.68216044916046
2.38594297966193
2.17483591679049
2.45369993755911
2.32556403412645
1.27203451040666
2.10525492169315
1.75201039418606
2.15473091826297
1.99376528837571
2.21417454797642
1.77971508150088
2.40117110890665
2.11851212185054
1.87488841243715
2.162162613447
1.74279170515893
1.93405388201715
1.28536448838235
2.4199129356619
2.26820119683638
1.32323275345255
2.09203099624482
1.8016343643434
2.17032401632827
1.90537845854831
1.94395983889343
1.94518451517851
1.96153464162079
1.84067277088621
1.77141287012373
1.90667543486554
2.26034304576584
2.31278307523781
1.79043114861999
2.25433783678295
2.09424968941305
1.50468171157151
1.82604440981817
1.82923218378655
1.68866107471732
1.79426510896978
2.07282791451943
2.05775750552589
2.01967291115333
1.92702438559977
2.02509604371585
1.99783116788518
1.92865117104274
1.97481369698763
1.59288621855316
1.91732874888399
1.6886614362237
2.19236281036913
1.69515307182849
1.96295281316226
2.10602643278717
1.83206429502048
1.76560126148488
2.33886630559184
1.37938089010704
2.36622772071366
1.93727207372107
2.10172561943987
2.14640128053087
1.79410696200529
2.19716988601782
1.99199409071148
1.54319066989078
1.6246294868421
1.97508325345577
1.76400255035908
1.97700147944845
1.68461477763439
1.99757988402827
1.90190088096461
1.98300819475534
2.04193329805658
1.68801687976389
1.74027454379827
1.95193425899638
1.87840827590556
1.4049790085609
1.72046489485734
1.64940672908683
1.23017675992036
1.65794174731892
2.08394586929984
2.05232858044079
2.26675817865131
1.9725625686866
1.6159171179208
1.77487578846947
1.82152917163518
1.68256558100127
1.73690612284015
2.08763063186266
1.48935689247372
1.23426332953929
1.77904434507557
1.78476360368824
2.23693043104273
2.04007473290209
2.26550331134395
1.50049947017865
2.34348323226336
2.30104247466127
1.81443166927972
1.55122382136285
2.06941220652497
1.19244971405372
1.68841983835384
1.68868643821514
1.72457143479797
1.11568210868968
1.54596609001056
1.6406170324611
1.51267017942818
2.02012844689359
2.18919481959263
2.43749699462707
1.41392100263121
2.38110032185183
1.61440054273081
1.90804540322801
1.75699324704891
1.71792420318489
1.92882790084197
2.06565658494487
2.18582291045797
1.83615516047664
1.95095761161788
2.02147241722477
1.85192354511483
1.90840213496455
2.32474548000396
2.06645729560262
2.07367341212283
1.88211285932662
1.9861673613227
2.07266804888452
1.98310594401101
1.90959175839935
1.44958035152019
1.75640603595167
1.47603766192472
1.65680954070391
2.10481672265413
1.84183138383652
2.13223867478012
2.13340598660602
1.61353060952073
2.11694074175607
2.04381700432509
1.90246557201122
1.50104298802033
1.86457219301651
2.244035018317
1.95844001027142
1.57415853401345
1.82283297486093
2.17991770280632
1.67970915425319
1.88886896710825
1.67882929841968
1.70273142776762
2.05825853748146
1.9066432923786
1.99966932411009
1.72690102313582
2.10864089359264
2.14252979175131
2.06302790336354
1.93821936704867
1.76713195121175
2.25707018744878
2.05205484202368
1.4673566517393
1.51933835542018
1.98812296366691
2.15190453050855
1.97923206860093
2.35098115606688
1.76008132410418
1.65528851459524
2.32366080020581
1.51821682728402
1.98527951160473
1.8612825323276
2.11822015425307
2.12428627248287
1.72429097304286
2.04783268069609
2.4215676141245
2.49062287291283
1.63355205454255
2.0025987523612
1.98054381055864
2.28399037490604
1.73154379187918
2.12177725605152
1.91962112143192
1.60229160398944
1.70198318463987
1.59067549109922
1.6551609964185
1.44461350966729
2.06249326913564
1.29781037285925
1.74252236513561
1.51430117333195
2.35907291007581
1.44202204351052
1.77989812611242
1.55964750798484
1.55088444590125
2.17616433770149
1.87923742764762
1.90275594975845
1.66314046952262
1.91052652308386
2.19669409902338
1.70452234470241
2.1009400622321
2.339617090684
2.02043571408384
2.3409722771373
2.24317245625327
1.42893425125991
2.22672555024271
2.41858420707164
1.94794581337462
2.38444307779487
2.40517016208266
2.12019281770815
1.62850229793848
1.28759739686917
2.23998213914585
1.74604716581105
1.90165359529051
1.76949849258931
1.95714423782409
1.95357553522083
2.26068305628036
1.97994397595968
1.98387576514415
2.28737041216554
1.41626628798785
1.50177199866238
1.99133202372542
1.86690574027328
2.09929536044238
1.58683390415469
1.5924820304987
2.38745540220048
2.13650402253216
1.54261453022604
2.16460029238594
1.4493497270882
2.03596755051634
1.9248943441104
2.0981396876939
1.9367072099198
1.96665646339278
2.11350185556496
1.6996902254897
2.30127261566943
1.5809903053168
1.31437954678683
2.18944235730795
2.23056689023507
1.79839085251652
1.95627378959175
2.15280284165409
1.83715279015583
1.81770552035995
2.11655138056551
1.8980124842463
2.19545108026951
2.02190825557421
1.63301701812301
2.29501692878292
2.09378134527111
2.05333271769719
1.64217189895555
2.05122738883301
2.02577541300582
1.67393278559594
2.17204879076161
1.56746021854399
1.80506868856902
1.46914784083327
2.16530810998514
1.92032505555702
1.49979929490425
2.26983070710623
2.17059184023703
1.78863591579233
1.77101064750373
2.21769970213916
1.42478723626062
2.1387397168598
1.91909824866214
2.17346394076564
2.03014003422145
1.92284376524548
1.98132404030974
1.829317482042
2.14504605321216
1.82197167884056
1.92038322887288
1.61456040205134
2.0571024396571
2.08091773967438
1.66030578644339
2.10731686924427
2.09586735995049
1.94899827809273
2.18972618306297
1.97628753113827
1.97404319469932
1.96086006205749
1.67562406892721
1.93609474892289
2.12618166735691
1.76647483736228
1.97029096076954
2.00319211343076
1.43460430470971
2.39952845302035
1.22735721569726
2.28451413737355
2.18873554249924
1.36674016032631
1.9274559248263
1.61700581888317
1.7991612591248
1.53567508031056
2.05490775397877
1.78283029928665
2.02319487230387
1.74333174267613
2.08873104841958
1.88871673891195
1.62025743663238
1.6081393116234
1.74096029846867
2.00112333485185
1.78987995712945
1.97736930373601
1.62633248863093
1.84732689837056
1.50713744082856
1.70304505802785
2.04530498025328
2.1954746590184
2.09606744681103
1.65506431472123
1.91280932367719
1.99807089574291
2.1646435530231
1.32108024997949
1.89013201301286
1.93080515173335
1.40144536668738
2.14485897619843
1.71871749189396
1.88468852071416
2.21387891656905
2.06558066429145
1.59640234993936
1.87535341072421
1.69041213147877
2.13991689063598
2.35911990611308
1.69548933112125
1.99429071792094
1.91607996584762
1.36365473900849
1.55065373047115
1.62612135367729
1.32097110707457
2.11067722030792
1.58364404685187
2.40805745314714
1.48994662860257
1.08172695600073
1.35668239450032
2.16610818548727
2.11301541273124
1.64089085816819
2.23233320082517
1.86303710719357
1.47014894324869
1.31136015128718
2.01372676706652
1.78575685198802
1.75479927628743
2.32531647164076
2.04452315199464
2.16874420900711
1.89258094230181
2.07558856310676
1.81162898594679
1.92362234569942
2.00542635312795
1.95555922682039
2.01363254699723
1.98122523595173
2.21204065010991
2.09719862925647
1.76913071273738
2.20842353903506
1.37357085719966
1.92737876813411
2.15148887970985
2.3802341132411
1.5674174207793
2.37866969947884
2.28014722044777
1.67997593887777
1.93465058408882
2.08495516486369
1.97123116377502
2.10588270104179
1.6537799311015
1.68718640579589
1.43395178139307
1.66946180984745
2.29154592662104
1.96697828032967
1.79768370220049
2.13833615442304
1.45722823495399
2.04496011580183
1.71872849232246
2.00037075423644
1.884499097467
1.66964025174772
2.06389341400654
1.93570581333303
1.99752221636258
1.93163338644535
1.99422448427763
1.91473488925489
2.09270033536872
1.90047396985337
1.8430076611724
2.21132419271423
1.85942965670771
1.85770966905234
1.71523594702653
1.76751963081768
1.69474373381141
1.56826669770982
1.95255536021419
1.7324440569269
1.62342910858347
1.81910021572384
1.74400395676845
2.34033293341869
2.39618618436925
1.25154663047238
1.35863114227079
1.39260159304397
2.06263014220895
1.57250615252463
1.55960265191283
1.40262984157693
1.74341748447817
1.74913193769549
2.04338042315134
2.05026875762834
1.70196042548333
1.22501550585204
1.84870091084668
1.56241155844579
1.4891565902204
1.78760293782278
1.57641234678748
1.71122380264038
2.01623058878196
1.9742852758892
1.92184075719774
2.0555979541972
2.11679277776894
2.19641149708233
1.9079524393844
1.70283947907795
1.74758485275831
1.91771645412135
2.26094506539679
1.9820835750895
1.97466591346402
1.74021190503971
1.52535423770803
1.73755575096592
1.71398679363502
1.42915800197308
2.00513271324222
1.41695253184113
2.36710108177483
1.92695944718116
1.70230918932444
1.97684406700785
2.03094028705482
2.1244757956939
1.57269969964626
1.95316212644972
2.07028589795395
1.91427493156697
1.78840328210391
2.00105015427926
1.97136850746192
1.72990957553029
2.06145311344626
2.00349284368602
2.16264808693543
2.08973277760765
1.42947354675693
1.84940727575536
1.98389348563299
1.53609786624346
1.82134214780701
1.68616977512178
1.95013191906351
2.08633996067598
1.78884298393887
1.99007586601293
2.23310591803888
1.74658220380183
1.97794532589974
1.85613938844442
1.32806902196902
1.80254778624167
1.46900541929766
1.18702937606678
1.67366599861559
1.64069013571991
2.3800601919022
1.85033292086452
2.07511522844713
1.63932190383219
1.61585458669834
1.81530858040124
2.13366143307829
2.05216163181661
1.9713624572861
1.91751638849092
1.22404223705928
1.59694165448761
2.41046905873188
2.05998810078191
2.18005809732463
1.74558946076752
2.21715973445902
2.09183710533569
2.35920252619322
2.4312200024122
1.71761034546812
1.78878472888139
1.45689882487426
1.08920993218809
1.85483719900175
1.72524321315715
2.36005974711884
1.9524699117293
1.25894082309684
1.57509576672093
1.90897243341366
1.9103959791423
1.75348531068601
1.81023914339895
1.47297843736007
2.09703703059116
1.73373414329411
1.62781269634424
1.85877904649652
1.70142031699563
2.22434760850398
1.27459098259949
2.03826562565485
2.22615540415349
1.64772257264551
1.75531478642707
1.70309028830594
2.01396786447005
2.15501748000927
1.80532171693324
1.90584361069459
1.90677720828145
1.94925617759196
1.3959442853016
1.94503352069171
1.79766617918269
2.11602162357826
2.25198852691177
2.2900925344087
1.93472801039759
1.93191067531167
1.57195624611856
2.13090519827102
1.59111549010383
1.76854961228664
1.69050737606528
1.82154851519479
2.12266140585004
1.44973452594157
1.60720343122679
1.29577149782066
2.1116321485143
2.35203296851844
2.05614604283808
1.60288388013683
2.03872895229765
2.05683264464049
1.72628529496503
1.31914594965411
1.57476916538148
1.68354145242095
1.68064818513094
1.91568693598295
1.91342676972935
1.94808105738825
2.21693829866467
1.89026322590521
1.44223228532114
1.69753611969083
1.7158187796724
1.8575326571127
1.71225697119896
1.62710826485215
1.87616480975613
1.63110333800317
2.15123921398505
1.77250694375466
1.57521781345654
1.5363190668035
1.50488127588345
2.30623639129063
1.44133466397609
1.64706797882052
1.30107634752564
1.9805007583379
1.4940615201898
1.90331011688518
1.7656021160988
1.34924768868219
2.10631165915428
1.51996693512284
1.35309471272196
2.04401508158634
1.55218170994339
1.65750782513091
1.83441160110136
2.31966135104062
2.34922586225138
2.29432807291743
2.37790690827949
2.42049057053
2.0054249594747
2.02503889420187
2.08360397117976
2.26025374144564
1.61334591341727
1.44394492228787
1.91546638409438
1.95829866157372
1.74176740797178
1.92945741013811
1.93451501870859
2.02944517719019
1.67824388844839
1.62889038897605
2.0925234625332
2.32980865147271
1.95337806528087
1.57350718726686
1.80315235733141
1.31816960773041
1.90474505664563
2.18105433452518
2.45648256890427
2.20679393441254
1.55914417348206
1.60476644629269
1.68430988056949
1.88933857301086
1.75894163085148
1.64722284329253
1.74441101412953
1.92992596165685
1.82968240445828
1.62640553033027
1.87317630010466
2.25970566655192
1.67632961002245
1.75589027355786
1.99632554515781
1.94516320845193
1.77989721614724
1.67621562852848
1.99064533828585
1.59744690213559
2.03980881294833
1.47835161563086
1.98783477271369
2.11265808600894
1.71884020743355
2.28788566978798
2.42451174542349
2.15610780522502
2.29432865852768
1.66834124365603
1.85954318006439
1.74055202444271
2.17276994472822
2.22109834766286
2.04031693808969
1.52954903657916
1.69567489817367
1.56641888036104
1.94953197359888
1.75976899397589
2.03762540977551
2.33101168318652
2.01427362324038
2.3880446413712
2.00849131592358
1.66957536266818
1.5309172181549
2.39190079399617
1.82167445307703
1.79469920439219
1.83992128740735
1.85694604263869
2.35906795483095
1.90255337492299
2.32469541065862
1.83014437052848
1.38911494900417
1.91902447983831
2.04149611551137
1.9058721545101
2.2204764074679
1.57420398955169
1.3797313578308
1.56985888710861
1.81965424588235
1.70624253378385
2.08484662536665
1.81730301606711
2.14426997275101
1.2034277643267
2.10141684608335
1.87846333234156
1.75793502992282
2.3226472110501
2.29647992223203
2.0226899742081
1.59696213090939
1.62563590130769
2.05632285853527
1.58287653323415
1.62423930689125
2.03880701823686
1.86362200512933
1.76084771911668
1.88274650065194
1.7249881597883
1.87492644923399
2.43858080249028
2.02789445142995
2.1000007449066
1.9221117714047
1.33678816950174
1.88133288520004
1.57679805836141
2.08150923941829
2.02035838615173
2.33067070193939
2.18451413634983
2.20373925315326
2.44016558969821
2.38655621797201
1.61702450317596
1.8373658342464
2.47620450791227
2.49173941569194
2.13172378709461
1.12828703146029
1.69974982633981
2.18368608559165
1.91473307155368
2.10546707264225
2.07898520747019
1.38318103865771
1.89721351586992
1.69184912269007
2.06469877468235
2.42504213900502
1.45633911611164
2.20408207235588
1.92113244118867
2.2800701761906
1.32406778935166
1.30015641681933
1.42586617363612
1.57915879239092
1.79837309040242
1.57794131262653
1.83091895495647
1.65613635164901
1.75697999166614
2.08733213811707
2.0406804210993
1.86575212042534
1.91267311566109
1.79235372568526
1.44494170635331
1.92765297815412
2.24637090650794
1.57757671872374
1.8347261426124
2.16546873742592
1.52980319823472
2.18194440977096
1.97889110992326
1.3176891114206
1.89121953256388
1.52912486421552
1.91383696358877
2.14180425374634
2.09889661096244
2.04423012212067
1.70489241469709
1.99954428295851
2.15185419154219
1.80261113814736
1.83315433299761
1.55071928197881
2.06756438817962
2.14417264849714
1.99559607067647
1.38436239604211
1.5628173379739
1.66360617489414
1.39385509917209
2.09754862661328
2.06423647635749
2.27035331409502
2.11882955143219
1.90116202724512
1.71359664709702
1.47974375473156
2.2197235280943
2.16736180029382
2.41595022340671
2.37749948316709
2.13150343759381
2.14950674118071
1.92786278009611
1.88293499425533
1.69109122546938
2.40724769445624
2.10029177505635
1.50310115523239
1.5617599538479
1.84367342815072
1.81630152823919
1.94832443007122
2.13844196990853
2.16316149411611
1.85691662860983
2.07437369703494
2.18021905964595
1.99350218688693
2.2153042842112
1.91570952896138
1.6822293924046
1.47105913093779
1.93252134596242
2.23367740635197
2.19277764892491
1.50427474863023
2.14559575067711
2.03955242762372
1.59924393384537
1.66614256074328
2.09929919853715
1.56614526706194
1.9773020010735
2.14156783530935
1.57445133325048
1.36492826886268
1.90013236081952
2.15453391203882
1.35868977377377
1.83124421196565
2.05857187247044
1.42363542393176
2.0135436684007
1.89523356732281
1.83825024271637
1.74717246731981
1.82415053011742
1.81853841833309
1.36547970191594
2.17526666785112
1.63008857957809
2.05809566641855
1.48894485859554
1.6517900770563
1.70408913903223
1.3547495732483
1.71441592603717
2.03223683175718
1.94224066307119
1.71973818915829
1.86500544225298
1.87296133545705
2.00828581165559
2.13111680414169
2.00712323307427
1.86554511903011
1.93467411634464
2.16363811332654
2.00902708163509
1.7390855284428
2.02601585675696
1.99188362614757
2.05656142891269
2.15093460889773
1.31564854215911
1.95990447079586
1.40014519585101
1.75298410861592
2.05400214823889
1.94200342516008
1.83744968194253
2.38518377773834
2.40989555563827
1.60789848381612
1.67787381540826
1.76235356079241
2.07989679547083
1.74332516966335
1.91625626160673
2.02150384898912
2.09155736917992
1.5957937426832
2.10980311949018
1.65208766494106
1.96341334209802
2.44648494169859
2.20000812602073
1.40073466119936
1.58091889404108
1.28434595616273
1.49561932728766
2.22365481218782
1.46870085165438
1.26159595879638
2.0184442158768
2.13990122784752
1.89623280234372
1.9381963103361
1.62870715170487
2.45129473416377
1.64416435853489
1.70820742545431
2.27363584310043
2.09913982333634
1.37099714293436
2.13476596249706
1.88883100932357
1.37807605500816
1.72023899740904
2.34063811021878
1.92018832913421
1.60840530644414
2.19373122125336
2.11482547012323
2.0591766731373
1.9477001441977
1.98373243321117
1.80887319784887
2.33971772826803
1.98204253244439
2.11262919414431
1.54839719342406
1.61992396012503
1.73725177069016
1.43673812088704
2.19212566740413
1.95610244300589
2.32069720002417
1.5735833915678
1.61306972583217
2.3419409223521
1.86895798298403
1.52273930871116
1.82544926500899
1.56070310490351
2.1947993885246
2.12852420588078
2.29031386101391
2.12038345353239
2.43718628438967
2.05278309809878
1.66441734877758
1.64115341164521
1.92650488212796
1.78798111643021
1.74756094058808
1.91722314168564
1.98063312049143
1.94132271796336
1.89659393003821
1.56732088448234
1.54952332512645
1.70471765179135
1.87070618919532
1.60177412716862
1.98563480247665
1.70908018719333
1.83151365563636
2.1766521503781
2.46911554361857
1.91939084267258
2.11270253666154
1.65010175979528
1.84886448933245
1.73755019993398
2.28640791574558
2.42915400124075
1.37596166876686
1.14983091634372
2.04698966062002
1.82013602809159
1.6152834935845
1.82082705045712
1.64730693472043
2.03952457577439
2.24262743101905
1.85137155969294
1.8412806778689
1.97672132923476
2.23707071993327
1.38955105993706
2.01964832619692
1.84496888980076
1.94477955590774
2.23349051736002
2.0240281497461
1.97902369594871
1.61521225359831
2.31125365769944
2.08795612519039
1.72918634419078
2.19377586657588
1.98468179760373
1.48730714346307
1.44888180233525
2.07960797573632
1.892063582983
1.65074003840125
1.99917830817444
1.65594055307645
1.8621582809638
1.62611605179363
2.04994780946702
1.693841354001
1.81625100767387
2.02117783913768
2.06054388839282
2.03713190740806
1.50562226708016
2.0687536494595
1.76837513699341
1.89407207395923
1.55710521281873
1.51285076144297
1.78558932240886
1.96128131355087
1.85983707412947
1.91793603792124
2.08699827841257
1.53090434541073
1.97742209088403
2.12134976465615
1.94285205855048
1.98531184503589
1.70409858913956
1.9641051305394
2.2915438182196
2.18400248393354
1.81304997351224
1.55240231730317
1.25421542073028
1.90712156033987
1.8315445580046
1.71148693715559
2.19469534168871
1.67155262965497
1.78628636444079
1.87499323045242
1.99493685409792
1.39601198692329
1.8573769232075
1.7740431069918
1.81558170927594
2.11432925336253
2.23882265917457
1.54011129134177
2.13143301081573
1.78639296233896
2.04844588844871
1.65666708874367
1.95757285078649
2.11180996839569
2.14292708696823
1.77764147437635
1.5126482105026
1.97512532052174
1.39006964050585
2.09765316353888
1.48901229068211
1.8162735490384
1.43646970983687
1.86336515235531
2.08726855840867
1.59863391703399
2.08196932675758
2.35405042675966
2.39091053643253
1.84336760882919
2.05957416890226
2.02413912645167
1.81484027770871
2.1926902936237
2.05632499875939
1.96623337844277
1.94445939247822
1.65933439608359
1.81829754964896
1.57061231124557
2.10059642166553
1.60898332703601
2.11190017428223
2.22920229879253
1.94042024672145
1.67127138983651
2.17374681865572
2.25575670656506
1.8620216643945
2.15891780970253
2.18768102631735
1.9504050314894
1.95372166524147
1.78665698408639
2.17572545718834
1.89533485341331
1.98449718678383
2.21023191022826
2.20300459252494
1.3716532809887
1.61869647626326
2.06317945609829
2.23551666074394
1.5511214257557
2.05855551247086
1.29471628548152
1.68700087996424
2.38756826499023
1.93814063202227
1.45216253795193
1.7950984871732
2.38977219067169
1.98684071357718
1.92759676813865
1.62452297714831
1.84841571787233
1.86482675511532
1.79745700466657
1.63898220428607
1.92479963667033
1.77657306843133
1.39427367850562
1.48479836479834
2.29282620762767
2.19682419205712
1.66780161845409
1.99420111202594
1.34377984124737
2.44262755089611
2.32670191405143
2.04671896862933
1.39399394805603
2.46911601436395
2.11037168442871
1.71844073952294
1.78040351099021
2.11403883098504
1.86519753750402
1.58868493588345
2.1530426035589
1.73888116362091
1.46299859940137
2.08349916751974
1.65895246348105
2.02393291390607
1.81679915888439
1.5594425525982
1.88730783937876
1.78508510013069
2.24354972165957
1.87809111516225
2.30344673307176
1.91496301749078
2.04604745592748
2.10936406681537
1.39307766407587
1.91902466139932
1.85125869310711
1.82528368948174
1.28434886656795
1.6746263756357
2.02349015212681
2.04633679933982
1.59812216549961
1.31340675781548
1.50967345684473
1.51845409298652
2.14589211219857
1.45824064679615
1.48682783765978
1.64506219660387
1.85744196382991
2.30622140152299
2.10190426904293
1.92247624533491
2.02304532071352
2.24397839356912
1.97972055009418
1.45758810712427
1.70073293657668
2.02349158485016
1.57235773558346
2.43979584068664
1.77888571728131
2.09946310441653
1.8592734982512
1.74224444986675
1.95649035989908
2.01094270533341
1.90223770673733
1.82795953432232
2.03239246792809
2.06980137264092
1.8381363294256
1.3163807964746
1.70392380914413
1.90883214299982
1.62140495089929
1.55639333137948
2.28324506140527
2.36539778318377
1.91364301977403
2.32970088220269
2.36785850326434
2.05995017627446
2.00062089335341
2.24894113769978
1.57332406331305
2.37772265253635
1.52154456613675
1.19077621055873
1.35872794195345
1.81024714681934
2.13401969342498
1.6367031687547
2.46327765883678
1.57849861337163
1.94316848475008
1.70144496725282
2.16355417659259
2.16675989874444
1.5063084027855
1.96283155602417
2.12841997365759
1.62390319087475
2.33666060919286
1.47176861727634
1.57929838222089
2.08708236782383
1.65963466155928
1.94608714700184
1.5946144181472
2.24635078220174
1.5258164218047
1.66334550066416
2.03979687132444
2.04729116435287
2.24822205052668
2.24270227787033
2.44997430036001
1.87853564698365
1.9941090117035
1.89623836094057
1.73084514427945
2.09581572438976
1.93174826165738
1.70251571751086
1.84848736936809
1.67215700399427
2.13503272582564
1.90603039698289
2.33819542430065
2.41109913677652
1.97100581037432
1.22111961735317
1.69966563711749
2.09222204948102
1.83734709275185
2.40279011986458
2.30996549693924
2.10695713334342
1.21692728496709
1.8490826112815
1.86844001553187
2.11078906385074
2.14127096778205
1.44863542624969
1.17098631418708
2.48031370022239
1.86103135346848
1.81869398936115
1.9390192838087
1.97333101736381
2.03851475806298
1.99497682977946
1.60818001177353
1.95977072951578
1.78560570828404
1.76972799728428
2.16883151801769
2.2720453192183
1.45341133272653
2.00535436295659
1.45594877351996
2.3140373432866
2.00352507275763
1.36503686406773
2.13936066066296
1.98966939190627
1.76347678261262
1.72024848819255
2.19190547151243
2.38593151110939
1.98843538659888
2.1395995842043
2.34717249352516
1.74341288618651
1.20294301382593
2.10283804212213
2.09004103798527
1.98312809118303
1.70459267315983
1.71050404790396
2.14275518093236
2.29189858248937
2.20132981097988
1.64917038477025
2.08146747462741
1.9267993696295
1.86200537710592
2.33303595548802
1.89161068721814
1.56656509771956
2.11442442144476
1.9811080339541
2.07611655091222
1.26159080235612
2.10948376046241
2.19015443109
2.28994096658071
1.84538541041345
1.79876274283814
1.98445464659492
1.68690164078775
1.96941162782407
1.83150431838542
2.01349394585883
2.3396623375501
1.95981891327931
1.73338289498559
2.26785860872678
1.98684210434286
2.17295646873642
1.92744932735839
2.00829979357472
2.03869743850575
1.46546770210214
2.21965971268725
1.61582531907988
1.50927159095669
1.66383286588543
2.32157234158211
2.24657314654713
1.4303735145378
1.30703875365779
1.89599842641573
1.48179441372394
1.75017961173208
1.45366989914764
1.91279013496741
2.21590515653834
1.59962346327183
1.99067330819825
2.11268817481731
1.73628966020639
1.98436101719067
2.18312479811678
1.52535518222265
1.78801497756215
1.65414423502699
2.21627065314259
2.00845939295352
2.44031188920799
1.96761100252996
1.82167574087253
1.88486530057386
2.07047765442978
2.12539261779933
2.17958105749403
1.89569627338677
2.04866360275244
1.99115767727966
2.06601356441546
1.77674943298296
1.67732889433273
1.55639551520577
2.16839310450641
1.69513022779602
1.29207315075347
2.14495240603085
1.87108322799477
1.62879295421039
1.68341747419098
2.08879284900969
2.29363510998854
2.06933545423418
1.63843736944395
1.87499219206646
1.74255114481606
2.09577784623131
1.99072093731376
1.82750402682597
2.0962765100703
1.6752796208834
2.22908630593709
2.30698424874139
2.28559985793893
1.86607013122174
2.04749500868028
1.15358340137441
2.10521271992685
1.37336694718271
2.23183804263221
2.00442961990577
1.80152990391225
1.67136451769285
2.13688660158447
2.02368041719015
2.08791536852228
1.24251530088811
1.58081284708348
1.63566803448939
2.31083806811546
1.70608427256609
1.61617056422206
2.14615829072336
1.45672773195105
1.61396399676069
1.83348780785594
1.36592953847098
1.28057943179705
1.48497869370316
2.23834624760129
1.50834989291
1.68722662605046
1.93306553432337
1.9584896920148
1.61616529614781
1.2554899074841
2.07478962969308
1.07963925125522
2.20845437771924
2.00774370269507
1.78166491013442
1.83719387701685
2.20486235817446
1.91468264793808
2.09563521081373
1.79093610263572
1.82229622398076
1.95143265026942
1.68436851680967
2.05659465199141
1.75007407248792
1.66813783323545
2.03384053008463
2.36666732983875
1.52062894531485
2.0394597424013
1.68805038226245
2.49222507184421
2.12052497199711
2.32085559633028
2.14483008399503
1.96187137138659
1.23948354943297
1.84026227183234
2.00301453558939
2.16716611670506
1.44531657862238
2.44035493477224
1.27220724305874
2.14156014200352
1.49217209403286
2.19388074908515
1.50947218386568
1.34711661498099
1.20375016519153
1.94333755186623
2.25330822113176
1.7519137040238
2.17820662410867
1.39736817809361
1.49858279015016
1.84484650778364
1.4595806508037
1.57638093507374
2.34578024660881
1.52405047347882
1.84358709371502
2.26115865466167
1.81743868089546
2.06728097062729
2.31426333614457
1.44114939010768
1.55714839077854
1.46371789174436
2.27991334106829
2.21884571785721
1.4669573805355
1.44960148616539
1.38187148475146
2.17920776397761
1.64084890494942
2.06350547703168
2.03551667782909
1.93819510441758
2.11777352330121
2.10074231383157
2.4022618044411
1.43155295868318
1.67157728334484
1.95626234056369
1.70853738057088
2.15050237676253
1.8021175208063
1.80226146028029
2.24300236531612
2.18887847784383
2.29672893561507
1.76053785043339
1.87960253174886
1.80054985565245
1.75950149252238
2.31814726625171
1.30592728923444
2.08415813019097
2.03840975016365
2.02825687106455
1.88258541202405
1.45233782507069
1.99532555756901
2.15925083446678
2.08109086406558
2.19050094618032
1.86543569327004
2.40179263277348
1.78492045489481
2.10129090558957
2.18877719721979
1.57321313405561
1.97617756713836
1.97853302280847
1.30770495923375
2.11051739457717
1.59672294553722
1.96977723061734
1.25291077253994
2.39667074446532
2.24522346362324
1.42344907927138
1.86820161656382
2.21844145383807
2.0423143769482
2.03203766078594
2.19232454935524
2.24291028366632
2.25021422176873
2.31727394024127
2.31869375291355
2.16108134473814
1.84981334904573
1.29658119249321
1.9061518260863
1.9763096391729
1.49695788485685
1.88412521619644
1.95383219023213
1.99243389681305
2.06247719156183
2.11662500932894
2.05319364816888
1.30408809806592
1.86080714490147
1.36592235790486
1.82092768091055
1.30772056545742
1.66308297744043
1.81680074441853
1.37100667027541
2.1441861455898
2.11287723451019
2.11138928501258
1.83525189677369
1.65962207296139
1.55045448592463
2.14389958065242
2.14248194377673
2.1106959865198
1.92109168601009
1.65661542977578
1.77108777067064
2.02754273540875
1.76827785691205
1.86311331963273
1.53913691609754
1.42185186961405
2.15647499317942
1.46234920400643
2.28606214853791
1.62821282363515
2.25448622387939
1.49745439299962
2.25604069023207
1.80314877954079
2.40983332049392
1.66598326713187
1.84700950222201
1.8517033356909
1.77717948992975
2.01747228079367
1.35371329952205
1.72335852889513
1.77159833070405
1.99329792962927
1.37483811558713
1.68812807489409
1.93115777633013
1.73162725338594
2.19994447575787
1.37507018926316
1.83377139722566
1.81235823547416
2.24745071302899
2.02257207964049
2.42603650416196
1.45922291750678
1.13774895140146
1.52801300212406
1.89854444185026
2.42159218613895
1.76241178658538
2.21867356726305
1.93713388751178
2.33908711498927
1.89725638625553
2.18190677131144
1.91378509226747
2.16842474218154
2.13646126220442
1.7271620713741
1.94020760916979
1.27696877238144
1.68178442437889
2.30062935958799
2.11049349556644
1.29499797424486
1.33835701456612
2.32899650171335
1.29775234836601
1.80568665463874
1.77921137022512
1.76206796591469
1.71385122292521
1.75895941753413
1.8261900823169
1.97156052602068
1.75186033908595
2.10140303738349
2.05944226374823
1.84138694676043
1.41023273995238
2.06166097173747
1.64281872552518
1.49808004316429
1.96624178115777
1.77359466038289
1.97106568064648
2.3009111289993
2.04111165080863
2.22996144338635
1.91077410384721
2.02586815290825
1.7126433820322
1.70995739883244
2.15733002520728
1.97850133152729
2.28219759296548
1.45199702331613
2.30855536060618
1.62034754906477
1.25403313087148
2.03418526377417
1.57307985711082
1.83442559928219
1.9670794178244
2.29625086203382
2.17596565519787
1.45468851721038
1.88437073262763
1.74935170976906
1.63463693594323
1.80277506737703
1.5515640729003
