7.87349320708308
6.97444791388053
8.54957658269915
6.71433274138336
5.86241397903877
6.3629339565809
6.81797006466094
7.14839267321438
6.35341063434598
7.41571732696467
6.83143523296244
7.38053258789752
6.77865594524159
7.97059982356881
6.82180481151723
6.73864021269463
7.91305941689607
8.39171880803533
7.90411933040461
7.38427500432809
7.48765443703711
8.49828860162141
8.64035467489466
7.25965454231129
5.93363108174557
6.52863518468006
7.92070099803618
6.31167614211461
6.28652953643768
6.51424578608594
5.75023562320839
8.47727036822987
8.05390198306813
8.4820074725389
8.56260555550242
8.05926355207604
8.32344387885477
7.60384750880338
8.05743945126507
8.1162110958267
6.46507601551436
7.97569034818481
8.16520534551436
7.98211350723592
8.47372545446008
5.56847792247192
6.96682639128773
8.68850125704896
7.9091658523139
8.44419432033354
6.21135463737546
8.66279222784331
7.27708004381395
6.00168823346692
5.51047612933639
5.7909768556919
6.69427562697488
6.89341220108004
7.05749714613323
5.83436339124459
7.78302300851639
7.58462822952426
8.51441318296503
7.5288447673332
7.22208419343134
7.91586896700352
8.413374182384
7.17797156124141
6.28578106770947
8.1982008526021
7.68964405140965
8.46274271455204
6.66253886236606
8.38465272457285
7.50733529561693
5.73936122012472
8.40067230414406
8.18287711025614
7.86758715426676
6.51141256447846
8.21078185172212
5.70039304339122
5.95141837229075
5.68703615802649
6.40761028168777
5.5812093403673
8.26784248419852
5.8350696679034
7.02925219309357
8.44166351807124
6.2654355176491
7.59583928889845
6.80829696921117
7.64173097709872
6.09455953085407
7.99367977465632
6.08977710878206
8.42317385756332
8.22173066763776
6.36272353690128
6.64378696329333
7.85710292622359
7.94532848308242
5.9447070215221
5.94649573893179
7.35748719615577
8.02634086272745
6.97794669188288
5.81707974572114
7.83133555586424
7.70735170670408
6.22814564367142
8.20866330312242
7.30417248611931
6.77279361894345
6.70016182570744
7.29987392315747
6.66177418409593
8.68670424279588
8.48471156987934
7.0143443703957
8.25641769826301
8.66577329315455
8.29784776839427
7.81317537260025
6.14104432803669
7.73640940214292
6.90412323553995
8.55665069030404
6.37179933627404
7.66126907383753
8.7196690301088
7.43531620811396
5.84494918873462
8.67992445829035
7.99154740228713
8.29806060498503
7.38015906385973
6.00473097971185
6.09900143386874
6.77607423273656
5.91050995516452
6.02803554159334
8.06234034430028
8.2966291032889
7.89991960516898
6.60137263461956
6.62271028421844
5.69625296512727
7.48747195453544
8.49084779218797
6.86265600185172
5.9162106988194
6.5406220513339
6.87177238388134
6.82680154340211
6.90784028704465
5.52658932830486
7.37836850126548
5.70352645414627
5.71247829301719
8.59819151250781
7.73597556391732
6.57224534418572
6.20068440881993
8.24439218159951
5.81380058961705
6.23876600107985
6.85019818705956
5.60706553386299
6.20393935097487
6.25243421258364
8.62658575294471
7.5901777387678
7.38489768982652
6.19012874215082
6.56720119030803
8.16552121238707
8.1105706524346
7.85044798746485
6.70918092679859
6.65510778616275
7.46087728924253
7.41702704127267
7.08226714800066
6.47337371504377
7.36420990294902
7.21997770351949
7.61209187435705
6.77292447900415
6.55527405827211
7.43662518966439
7.51396439006131
5.60032663987421
5.77002203413282
7.06199111921777
7.84703053704323
5.80624135632504
7.81375233179741
7.64268543647197
7.56294182060482
8.50488558252277
5.66168098563668
7.79275304543564
8.70007211496088
8.13920660011038
8.74731070480189
8.62691944572148
7.17434410985968
8.09816893044013
7.40974516161577
7.30033144405137
5.81615041700748
7.54367774664837
8.62678350720499
7.44311179420588
6.4353408139823
6.13171202636229
5.61915703019485
8.64430907546567
7.58590308564014
6.1030868070321
6.64348744619465
6.32432287688209
8.76382407628121
6.52385413024835
6.37706895938929
6.74108583661887
7.0947330677594
7.28153311188895
5.7804024314932
8.4083655598274
8.28216966512301
5.91051360781444
6.75148907808941
6.23762765275843
7.54932944232401
6.30513378848842
7.99561017485592
5.61864820110276
6.24432352969743
7.13105635071577
8.49871544337835
7.89709243295768
8.13710196487261
8.7119961408833
8.23212224145511
5.54864173434159
7.30653690707869
7.78013319129562
7.45522405883678
6.73990706750365
8.11532523217142
8.31071602903343
6.80976268295751
8.55595513900293
8.70822005187569
7.41408131759273
5.95077783774702
7.9315929297044
7.40806573848251
7.02660443760161
8.77086624601145
7.18155605116511
6.92932378420697
7.21084660741556
6.27171923600479
8.50083370908341
6.94237810216465
6.19970477720005
8.35720459727702
6.94300228658522
5.83234474374639
5.83815404728836
7.73517705520777
6.58254916383012
6.01557700683089
8.13660413881368
7.52105378858914
5.87778279273855
7.91776762680033
5.86243040770596
7.07435574935307
5.87826663370047
7.60283749193349
7.75710696567493
7.22357849835649
6.28038602533514
7.5822436227432
5.8576713363685
8.43319223168413
7.96089170119576
5.66725947482216
6.81995784152777
8.34781653518333
6.25147572886079
7.25466472131399
6.8461418661978
5.51685156911489
5.8023678278324
5.96319459532374
6.91213451310372
7.02569893840487
6.42293876723462
6.597002392795
6.54569237547345
7.68211598699254
8.7317736227854
7.56657120168538
6.91901277234095
6.52179342245386
5.72715903187854
6.25282730956838
8.16624623290877
8.18933043600424
7.6635136056087
8.35552911533977
7.09103999630695
6.63325676822782
7.56860873927076
6.64812699333737
6.89541848126403
7.25028489419335
5.75273913116213
5.79523693588552
6.08233381628999
5.58397546600642
8.06638994986954
5.61642694581135
8.7884978344397
7.30636252573967
7.39260718999952
7.77357430094802
6.02633774808847
6.48844333266637
7.30308828512601
8.63148643389662
7.12586686377259
5.71628487856323
7.51165188189839
8.27685119501026
7.62349921172691
6.55780982311888
6.56043579167521
6.75037833343678
8.66403101982535
6.49511223974298
7.09308436565046
7.13318652609144
8.0777617244134
7.22141824930374
8.32393744600123
6.81686222252375
5.51550600165375
6.10950740629445
7.25021582011206
5.84329949049193
6.82636734183426
6.60030718697193
8.00612128694892
7.92780156864478
6.54910042207414
6.27874974903764
8.55060262383613
7.43207759664198
8.25304947238743
8.69156766902351
8.41746467664262
8.04774300980201
8.36843774550237
8.31325290816353
6.27844127132914
7.34110418639033
6.24407756367477
8.07349404712655
6.47907276800941
7.57670955473928
5.63026550026685
8.56368649049955
8.49733574438465
7.65682465548651
6.84511641366369
5.64317675380968
8.11113096371888
7.14747595451304
8.36881633794125
7.72333408882871
7.10656297574917
7.76453965006071
6.51003564584182
6.00269875482564
6.57333259787265
7.46221612460341
6.40117341180347
8.78628134890583
7.2287959305922
8.51112819050407
7.75072798559518
7.19092222721641
7.51422327551856
8.25002025729934
7.81462590122741
8.75685845351844
8.20377397485593
8.1835018846701
6.63070200139401
7.76596094007308
5.73599531879046
6.24460022736519
6.67908437743821
7.58162773250133
7.49955022310253
5.97141005698812
7.57308278115485
7.42762365502761
5.56251682411322
6.69879996797484
5.57496694074763
7.92801871526125
7.56450192527876
7.79868574380214
6.61454543033813
5.564456957592
8.02236119021988
7.26895658292122
8.59292943914263
5.69111143411726
7.75391018845024
8.46931044175627
6.96332785076127
6.967070021284
7.13230750417216
8.69163867416037
7.59061093483821
7.71135638395928
7.04537362464845
5.5193738506746
5.910033993901
7.72936797081022
6.24119635763689
6.88053741404417
7.76606283472532
6.47310821570265
7.45882586450476
5.78894744199424
6.91046184966823
7.49197682628356
6.79530392224557
7.15138970476256
6.6840405868144
7.2263489301644
8.71357854787116
6.84705892891272
5.97916047972714
6.34590395145769
7.14636947219008
5.53359158285941
7.33834400383647
8.24777137510678
5.75390938860644
7.65496170874435
7.05448641509447
7.7998618038339
6.48287113739548
6.44983206800006
8.22885770783685
7.54501823057414
6.05471586052586
6.93185381482581
5.6104985448357
6.18954198902244
8.34940979384239
7.1891019293347
7.35692060326615
7.16228446676054
5.63866000036444
5.53843846888983
8.41143052875681
5.91641110647395
5.52129340133739
5.69805404694037
8.00106398203187
6.00522112553317
6.1596633177954
7.16670014403132
6.1936850421601
7.22657228758807
5.83915718712382
7.48922057805913
7.21482884649938
8.25911809955088
5.53174736770035
7.29591857609321
8.72048950825663
6.43227067518195
8.38024090881014
6.37911197753336
8.4479592101
7.89513147306144
5.73167027112367
8.11864257827788
7.18198547645228
8.6701783203639
8.11096667123107
8.52223659171089
6.65120609195397
8.73527618765183
5.87344703681498
7.73130212045115
7.74426224826719
7.06766516749765
8.25407564312749
6.4461981565163
8.46663750736089
7.63900056126495
6.05226968693745
7.95165623593786
7.3809331624463
7.17354415161116
7.0533874551468
6.15018129794428
8.21339977257419
6.80458029000916
6.05774183891084
7.24102807651651
6.1534276301813
8.45517176319511
6.53878338612671
5.71118731999912
7.38343869661586
8.38167863931642
7.97265285816963
7.64645392855205
7.46981460119958
8.53659169710683
5.8324939285563
8.35296484285574
8.36749977362278
5.9058442301462
8.46706255921123
6.01675639547868
6.46946577756966
8.08972631599702
8.73562989243995
6.12987634588526
8.58572313101068
8.52633360676065
7.50867762507055
6.31038004973636
6.27049245734187
7.577129646962
8.03073840156095
7.68603705548894
6.85950693200797
7.96056176917703
7.80527796211448
5.90395886018091
6.17550830110539
7.50487091733259
6.32713732851177
7.25025502056966
8.25137168491193
7.79984845757655
8.21899179156789
6.87431711964789
6.3965877658201
6.91908472823888
7.01639598269976
5.75719723912344
8.58030306053893
8.70795642079004
6.38146438393706
7.60754372262862
5.60250911991875
8.22623246087293
6.28866831520876
7.8033600743235
8.29798804660188
8.22301189057887
6.74088466575996
8.52201610937239
5.83230613687598
5.56102302790308
8.39728268607283
8.34055730498089
7.25144512966062
6.15059383566888
7.71292066611732
7.26638622254109
7.53746650952848
7.41995867983879
8.21601481644623
8.68948382266159
5.95768079811084
8.11970419407622
5.6969154612542
6.46545744372032
6.5819025811033
8.59227629295083
6.00927832787652
6.28369801633602
7.90450243763693
6.34630982148006
6.95108456018034
8.07572554431756
6.28053086471284
6.90939479191633
6.8315701894038
7.16547520067906
8.38477753111076
7.24481443922371
6.4739941115131
5.8220657212833
8.07136477246461
7.08009965973751
6.56230908485427
6.33178647879084
6.75130591594175
6.14447373460145
6.82866764118699
8.71025593551584
7.8367067157241
8.3095715945746
5.55704347650171
7.25338263127515
8.23209025422184
7.74388403666996
8.00193245513447
6.63860313291248
7.8587338981033
5.60129981984753
7.84660298714872
7.3634215972842
5.78005634741621
7.73219856777475
8.25479607149753
6.83424906500678
7.54514927001805
6.24414807654114
5.83176166157233
5.70497634266414
6.77531301046475
8.69634887350073
7.21371384180138
5.97860623780287
7.9864214702249
6.05532456515204
7.05814855835436
5.60260204147019
8.75320841911663
5.55982120061245
7.84301590992796
7.81019243095213
6.32910483539569
6.25777881020642
6.47032392376547
7.64562040037205
7.30385136800473
7.19493360428837
7.85263446562046
6.10406261354002
7.0578698299015
5.85504922577008
7.60031802337369
7.59471408758982
6.69725127820389
6.87235589575566
8.59221378852099
6.73055293108697
5.90611141111781
6.43898598935754
7.485189024906
8.57000361930262
8.278097673536
7.51925591421729
8.70556060041525
8.15814380834381
8.70673632902956
8.4428104368966
7.22948797005942
6.70724103572976
5.99618417031874
5.74998442173921
6.16649558883173
8.36344470797228
6.75570281154755
5.62519102836766
8.03844135931572
7.70710539954279
7.35384160669979
5.54283480659965
8.19879315473175
6.83576104986647
8.351774242574
6.2359828556842
6.92589651403618
7.12371191239776
8.40454008625534
5.62769113138514
7.7748164301205
6.70876186227556
7.97524595891676
7.46341166213596
7.27592340500569
7.03194101614842
8.08982443541033
7.67063535698851
7.35132660376085
8.21836413006329
6.18782755550816
6.48969363883788
8.68773762568317
6.20729379700992
6.53193340392239
7.8217873614386
6.06096451218344
7.55963152838823
7.45027824185075
6.58860978951498
7.25293836761946
6.62810172100155
6.66469014086629
5.5598061202095
8.5133584911234
7.35369820260369
7.29835597074638
8.58014712232896
7.89758239488464
7.91559676687847
7.85055400672146
8.22033695493441
7.40999798221197
8.37856080077917
8.2758586653197
6.26509440271276
7.83345626484572
7.25303062211994
7.53605067193742
7.95598634255345
8.35674085689687
6.00959454686008
5.67142611943836
7.57292330542372
8.08156204828372
6.34078734704808
7.86397808223549
5.54703862968402
6.19340999139208
8.31946464424329
6.83974796437078
5.92305686179504
5.66544162172208
6.41161058586806
8.0863963446656
7.25811008554223
8.15765067440876
7.95933666409057
7.88518714523764
5.98800970950766
7.58668780794049
7.32226053819335
6.60968521697567
7.4986651183389
8.30217234308668
8.26233431666326
7.81876919376956
8.01560857090414
6.37641161849933
8.27008427330811
7.27882353671512
7.11778428007005
7.52207588995396
6.83778584947091
5.7730556559337
8.79445972992698
5.54950713360684
6.94243615484487
5.81864327951556
5.82148102291675
6.01546315588828
8.43230587203412
6.03094364759399
6.95156429402788
5.80875284703182
6.16962229778524
8.08574126044707
8.42234772398227
7.96165339477695
6.82349964277758
6.01769877078274
6.67937655395872
6.8400689703285
8.33123454088422
5.94747365807586
8.28524345756705
7.22378139260907
8.71065273892995
7.51302662344035
6.24788921570044
7.68123497001504
7.8761869198864
8.11220705008244
8.34487989305709
8.14609459377644
6.50843882804952
8.32940570572481
7.27912193978238
8.43365651077474
5.59117401847214
6.7136344745936
5.59742621388118
6.32286090678231
6.08848040460048
7.06996572864646
8.62357248069018
6.90943916999176
5.53688865829516
7.76105644163208
5.58144522125227
6.90009322612065
6.96061257365988
6.12915423309353
7.66322627215641
6.83569654829505
7.96869465511268
6.65714800929721
8.40260552054756
7.14179207307088
8.15030796214876
7.03140157938724
5.80635176356171
6.13827421723984
5.89003766470978
6.95182954700922
7.28766896871506
6.63703558931727
8.25637107449084
7.52512009799
7.22304447373214
8.00576740890714
8.64924950326706
7.26512794127348
7.51177971066007
5.76586533484085
8.50609396604912
6.12987402680019
8.48563373734322
6.17548886702585
6.86297921436578
6.18963551791579
6.54522299144913
6.79333345457399
5.68372361649984
8.10899581695996
7.16285639032208
7.59563871512037
8.71614791581279
8.58137481598187
6.26075396229686
5.72010321518646
6.96844975735691
5.82037101992024
5.88391816527658
5.63109240548516
6.32694720706601
8.46352773361935
6.35997175140591
7.59251671408691
6.38751585004011
7.56469670701584
5.87235235473345
7.43362251543959
6.31959764289238
7.70450109400077
6.62336269154629
6.6728617434618
8.1497093196379
5.54123846024683
6.21972912869763
7.54405063078543
7.71833919152958
6.62426345253774
5.67957961916237
6.43950937128546
7.47643309816576
6.43473858316548
8.63523698778846
8.03642905177791
6.19057583792493
7.51813502496929
8.04615410181451
8.45839568254842
8.43416502232494
5.68766981509439
7.62593995716293
6.72631308761495
6.26021420925713
7.00156601674079
8.38756878719222
7.73470995149475
6.77419853126722
7.59441154960904
7.05272708820406
5.98558507669432
5.87931213090008
5.9304074701107
7.1146291251092
6.93586934493144
7.63084422947759
6.65395265268403
6.08790207571579
7.05707066741938
7.31000234084451
6.53060729507916
8.56223348439181
8.15992071067633
8.65018797824917
8.20945414768222
8.12517153951716
7.60593800020512
8.5949702488375
7.94302119609224
8.13063565596374
6.27904346573618
6.72814892316265
8.12642946154046
6.54654579244899
8.38557670423976
6.41134549571769
7.22945823385768
7.86447368633894
6.87413786304534
7.79269215292753
5.87963109105494
8.33097056356557
6.43689116054943
7.78094840749317
6.42297609243984
6.78938751911095
5.8360742094619
6.11964836579821
8.78157470935036
8.32380778303432
6.54778832525954
8.48657896544042
5.59067277732563
8.42223136480064
5.5204653577852
7.15060545052073
8.19603303064623
8.03778317431435
8.30870380531706
6.33193213741035
6.64931988097497
8.5384585389661
6.59238275548297
7.35062002645571
7.69542948743559
6.28662278812885
6.04848860902027
7.29633877902511
8.25404682937794
5.88733752424659
7.04828494360169
7.18387326925649
5.77318618628759
7.50446576509681
8.0401094338623
7.4454691483814
6.66168138157365
6.29299918736977
7.62135468658471
8.77382589414376
8.36469866990123
5.74237401366865
8.77443140793183
7.67427916590506
7.43056068098582
6.79739329393998
7.36543524799148
7.96804938335041
8.44574974395114
6.56530561862256
7.61890230536116
7.03709394090361
5.63277733136755
8.56375988039919
6.29565118107066
8.28925039074787
8.78301813558418
8.64261931943753
7.66053393171147
7.83405721377212
6.11999753575076
7.04932467510761
8.40955206821102
5.52956464077214
8.64741684401077
7.02898164587358
6.63624587241808
7.31819635853403
7.44178407341462
7.94305630204201
5.67297559688626
6.57302995492999
7.25213826769373
7.38480010006809
7.98508448799701
6.61355723911144
7.96785503701595
5.83300028620875
7.18336971074194
6.47491989204031
8.24851437193879
6.11362218570039
6.80784327410952
8.42184541000223
7.40930855863221
5.88297801563448
6.32747648051018
7.6116172901318
6.52919572581574
6.09410783841213
5.80058668768303
8.79795583058153
6.37039343450847
7.86045053345294
7.41773960963023
6.57071631916512
8.34037491040047
6.81030899149548
7.66112159805103
7.15560251474703
7.10738871191212
5.83393332551631
8.28712633203442
8.5502117115069
6.99093028610666
8.16893454997397
6.61816019022289
8.16940515051438
7.90221448693857
8.31885129598073
6.92592211733869
5.91228188840291
7.61201161473248
8.16677136629478
8.06237992932247
5.75664884342512
7.58998420121194
6.8742054671949
7.06663096705566
7.95617230283681
6.13158579335266
7.83853601610721
7.59169330882926
6.17655562457633
6.80844088114557
7.43817297554649
7.30827172466114
7.52065432464678
6.15626358594528
8.65110930242266
6.36398759145957
8.79836870447444
7.8997363280588
7.80328461663365
7.57263890743917
6.23989444152283
6.563289473637
6.88950550576911
7.62461860595556
7.64606341821099
6.26918727382605
7.2159295277019
7.53942344498952
7.12340900513179
8.55439103951011
8.77073191239641
6.78262112214608
8.5665523935124
6.37053030943871
8.23058413368048
7.68863841544664
6.02757974299663
7.38021254666823
6.45408835115792
6.63221257768041
8.71669555782827
7.53873308512817
7.6448602862343
7.07692573642933
6.92818264479315
6.23283969753206
7.18430197596791
7.60446183409861
7.02553257412368
6.87842235857201
8.05105462578807
5.92019713004944
6.68053906401002
5.87513706216733
5.63206545496686
6.35304318965627
7.3344400609236
5.99702868825344
6.8872852500228
7.76338717096496
8.30312695356615
7.55596618232426
8.40407839052632
8.06679209799602
8.44275890017916
6.38646806884241
7.71236424139871
7.83193265598543
7.19797573493788
8.52710358913861
5.7326278738625
6.79472325911867
6.28688017938436
8.21747908660287
6.6498755443183
6.53915561252297
6.48153475756886
7.07270979940945
8.16591160863286
7.22772035879804
8.13775832140512
7.66907449102495
6.78166361935146
7.5159953042185
6.30691336539195
6.46326749570545
7.01207608036267
7.73863978334627
8.03164313000871
7.94218402829673
7.61402740628079
6.24630930807177
5.9010279267003
6.8379954876948
5.88029387857104
6.2923096879691
6.30811063831629
8.53073387538257
5.82787959960908
5.81590681568931
8.27468851055883
7.82672923754004
7.19775633657231
5.7591104534066
6.28484650171698
7.08201448238654
5.52244932855054
7.78782393873927
7.26443267155717
6.49830390318377
8.41014265709918
7.58256563000421
6.51797572354574
8.08383077212926
6.38543398471634
7.73063576855193
6.57746409889788
8.20060714213454
8.55270421405987
5.53489405025469
5.71449603318361
6.80160699215906
7.52630468818284
7.52809036171284
8.71228724745783
8.5660705950292
8.61196440866737
7.11328358482031
7.16711309185343
8.67835390396112
7.05484362410437
7.70148138375372
5.97840519099532
7.62733500738738
6.69801466147771
7.68299808994732
7.70889571857184
6.19047818267635
7.10159669944524
7.03972842113203
6.07989839659029
6.09993255541443
6.54774687823335
6.54014528488469
7.54306944567338
8.60591815443886
8.52970800187041
7.95484374676723
7.58330612892011
8.77169748501971
8.53296244794472
8.33514347559524
5.94315900886157
6.47263292763885
6.31721821858165
7.01911428882056
5.60041072768047
6.37522602456964
7.47483874990721
7.18068044280487
6.65008854185902
5.7273906467299
6.75471691515397
6.18220587840494
8.54573132639354
7.2427616109907
7.00642266207543
8.57932362646827
8.38848714720974
8.53032957160267
6.88742163219141
8.08218015689847
5.64315698546094
8.07899817526123
7.31588317209001
8.7758032708111
7.85626504866211
5.80838127207321
7.77611984605708
8.54880410011259
7.37153334239597
8.08053677421683
6.84902717873788
6.84685076824179
8.116992259556
8.59959927877802
6.22631814899311
8.36342250890113
7.14564603752475
6.64463182580546
7.64918808141209
7.72192829256407
8.70116904137575
6.84669255703777
6.73564660989184
7.53989667969025
7.11737631411931
6.66555704611391
7.48663037799628
7.85644223668896
7.85762839451008
5.63625746901112
6.07484320122198
6.33708286113228
7.97642820757339
8.76114255849262
6.9312775807416
8.73414605441739
8.31868419157195
6.07557023752819
6.26134796598809
6.06584761376203
6.00052609209418
6.67067301552797
8.45811264414878
5.89586582100183
6.61027762541928
5.8973135200746
7.4937118352534
6.18810088241057
8.61636491038442
6.47172209410172
7.33604884897147
7.03238717241962
7.32595642041709
7.50286724829015
7.54926077825686
7.02605379218684
8.60230396654514
6.38436295242119
6.7236038470731
7.12868204802433
5.68109640186597
6.14347727544956
6.76271047027845
6.14292181870191
7.577721633713
8.675801870523
8.16611388294463
7.12483817173813
6.39777217690754
6.13381819300254
7.793006914091
7.31508750541335
7.12696474331462
7.01190698012346
8.45190747949083
6.21628127557736
7.6412459870259
7.65378715877141
5.87649748883857
5.84194558526678
7.40070566251597
7.18317329759241
7.3974724102935
7.47893263251358
7.44067686917332
7.81684972388576
6.02085316181547
6.92661171864771
6.71361524964027
8.58006452791695
6.63562024971902
5.98787348266284
8.08276036997407
5.59281318744067
7.09156482209461
6.98133204206251
6.04626660011812
7.64690048024897
6.379820374464
5.76711638383382
6.48909161085225
8.05808643406801
6.265454183674
7.24358886602734
8.48893415571714
8.49059277537617
8.66153412330061
8.58815240136511
6.79121985101288
7.80922914644589
7.9450184190446
8.20117393413978
6.93763851096449
6.30335075961662
7.58640231283013
6.96018960316189
5.73704449843516
8.58923866390928
7.18150333188061
6.76571183629427
6.07061868834256
7.38214344505293
7.37938807926738
7.76496718980353
6.36287870975117
6.1168268730084
6.71754139452881
7.20585212398219
7.92776726371317
7.11797628929977
6.4206634240885
8.77768118180326
6.12843689048207
6.15619350546736
8.64527315315297
7.2930892829884
7.90180122478551
5.54746530798025
5.98818215167937
8.06264610311793
6.74732349171902
7.08935503590866
6.5574995637949
7.90935112336487
6.21808966832944
8.25630408783023
5.78461665479087
8.49118588154805
8.43645967298228
6.90170749774566
7.24457500558073
7.30390364761421
8.78522734000504
7.80671215083157
8.09153308112712
7.81025489477284
8.02743808518133
7.52892530282946
8.54681578408339
7.31568364094802
8.26761425235663
5.82129771141231
5.90000031284447
8.7740854499408
8.43568488630798
5.73404244014431
7.26276394748725
8.58936429556018
6.02033303289512
5.89994326900925
7.76065981337528
8.64354986652086
8.1922719497328
7.54178138004925
5.79153548117448
6.88523501193025
7.57172309585563
8.45860955183446
7.60084426883491
8.62815588443807
7.99042528182667
5.9344882704877
6.34555646040253
7.76396867988078
7.72401949857409
6.06561572032914
8.45486135293258
6.75852821622784
6.6369625581668
7.33499922197401
6.75774775808172
7.59655797942387
7.13182182520678
6.17341581131655
6.50828757554637
5.66170502569874
7.62139046162744
6.81068462300576
8.70468283168819
5.95248874160292
6.73468331467121
7.23838992563299
7.77018122433143
6.42076704947023
6.60302814770482
6.26489432841231
7.95726258127484
8.42655958604854
6.82493417469563
8.45697453689449
8.33782662825946
6.74054173993503
6.85758899216057
5.97248548560563
6.49951087732501
5.89054978994195
7.46384736946507
7.27266263803383
6.1824032346379
7.95374079468059
6.98328305392431
8.51058876142821
8.13533772056591
8.27729818258346
6.73712785951999
6.45641378753117
5.73909874866648
7.64872943416099
8.63732016444679
8.69176571493793
7.75523592980349
7.81561238375031
6.29998660344495
7.85378092000149
8.4626212992771
5.70099821651088
8.64231378652009
5.62084853155449
8.00380303942564
7.23265360161986
6.07166436996545
5.85769973670126
5.66000390583802
7.55436884364473
8.44511600271876
7.21753038856366
7.25317802285308
6.53668649903458
6.05148419084612
7.25710467234497
5.77100571408212
8.4682534647909
6.43031489935212
6.22538481789642
7.8776967318244
8.22110533974512
8.5764057167659
7.26865267062983
6.76812358951089
6.45847638177337
6.55345547308843
5.94685766521053
6.25523360251709
7.65364582517539
8.71022098976012
6.70509325759188
6.93255297294833
6.83622307145472
7.26549540962091
6.58204575678202
5.55708230988224
8.58571474945438
8.44683322382482
7.60938216478052
5.7577454743544
8.44968353186933
6.41197403959533
6.62526496529698
8.77710344196898
7.56312945133378
8.77630742402144
7.53025850437315
6.28946912970526
7.03613319874702
8.27780887075386
8.35681026068054
6.46495430944973
5.83856023548975
6.14751211725749
5.51747645736961
6.82805362759483
7.94120452038031
8.24643920947003
6.63005209427788
8.2270520016848
7.93050845904418
7.41783258662235
7.00193942227758
6.28618730652221
5.6426145321815
7.6927093553753
6.89253613789914
7.50979638785992
6.92520207084892
8.75863129959748
6.24068392033219
7.24162712659869
7.65059192674261
6.41195032622183
6.04326450961863
8.22318164809771
6.47819515924335
8.19772029013141
8.03525666506931
6.0326846915455
8.03220950056686
5.93600495021732
6.38832402418141
7.31461580825603
8.41982951442161
7.02959619480634
8.35267247339251
8.57792549870255
7.89705471694407
8.00083972971855
6.65844096750056
7.10339262550969
5.90981230392941
7.48832090572092
7.08276676186375
7.53534125804045
8.1141463535302
6.43430487057119
5.62922502199106
8.14631689676059
6.78959252315493
7.77043365196682
7.13223639527327
6.23133723665087
7.23500839392137
6.52619318710583
6.45052060803758
7.8331769740674
5.96112602648531
6.96824316548447
6.59973102328691
7.82941349795452
6.10796844856847
8.01114010320019
5.83469617538583
7.15425154823021
7.11949255240154
7.8191558404111
7.08794949286137
7.59775106502253
7.98283752917269
6.54614119136663
5.9982236917609
7.2807109340584
6.77813541798553
7.56334838884155
8.11431068169421
6.09113709898811
7.42982790344305
7.96846664234823
5.54037571258029
7.99963962987033
5.71900834503674
7.7636863296016
8.16532240626955
6.56463198763119
8.25196110976789
6.57250224877594
7.78408872542492
7.38430750960844
7.38432403874553
7.3971055759142
6.18383797701225
5.85544161978719
6.57779686441923
6.12888153195736
6.51004119960937
6.02159542261186
7.8108370067922
7.55511269379648
5.88168398756583
5.81465529606532
7.96035836996327
7.74779384149201
7.83913633037902
6.48763310520026
8.16042869719535
7.50678084124187
7.45878712514723
7.96917673721975
6.44873275408098
6.85217854894556
8.55248809452353
7.44230982601403
8.74684952520988
6.5188489859135
6.79445857318763
6.44369232820671
8.44803443584167
6.75881304418562
6.91546859495229
8.4033717454632
6.83644405645403
7.57062295629453
5.91031894169069
5.58911156999326
6.8304142595952
7.25400336845733
8.59920894071459
6.29835281561517
8.15931208253368
7.61238626269326
8.10507999916495
5.90782415897803
7.66556684705548
6.48243240208717
6.64581596083806
6.19050747614171
5.62002071494273
8.48646904310105
5.88499650868063
8.53779623751051
6.24151379836962
7.53276759479683
7.83078044777185
7.04695478862515
6.80215236090892
7.76140116312217
8.49211293397219
8.32322532778699
7.25878205449552
6.04352987712664
8.79283603785887
6.23100087758039
8.34069682462613
5.67152492331178
5.62789432344282
6.70950749697372
8.56292776664982
7.12793096058815
7.11232330147239
6.10490422844402
8.66134008890449
8.49886435322116
7.98134605069326
8.38672247381874
6.62819194846249
6.61872200150654
8.79477810976565
7.82166394511649
6.82398805958552
6.82308946362109
7.64980522136149
6.93649908598822
7.93423631662114
5.64574695153763
5.89422884241058
8.39335855630407
6.27609379118448
7.45661564949809
8.17268129483861
7.47366216119393
8.56759573109942
8.45068833610832
7.57444508066498
6.19194437423607
8.1142005007074
7.44508576275952
8.11711444967984
7.73086294663635
8.40397539499425
8.29479112662562
5.55234371103353
7.70782470521026
7.77611882815909
7.56953195793877
6.47642963637301
6.84760946444063
6.36078748910315
6.63558188856874
5.66065232051252
6.28210698267725
5.62437247214817
7.05372707768228
6.44607579332148
6.76859253320921
8.11350977527893
6.43823683897949
6.43345069257774
7.32203581043336
8.64245963696992
6.93761244754509
6.40883058316567
7.75711030195021
8.28979865551019
6.46737332960806
7.03559982511495
7.79653687249951
8.37669808287244
5.70185151211686
8.5920296973246
8.54766597373364
7.89312836298593
8.18368425903281
8.57484762454792
6.73701321246196
7.99606384246382
7.00343303068154
5.59044050375253
7.49093090786132
7.53977741830103
7.8058142259174
7.15894766136888
7.21998006297426
8.18491273502261
5.89388306086136
6.85056881503565
8.06496469849503
6.15534368557645
8.04438459431401
7.16069319171972
7.30799489446778
7.98246356342997
6.76857668199173
8.22023512390692
6.81062272690578
7.37735401642715
7.13878225912069
8.53462302124001
6.24060185850107
5.93816346599902
6.86234374854803
8.74556433085889
8.56353475964633
8.37803259937641
7.14338291793964
7.44818354479832
7.93034890449763
8.57390070723783
6.45427833018106
8.56641512225218
7.82540095101798
6.80471076865666
8.36827845369477
7.82900017342654
7.57165578168669
6.82478486821868
7.68089983888623
5.90252536024828
7.3118875837746
8.38641790582536
6.50759309515259
5.99309437704902
6.27083943310948
8.47993177809418
8.13854953000288
6.29709627517661
8.00908973807516
8.01629428545377
5.71320674219702
6.42605346376835
7.53992211183145
7.01940438406345
8.06472676322926
7.01621665788168
8.48363114261621
7.60095686474896
6.96703882875172
7.82368533517852
6.96055249488663
6.50982977900408
8.14662654264002
6.32731963818541
7.935704384635
8.7363347307595
7.60920663812943
8.40989451244769
7.40037505967679
6.22509809335427
6.37702570965371
8.76092757932519
6.48692047282363
6.4645276902212
6.79105835821897
7.62393369975359
7.03480627848339
7.4008415568166
8.53128571290127
6.75640435937432
5.75949992718644
5.9935266409444
7.37386544335533
6.26733901739653
6.88062459757013
7.21104964083833
6.82047090913529
8.09531859876664
7.59568572963609
5.5603426312535
7.51106541714392
6.32948556400274
6.01449193608058
6.95235411622579
7.82048487167393
6.03176754000325
7.24774082067132
7.62869152181316
5.73781012314904
8.66475139827579
8.66301821633081
8.40823222527239
7.99820707979689
6.08452833597922
6.0514770521544
8.78827121448704
6.76596099448025
6.83781039476446
7.38364874705282
7.14479578605721
8.75643201929957
7.59457417733177
6.28774687731345
7.52051222545285
7.93048632905416
7.00386414284664
6.07351487617067
8.21166994476281
8.58557776183897
6.79561169993426
5.8527474700175
8.01995935981582
6.97081745439573
7.21942289297019
8.44078089086504
8.75751411585268
7.86973573164035
6.26310302349814
7.35455464124808
7.05649444800351
7.48256809946101
7.79627771873988
6.19384015551832
8.4601695793629
5.77175899389957
7.88233667862737
6.7077720076022
5.81814764940156
5.89710409575656
8.02075104362334
8.37298569333685
7.92657398001458
7.08531781841415
5.61744940500235
6.75522010907564
5.99589799288156
7.37831056240326
8.19786644478517
6.17386590515252
8.60496711193388
8.36706352836192
6.93233097866191
6.39766596568624
8.64416683070289
5.80741503907041
7.11799598098168
8.05449123353613
8.17849177251841
6.08244338522805
8.58642200228519
7.39332451749442
8.21319758843942
7.60881552445283
6.62892218187181
8.58370518258355
6.52886547937647
7.87243197813543
7.82565470355294
7.05862243772546
6.17047493009799
7.41528670653848
7.49493539552653
7.71022497450952
5.8374705522322
6.56724502764514
6.48811717002842
7.53707557638836
5.83080354938217
7.69108992126672
6.36879154206607
6.36318125744429
7.11761904420423
7.33024502819583
6.36370433859232
8.39459229147091
8.37662943953812
6.18815474091941
7.76055965917042
8.66129314991394
6.09777332117616
6.36671013294582
8.76913573390573
6.81147808672773
7.94837908207735
8.77244043209068
6.62506106090524
7.8037283293863
8.5085947340698
8.19636905217007
5.60371712343715
7.21956192240387
6.95891352663756
8.71468903462008
6.0184724966427
7.29371570346358
8.13533901639008
8.07602284209113
7.96883868707484
6.19806509202523
7.49866124174221
8.54612841038291
8.75090037027318
5.56808399345513
7.93038162601503
5.92591649385117
7.50424133386505
8.12693730419475
6.24156634780125
6.77523654153161
5.62469256840509
5.50212446143868
6.32723624587361
8.03596580692638
6.46871299667122
8.44029941193743
8.51193033432317
7.67696907720356
8.34808605583028
6.12438926454322
6.25037688597703
8.78121215024959
7.65278509275459
6.24976843508525
8.08370593700176
5.92823917810432
6.23425175062527
6.85757886601063
6.61382611452026
7.66336731886019
6.97043724679766
7.62810328180814
6.4746341714536
8.44198013429792
5.8533535145609
7.07633045651851
7.02627625830821
5.906108555026
8.36504135757388
8.31000452050298
7.19498783821384
6.95581441273568
6.22197505389404
8.68135740872656
8.71569752360138
6.95847327592096
5.92515705011175
7.96535386024128
7.79237576640207
5.59466328681287
8.78632988014163
8.64335829556252
5.72440834903241
8.59631687977801
5.96015982700927
6.93861846357359
8.03496085980908
8.47421986635852
8.39744875249045
8.20827829194287
6.65319417405527
6.67999360848667
6.35992686908619
7.60133837164618
7.38766914707111
8.27126401659024
6.61784177367038
8.18645240013042
6.90865983488291
7.14444267387323
7.93359100298553
7.33765281978369
8.54845020863149
5.618875152837
6.73296270134689
5.95667836386099
8.56382392891189
8.72074661132011
8.14263749610181
7.58923525634632
6.22096632246174
6.70794885980126
7.66993182925302
7.07933646726734
5.57035935538824
7.47132136879313
8.7009471316302
6.39920062824365
8.44929049323273
7.36105328058481
7.0533207415579
8.14887575291642
7.63991055304737
8.46028870411726
7.27191107633387
6.18108559100899
6.061620901403
8.46015848328956
7.90637704267887
7.38855787990545
7.93543837980458
7.2294000337318
8.5564153012926
7.73932327475907
7.74757056503244
6.87388007990063
7.8474717217767
8.6031170044094
8.05337387634262
6.52587275331378
8.6987232024569
6.20716403028986
8.59930543697486
6.99651655620451
7.99944764453943
6.93165192375011
5.8317511294463
5.65606779437404
7.24209560044392
7.7009749711569
8.18224258424397
8.57547378318499
6.13408045630075
8.76202586009121
