0.0790978115983307
0.861137690246003
0.750708773933651
0.722819468946542
0.671816677685611
0.777169932872545
0.847483618538648
0.676663080009878
0.666971637994642
0.571877963555434
0.800279453977647
0.906710169553179
0.660561680619561
0.783174550918706
0.809036162845402
0.507649365221164
0.651293894826167
0.832080135776948
0.794355773809023
0.824933067061805
0.848578866639395
0.695776952907909
0.852492557207946
0.496034557778247
0.720277841532159
0.73414969513801
0.808869118175233
0.835571010209012
0.868033621522751
0.840779488999564
0.848985070165655
0.907391954956019
0.945628360662189
0.927165286647756
0.988621225391103
0.468641180285183
0.590450430279429
0.820671968212403
0.90894061601552
0.813112822467256
0.675844772850834
0.809556761034198
0.848285513753346
0.879426337692055
0.91640763994998
0.876518762695872
0.862941589861816
0.865587090036889
0.868413711004454
0.55362182118547
0.845348100892933
0.923897200707303
0.830795301178627
0.854021717149207
0.724351059881656
0.805471781853693
0.850433279123745
0.825787916649543
0.794217159708408
0.499788960933006
0.763713134704547
0.932008757232977
0.470542576674623
0.641609556750723
0.81348566392379
0.772775526007913
0.732870001378226
0.305268132906506
0.690712330721011
0.821133579852136
0.660403591300759
0.973345167222986
0.84875034742221
0.581220519951001
0.66730471846407
0.592428525987559
0.82983967521193
0.726414990813582
0.751969067645484
0.76406396011605
0.744115215306609
0.745346512756618
0.732569078515292
0.740290472566516
0.743435413078493
0.751038374490311
0.772584839587809
0.730017284308059
0.698703076317271
0.857571258486481
0.838270087309247
0.835867699557135
0.477605719522054
0.870632134867174
0.536787484819028
0.72610571084684
0.845186131810712
0.561963885937725
0.603419287790971
0.506106518579269
0.525118619755242
0.914849108424253
0.765415128136739
0.911821157117753
0.728525007021369
0.755496655163184
0.649093537918497
0.75307874455103
0.819151057940054
0.694200001705301
0.811417413588561
0.890736829089998
0.940091932253338
0.908499722273956
0.895369345070841
0.918840371278474
0.789968134784543
0.845324213288825
0.848053405923557
0.855223782904565
0.887014422138718
0.791785757471294
0.682266593738527
0.804670312145239
0.736544240010341
0.7727345950806
0.652862768661511
0.796253210992477
0.675331361650947
0.991769735676864
0.871402250623514
0.718652085619917
0.576907104402881
0.420676649197667
0.839758110671503
0.748507084250682
0.779128654735161
0.694910302408019
0.64142885852958
0.498258079404261
0.679884726758687
0.796185107561359
0.836082711590095
0.62072981428204
0.547540921527675
0.95053817039468
0.333522779784577
0.862952419480741
0.789242356694475
0.41067792142054
0.81590392655076
0.900544438693382
0.898740442494884
0.810685985452881
0.833358342596166
0.871984071599873
0.851426394042762
0.810705948236906
0.983153472135768
0.80788634042032
0.777570705972343
0.878924622222734
0.790307305607081
0.826424933347152
0.732933079624975
0.882133759366851
0.612832160888438
0.825348526749833
0.8452558553404
0.878518949162673
0.736001210806093
0.608836237503659
0.895544942565064
0.923735185117532
0.862475744281253
0.872434809213994
0.972001674344029
0.992365245107395
0.623540032953841
0.828042372544812
0.828445476452729
0.965029703029359
0.750280529661298
0.623522320078158
0.422120229666458
0.753987924810419
0.444653879530007
0.733266203264173
0.840071792681192
0.65724916754531
0.488024253164573
0.803993794691636
0.905104158843938
0.641154020806525
0.747827511215229
0.748171215259302
0.785868927363827
0.694884243709097
0.870751245857619
0.799654100946749
0.790640873167836
0.601480492353423
0.54803653118497
0.969461466834107
0.610376351327397
0.952213437816068
0.840821617398974
0.761417874446924
0.815131846945805
0.965462478527713
0.860792706147635
0.830942562416972
0.879118371175604
0.584494850207672
0.825842255936856
0.761247079182727
0.821419329367226
0.71300869892924
0.64903502315352
0.764437317525396
0.619823061309629
0.536638927432114
0.485586196059338
0.737691981332797
0.844058733119525
0.899724833587932
0.702524843392591
0.995280084755493
0.718148499102645
0.656177555768536
0.609606951329707
0.71311803477323
0.734538007551747
0.856642847214966
0.744866316018711
0.92019368714364
0.877528656763152
0.897015619063368
0.89242582544197
0.786531363337548
0.731666466328253
0.593271646777604
0.813713671640775
0.778112231383627
0.76580002429055
0.780876835713929
0.685592201073329
0.923979238926879
0.827299506853627
0.746752314943944
0.724580136552986
0.80714858491659
0.768419012899342
0.450714432358244
0.749008847884553
0.800548078068678
0.888186014007646
0.772257021418402
0.89356651363762
0.513804413673905
0.443671584653624
0.388442746497675
0.873084702474425
0.743521055467113
0.62943559188341
0.987017635145395
0.692749684229852
0.709417886367144
0.583335009302023
0.732724658127513
0.781088781764364
0.702308698286074
0.983172302725171
0.872468862100774
0.78231285942195
0.890542934680138
0.775612818359981
0.704501542895114
0.853245162002562
0.789074178698764
0.718556845364311
0.686678730609478
0.713662564009772
0.567365880051922
0.832567831478254
0.808269033632088
0.80461715241182
0.683804174806413
0.579903413264352
0.913123130274961
0.824782446950193
0.72206674763736
0.573767407117
0.913562138145356
0.566005010875696
0.944094105621321
0.506246933819004
0.85490078582545
0.744907190387471
0.78179380859319
0.850894360167796
0.936348411501426
0.876560061092777
0.783919200752802
0.698658914068005
0.820330613951704
0.723511162937027
0.745749733140304
0.542826223731303
0.80266096969793
0.999552805908728
0.726444712830122
0.938100597962132
0.538337677965369
0.847338978641565
0.911280373946248
0.87414068421116
0.953138202082347
0.898177839574818
0.743397488684111
0.957626865976762
0.734926892792781
0.920211420473911
0.810494304840536
0.988189797510977
0.715369179679437
0.789897987085808
0.714623575823406
0.769124026484838
0.847786889048601
0.852006446462081
0.709749007895608
0.786504739844174
0.866286927193302
0.801652237591641
0.833367827119785
0.738504219946056
0.759469925268266
0.782858554908748
0.65133752260763
0.733575123724633
0.659283137195308
0.70801004943436
0.786314974332468
0.668763447618904
0.800715804966864
0.714226006694669
0.583248719882038
0.709542501451682
0.921130923085288
0.825301902587262
0.809769267797958
0.839495046540311
0.569341919941443
0.958289581020153
0.718954482069232
0.946745284395918
0.685383502214155
0.93926604850891
0.994103601857271
0.684341348205
0.831972935785312
0.944191131286835
0.87059602209534
0.586726123859532
0.616641129652188
0.412184554521033
0.657052657217186
0.921416708360046
0.901600353705008
0.611332698122718
0.848348961219819
0.675761184010193
0.848282001588211
0.861133517359085
0.860439050685215
0.837332410164228
0.994313908974565
0.603017104418486
0.977864787711759
0.728401555820493
0.842639027500996
0.971797543614026
0.844265855891645
0.810206049896001
0.786348354848515
0.762239953465806
0.709957780614336
0.839724523075303
0.797805641163502
0.268959981727363
0.835101494707265
0.784601299119286
0.775213886692889
0.816928652966974
0.735121264739312
0.921261010998259
0.893072848481609
0.617020170418485
0.799945926837366
0.79442963826088
0.887234305969375
0.76091196401672
0.833374462935473
0.810907196375807
0.786303432590183
0.858318199328338
0.716181078728402
0.76034404515262
0.88059647262291
0.797683096506489
0.902535573691216
0.805177433435031
0.743385275828388
0.88209380947503
0.513252340523209
0.850745776402186
0.621009553625387
0.871429229542223
0.52362699064185
0.742050234517467
0.813447567551727
0.678158962289052
0.886367848336208
0.904247592675197
0.933603843790525
0.988688235460475
0.881779337117731
0.531314217294966
0.844443419342651
0.555904956400018
0.682727085919548
0.467317312845377
0.809223849350565
0.869790552972332
0.863479106250512
0.849148391688978
0.863963923922339
0.494361082495606
0.791543298996021
0.869619439107166
0.833619038377733
0.860259230962308
0.830695979216457
0.878867248640393
0.864520626000562
0.676144739196229
0.701730022348354
0.467820548644331
0.61778865475219
0.938397436997743
0.945780256122052
0.918985384495629
0.862679025821189
0.762529557758193
0.73565283907171
0.700707474717124
0.789604814370365
0.847060165615778
0.785814691866032
0.923831208778604
0.822672989810629
0.849131631099117
0.767294511982096
0.236621565432026
0.895536554865849
0.814545634130567
0.861371165685117
0.885533412171381
0.846506649389742
0.86030530145721
0.801337654073257
0.497351454325007
0.641996812738875
0.687308600472983
0.765006187579518
0.821584095981327
0.884923162629323
0.820728661224073
0.765040458323607
0.735836653196901
0.792294466544569
0.347382749741824
0.871026437338215
0.791138635141049
0.647667301586902
0.631984894111664
0.760308498343934
0.852794020787246
0.649253113722734
0.863969046643297
0.625876775220362
0.642829742915013
0.955856730112925
0.824126982366071
0.746791636629178
0.773488425850918
0.775357883501011
0.77640009505925
0.819061569518345
0.736171741691694
0.670626445111625
0.850748061810875
0.86146318158062
0.879775252244152
0.721401398953173
0.717430441325419
0.986668858853149
0.931553248349309
0.869193300246683
0.780048213336518
0.880540108258225
0.809402497860829
0.777340754729448
0.683364053430567
0.936514968457659
0.869132250324029
0.492273271350209
0.694751594083088
0.836770616471886
0.595659053094186
0.641852419439323
0.710068016642377
0.882359510269255
0.7756080594296
0.524714544990154
0.852177072264775
0.813279535285794
0.377535843090205
0.572935863273682
0.8410098427937
0.828908938882525
0.885395300987233
0.729353311417842
0.853854654802173
0.759119951071671
0.665031314422473
0.767081398881223
0.587463465419331
0.853284288250491
0.76447587621794
0.778009739807298
0.868620367506658
0.76337298276309
0.674851100582084
0.773770340565361
0.945938453804273
0.872520045896016
0.7756404435732
0.82737116256747
0.686197688821741
0.296480879219313
0.867232247853406
0.603083995173602
0.798571654756162
0.875699746846171
0.823762311409447
0.818187060304253
0.463023599887848
0.818877413993026
0.869676979657602
0.717359659152382
0.749359948604164
0.883191550173931
0.851640222195968
0.812106758120149
0.746377109720732
0.739756076707432
0.788535271139305
0.916335793269134
0.763938900836905
0.554818441984687
0.998600944751022
0.832967315781507
0.786942927291385
0.872242540753947
0.530595021248477
0.775040525913185
0.743594841176664
0.943879102054217
0.857875230924956
0.770234348520027
0.8154083694211
0.878347363274415
0.495591997556862
0.793663372933633
0.752915786404038
0.539506779163605
0.91011346032277
0.804319204547655
0.671246502482179
0.830089895601793
0.734657695748983
0.835718439551734
0.93615234439836
0.794593287972803
0.639654690100899
0.815390542829299
0.724644347975032
0.863536737098174
0.702456944460041
0.570130917310117
0.922196237270281
0.630554312003289
0.766655704101414
0.502746329458353
0.665737856660148
0.865120675219406
0.961382702149581
0.935049741766271
0.571642630149129
0.77890322730184
0.905691041327893
0.918081485998869
0.725237533389202
0.930745907506542
0.828803787324655
0.814769216419464
0.503451210274711
0.805761370967174
0.859027392808547
0.766261434640581
0.778444296410234
0.723197733341372
0.610758524127064
0.639387661012414
0.910845240384648
0.925749272543598
0.803065177694678
0.753488860708385
0.900858389918325
0.801614036126708
0.712191494108666
0.730640316606752
0.926287374083874
0.919221989096447
0.814716208254939
0.773725532590763
0.716956930578039
0.766194951376358
0.780742865442329
0.808421438723895
0.780882756639055
0.797997797899144
0.856632045246868
0.864645193577395
0.907461054694512
0.935406364811935
0.778774973051028
0.764123542628394
0.803974387721509
0.9250116480783
0.910605369175594
0.833277757893959
0.918133547468913
0.876138350441986
0.779078507538094
0.803202529408749
0.970157479577641
0.857865725615283
0.948289144509309
0.900826244330614
0.849531611319993
0.687299892142069
0.841922839906446
0.836918681672764
0.865097695720386
0.808514211955136
0.857683315461454
0.83504851165679
0.835051730041575
0.699987659821914
0.97515722377523
0.789323072302891
0.917435840463169
0.879579563753984
0.627319964126349
0.878286416768425
0.695511681885104
0.980154846044942
0.808344469128187
0.761208211680279
0.857826445945188
0.624283230098952
0.757188159695304
0.880927704677119
0.736698712734895
0.826354214121938
0.887403697445741
0.892101186702323
0.783115987432866
0.793169167118891
0.798489352060192
0.714697129597728
0.769254925240855
0.799916702450184
0.837159772673782
0.648251247537848
0.908851857378453
0.720332953684572
0.721148663406955
0.772358692102007
0.811560328703986
0.809040912439173
0.824488781080581
0.816955077300186
0.581868254801855
0.64447630185467
0.827992437907261
0.811399646437452
0.758719023685459
0.766503791019783
0.729451268145266
0.778945517494318
0.80975416124499
0.761941962005905
0.758378804762814
0.814221780419463
0.85198319710977
0.579783343348285
0.427853909193378
0.944414596854395
0.970547720803463
0.650221485073603
0.522227713244294
0.902364188196681
0.90576706073093
0.691520791421155
0.759698892362051
0.767526174632147
0.82065003676858
0.751717852322484
0.674624092096729
0.711550176965399
0.765158623815244
0.701806858688179
0.586423284083432
0.836931911790996
0.858272721359223
0.92093989529621
0.94609511850378
0.724903156603178
0.989387885632598
0.661410689297817
0.537957308941578
0.838796798521978
0.823245848893328
0.742724518207886
0.687690803395445
0.978637994830837
0.899358112914411
0.886881556320642
0.775126167886976
0.764093576345543
0.737747412383127
0.735288886298744
0.773950765994736
0.713025667301898
0.975025138478399
0.717554087744617
0.676581939411558
0.571985723603251
0.87200046388546
0.893356094486804
0.586857636713746
0.884569505986125
0.793382627129213
0.804982254855222
0.766841384396038
0.736920606353841
0.704578710780953
0.803368194703843
0.689869595390717
0.930838865261276
0.829870216560227
0.93582366727947
0.744973258281405
0.976945246118349
0.90844498593209
0.875094560762981
0.897804958961733
0.792990626246154
0.924814983899872
0.753174916086614
0.821021095598886
0.793279330705625
0.685714424865678
0.767172503520853
0.798149588082945
0.898310246076561
0.947372983738801
0.788006557565972
0.946883406332017
0.815736444227152
0.814702846767242
0.803980188172605
0.798555769374202
0.802497419490151
0.802747672931532
0.801943114158779
0.802491820918962
0.801480291532365
0.808717711439689
0.831465382366156
0.731246872549522
0.807558418907889
0.845611916753953
0.863648973166644
0.761571400031981
0.917010376832346
0.928419071330931
0.83219854788151
0.765061620353345
0.875937512162758
0.57618071194689
0.853872631352715
0.739645256809957
0.748180486813793
0.739990855722754
0.819736983085157
0.768270346173405
0.771143860707643
0.719206145360847
0.625485110069981
0.782124485764704
0.871790800954487
0.483346641182342
0.595281935522789
0.87132730729667
0.9028502355402
0.885681348465919
0.981513400840905
0.76798100230603
0.878660089462659
0.675452370951601
0.723097565585738
0.894202937741893
0.676584520018428
0.940517932851778
0.957490599945342
0.744180719971928
0.91579512465762
0.899167646820014
0.972871386860247
0.873057806522722
0.772122834211599
0.566227976384883
0.806442384547092
0.672615857472048
0.926915658109091
0.971249794995249
0.53934340405157
0.743618050407619
0.524973168871099
0.800107977714832
0.861234961793064
0.785439510390036
0.479200618715131
0.594241634334626
0.712282280549096
0.896208004957433
0.777776744433887
0.712180053366091
0.886438303489524
0.828113635300453
0.866430468840369
0.562120278798666
0.439610551732082
0.605908512918525
0.764618280333918
0.808164960129037
0.688392019678173
0.645729588982523
0.853680239638036
0.829073599043479
0.758355547673983
0.772924289606259
0.625226141014875
0.961774638507275
0.609955453504789
0.331148066961392
0.986908887908969
0.777198372744167
0.853036168787092
0.863124956451275
0.759691029861125
0.775737714473403
0.762044492999613
0.913117215560707
0.937471665940131
0.495181734832811
0.593194412280521
0.635195214146644
0.920129305465444
0.892686574606334
0.803043685270578
0.788585453957596
0.982225827999198
0.851964465567683
0.842081664980949
0.955282664202568
0.585333001529354
0.741704370694436
0.893873964387787
0.791442250304883
0.823717132112868
0.760140089898257
0.86395939735554
0.783915421689404
0.79553669062731
0.950535530663677
0.76466360930597
0.939587264678358
0.985389588420574
0.903115005682233
0.817809185942026
0.968998840145654
0.871288367287255
0.799709401481759
0.814655295491857
0.776575622998378
0.78666582674744
0.794759616586645
0.827177435270107
0.898123661966466
0.955567528581339
0.870086676745401
0.93269714631421
0.99439466058357
0.874889721064418
0.744748060166307
0.978864723097866
0.827758699159522
0.557214408774563
0.833196079890806
0.959806803342344
0.759591176589329
0.571539062127581
0.777119599312775
0.50881585082493
0.737432530180244
0.814471356075201
0.755430062892509
0.402874541945098
0.975763568871474
0.738434036148573
0.660219490177824
0.884648644573335
0.811037876640915
0.708107841656578
0.796174352023135
0.93630991938165
0.874419345634347
0.765737732179376
0.835818116883626
0.860066546485796
0.85063497265219
0.842600431325795
0.875325979597246
0.880339061716996
0.88318066685483
0.915893897844502
0.79832109481389
0.793180478842081
0.856227257260122
0.830640712374832
0.816815117491512
0.940298228177341
0.851061256267797
0.868803473062042
0.64452759882557
0.901425311802524
0.428830385736473
0.601540752817346
0.942568730268857
0.888382696645422
0.908321825114863
0.780029268267797
0.709347192835604
0.941925313402943
0.612750427488848
0.898955701551398
0.701913411661939
0.725848167598277
0.782267403889642
0.700592629732544
0.753852816053694
0.974119221109398
0.691089679221747
0.863109028554793
0.765085851370492
0.88686740073099
0.815968213974008
0.890433256175471
0.848599372384555
0.744260251133256
0.874485261840643
0.589519357938476
0.564484599856912
0.772013297860315
0.714805762676018
0.91871104698341
0.894515279098816
0.858730758012041
0.478692620999854
0.89144599235746
0.755959609486383
0.718074072722768
0.643838622551542
0.737613583720899
0.856765009569036
0.534438618438572
0.942998161469135
0.986653939022237
0.813114139752909
0.63636143841701
0.870911303152488
0.721417694867347
0.863988608013112
0.974586551890268
0.859137638157954
0.871572798227599
0.683291451088975
0.968535305903125
0.731813227052166
0.735272713734858
0.715360233789061
0.837260157643385
0.777105522009838
0.615456768290831
0.816818506343566
0.933306901684791
0.831787188817486
0.853017394056725
0.840749851720631
0.833716816026603
0.917719345846069
0.774485406201334
0.814993231046276
0.739972763560393
0.951944514797715
0.916754072652001
0.668094306873853
0.795433757084565
0.782889432038881
0.795951774644446
0.806903697327537
0.723215851283686
0.859892482326579
0.847197254042931
0.756639773615093
0.8337583208872
0.875644040572736
0.829155558067131
0.800365172764466
0.472406301182841
0.520774607301204
0.664329107337523
0.927902400475754
0.793519062128288
0.898973706260948
0.895818814554752
0.694592840301033
0.845307016643395
0.753391353578211
0.952585799370897
0.85694940998948
0.793976878681479
0.764950975195204
0.835171634668856
0.888162913854566
0.210113090370649
0.969032750208659
0.839117333006363
0.801473808053429
0.950618299596962
0.759139490083901
0.609035321072683
0.894032865666912
0.526580580104944
0.700742896223648
0.938773706109556
0.564949418641092
0.777303797325588
0.601730365997218
0.931451127220381
0.764528832492157
0.799953716895653
0.741167333183109
0.801826750843935
0.987509602109401
0.356273352703733
0.746303052950416
0.95465658206258
0.894818087258272
0.764736974613826
0.74061387693123
0.641089594159115
0.709543053957162
0.513974529342091
0.597488765249099
0.892613852064041
0.787996442669119
0.804109209884103
0.555219856524183
0.76266106764207
0.888062906167674
0.441956180200656
0.957003312168733
0.586528055133923
0.678006300307156
0.799773210069957
0.858037952845882
0.653679207746896
0.845279208633974
0.902005250543338
0.731774833549275
0.722202627890605
0.818225514680505
0.790329204999022
0.678993156733008
0.539867915010876
0.675760683882788
0.885837899681258
0.858221603577047
0.97166877741915
0.948895492947798
0.605418627293949
0.988990807251471
0.855361333372557
0.743317048676693
0.542432940258346
0.920204735069133
0.768096592479998
0.852177725794268
0.850783468850758
0.964410672975195
0.92531986632969
0.899225460904371
0.860888286019845
0.793445558978381
0.791184015057294
0.718746861004722
0.69758005803532
0.855537051067208
0.675772240274577
0.559940005476906
0.674745775082077
0.933109565941686
0.583468781615435
0.905662755404494
0.73564052438857
0.565728095940416
0.802299914913475
0.640368280800547
0.707784058168506
0.823309076422436
0.875927335315703
0.908189490073009
0.965616161908473
0.619555158715938
0.620687632064449
0.819288927797151
0.866936192714462
0.73571554548608
0.881275272207533
0.753901751603915
0.861282873487984
0.881222466780213
0.995513697960159
0.856267027689174
0.808299699598409
0.831049665288783
0.681684320997891
0.748366649558196
0.878890404514947
0.663618671864607
0.691412407817317
0.848265907549884
0.826994708143672
0.8084207798958
0.691292270035431
0.961129159327345
0.887259706580885
0.937567267941633
0.719709697449437
0.762133510815425
0.883765706659456
0.808109849229707
0.687653744097988
0.844763301939393
0.762749588967751
0.819683703261656
0.9638919908526
0.0200348230788566
0.636592767599867
0.83661320763266
0.548706548142676
0.721311701102149
0.698525926270359
0.641888016467864
0.844153040137014
0.783099564044742
0.916995419718168
0.835581072128322
0.577682465810214
0.876378729003561
0.825891001270163
0.676732167204449
0.893319698446333
0.815416834678386
0.870662036916655
0.936296775548207
0.813686743112378
0.636807653623951
0.724954111994875
0.86820157046916
0.654116827728025
0.432614332900615
0.852026084046645
0.822378443475842
0.705136950487103
0.665440217379859
0.870894315629917
0.808354293509577
0.828319749584907
0.860221327298879
0.820672133766678
0.684771340023435
0.752872038393805
0.457383635583594
0.600297242769318
0.701294034640173
0.83510120889044
0.933674426793415
0.86134028052701
0.866078523161344
0.925719215131712
0.817129785390494
0.575076708114962
0.692205174751091
0.617810089400356
0.8499433404961
0.757932041656264
0.667490640677002
0.872415938778541
0.752482724196534
0.776835065310128
0.75401923118104
0.732545261614617
0.779068368297835
0.697219313681665
0.819786532069744
0.793374519203625
0.869634121620515
0.580734635259374
0.86809006029489
0.719937623251531
0.808645315472933
0.947736349289927
0.826045103618682
0.855751286992541
0.894108335676825
0.717989503010489
0.864871439389072
0.891113822575335
0.49561549495237
0.834101413240107
0.621766979999783
0.732957716385426
0.918383813590015
0.758026186989707
0.90471574155133
0.833077082070653
0.799281884736806
0.724836605979123
0.321711653296441
0.505288942008162
0.740203019161871
0.92631015337807
0.755785413144066
0.732582932369205
0.43634422641493
0.94136368918958
0.758421639308234
0.734518295306989
0.881638739542132
0.862264088397952
0.706252562953788
0.76423633229883
0.747721047295464
0.944314012852803
0.909316407345773
0.856153270159915
0.928276964987807
0.757820778072295
0.91265518115874
0.802417494042398
0.823632801785891
0.786673950065813
0.924853887738879
0.959301680197795
0.86877040470954
0.588461514729731
0.883423826272458
0.673105224212077
0.866756742271086
0.897182844238589
0.90560350045825
0.860878671351166
0.503970288541456
0.878946906550744
0.925274922041374
0.861053104801539
0.938997952675579
0.708208038614686
0.9321792191481
0.786237702254151
0.720740630814557
0.851566770744334
0.706532476123971
0.86543637138663
0.771254281396586
0.731563690665427
0.797322041291041
0.732827668441859
0.523878806664587
0.800369920247958
0.861498422537571
0.894795034087993
0.952310152402951
0.90390260213166
0.989258528862262
0.8041292703968
0.639244224761919
0.82532215821858
0.859960870655258
0.959174611872535
0.571685051656188
0.636905722760315
0.816275380392149
0.776607470346355
0.688869410218031
0.750824448851325
0.530679623698312
0.768823038544458
0.722584904234573
0.676463669975956
0.68048066288648
0.639592017636379
0.686358672348383
0.838848902922258
0.913881995858132
0.619463631347293
0.884960416112212
0.885738368784299
0.8243822570918
0.682219664811592
0.664442665257227
0.764297616931773
0.784610338568505
0.905741316832895
0.781185105719062
0.69853773020153
0.890933809660429
0.928333270618678
0.97876008916057
0.888317636434247
0.843214538336072
0.731398364193101
0.771855053178102
0.967822651627322
0.623929973721682
0.739528765335764
0.865884224968259
0.789828206830918
0.81177011970862
0.593545792849251
0.88676652304983
0.715535642857213
0.816998579529491
0.793531805726089
0.639848419323843
0.552034828093314
0.812717439506976
0.77285393525403
0.753710734125461
0.562407166315327
0.866748453796935
0.846635417790965
0.638358865348978
0.918339344827601
0.820023288918567
0.839174658657646
0.866303796785473
0.743759971616327
0.764319526481968
0.313704209645917
0.776896069855121
0.560179304715128
0.66227849176181
0.625017892322667
0.692872931842584
0.863394387612282
0.810680633416248
0.693514414212084
0.762942131339636
0.914940323912457
0.633684448994925
0.797905568831628
0.978430779445174
0.907825685084354
0.915395673831335
0.825623156264173
0.817060219013781
0.851577204706144
0.716842632286138
0.617879707618526
0.902589146583863
0.634119358871976
0.7119448063314
0.663269836927124
0.728782142203363
0.832140157899285
0.8240648249965
0.728909306852736
0.729139029909427
0.791613964788803
0.859098274454805
0.83669029488877
0.832046702410931
0.847925895303938
0.703598888917347
0.843495330700468
0.724747257130432
0.734687025913113
0.967795545318103
0.962707161992758
0.887186115298626
0.832773375048608
0.794615347267095
0.798987873634857
0.852695484550553
0.694980877604458
0.911384635244515
0.763657279588342
0.788556580539924
0.922084323088694
0.366032846458093
0.801621064760464
0.999459759142711
0.923884457118968
0.956174299447139
0.834891062515333
0.838794277590305
0.669706393135625
0.820165397011192
0.606879336777434
0.887055503705936
0.862998928626513
0.810454660293564
0.448951962649313
0.751932650094044
0.921983548328998
0.957215203890555
0.856901243062872
0.898471935612243
0.9480620889337
0.70355523010061
0.860588117758023
0.557328728301809
0.665757039462049
0.853175178509749
0.929137015766768
0.896267038046345
0.874907670395526
0.949829570300204
0.867573642560101
0.957934071809543
0.818995391795174
0.855600303109646
0.95271281036467
0.82492824515223
0.746921437560473
0.725674771806037
0.910322041741223
0.881522195522464
0.767797883167713
0.604373746121193
0.615400267863823
0.759914314352425
0.388721134946855
0.854360656901837
0.852603119534981
0.844305903039484
0.939110931215747
0.935992658257757
0.434977730256086
0.833096501851992
0.952667393716798
0.438094215924944
0.814933055716654
0.670697565710233
0.856669905823417
0.992328223607182
0.751567355701865
0.88710902635015
0.762000407903022
0.682064204076857
0.793548504605222
0.673298165765598
0.67594489433027
0.684538030323377
0.689744209961518
0.690914555058672
0.702223323299502
0.718875051203368
0.700374606546279
0.711426004557894
0.723923144677571
0.747960069912719
0.746685931078143
0.740474102366726
0.737455387301415
0.753094764822686
0.722260201609299
0.705745352344126
0.680303827108174
0.79022623848094
0.762378810808684
0.85364827673615
0.772991943865403
0.725109368045088
0.490732473931021
0.721436100414988
0.846204344650632
0.950854216471758
0.619955638169492
0.914874766369608
0.809255158718409
0.774827116388915
0.749087543982863
0.612400175845549
0.861932872830505
0.247129502405146
0.581985303389812
0.837821829634818
0.883676490858747
0.949659585386892
0.770845118159054
0.687055166621641
0.666446376898968
0.853298653352791
0.840913836929752
0.840147607972799
0.875279388248923
0.863356732486021
0.849089048622147
0.762336253312472
0.803482941221506
0.676397208577243
0.913930403211439
0.753888211325952
0.857816714471025
0.679483207234115
0.910587641881796
0.679460623184497
0.794758990788394
0.869659748482933
0.754395626829161
0.854545004412389
0.928677426878162
0.676589659577582
0.796366392293229
0.793312155952121
0.771043882937027
0.698430139604987
0.739536726102766
0.936069270653297
0.850980217683361
0.921636184011704
0.858893664689783
0.932896335869493
0.806402068719855
0.790119710336664
0.456030948923821
0.50910760021061
0.92825092969865
0.58994966228438
0.992688009721818
0.829639478774652
0.649522493297607
0.790678900349373
0.80466601097959
0.569458123968004
0.641313918369126
0.616377800399703
0.741457553582834
0.773543124019653
0.962339018615999
0.97630295375595
0.7547178890894
0.845458160752528
0.891291253352922
0.634051880747475
0.503527804579377
0.744254728166235
0.930983072442201
0.703647899096321
0.766915005109026
0.809938518019211
0.721221350406458
0.538437350815452
0.880742794070555
0.798626931341883
0.687395069164562
0.882358652372476
0.86161667566076
0.83069785472306
0.70732925008353
0.978458692492195
0.89745396262157
0.786025128910065
0.550377560246532
0.861797943478113
0.865396543132852
0.731088788757704
0.671995105129109
0.469302690868423
0.765129961929683
0.794715562990391
0.879007932115974
0.778698596331649
0.784098297882961
0.811884443754648
0.69780469192773
0.707065533742901
0.689427697068374
0.854026520567606
0.610966685086228
0.890780343011553
0.868993609621308
0.903541913831471
0.976219378343896
0.709727529610148
0.8653190921818
0.843726965732141
0.862428271555287
0.689139891018935
0.66567410785552
0.636887603470309
0.852597498066773
0.628874364116763
0.776279896374594
0.920021468173772
0.888472591674422
0.678425117442657
0.742027572266201
0.732360014462478
0.737510310722384
0.738752579346495
0.739292930143125
0.744166230431236
0.811630878221147
0.732101529574448
0.785552771257907
0.665959744048382
0.628323516536259
0.491289049571435
0.672374338632674
0.718359180361367
0.519334317060274
0.786789700549219
0.771652824879258
0.793170723196977
0.585106198165642
0.831361573495064
0.704870809828854
0.768203059682033
0.764290408043745
0.771019881265193
0.778173782542571
0.782385540220014
0.79785374379827
0.798722734967222
0.802932138629099
0.834610204280084
0.796070896595268
0.797321750861234
0.624788126854037
0.768096926303275
0.673876763001533
0.686771111550789
0.700255686430026
0.636139025393413
0.776834333773372
0.832738747962797
0.896830290516637
0.864133736383569
0.709718301600281
0.791696069163818
0.887870640532796
0.565116208772341
0.79848677149762
0.818257590622363
0.834851101123929
0.903366774504221
0.757987787723875
0.963105722516671
0.837633142363992
0.950976843300363
0.759362088246461
0.839607246791729
0.747864987850829
0.631891876134168
0.902007343416443
0.812001495086689
0.683346090474817
0.797820106523773
0.676843572654255
0.844757270643401
0.791545985644613
0.973079586970923
0.872098824989938
0.552917456747242
0.548133721649576
0.75240173327418
0.828487929027553
0.799803885052094
0.863495389896013
0.684369256068927
0.790525615911292
0.681670850754071
0.987391856255027
0.653069972804435
0.748731345405084
0.663753526997624
0.771290385045296
0.401673342429513
0.782010071143879
0.837346162461946
0.684258665923149
0.667584996551227
0.934362823170071
0.929458771618897
0.819299401157805
0.955708647538372
0.847471822169569
0.746492710614261
0.749604647234498
0.975867993822898
0.72243353366375
0.713616778926236
0.773217228301663
0.698761037640407
0.727972003785985
0.727007530468728
0.702833446694621
0.821738059915552
0.805163571583564
0.826921858989342
0.785634559479135
0.750855367737683
0.950831205662779
0.666958717372673
0.794050419184082
0.758760533952611
0.784823659837711
0.832870660671139
0.826593808510204
0.535910431312349
0.711319554620394
0.722252996794377
0.74371925193245
0.797612281251518
0.805724186079438
0.529412106156695
0.859565373191471
0.797848001250403
0.835848362098781
0.854301317080754
0.851878753647563
0.787099865646331
0.768704565334856
0.828025553520464
0.830421797327101
0.638546860280275
0.911818511361278
0.678727735260961
0.584555870297587
0.816572324932659
0.795331586976052
0.726382703803766
0.89885773737507
0.667228027282274
0.911521350509126
0.786709953821016
0.65711436983416
0.74440279510842
0.920270634048776
0.735364659369927
0.908770368041969
0.456235203818524
0.835370522465664
0.680536703203298
0.550445002515145
0.688170834061382
0.91624704726558
0.774314792045633
0.897537445239649
0.880122528877561
0.652837573405692
0.839582160728455
0.764205792974651
0.907047569959015
0.699500264523428
0.451448833921329
0.966117027315893
0.82400711055393
0.71652964816003
0.945404747260378
0.894064665363784
0.712256687270428
0.764438120458391
0.711795852157206
0.658843071924415
0.924030802062733
0.75574530832409
0.950813515093431
0.885278896055447
0.734552491829993
0.725803182398631
0.623094076305912
0.844204279445573
0.960831044719157
0.920835805230122
0.862124644151529
0.909056543517731
0.605832045066927
0.978033270917506
0.892938784253271
0.71823944682353
0.782404477781243
0.920238631766826
0.499039433743582
0.753899307334687
0.904529075533508
0.873973714691461
0.901447337552116
0.937045951570486
0.716688614036494
0.838818023357316
0.848936919721477
0.595164369461617
0.605694395664582
0.762759662279942
0.294921956279394
0.999797498324382
0.994627918587135
0.551590444721653
0.641864967844038
0.795993614711476
0.76593841736815
0.930014795589485
0.456443186433396
0.897157432708317
0.827906572384719
0.921292813600649
0.699048922424083
0.767205376188848
0.771485639125685
0.741533376705858
0.693707909649815
0.597381801796666
0.828548734356726
0.917172968859751
0.732344955901162
0.752613230294058
0.425678976562632
0.469932792962797
0.913679826884276
0.812304236988153
0.935078645444461
0.754445286844971
0.894615872779424
0.837098628165796
0.771312140499541
0.933619745449738
0.480915245165908
0.788746677537715
0.688020891865982
0.684777819751978
0.693315588303754
0.810932531213963
0.783335207690157
0.790232336763456
0.786285228521957
0.794522006103995
0.815226257156518
0.81835844879253
0.765725113371237
0.893981772516337
0.854927283223977
0.872239068701421
0.689499239054228
0.824957065056787
0.62815500592065
0.780021423680508
0.606157477644589
0.829520494674663
0.941551654055876
0.711179182526381
0.73127779645926
0.766781498705126
0.767181904222336
0.471957139841123
0.786248057290014
0.815761620734367
0.91085581181689
0.896474888825228
0.533914890734261
0.715584986656841
0.721246152952352
0.800885615197548
0.933457216088597
0.75029753714952
0.811048102123726
0.440582718615878
0.610009564124038
0.66477298622367
0.526668110310266
0.683565525666879
0.557544733326591
0.58796501237864
0.927326629165525
0.790067602275017
0.750120307746098
0.763806666719329
0.660177388662373
0.756904640715043
0.417500341961699
0.755012087454557
0.628065622213556
0.754195706438388
0.895225254248706
0.904854627683138
0.734061790285929
0.78963957094805
0.821390722883453
0.866288682534952
0.826477834698417
0.785978987242313
0.768502039728308
0.78224762567517
0.863941751990143
0.820947885218282
0.842557937467052
0.79053707976347
0.601937492868274
0.647941636912866
0.610242299314689
0.656505006829325
0.899793993351793
0.80849115818462
0.845629843528598
0.800020499199446
0.918250497884362
0.987199421893758
0.831562023911879
0.617648426232868
0.844925528794339
0.886388802074825
0.698572869225038
0.790687830428326
0.823254732965118
0.659322526910594
0.572951317660702
0.60993389508292
0.749853664674081
0.825987786654613
0.91953032326598
0.679181250101648
0.573415155040044
0.793048875453626
0.898422730788493
0.873234749264058
0.763552150215186
0.715690891561448
0.74120005043564
0.727726003224242
0.655120841857422
0.677296987577754
0.505519457032586
0.624389409450791
0.718080382839308
0.528696846504519
0.630258370293
0.800302020966076
0.717480488222012
0.605093968394853
0.952245972040384
0.759987763775442
0.881666608568389
0.346632443874502
0.659584261609209
0.993489297267472
0.779899581888963
0.680885840500326
0.726019712686113
0.816760214696625
0.774761027029437
0.847830221203442
0.942514354958883
0.99816489304979
0.808651962279772
0.927048528603837
0.776066214678786
0.538751643613103
0.932741135373775
0.671905537234681
0.686138813690817
0.723715911723134
0.877924060471398
0.862972680466767
0.900046088048147
0.888360607152782
0.971445813395901
0.715352929106422
0.735001340560355
0.793663518331068
0.894759056859989
0.991308458300528
0.796540154172406
0.92434331847662
0.776878119107656
0.80530871690868
0.850874886960154
0.657564042025272
0.848213165901561
0.815547834139805
0.738966643323281
0.765293544628448
0.881919364114282
0.851745052210737
0.769043837301953
0.963112269189558
0.797155620787874
0.898570407515469
0.797903343196144
0.963650479301749
0.983993495700125
0.886477285353131
0.885383476719927
0.860868714285878
0.963728858900634
0.866252636177719
0.944779319741891
0.823702467658537
0.950856480534734
0.88238117025493
0.810958878280449
0.944562613565095
0.934216706203375
0.73744743757978
0.989116536980382
0.823886524802872
0.305277863074347
0.454746375663284
0.651422044679219
0.925851301133618
0.706667768946418
0.897209333926586
0.821528401621599
0.835117730060891
0.519823051270619
0.441151608975087
0.726885882050963
0.853804927330606
0.775317085694412
0.782203702633726
0.824462609852723
0.674500172419158
0.770235750476185
0.736582277965814
0.448245848534015
0.742761693818332
0.996852876298872
0.638413399409979
0.758787188525043
0.841478194170986
0.952906211816224
0.848195396887558
0.860576677173392
0.625775202054744
0.718280875981526
0.759613059439176
0.636948754779632
0.677090344617442
0.544547629134108
0.812523930573213
0.949544830598733
0.548669301281547
0.813826462580971
0.615397536122095
0.714541216622211
0.825131288426834
0.958222414119868
0.938182242573178
0.682406339799945
0.758573280713434
0.660403343780224
0.85487123556949
0.885278851635787
0.768102548736136
0.770074350352128
0.685078385972789
0.882383655700225
0.869935497030887
0.892268703126677
0.801384044630407
0.913152925928774
0.930166144177151
0.636583698416929
0.82101309275966
0.945460943657192
0.828963924008449
0.782125900598589
0.724038778490464
0.748409335355642
0.833391297054085
0.883079520289238
0.643709160627918
0.487895906902104
0.807899813517458
0.967690442656668
0.727193333581758
0.975651787099878
0.982373880597324
0.970235717394638
0.78784984575312
0.936263381544699
0.890508035812584
0.849278604557543
0.840218293572981
0.86277526224699
0.62137273906345
0.55702438366129
0.83988063857875
0.831638940794822
0.517625056437372
0.734045286434359
0.900462686156557
0.746935670860706
0.762358562053288
0.796292218675999
0.743444382227712
0.785928709219385
0.713688798664137
0.817915313628223
0.910160940997937
0.832522926838549
0.907789523057815
0.824443551840909
0.832016984127811
0.968473954614346
0.757319712933659
0.643181471976372
0.796809783176194
0.990232914650223
0.854335960975879
0.712138758030188
0.872993288056346
0.854362622033488
0.73279268639158
0.994086557214075
0.5894518699952
0.453683836453581
0.822778950569267
0.69109122653226
0.352911982817253
0.813386300495902
0.771255027590583
0.850688193958216
0.936409936812401
0.534604044316057
0.422083555254821
0.838178576275573
0.71713111020557
0.814510819645158
0.280726447063882
0.840915651445054
0.968738230306179
0.55639563895351
0.688668791089044
0.70421973415704
0.505822250984585
0.702675156599748
0.807205431277606
0.728964128639624
0.693568221972909
0.987858688889347
0.987401316282978
0.72283717675594
0.849866947608869
0.871699533892579
0.819423385558389
0.874208422955334
0.96082445058713
0.918227177987936
0.696390850527825
0.923093449982497
0.824646154656434
0.887499291328633
0.318108558789519
0.705159286436169
0.883850896160734
0.963900921200991
0.849473878347755
0.874055697660651
0.914181439019798
0.527643679113204
0.874310786293161
0.828945047823584
0.591720942376653
0.709965863422824
0.887327157188643
0.370295245044384
0.769110095518944
0.380587905483433
0.929869545836823
0.820716020399306
0.823864447040688
0.488748268981592
0.705671864386885
0.826811531424273
0.912188043622
0.785979329229688
0.882817457936489
0.595858528539178
0.663298494087655
0.469344445360146
0.775058595335165
0.806464680204646
0.542868171696664
0.966830821740329
0.797278715248077
0.724887279525772
0.817116232433634
0.866421536709909
0.868144168108945
0.894290310873892
0.684548906126668
0.845374787612984
0.963876876241256
0.784301000729074
0.80341644982316
0.784164164425839
0.973878796769388
0.697080784631546
0.39720692355929
0.804567611883961
0.76459425042394
0.899307385429503
0.939071728978319
0.770949140455445
0.780116032292676
0.7958572447823
0.78411628966733
0.767859664604479
0.658652833851345
0.838653247380921
0.971615682925814
0.973968940084858
0.828121256888881
0.879256548732811
0.899538901304186
0.968855672074041
0.584861072761393
0.914772400737311
0.883630732968533
0.746406754633985
0.577991795331547
0.685516122990282
0.911265640758219
0.76133277349049
0.751348254381961
0.705016050860731
0.874928998726398
0.938799975010889
0.599157736938936
0.529775977943931
0.509229469219096
0.896859940372198
0.505725820353614
0.633099671219127
0.712516553205019
0.680348963746874
0.86959738553559
0.694191084995772
0.854509196794274
0.465291452648196
0.933535336454673
0.785745931108261
0.893691259412122
0.752028900690108
0.473841002130726
0.790163307324559
0.800173108784881
0.873388320851677
0.932119334814851
0.84391013112705
0.892098801044147
0.655039423918071
0.743827382294564
0.704769542426525
0.855425945286343
0.806146239683016
0.933575292476399
0.914862896050489
0.809704344961453
0.883572451288769
0.895062409514309
0.778044832510278
0.725938973526234
0.864548981156466
0.836062343982096
0.899632890799632
0.900936063766734
0.990224263768331
0.58795870873339
0.656264744125358
0.855326442171201
0.853403294843265
