0.911306387512013
0.689624002917348
0.852414635923348
0.833713740895013
0.779617910047683
0.931558627367281
0.725313270422883
0.797769600389741
0.771653244553013
0.817011441911094
0.438928804939955
0.928073872741866
0.842648953584283
0.82393498365707
0.842787385902287
0.854423591625223
0.890649908280926
0.482847486085838
0.841825425190171
0.834716198994902
0.52309452674586
0.362279097967197
0.711585446213623
0.980339563842797
0.72759681978348
0.627103103659176
0.835570930076332
0.833372096505981
0.850393800841105
0.845903845127526
0.850413763758868
0.821660512566599
0.662317011873945
0.553070927437602
0.57439857890404
0.722143303482937
0.926844597668449
0.718649669594571
0.77756949814031
0.897748377133085
0.794678352518881
0.732915147724039
0.861856511342496
0.855360368706081
0.849173818928239
0.859547933990319
0.853069271716414
0.867562633888489
0.825754078500354
0.740656375889639
0.983984064519698
0.783016570122018
0.904532554422396
0.815734365248822
0.874905231578922
0.886376888630689
0.822836388897328
0.827278413047477
0.798882235354569
0.69835736070584
0.749967243196524
0.784656533499232
0.377750437093028
0.656300017521065
0.863655979432395
0.779921936007698
0.739394356433946
0.865079327224914
0.565909913638078
0.699980932958392
0.654110874320691
0.778988094833001
0.677109342733474
0.450257224122244
0.741735772794217
0.768467926204069
0.636145043200843
0.749116102424693
0.74471341382961
0.737793748704405
0.743460527995654
0.747003004749366
0.742747761523897
0.753871874184531
0.741784990111459
0.738863143152953
0.72934155960495
0.810555879178102
0.766665221879272
0.791201105179486
0.723753211035499
0.359936897222948
0.807545313157028
0.905683579390958
0.760227887674854
0.785323226970428
0.831143728880049
0.828729336728187
0.655092282127532
0.47552300580661
0.78239373559684
0.679639389822421
0.579388468214067
0.918441997510956
0.86993187366977
0.880083380788682
0.678821045575714
0.966800595071796
0.866954858333827
0.900293863742807
0.822622417227036
0.840476988469663
0.819478959739338
0.703573648258142
0.826326587684561
0.798649306902067
0.679259162762198
0.910949241119912
0.721808114989344
0.880566331443933
0.95075008112234
0.838707528390976
0.820805869370151
0.76703285824737
0.803956195035556
0.797918092495956
0.923013536096068
0.844720568840778
0.762978613753422
0.589565786411871
0.831299493736569
0.688027693105516
0.870959612694331
0.804261973374519
0.94705923273454
0.902001289791853
0.837787774678379
0.749279921129975
0.68456445305977
0.49062583848723
0.64285111222767
0.787378782677887
0.634644999047594
0.494448711619978
0.747007891254552
0.799239900559809
0.848458523553433
0.998099007641111
0.972304302518582
0.681517558483441
0.780475905782483
0.818210701505854
0.815906089891889
0.826942895874586
0.825652788863019
0.767866857979205
0.905952702522012
0.886049352291542
0.716878022585312
0.904981068505986
0.809960061975191
0.855334849592725
0.820481013245795
0.793213506112686
0.856765819670199
0.753798106944105
0.687343335501578
0.79425527127733
0.797331783665319
0.815000622586408
0.628599593483763
0.732923015975985
0.911337194214633
0.871885612145435
0.755104158119188
0.697334903137029
0.732090106317042
0.7799338180113
0.674443688938781
0.631603740338706
0.721800339634118
0.75728955612354
0.803327773741407
0.758872135811649
0.624692740407517
0.91770154986296
0.691526913444407
0.874091338439203
0.831552461829394
0.668630561028311
0.915650729733437
0.774904605624198
0.70657494521382
0.963327914190614
0.550467911012295
0.769483495603674
0.839023425896126
0.607509839079191
0.830932862339329
0.852372882538725
0.831253001919364
0.789776577471993
0.982921941120673
0.874420281368458
0.762422017311371
0.744491552836106
0.387306220436744
0.709967240885918
0.96961433154136
0.823880433608803
0.905750438026253
0.954680529116662
0.859302897452974
0.944064487336553
0.990656581032336
0.909328820365313
0.732415605515806
0.379582724164094
0.69517222555433
0.750409453997711
0.581169097933745
0.634615394397763
0.725275616922065
0.606616054620574
0.851886322617601
0.945063098014208
0.964125134799359
0.809894966319391
0.730084254932484
0.948919675947936
0.494750425931305
0.735741929958141
0.964804556459619
0.758879846305598
0.599160402670244
0.975940947508683
0.911289127734224
0.8672767332457
0.861460954873018
0.821585865727984
0.57659572938887
0.743594982778451
0.812573862399235
0.804166004307474
0.75641742202167
0.771651312413129
0.830145811225558
0.842197030097448
0.974440655999953
0.782595992993302
0.898064746678628
0.62446664570588
0.685239955361587
0.651193259623288
0.319741160856358
0.935031029495972
0.870116146960726
0.739844858156299
0.65276751476815
0.622781926393287
0.596164639621622
0.939076624857708
0.558258453550208
0.887763190226391
0.969603726544273
0.910271781902936
0.798904858260535
0.802741298825955
0.765844092126128
0.556538538578345
0.89455256951501
0.777298159215561
0.89551467780541
0.867098372502511
0.947826639905134
0.830185708181271
0.767173870787366
0.814602405223075
0.793156468683986
0.770918289866496
0.712397816303835
0.706482883124135
0.730343923572393
0.666010206383769
0.923011363620742
0.876532253706197
0.896403159828352
0.971025798628765
0.555731369919549
0.849281204347369
0.777338899563912
0.573064679015993
0.774125613283227
0.795969251407956
0.618526586173724
0.978280371149009
0.686392267287714
0.760581435943305
0.961274254868063
0.833178699623844
0.841817927283374
0.878781635578026
0.747150421536727
0.688743251978465
0.568711295762803
0.940264913642916
0.837487877607246
0.64928568046855
0.769376084505845
0.848834320179283
0.756698444655322
0.770034077955198
0.836520759824716
0.610054142802467
0.838849181375294
0.974098266841673
0.971988573393804
0.827838184348865
0.612371784031264
0.692626328980229
0.86002620847185
0.62417153506155
0.959819525988719
0.950598920361556
0.97645995266906
0.910872357266195
0.787122141436574
0.752476617426479
0.807422762226548
0.842633253689468
0.882866452768029
0.878594523736953
0.682476088579742
0.798665471818208
0.719198160668797
0.811543326323043
0.825722916593675
0.753621686001753
0.678264983837703
0.56385429338116
0.971786478246013
0.795743374073084
0.74542400335034
0.73970402308826
0.687057271984657
0.740753679088343
0.678901282925095
0.773534194332628
0.879177585672926
0.746353299571738
0.740766028333819
0.766925557963328
0.88947693721499
0.914657717660487
0.627050672092921
0.839792361977082
0.785034441087069
0.863883718605809
0.869192292368501
0.928626166393066
0.571474250106862
0.289165892634061
0.953502911272003
0.814416262730529
0.854304649175991
0.671298672387963
0.817036081319051
0.453788772692343
0.931273493182007
0.887530499958109
0.895308813107374
0.796024075750162
0.739071255877704
0.826225756864221
0.909639548549636
0.792665697984321
0.696227970341991
0.885424135859687
0.39693794432263
0.741853722419398
0.657143528882941
0.959984049777224
0.736418693749457
0.863810015009539
0.841231226648946
0.771676503602559
0.975762854746344
0.891681082911025
0.736121257302358
0.673061281657998
0.456964394923692
0.710961341195511
0.771247118683599
0.759970112464508
0.793587577201139
0.594876816857222
0.72385582483925
0.848050924285011
0.648097158434928
0.883679817459275
0.721306555706774
0.758606916668869
0.593853087884694
0.928901614854686
0.851858707131374
0.763470107645332
0.843507768848986
0.827098793202084
0.803330051432395
0.935344434544832
0.865377958381335
0.61874643993641
0.886326540097067
0.661651560878925
0.936191271001363
0.268810774889476
0.867903857059744
0.843928922240844
0.748987457011082
0.686272750648648
0.870194275428149
0.737290477514834
0.890495494841345
0.889676196991403
0.568962724735874
0.667500225716213
0.436925806285042
0.659480847066557
0.845077331115385
0.794947766704669
0.621985699163889
0.705101788888639
0.441466662171983
0.915348265770638
0.873215836350262
0.781725901680595
0.866372083829378
0.824788774348911
0.662083704034328
0.878204260294537
0.743325010644981
0.817080472697004
0.848744714440514
0.838867852123444
0.870566809923019
0.845182951654834
0.704523693643657
0.630472233913779
0.545924406232733
0.681492164830253
0.997775398414277
0.832878156741752
0.93725815301721
0.740694360609517
0.743262465182783
0.733557286461036
0.765622919218047
0.81260174665511
0.907218785753497
0.841185819288305
0.876758347313391
0.9625551745034
0.683504361666321
0.80197411771067
0.753197517478486
0.879984042324433
0.782720105024364
0.957485092294387
0.857973304258497
0.848281215407713
0.805059270314659
0.821907042580874
0.561005499588413
0.371091987642178
0.633029271742602
0.707407878400454
0.752530543039079
0.900278119456842
0.957709730352673
0.613071818000587
0.257032232260708
0.942031129427191
0.848531744522621
0.625243686052551
0.980965007472333
0.88760355592981
0.67857793430327
0.955366516669566
0.733986768678935
0.497793277079377
0.935621596053083
0.636171453213863
0.743592709447435
0.789181193922685
0.252039072150577
0.79265317394383
0.806720438615372
0.825299401012338
0.823275250563423
0.812867779233339
0.802153530877072
0.690028356174575
0.987570045855286
0.83248441969805
0.990403062526449
0.929103982154
0.682531263855423
0.7026828465102
0.802210181293169
0.827989539157321
0.538629930673742
0.545358840363391
0.840168760260349
0.704778539711045
0.699308164591914
0.79718614037778
0.524026443154657
0.791022674344283
0.964099298908919
0.817698941289235
0.861957652638048
0.747684825225437
0.758794642261404
0.61472382710074
0.872901002748594
0.955184422524525
0.859909098195772
0.761535226215637
0.615876866628672
0.562900136991845
0.768515160402992
0.841764104115176
0.870613640728861
0.838932377268237
0.722301726917893
0.715622473026642
0.652202948646768
0.880915796595716
0.818085558790491
0.945682012291842
0.899182037887899
0.878142236998323
0.86111921723823
0.872892750935627
0.847034126299809
0.900999504621892
0.903240073355045
0.839678032914649
0.970483747571523
0.92655952778712
0.841568375053356
0.758977189553278
0.939217671050613
0.898931324885608
0.9496269875981
0.949666657341906
0.607457831402393
0.908030152828566
0.718350736951817
0.799229243966234
0.847091281126312
0.85786085717568
0.732300832650623
0.915758147765628
0.826454184004865
0.800999512237972
0.750275634319132
0.750510393281199
0.804923575986329
0.813714493519429
0.679987311502272
0.892524979136542
0.832182456084337
0.543279427049311
0.639326313809474
0.875276841513542
0.905363302752422
0.874605358219507
0.932527052514524
0.600820841622258
0.746216532713605
0.796872688064229
0.824774554035686
0.848170007617651
0.83633538311526
0.80973918440283
0.772554976146927
0.841991614589529
0.917646840930405
0.517643850050108
0.736281181110653
0.909842811671761
0.771972246619128
0.757362075904837
0.850114546514085
0.902371736394171
0.79999848035722
0.633426579575263
0.856319500219307
0.339697748304395
0.850008905944336
0.982128822005102
0.896507149424513
0.896964810418976
0.930497957244296
0.755222284721476
0.540720463499047
0.853256015337186
0.953228123748056
0.661633372276249
0.716262708795508
0.871534999674317
0.887410706881052
0.869447902990109
0.53318554206155
0.730708470959399
0.658451731628228
0.720344032695016
0.699397648336662
0.68240039555398
0.857109583325618
0.705408289509172
0.859958912564244
0.893015372015971
0.684838978285295
0.816466261955732
0.97096235338065
0.997492577006178
0.557502469626434
0.889402652382749
0.588361741124323
0.713242126547027
0.635891296862974
0.780564190809704
0.941712719998098
0.883245601500289
0.917350502918658
0.728568664246152
0.680233895059013
0.724808109357594
0.886137822560291
0.590058080237662
0.762148770578745
0.914122085782354
0.754887752281221
0.74096021726883
0.954267005014035
0.773372623078438
0.863074268470086
0.709856822844401
0.687433856019115
0.548333611033465
0.924181509729239
0.948959142825214
0.90550014625205
0.866614715216773
0.773541656787014
0.713130942990519
0.781144839996809
0.887992878071985
0.742053293407541
0.910303699114104
0.877867786032034
0.745409094231
0.838572894099661
0.838983194554183
0.854386059424362
0.862964473749297
0.97730395411544
0.883780616636474
0.886079625803061
0.916188971803074
0.963203932580422
0.933018657608717
0.865669865956496
0.566487939856481
0.650390453121796
0.711479634405107
0.603852294479884
0.787946099455786
0.814763277747582
0.72591891713475
0.75550821480763
0.69165600136776
0.843904084748207
0.854545867663005
0.982963140570173
0.82154796636877
0.904802670080022
0.71446731775221
0.803140633429787
0.75843291728764
0.801232179672246
0.800041539041436
0.986680954251752
0.93230894754945
0.680692245811082
0.800907589420874
0.747471968629677
0.914740081996621
0.738896119934801
0.957788512671472
0.750667891657767
0.957672645650667
0.785801679399671
0.806325726461558
0.86966001722387
0.833047646132287
0.702411116276537
0.729454853824267
0.74623651742846
0.748174554449801
0.739515592721935
0.769407603125733
0.640052663181862
0.710655530923799
0.726584951762945
0.832534980301539
0.523465602247191
0.442370495401392
0.755493382489998
0.390128520372362
0.781629352630528
0.863838810835541
0.622453990227738
0.822189135015787
0.78882141594752
0.594008159847905
0.737867349077621
0.760723055947247
0.71759065770953
0.848631812531787
0.647639177637061
0.785227255817668
0.679081402369787
0.769765683504796
0.786061496941041
0.906853666963919
0.397436439514349
0.945412846820012
0.998549204164214
0.531062141213815
0.687568937835924
0.868699954330985
0.771175764215284
0.978896666332164
0.694914644681249
0.717610429193645
0.559757929969294
0.69230308609495
0.743013051836415
0.663773245740578
0.692111959267506
0.636221616125932
0.74723344881615
0.675820572628559
0.89406213529495
0.821712250872991
0.983679906378498
0.76086970943927
0.717012047748273
0.840022232599594
0.877913536624297
0.88801161915175
0.766500620036529
0.928546607869072
0.850826210335755
0.74625360005785
0.659548811955249
0.682713558816816
0.763281681446483
0.723418707508517
0.357856129092917
0.816993720844727
0.744310674636072
0.90406950388447
0.818512244792026
0.81191166488936
0.74841949349925
0.874926996195512
0.775420019127752
0.985666886985524
0.966809115360507
0.382462391278705
0.823895754791345
0.804865979440781
0.870675599488362
0.632917969430262
0.761815396741485
0.701917181398214
0.605774901029225
0.784637985130687
0.769211468472391
0.862618337113159
0.806085683996255
0.786545080842735
0.799937812133724
0.800978728491628
0.802863400120938
0.802599935513794
0.81123388975964
0.800596070626058
0.805440899889876
0.797632027480375
0.754485530155866
0.795342999585883
0.831501550097528
0.450762393923159
0.876381629624625
0.889144385933629
0.981002252305675
0.841637608742949
0.866049322318154
0.863308584031423
0.290550085106414
0.853418872505351
0.773511192001301
0.669234704436821
0.642894214014304
0.653905132527378
0.795903983435557
0.747091130186807
0.797964264814775
0.992396488301459
0.767349281582433
0.850110226038711
0.266793100972618
0.852248066615607
0.843404417097225
0.704070425757355
0.63280340271058
0.849311332716153
0.867821196574886
0.922884269596723
0.855265917970402
0.724513893005757
0.644472371777574
0.820827134691008
0.820650382250981
0.801560275177516
0.798536182156783
0.93618627143982
0.713565540819254
0.822832837810839
0.803252073207659
0.670750942339376
0.588398831719427
0.675998360084911
0.950805081914306
0.718140034385006
0.734573898549632
0.74986698373557
0.546059171719243
0.474766132451138
0.845227784263562
0.840243806880142
0.686899966749225
0.666295934064861
0.850314032978881
0.973325237200855
0.787584831968706
0.739458013969315
0.795714585493818
0.928938613185817
0.850990037511656
0.844917262527251
0.589349173559387
0.937225919666312
0.804431338901125
0.741970509528559
0.647367643977073
0.698855882345095
0.425705037142959
0.571218147299031
0.842981474681291
0.926225632454056
0.872402201012345
0.893536928844486
0.691292778060488
0.885720017613383
0.650631674157712
0.728880953909197
0.879038953859347
0.798145672829898
0.709520581341524
0.714752422667419
0.701842330563405
0.76183590134756
0.781445353293043
0.755361644204797
0.614643180678423
0.904797270057097
0.797637352853861
0.735451399407863
0.798045040236691
0.694949894465412
0.842861323644366
0.693907188433615
0.722777594732393
0.944310454341434
0.592761155672974
0.603843595328193
0.671054122814327
0.979820706188279
0.785793138439902
0.793385489604997
0.774136180373748
0.959759914544065
0.983663120999618
0.828143010704643
0.784375337782054
0.900413024552775
0.785410235506319
0.937452990494303
0.919694410362062
0.792945434091125
0.775043385963674
0.0936207183087752
0.787341408592624
0.836594813064488
0.965472410415423
0.562951152624259
0.753547449178699
0.601862542616489
0.875173724705251
0.821394018342948
0.855582423986662
0.775486805705802
0.782148298021366
0.803859919974764
0.881854720044557
0.710353087089528
0.862889153648746
0.479301454527992
0.762430248862323
0.842544352861335
0.713751224441142
0.833600445572142
0.597548284747635
0.682487396491982
0.758537930305226
0.702563916133852
0.82757074671627
0.409396674096789
0.817664127446734
0.884418065937845
0.756999819734085
0.828181831064355
0.839774332127595
0.789877803929307
0.795575387512195
0.703163341822912
0.8156270205468
0.924665427178821
0.835154902557779
0.826829534056142
0.87251399524247
0.849143321536674
0.878583569385515
0.874859733611092
0.878353914037979
0.866421137421559
0.907368554390791
0.860239406802987
0.848988953725785
0.65182010015773
0.844255603889189
0.982130751917337
0.815758137926402
0.79505213505557
0.926827365610295
0.92983118564736
0.790152473450851
0.72599581242479
0.923476440626454
0.839100846472922
0.964842628601755
0.729719626274392
0.678462687609487
0.744472116447015
0.876952722774615
0.847115698790943
0.782286982611983
0.682299469552635
0.664082485869863
0.710667575328926
0.89341609830211
0.754977656168923
0.750441329146346
0.787633548179984
0.896753132908497
0.918183711279025
0.776660772386579
0.705316581463528
0.899935024347614
0.768789949869963
0.783417417883037
0.855954104951705
0.759008673987387
0.943826874067853
0.915605533731142
0.962995439999232
0.942144640423464
0.636273242152091
0.748613510920855
0.781361059352657
0.71034240228604
0.795778035320658
0.406878071401608
0.810979401793478
0.637474296398649
0.852273427340181
0.731366109836087
0.85710094709964
0.924584734873952
0.804695676863588
0.697443755907572
0.781703094472181
0.89060315775998
0.875246643744202
0.785077228904649
0.657623687741653
0.632477675403045
0.945554712945834
0.685956684516216
0.708775494349694
0.646936525534192
0.735045026529382
0.773226037736685
0.820920646510415
0.830782262548676
0.889380410073295
0.757984283129021
0.868128024615734
0.820665374840667
0.643433495340571
0.983464720939656
0.712602230679302
0.834718548328888
0.724116417979162
0.904244193929448
0.781750771803781
0.770702537634109
0.94788105090169
0.633497779131783
0.782481021072152
0.670341041418919
0.80132661474402
0.79047940381681
0.812476626994471
0.96554477262475
0.958189592860023
0.832908377414001
0.790824127850816
0.869301107706393
0.723014872499026
0.891741081462788
0.680974464499017
0.594430493060501
0.809757713487897
0.647832229329584
0.783767158803396
0.701528114932695
0.894580747639004
0.846892903018515
0.957333464590303
0.815023258261886
0.785861338208367
0.954209730767606
0.867297925932944
0.869995038817198
0.820559723579896
0.797719253407098
0.929954274007873
0.885708148150024
0.901002010293285
0.659118737901145
0.881048408130415
0.461535196460489
0.560443948876086
0.826166159462142
0.74913003568343
0.863806711777272
0.882612681675725
0.542409126280606
0.867881150945563
0.78979814861733
0.713852990990801
0.793683302929116
0.659064559080715
0.67462888458275
0.673492594509584
0.82767402761598
0.7795719294483
0.859808744174916
0.920849003622614
0.637274882288006
0.929727300763158
0.815585796405601
0.923446783181373
0.892398061245771
0.863911500314019
0.420629672912018
0.985726708980086
0.758321658160011
0.95804062081906
0.808364693342174
0.617421674555113
0.676426779827227
0.611526492002181
0.935012540325235
0.857512916202569
0.936774442749251
0.500748355437188
0.822282424535604
0.90309975897563
0.845801780556186
0.754725234754226
0.953437222417217
0.670179040268553
0.738733623511295
0.384315662160974
0.692181006433677
0.864348636184022
0.816394248822668
0.904273362504513
0.79414960118154
0.532373577061798
0.92659995802679
0.718779733337242
0.880281167901292
0.649296012279234
0.909936016269728
0.955561016585907
0.855648027574655
0.875073845294038
0.682445084063644
0.861460876030491
0.907332058210427
0.790114998764401
0.76577219736905
0.752398750082492
0.688036943502629
0.672678742893555
0.864357566711006
0.508392193812584
0.8405650919331
0.672623735026573
0.720034390890565
0.883482439334642
0.872499925698262
0.763802315562002
0.71626723448673
0.723071570449088
0.44653798728136
0.700507892612663
0.797680383494534
0.883483078081514
0.931195601218401
0.79147945562445
0.661720035717959
0.715622288682403
0.766960709646849
0.923071558635013
0.76147612953431
0.858583237446734
0.880876476163554
0.829087384388214
0.914274947819947
0.89408374818573
0.897827843463764
0.716432194906138
0.819443116301645
0.674642531178087
0.756885408911857
0.952008478950449
0.589700871370469
0.887892398692357
0.771525319406407
0.652234485488109
0.998874980609271
0.987641031628521
0.885553214019077
0.747643012842322
0.928002875725701
0.982263352238947
0.896286869986825
0.930830621685148
0.743236359690305
0.96133242268401
0.813362170169761
0.827942511679326
0.771933741877525
0.744728639553178
0.836287388251888
0.991016208609938
0.628970785702268
0.529995695996041
0.771803306598592
0.809706683657087
0.708542146664008
0.623585856609428
0.662547192190475
0.888994305820893
0.857374978755259
0.785057987171261
0.796968248109969
0.862985683271819
0.924245856567179
0.986289637889355
0.98003081991356
0.499262543881065
0.582437210406323
0.904696685839369
0.900585289081465
0.850389249312656
0.78970515317018
0.572363851177497
0.695159904953945
0.642159632064867
0.645537524039966
0.862104109306992
0.75720387258687
0.833699602724607
0.971273101482305
0.689633035599538
0.837057568465113
0.888883768003574
0.74093017388238
0.876525845475231
0.731551964166383
0.929371943867189
0.830192764301929
0.903643381247982
0.887232760936475
0.788043149592697
0.829437588947117
0.802781504289202
0.874200071546649
0.693679051272949
0.649472403454063
0.959649569261449
0.87826908481968
0.813693922139242
0.710762258000827
0.727720567293607
0.758907171856788
0.777385818247327
0.753090131219302
0.944596891661531
0.74401143552053
0.837694557786557
0.662460175581615
0.877512858181562
0.953126204287179
0.642074889868293
0.764930968389174
0.945819451101009
0.871762502693534
0.681261798412638
0.831859340852874
0.641729960771888
0.900976870386256
0.861107737450103
0.698109562753381
0.533169935596823
0.704819602756964
0.795326623930006
0.704044530936829
0.565040358842986
0.876505019903996
0.695678071163425
0.819078317721444
0.790549683867056
0.825253016732958
0.727786781238475
0.977081385218045
0.526072029183981
0.829559431064263
0.566775126313665
0.973186632790267
0.569587062653509
0.838713778586662
0.962895734869696
0.78725630675603
0.828305544802968
0.802104158527217
0.720422101947383
0.741463649116642
0.719065917512227
0.46483292160566
0.807223347332346
0.759499407812067
0.781728521549851
0.865404772259369
0.825321194441821
0.866065236942051
0.8220147782657
0.38166063807441
0.860922405841063
0.760303689464011
0.657153159883769
0.798835488140909
0.498760974322425
0.805430396261081
0.956333996360227
0.822094845279774
0.757041178047919
0.837518771289968
0.835463696470955
0.668607426658903
0.758093571799623
0.956556798605002
0.865121185448335
0.942492034877194
0.466599932319623
0.840706346338457
0.515621627379011
0.688467427951655
0.840666509006037
0.934593823457726
0.843656363924083
0.975148620025042
0.760707639199723
0.688743695248264
0.756779894983859
0.845566584858089
0.789635554605288
0.749364444502496
0.781696427530761
0.669191130671959
0.731750122474522
0.858616411123125
0.761513666184973
0.978286750438091
0.804207104193249
0.547234537538108
0.642765462749295
0.89559763634699
0.68226408621549
0.753888661717678
0.882738981799394
0.903396047260837
0.841368477913776
0.802717793751012
0.810924578358322
0.296048607222092
0.95296589547526
0.539454408283552
0.812212738290398
0.758134917497681
0.974712707903181
0.882621909766671
0.679997601381714
0.847133352100221
0.805883394367242
0.906944998278869
0.845613960160753
0.856996733327735
0.797919114403758
0.850149338313016
0.692825350990065
0.660666717865946
0.831850904470429
0.704773683619162
0.734376086654048
0.763324479401842
0.797207434517552
0.946377806138323
0.809624304405905
0.937284104773758
0.766766225244362
0.645952317044665
0.996622275304491
0.684441147997458
0.764198403288609
0.795537665364136
0.725251635485324
0.748673753994671
0.61145065532772
0.965036528600294
0.774721162790245
0.95040967060314
0.894367549143394
0.807353396580786
0.722574197320561
0.807965926210896
0.601822958145499
0.631208082755763
0.433526377761621
0.71206654193591
0.592280404761874
0.870387948849666
0.839511773042431
0.921850390899002
0.77079897896241
0.729623039618268
0.812654530956384
0.843770609179369
0.679688814000451
0.991962021812987
0.882356220350704
0.649310294072136
0.870956788003504
0.767766026372723
0.72024739601418
0.971242361112452
0.834480452309747
0.732082356755068
0.891602110494404
0.892070989934431
0.802176751352029
0.867545870123872
0.938035878267875
0.876933114614235
0.80807453939563
0.941467812747151
0.76367670620984
0.788356557444713
0.79248643108264
0.740746190320742
0.968627649534171
0.812627917299756
0.819039024073043
0.803954209558893
0.987761458279843
0.912861002361708
0.704991224341723
0.819014543472479
0.8732878273675
0.765741727361734
0.960501293004877
0.912887237720211
0.783096675894839
0.609817628765086
0.792506627536938
0.757607668654664
0.735308151543389
0.958181302294553
0.756421270467006
0.805401356565921
0.803381043708398
0.83439147451153
0.81894486057379
0.825363511695391
0.733997906904316
0.853825352803308
0.994380707049114
0.604282949708293
0.745100979213801
0.590919479635717
0.739044161251139
0.714119682340878
0.771869513801784
0.867491951551693
0.825139996238481
0.768035807437094
0.756721014389468
0.765053532052224
0.998906593634599
0.928602852347243
0.679222893845856
0.790173694751238
0.930237234028092
0.872612203104604
0.818944464024357
0.774544436965743
0.961635571489135
0.696442397877051
0.947378124574548
0.551433580635644
0.760560815896462
0.843628498949283
0.93130277189903
0.890882738558924
0.895945423216183
0.724140980794094
0.872796450376041
0.835284995664346
0.87373317074768
0.941912455168248
0.91168306697385
0.929062176533383
0.563250307769352
0.837506901465389
0.760918911421686
0.696914514597057
0.67329754633831
0.864003051583991
0.89097865080453
0.795290364731408
0.698074582135073
0.841771962289081
0.728017380553365
0.589440237967607
0.899443380592148
0.782499079337271
0.717164231324414
0.635349374858348
0.834895067191706
0.780723354929808
0.943892069852006
0.749769991754959
0.740668697802804
0.709480630993086
0.358355420244412
0.848469495025816
0.768124957359992
0.998261073299684
0.675915332292837
0.637838039047777
0.677394062525443
0.694365029491197
0.693788848674349
0.687499749000249
0.703906684848505
0.702525661783939
0.700358865231017
0.743494763833601
0.691785619321621
0.746757972687291
0.743965661004124
0.763539110007833
0.754914813975364
0.766151588525798
0.72746727527484
0.740851611117882
0.815606605585831
0.975468996567851
0.693473215618848
0.775790181471845
0.793863734492689
0.779054215963295
0.76928453208526
0.860541395738675
0.781823729486469
0.795687998164012
0.463133162142308
0.945184331702731
0.784672890535264
0.89062532013606
0.786914974944996
0.726909398994183
0.615954189182388
0.977067419536966
0.485909337782298
0.758738585753898
0.902491948980252
0.728183565692912
0.982340229276817
0.657350823039647
0.748692778094858
0.745785037691366
0.900223978229552
0.891900177874456
0.74374254789668
0.836472315964011
0.869448960712274
0.685451389802087
0.795829285955505
0.644800030634526
0.783995539505741
0.645147172096444
0.898129708252397
0.683003075070018
0.753913016748278
0.98413848694563
0.87498139579084
0.770980588275948
0.70197569026664
0.880923733181351
0.724273250143438
0.952615935672317
0.821907503506591
0.697188089709219
0.962914022973012
0.873579905946283
0.844388991263713
0.63779960703086
0.79521512546858
0.920354082545152
0.823386098725566
0.864008306040524
0.856447815576341
0.735743064529178
0.537110194070993
0.250514492595389
0.872817638235118
0.802828480969984
0.546382147304704
0.850510677671061
0.810680476370164
0.706625767694369
0.760061468418647
0.609505102881086
0.933504490421724
0.950680317659708
0.622618602890882
0.703765606050011
0.802879646594897
0.815345108926169
0.893415210675231
0.83445106063455
0.810971566967083
0.706707637267552
0.82942646074381
0.812067005668056
0.783072701257048
0.807607900022068
0.700804858925021
0.797223544739291
0.868304740142153
0.428955263320249
0.84203989256408
0.85611330962601
0.808123411115036
0.988882810591963
0.614579811802238
0.879730893708813
0.930639373670224
0.361919295822895
0.668132244205277
0.613759829832891
0.613189613247779
0.736489318779047
0.666545723743492
0.980449554549376
0.706153127134099
0.880123785559079
0.651177669406358
0.830548169063299
0.902835527116586
0.770548007945191
0.75299286127759
0.87109630705539
0.851612131802204
0.888893239499317
0.719141145893451
0.723347691448278
0.792699594400979
0.858211955677955
0.803560663341527
0.944302474099273
0.889569063853426
0.724609577714536
0.724075252949376
0.951697259693388
0.895805776191236
0.640399888835142
0.633337461003265
0.724025581532834
0.888794086868697
0.422875306884381
0.847040763482579
0.892778150603424
0.620001212707235
0.714227940322807
0.738919129896589
0.740721695169441
0.737255358797866
0.738434557216007
0.750882402267104
0.723895171235932
0.718696308749777
0.806908718220715
0.593500724074042
0.972799925096803
0.471620931468057
0.951088118829928
0.791714830696473
0.698659089199825
0.563657664759783
0.577163231042239
0.799496037430616
0.816865395126532
0.796442345381016
0.592146967528943
0.837988492552384
0.779451666970465
0.767400418706643
0.781291906830645
0.777850787001716
0.799784981020043
0.814683718819298
0.792029327819481
0.803772281693691
0.832814559628443
0.800489401537779
0.944970077224533
0.45092565655878
0.324971874061791
0.899438128796504
0.694480071171041
0.797230148957548
0.718753329637689
0.797960766175745
0.903868894896339
0.496444004018892
0.868903485528204
0.741125155988295
0.826220718608626
0.930670059657579
0.655599878492575
0.819694858764378
0.784443731044117
0.81909960258938
0.907252078851267
0.789345537039512
0.582219677724934
0.732452881441106
0.848029656128396
0.95138132853997
0.950140442227772
0.677289785820033
0.801264334444445
0.89262613307675
0.892166056971265
0.874362662483012
0.569101809265426
0.695266252731536
0.718248432799937
0.62971880825091
0.731333055509633
0.40438363552233
0.920535110310931
0.914639134652053
0.793226710967734
0.80781157623914
0.840398189490283
0.405929514141767
0.671333932234055
0.795995260840775
0.932068435670421
0.939017617281904
0.676567657138656
0.871742184362044
0.624467134701583
0.845024679012722
0.80648830253632
0.59704599600495
0.754285182401639
0.72880189877835
0.912942983988041
0.831113851748271
0.743369954554415
0.739290955395862
0.836102692753303
0.875675209806483
0.774307240517415
0.898711185747062
0.963612242101055
0.752668124554856
0.771238522664522
0.727652417193356
0.701457295246313
0.665402419653795
0.698160821012206
0.73908798939557
0.788747247178253
0.812280485785505
0.834859664452542
0.766076717791711
0.64009967144556
0.762206775774931
0.452695271220762
0.591625808589552
0.84532275621743
0.893455710069054
0.685266806111009
0.742452024330204
0.755902956000074
0.692442413963766
0.683424569548045
0.752287382067758
0.801755810382358
0.730835811629832
0.839388269227555
0.796331849045283
0.792540929237653
0.79260319406953
0.882831630158912
0.85775524479227
0.87412543705585
0.718733902097765
0.903787066633438
0.763801623300735
0.783108679784031
0.833984226165234
0.791004855062604
0.791138430589122
0.692716914188426
0.826006852194043
0.685172844948726
0.950491079527427
0.635755385599728
0.635950025915667
0.713038841508082
0.760449137546867
0.73747064180636
0.744225138245113
0.877685683957791
0.855265846311963
0.750292059481988
0.755281307988805
0.745632603084296
0.813316710502
0.477383496955628
0.673216118944056
0.679316357761836
0.833954069078093
0.867136105025121
0.824729615095832
0.755139359568276
0.787503950520593
0.818259259248484
0.741361063890995
0.785885014055082
0.984300528851985
0.797769044743032
0.884516739940591
0.932999360650492
0.995191511949934
0.60937356791385
0.781151193607522
0.732768700975189
0.780888681919269
0.836966535695901
0.816313076178966
0.822490662678824
0.906943359355313
0.808312156599011
0.55705547126546
0.557463447947752
0.795069471928786
0.818536796860066
0.943690509097606
0.813925023187942
0.731807446844227
0.852837968854125
0.944841212504631
0.806236733205818
0.861780874794913
0.843517420710664
0.740013953920184
0.961581839816644
0.710379517319151
0.785208360815645
0.928095817072082
0.863928484330989
0.934559543097637
0.790901257926632
0.815065983354407
0.721248623201513
0.524465900446573
0.640571222395837
0.55202480834451
0.857778521145735
0.576771763692431
0.677549586843459
0.711117644045956
0.585986738798874
0.668700078676282
0.830761949799858
0.922364051008451
0.483269837164005
0.944047083041033
0.745371105220121
0.930061552177084
0.764002338376576
0.75802861809326
0.728596140443287
0.822060159619423
0.803125452684837
0.578745489802375
0.764594634024437
0.946861711608397
0.866539500603622
0.73970827010915
0.843273988244509
0.438639011191455
0.866251253927627
0.722664900771571
0.83880733869555
0.791576699011771
0.639248542359465
0.754121077889107
0.794213616910012
0.670046530414869
0.725292625926239
0.748497013149271
0.757302095940363
0.771085865062669
0.698941869677935
0.782513603046166
0.78316672921659
0.790813629268069
0.786040830739979
0.797653163435525
0.786046708835299
0.784503307755939
0.803257424824953
0.822284374457846
0.887818885754149
0.742607519433181
0.71284331611914
0.777826747594816
0.767542333425881
0.516678244403752
0.616715787085141
0.789775497132026
0.997449565358819
0.768809380178405
0.610767976306426
0.783528569279611
0.700376059676993
0.841737158607647
0.860302723067978
0.913000401763447
0.594357241456775
0.682839946157582
0.621281048598749
0.887993766376031
0.62889137158807
0.583201048396941
0.839075952945924
0.944942043073944
0.984263148693946
0.494715389575605
0.885026804153104
0.698528955601168
0.574636135794082
0.779992925538871
0.932851711521248
0.774488434840934
0.904677733032042
0.958234789210367
0.927616502729376
0.67059602558401
0.950109657537205
0.787165152516273
0.747064757944988
0.946600734946963
0.525505797054604
0.712729987038975
0.866711968823563
0.654701650632112
0.820894256841771
0.929895004619164
0.520457875800637
0.480740563991056
0.674448740246964
0.852468201492561
0.821451339408757
0.663438974730597
0.902027659283799
0.913956044826184
0.706095709615245
0.928647649870126
0.876656276017306
0.880498223237648
0.101717398274238
0.497625062415591
0.935232600946557
0.736390168342113
0.81258596257482
0.841034292803929
0.838638030161152
0.733729000945141
0.785250822420591
0.732240059210518
0.758043984328234
0.919953421110543
0.928197439523412
0.750388548876477
0.797442222134318
0.738382060615792
0.757948220165361
0.811787690629622
0.756363330036857
0.817154704438381
0.820280095944362
0.993030850639061
0.740502377686206
0.830926505073306
0.897630323322932
0.880847699498396
0.693795558368988
0.88861040138807
0.731391542611676
0.680893699640825
0.758106071247621
0.592572669968415
0.559156120585045
0.576037229602453
0.830935011439902
0.597126053706634
0.879561889555861
0.93366563636363
0.522830166319264
0.893049882274936
0.69987930381948
0.770498520401074
0.633836769361682
0.169680683936462
0.8803632069181
0.888232492848551
0.873108091733292
0.840135394598775
0.764089936701688
0.581919810302144
0.767010393163515
0.950161856588908
0.991283538104937
0.68628091806408
0.949222577059492
0.945245110570225
0.705246400675858
0.587578614111756
0.570096741968041
0.667057019376877
0.922855739533815
0.859180508378675
0.651520119474864
0.909913515524511
0.766623061782176
0.900279703457388
0.929232899400514
0.711417492676643
0.797672533180841
0.784166149772703
0.72060540918934
0.680287208910995
0.87646940398019
0.933157253438903
0.813840077688075
0.875239538278972
0.811760117311233
0.533609503674691
0.845697685753924
0.831947053101798
0.72448237310167
0.669068113099886
0.764234586989224
0.856198698900099
0.904281764893881
0.980913792560779
0.916061120922891
0.871204445367547
0.779451289664392
0.555964725374214
0.908024512609782
0.885915815851038
0.947906953285923
0.867818981854743
0.77507490907731
0.992537497665884
0.911283676456395
0.850175030277652
0.817355287869851
0.877881241888613
0.935044230943736
0.899231376202252
0.801247493624191
0.750404576386853
0.90227755760825
0.86300685327125
0.623760205320761
0.612313160725193
0.6169204889598
0.848849249759681
0.862060544354304
0.797527437759113
0.6790045879134
0.642485555366977
0.545578719360936
0.788678157416002
0.919458342428131
0.769686824620895
0.66806861323887
0.752762988499969
0.949765319431731
0.80510263491622
0.65683662466056
0.880595185448427
0.46059110255774
0.764659368610902
0.770354422001267
0.988223418061286
0.906866887355146
0.721359498873291
0.875660280935263
0.911600854116427
0.972146412603115
0.951999150547086
0.821897613075297
0.78426103855067
0.934530070882519
0.734768496604699
0.602035116657753
0.639153609751518
0.831261311230428
0.52661478745663
0.906342432535686
0.720770049277562
0.774776894390707
0.802679522300322
0.823073378479355
0.724634961978665
0.853629976766418
0.799215714271794
0.737520231865818
0.873688583291724
0.953735388306831
0.83860534261177
0.907346124855845
0.808426337566874
0.792495744024579
0.689510382551306
0.823360819222434
0.947283802160238
0.830012530481434
0.806827222809689
0.602697070434779
0.852113207242319
0.91261553724332
0.90940033065052
0.835987103243353
0.970212707655881
0.758032169787091
0.935564626957974
0.727745910270885
0.840660227847129
0.794585490170009
0.753113349319944
0.852823264884385
0.574843942900539
0.984745085948348
0.353925415287444
0.788609402781265
0.767358466072448
0.759758909295961
0.957468003753788
0.784897762739593
0.724044295065125
0.717376945737255
0.830953983322486
0.869933533715797
0.948212440790094
0.88036263525045
0.805401656620491
0.805493014822301
0.604175502771632
0.636197684697808
0.973650272333727
0.799726038067928
0.734834575911033
0.813876015087026
0.743491452258106
0.773328094554682
0.775105488467517
0.753390908273689
0.904105651907263
0.676373328847119
0.770244187463354
0.722014125848846
0.703940712815159
0.736579979227726
0.645367974766735
0.590830115217803
0.794594051201956
0.757114913146638
0.898691660742015
0.887699887514859
0.734229629944176
0.911745247824558
0.541485140569188
0.967105148260958
0.721573082187427
0.691931996372504
0.74218650767925
0.866299646015617
0.88969740532058
0.54413282395736
0.746348978042898
0.687151300460817
0.829171078719754
0.837508940536588
0.990068680172999
0.680915066948879
0.730146187824752
0.464522994032327
0.69035485760508
0.721750486771627
0.79393671410286
0.321287817279456
0.694635266486011
0.897588929551391
0.981367128535339
0.717352212659815
0.994015633380875
0.760154899110722
0.769953413547806
0.864864462507286
0.972176038215083
0.724881021452076
0.874607645266653
0.806173102555289
0.914431132198725
0.892251785706026
0.407061531299309
0.805943160357271
0.804977885244757
0.934840701407976
0.863422911978449
0.912170672480164
0.887502300981564
0.731805939665561
0.686304792967196
0.99668650132653
0.894723761820497
0.695212074657594
0.555514766064803
0.990279608392106
0.789136115431939
0.984412177687526
0.528461590389055
0.477068866668015
0.597759190555737
0.818990230107647
0.901800057711609
0.586452147692916
0.734439695930252
0.748187902259658
0.911086033967435
0.903571154423519
0.874437279970149
0.718943058473885
0.759579995191589
0.856840324994714
0.747177564519139
0.774217767894521
0.828104867466416
0.769635363323199
0.682258788655926
0.816616707672764
0.577756664678
0.91001934252938
0.862923073252605
0.719482927242437
0.938479864670493
0.736725234465336
0.799243784848811
0.676481386983488
0.976058480261269
0.937570202968352
0.820563073572422
0.749412630781765
0.976344203624345
0.884335633930969
0.796833575261543
0.918456483554268
0.676389291297195
0.489000145653255
0.824191124696632
0.745473185057294
0.77547959014231
0.789933584875156
0.837362875642813
0.779402662486956
0.928234263717918
0.726689946119321
0.707845234760036
0.935339720069307
0.82604953683985
0.970533052418775
0.496290352967065
0.806553092841551
0.791043530875032
0.830078978029299
0.786328517523565
0.734835374100523
0.944648602294537
0.778969798461658
0.674153948880547
0.820909808632727
0.326507937867315
0.755953863440675
0.788467260327513
0.766536453995988
0.519711110447155
0.509328345421906
0.840288327328469
0.764966993637282
0.462511315367959
0.631920902821994
0.735803167858931
0.659365461580707
0.985896240094684
0.823822247906171
0.888177102927809
0.735787399649815
0.96402059801649
0.711841766500126
0.998078642914688
0.789495963933879
0.702855816909268
0.729887750489071
0.92107782506978
0.984021422498911
0.827970234225834
0.825937534328593
0.864089131771753
0.787842072527773
0.933797226791928
0.709338694402396
0.772095322114459
0.654530315275271
0.949118114962186
0.928271692770657
0.842727288496322
0.806650850300155
0.86143758011508
0.795584506702569
0.908760384022071
0.936381349787645
0.44019532669794
0.868093142674501
0.779865559906726
0.657149822861996
0.929534906977631
0.503044367255369
0.0716318251498679
0.87972796294311
