0.853155321395025
2.06079678029982
1.84831992828501
1.8864921223518
1.84787515331318
1.95910282125367
2.08943807151199
1.97362870581615
2.21452513032487
1.85208678591794
1.90912047661985
2.07640688398119
2.08121469510233
1.92299899779972
1.76053188209103
1.92515440455337
2.00226326165224
1.97585527325975
2.21095093224214
1.86699385285099
1.67812364891578
2.06840451824025
1.90680494211136
1.95037184999843
1.61491584749985
2.01046142686178
1.90435002171503
1.87975266060615
1.86646715882103
1.73439103586968
1.79232912235968
1.99780602110686
2.05875425303292
1.86663454208544
1.92488029381532
2.14308117134104
1.71567886351582
1.6754030397715
1.77046153235937
2.35521149698615
1.89971460998062
1.77282254940854
1.99947670750203
2.09805888594095
1.69527540611046
2.0161814829589
2.02053104949128
1.79334983156117
1.82774964438889
1.97337811618446
1.89195709698351
2.16542165974797
2.00375550368889
1.66033972866598
2.18185861297449
1.71246908010845
1.78388100226206
1.77251326489965
1.80746889235414
2.07340884893432
2.04278945281414
1.84973794065367
1.68221334846598
2.0813584587838
1.79593848506596
2.09121255133367
2.01613393182543
1.49906634258141
1.76868365536945
1.80542394825055
1.75339125848331
1.71066239415138
1.92292752185113
1.97575981484888
1.97182914073095
2.05516237009966
1.85351632666815
1.9050175009064
1.67996677833161
1.79003485980964
2.1751511656978
1.93698613531426
1.90237420179302
1.67215122583463
2.25327563488234
1.92172215204888
1.41872521400595
2.04411244434296
2.00040219493212
2.0172865518045
1.88243900345722
1.80571129657253
2.01113980910385
2.1480054462063
1.93175100930294
1.97622805066691
1.98454868569068
2.04293195445616
2.08132569502651
2.07049971056462
1.87154138145089
2.06598544701246
1.78551501094653
1.94667732464799
2.0511943616002
1.88448657474481
2.2008332213777
1.93225335699763
1.5595939842995
1.73634013783174
1.75263960989911
2.06753151355481
1.90073065687449
1.97253886659429
1.90378026921746
1.61539996184937
1.92147094731123
1.89383727641084
1.99761149398603
1.91298973580976
1.94920459257487
1.90873249326744
1.86849255688832
2.04661084913965
1.89060691870973
1.82314102958169
1.99067433828821
1.87917679501238
1.82252476993617
1.83330169847252
1.88414360824582
1.74009782953615
2.0531990693854
1.83281836948026
1.86020332041122
1.90177138435195
1.89598800649424
1.72267252329759
2.09290113509804
1.84804143446087
2.1001372243824
1.88531718449246
1.74457713643126
1.81213886954512
1.79133201006617
1.93110654751099
1.9626770123789
1.86055728279282
1.97459482489293
1.8189095048275
1.84882918836542
1.75325979208394
2.10266735387373
2.24736438994532
2.18207519545154
1.77137992246806
1.91981340440915
1.91301788874987
2.02598881542501
1.84436583383835
1.85915186399328
1.84886522593375
1.85594245224776
1.85931624015794
1.87930981741404
1.68432677879981
1.75303162188459
1.98574971762938
2.17143544854459
1.79728189361242
2.18947805616113
1.96683731966191
2.00322407933395
1.96547066494403
2.02084562577596
1.94810622334292
1.82387689715201
1.80611136744484
2.05853381719073
1.96368298059201
1.90990794178746
1.94746920595113
2.26072662721783
2.03117248795941
1.67210639246614
1.84070251706746
1.98715038147596
1.89127075782948
1.87477156421713
1.84051144921294
1.87187325964009
1.90313045251759
1.8364565408576
1.77368869144418
1.8938522135368
1.92808157001815
1.87701276120029
1.73908430149298
1.74795408284489
1.77665925730955
1.87028894900643
1.93996737324576
2.00753509705085
1.96743222526911
2.05824009411212
1.84198512764277
1.8885205948988
1.86594408219757
1.87074202661102
2.09496676499594
1.93202757653676
1.92031600324721
1.91898109681407
1.88372569682965
1.88119741210133
1.95407686707494
1.85343209910255
2.03875554158253
1.92555197141018
1.94520345853039
1.73894415681854
2.0587080995678
1.92125532991419
1.70263995499193
1.6731339424161
1.6856112662022
1.70239211230567
1.70520521247402
1.67005879784826
1.68612790391801
1.69570376914969
1.81756128540116
2.11267634970032
1.90165832329856
1.87445431618343
1.97278035603768
1.7728087302557
1.79411844147083
1.91783588995024
1.98172673457038
1.8320020780448
1.7413233875558
1.77621885786861
1.81635965551238
2.12799366786587
1.63269256777063
1.81728408219086
1.80094124758775
1.8671246790167
2.15451560453461
2.01121571143547
1.84306104643214
2.02832531677096
2.27490759802878
1.59498012192326
1.79371941317775
2.09696988322139
1.95268279365215
2.00595128314324
1.9767923600887
1.88952247628423
1.85742292734865
1.97092373060953
1.78746471475187
2.0124699610264
2.05974237155996
1.81187255002621
1.95428381675172
1.92078385799002
1.670328306255
1.87381065796802
2.09056745623267
1.93193858149054
1.85030968421983
1.963806695882
1.9960879631895
1.73964392241581
1.72789536954991
1.7911593420707
1.96115654286426
1.88787578225284
1.94421450401268
2.23805353665372
1.98203511728776
1.8414951089658
1.96817988782095
2.0288518267874
1.89419793107297
1.9603524812707
1.95408096215535
1.89751309928755
1.91861950961218
2.26666898273681
1.87788379665253
1.7845721762488
1.84325168145746
1.75635115342148
2.00283033793189
1.77011665339387
1.89238844316927
1.81918170010538
1.91875795363497
1.96702744999849
1.89073073219403
1.99186228350143
1.93575580048385
1.83257216137088
1.87079008755684
1.87851860921739
1.93742615015799
1.96094140202167
2.05479109205828
2.07118484829342
1.95958043348865
2.07867821973596
2.06955191141645
1.96472907938775
1.97470092659463
1.79855945131808
1.89406941698561
1.98064107482106
1.962018310073
2.05746987365443
2.07564368111965
1.74002878157668
1.42208154208535
1.65046588472503
1.86691450254784
1.91945729293967
1.63841974892185
1.97485034491846
2.01212770818629
2.04505574351677
1.90044123340616
1.82286988087145
1.72914517279942
1.85177259680561
1.79100895350978
1.83805946502257
1.7854366866807
1.91859143608799
1.96736219684188
1.69767561054516
1.95983687180423
1.99066864729213
1.73696600006308
1.82137564287798
1.85756546522725
1.76897905397033
1.861147315986
1.96373965649642
1.90863748699871
1.91834363961891
1.92499817995699
1.92027264425476
1.92487181417489
1.92453756501256
1.9289342525663
1.93102875347489
1.93210616540856
1.93084171675318
1.95406973875475
1.95910354667503
1.87799321671348
1.91967985666516
1.98105075858628
1.64888543697771
1.9928161801026
2.0003397684004
2.13128509538734
1.82834429716298
1.74641643966214
1.99506414031503
1.95590195750085
1.76922054402335
1.84919841290978
1.89109207610546
2.05933512549229
1.9488714703928
1.68570598287637
1.9630344899409
1.82345291928046
1.92521986666449
2.05402551954632
2.0125330493484
2.23646120337737
1.85294568242316
1.92771909889255
2.01459001498707
1.87399861850257
1.94590554616141
2.04186154590938
1.93542943276284
1.79292656025234
2.0390441802084
1.90296075438921
1.71377326849685
1.85127110021198
1.87427634278212
1.69266897583678
1.770557463845
1.69054633566659
1.94882827711811
1.84315858424545
1.85979848473724
1.82587644343222
1.7832279254635
1.79818740445761
1.94141633955048
1.7074761143559
1.90055020488896
2.00861796822229
1.83339225724683
1.79927341310062
2.01128112762059
1.8802316517973
1.80742804062884
1.91514001484963
2.01964225814327
1.83423658052308
2.0136610143243
2.15382488466384
1.95351863461211
1.87527855643998
1.71932922438572
1.80934707757472
1.83191888037092
1.86393488456277
1.87041710882723
1.89438628785839
1.86393482650257
1.93825651330942
2.01201806657657
2.00929002850699
1.83301954505196
1.85018219182566
1.92217221092016
2.00567490492454
1.99063623042525
2.08375186269746
1.96124296012212
1.92124867116646
1.7705994176081
2.13751738590017
1.8166274167372
1.89815052517157
1.93567809555784
1.97318036570577
1.74740496035838
1.9029365840744
1.71571810843816
2.04021152834048
2.19380444536457
1.70131988740981
1.73192274446073
1.9332724958346
2.12279906598537
1.87107464095957
1.86387784911436
1.75954764079067
1.8606754369983
2.13785336173992
1.83866935436715
2.08601299275607
1.8893113345492
1.76029110886177
2.25162641334404
2.00555133170537
1.64924269285378
2.03876338975872
2.12147860136161
2.23442379934207
2.1649109688143
1.90368882506318
1.90896694004752
1.8632126359984
1.9533090117205
1.91203585387709
1.87277633535935
1.88666707248053
1.87470229744954
1.8985701439714
1.93280048920258
1.92429847331393
1.90819938862632
2.00650673947239
1.76094667191021
1.86156435378833
1.77561783355836
1.911248141349
2.00922315869321
1.83385044665364
1.83344866031947
1.89496995141796
1.92655610793499
1.79310201264861
1.86934867339004
1.88916735000831
1.79948111803958
1.8683615500494
1.95717603450926
1.92915218495445
1.93301049453676
1.92257922816439
1.9207236263202
1.87485719585698
1.86608191459808
1.88436880617208
1.88040186571818
1.97639014048698
1.88575984628749
2.00809199751403
2.03850093877916
2.44482909306054
2.08229102167374
1.84053048308296
1.86188051724852
1.78582464767722
1.85662101007389
1.94641003471836
1.90839044581568
1.90910419985153
1.93417788344367
1.89541942445141
1.85225844401276
1.78499950691941
1.83504307305493
1.74143968200579
1.79986363393165
1.94271477137877
2.18174246184871
1.96020203409645
2.00932719249983
1.68047717508918
1.88635405063356
2.0101450464592
1.80917305233951
1.99445085227997
1.9457467795882
1.83049771116293
2.48600274556177
2.01569902085742
1.88705711503358
2.11844553837511
1.95602762026673
2.00321974942514
1.90294033815721
2.04090037248338
1.85684950367803
2.10770490761552
1.88380793407552
1.87293326911896
2.07753644472375
1.94160205381797
2.27007157436326
1.99425818680015
1.8408574310099
1.94164814874867
1.89801620459123
1.94240566737868
2.03071594674945
1.70913479734566
1.81776454670301
1.86965161568842
1.83347077417258
1.86872520903809
1.96848803828672
1.91822788806242
1.90196023451356
1.9100282915391
1.89977920773746
1.92740269366218
1.95176822741487
1.86995985822888
2.28362105790172
1.94528061148048
2.2443226817502
2.02543024291369
2.35010656829489
1.98990814483855
1.89408429269481
1.90583967529528
1.90262955944802
1.92335490270508
1.86929324353013
1.89312872858477
1.98258190351952
1.9561590472133
1.91383924462744
1.79960097798123
1.9423521471907
1.90188729416134
1.95918294528159
1.83465624277213
1.76427326212307
1.91796532850369
1.96289870824425
1.54379014928257
1.98584004135188
1.834346853505
1.64862575668818
1.85790508986764
2.2328596728694
2.05302068179953
1.95280866814821
1.97989573441406
2.03491196871726
1.85646397413704
1.8020602116305
1.80196518260105
1.7033995932185
1.83504851165274
1.92311005063102
1.95712325341891
1.85172668313649
1.75611562094241
2.11206002868492
1.92444908464895
1.70636996917997
1.96853661334412
1.88401538690138
1.85311333631841
1.87172012586907
1.89585889956742
1.78222747727208
1.80411856856135
1.93832445303527
1.8269020543408
1.80127075577803
1.7616079179235
2.02500992849892
1.73449935540805
1.79773956702152
1.83566618647146
1.90625480521641
2.16407422462436
1.71678704101935
1.85775079398497
1.84149803537611
1.84858241522079
1.85115452430667
1.85172854557825
1.85039134699315
1.84960001778958
1.84685508804222
1.85086337411776
1.84977702611452
1.84979465689003
1.84728239035067
1.85156701122389
1.8555136919546
1.83484612385805
1.48509443123231
1.76534288038486
2.11851516559017
1.63026379872775
1.86728894160376
1.99376669651881
1.807320316448
1.99972227418999
1.87057478975658
1.83156464265856
1.87557588104087
2.14000063721153
1.97566330203004
2.12238911969242
1.68875934712758
2.14865249742485
1.9242809715134
1.97644573757601
2.08174241452894
2.11519607562625
2.07893677390781
2.00554704496631
2.08675489898778
2.029523990276
2.14138856801121
2.01712133696655
1.91855005447236
1.90215728727972
1.83181446751248
1.94252006887015
1.56106417803899
1.88322163571398
1.87336903723342
1.85928476286169
1.84325430299928
1.98012826243975
1.83688971807588
1.70157806315831
1.86229511094694
2.20777692132186
2.03376376443764
1.91123317755471
1.84047189311496
1.87598657506211
1.80875069730498
1.83586608890198
1.63601162477788
1.53606492474113
2.15055268997753
1.98292382485722
1.97599237464758
1.78581797875715
1.86124540166342
1.93495251460586
1.99165188648928
1.84681987279735
1.94273974618908
1.95811583745382
2.07874818845374
1.62423893049604
1.75596373356589
2.14688531501887
1.81777098406661
1.82187790898041
2.08753250349233
1.85534962369083
1.92075240160592
1.71896821245767
1.77315301235329
1.83622872516016
1.7160222748907
2.02734181974181
1.79890554070398
2.01665281858859
1.82320090134005
1.89117651540589
1.73795449927233
1.81021802922597
1.83469117680583
1.92995265883889
1.80274404280573
1.9535920530217
1.87669146357434
1.86846286396588
2.33529495604046
1.84563814379597
2.0980697306392
1.85776678292545
2.04585358273665
1.94659261527024
2.01219561839148
1.69995216202049
1.79462527628438
1.8060357354993
1.80627796070534
1.8502432255958
1.85657302180672
1.66815169232206
1.9414077689844
1.79512348805079
1.73380717450429
1.79957666148172
1.45874165320465
1.77253467502452
1.86477111269096
1.8222866605898
2.03507565828343
1.82160930475818
1.93766121530869
1.83169815568701
1.99259189983576
1.9342433614483
1.82628025498336
1.93852228638777
1.85030435691269
2.099203015271
2.02473629023064
1.95297219500898
1.99628051170475
1.92886931535579
2.13645663376962
1.96422937842378
2.03571421256301
2.14105433146674
1.92041493725296
1.67577937787152
1.87528816336739
1.97069291858653
1.82927941280416
1.92071045663523
1.80857659661516
1.77749596620253
1.81543842808256
1.82665532252435
1.98292468321202
1.80530590634436
1.92554712780182
1.93233596069329
1.85252199071826
1.77457806075332
1.99766629903089
1.71206180545605
2.06655975814393
1.63517330730272
2.08633122712925
1.84522201845645
2.07488934630685
2.00204351887969
1.80663957219225
2.00780616358692
1.88959608796672
1.8396041974073
1.88489864847276
1.66576553431143
1.89438070680629
2.22908632017528
1.65672387979242
1.82304107360359
1.78788882326593
2.32282831304824
1.80363074230221
1.65695713191676
1.96877081573404
1.98509675613335
2.06087626877316
2.04754860962706
1.86177767298316
2.08842345555952
1.75923873348608
1.91996436910594
1.85229311245464
1.82232499741333
1.84100561653631
1.86766638467274
1.82173066665437
1.88247358190482
1.80596837105602
1.81670608377092
1.82377544860434
1.96564944181561
1.98633064830446
2.06400601706229
1.97745039088161
1.87215639892481
1.76091681117607
1.89781917300105
1.70972047555725
1.79031661225419
1.84879088431175
1.67840786722854
2.08221904885202
1.59294527244409
2.01766259830983
2.07840040987298
2.0782761325731
2.07832299458474
2.07823169835991
2.07826250230544
2.07822776350677
2.07819886383159
2.07828877252868
2.07840470438684
2.07765061340631
2.07816265918766
2.07834573450164
2.07868617806986
2.07787824753995
2.07700235508815
2.08021188048619
2.10247143189439
2.06461724936251
2.06950836221671
2.00921466591136
1.78382585149654
2.06897919875308
1.97216892825985
2.09390210038415
2.02447004939803
1.96230289118113
1.71665682025001
1.89545525604881
1.89371284477045
2.09131493927563
1.81925585937208
1.80178733004663
2.12337086801374
2.20437288740033
1.80061863837022
1.88807560480865
1.9512383646372
1.910864388211
1.6425484666132
2.01288926809251
1.93550203955478
1.82129696784642
1.92385302999395
1.77955779944014
1.99898364781265
2.0525563017327
1.77230638661518
1.81065154789807
1.92206353813562
1.82898569963546
1.77514026889374
1.90011151732807
1.83867966297346
2.08515968464842
1.68554287585752
2.18545410341893
1.97766975026377
2.07425821450743
1.97161298203783
1.79361554023249
1.85027198760007
2.17526414795993
1.84965462437567
1.94669662806607
1.95355392595541
1.85139591700635
1.69513366259649
1.74877027624329
1.94948388989187
1.84627600584796
1.70631682935098
1.88129230549363
1.8002192921824
1.8855441894924
1.83275833936289
1.67026279343302
1.93883289123271
2.14741494314439
2.22582033001321
1.56081911810378
1.92079117017225
1.85456401539267
1.89647320030491
1.82153562439601
1.79059893318003
1.82696438310677
1.85092678912171
1.87744420214287
1.88437949506572
1.9882999979262
1.94647152749054
1.99312463868966
1.92342542317615
1.88257279259223
1.7299451962941
1.85270549385674
1.77086140875777
1.96744137925065
1.56927653719404
2.30638660343354
1.96320425489694
1.95961110698831
1.76222139756806
1.89422586835088
1.82003288765016
1.69090311820955
1.83991292162608
1.90513449395953
1.87380449261812
1.84614876116862
1.88351968821298
2.21865016776494
2.22927251651117
1.86013249020499
1.92035844054581
1.82930066022964
1.81826723247238
1.8205148413685
1.82224285174251
1.83423870176241
1.91299552223476
2.0054809460757
1.84518308840784
1.78354026337445
1.78059571844002
1.7734226342471
1.81708716673401
1.81269759406465
1.82526656358271
1.96356488007045
1.82002655037758
1.89920770125648
1.90361154193994
1.89942232805136
1.9038263237102
1.94790698282517
1.83790548456334
1.83983774450637
1.82482974610838
2.24397645228765
1.91618944197008
1.89353631380123
1.68613013841667
1.83376384630557
1.83330364890819
1.94397134959607
1.83064075132755
1.85995279273475
1.62515784348335
1.76762900097264
1.90557031754311
1.83793105443483
2.03360456998692
2.06303030042551
2.03181379227937
2.17438447921463
1.69126675859419
1.89748817807481
1.90000683125478
1.82129089230802
1.75972832487335
1.93660201362192
1.86085384219462
1.82158263771135
1.83516683527064
1.81745763099737
1.81669074189934
1.97343507098652
1.89877134119971
1.83079904914913
1.82331371287268
1.61489348575671
1.71759180299549
1.9058610548643
1.89388571206467
1.78212409121073
1.9077135148652
2.03100283907606
1.75340849158556
1.87792030629247
1.75240072915004
1.88750506268335
2.09986221160075
1.67335993981781
2.0283643940841
2.04517924834073
1.8437851593281
1.82510760490336
2.05689438457513
1.71875934002921
1.87345691343889
1.93680653996047
2.10637275525172
1.7096136279331
1.72007284378052
2.02124779319901
1.70488969105329
1.87276400507341
1.96656449052461
1.98911578481804
1.9315192311387
1.77824269289989
1.89198203371938
2.16891414651893
1.82034221282605
1.79994448474592
1.96363976784827
1.88342028171644
1.90842714697633
1.86707790412757
1.8445303389961
1.73919930117673
2.06803878764789
2.04751681436855
2.0067356579941
1.96331529609468
2.05795889133673
2.0549268855061
1.93465732112336
1.80114878350497
1.75533755178162
1.60844475727357
1.90596337110843
2.14177379212246
1.94011783929111
1.91469350438716
1.98560023330989
2.18743667653546
1.8824026876658
2.14608619148366
1.97850008689174
1.85871203437507
1.8292700375966
1.6025856686314
1.8647703544169
1.77350668674409
1.76342105338339
1.93490829107045
2.21788386979463
1.65400011710889
1.76649919013728
1.87607359417213
1.93349457731903
1.94278917078166
1.62644541409154
1.79531687082288
1.64635873990416
1.67520207267773
2.11797986664185
2.02822142228837
1.90203582273416
2.04450410868029
1.75630839444713
1.83371426051204
1.88634898014304
1.87368731805248
1.82057590323748
1.95528525707158
1.8718872902944
2.13626510312744
1.9201396479554
1.68301785612926
1.76449850149263
1.80547340474447
1.75907710348994
1.69750969894005
1.73251047974474
1.75361995530538
1.73186307609971
1.77052002423277
1.87857012298966
1.84809080573808
1.85997335734828
1.72489458193168
1.74093199642676
1.73118305223462
1.73360227556841
1.75048063049662
1.69838006442706
1.87289969057624
2.01346159994024
2.34095934839746
2.07848300957528
1.57748664718891
1.73994797942072
1.89532673821813
1.83329660096337
2.09145914512704
1.95614189265264
1.87603417901823
2.01089687578614
1.87908795027259
1.83130545420391
1.94069433592221
1.80131655903373
1.76132884936998
2.01317078658182
1.84140636375022
1.97028569368392
2.13382524323772
1.85714606671619
1.81543004935244
1.80756076120891
1.81449738553766
1.9253821966341
1.99408319406432
1.76085464964211
1.88630885643078
1.89425785829768
1.77110189360797
1.82238458233168
1.81456470998976
1.84719419323691
1.926738088643
1.94910284771886
1.77787653966456
1.82364294760657
1.85564984836383
1.92314310190995
1.73754188021014
1.72651695664214
1.75907507092864
1.77389363601279
1.77681266630529
1.77288952943078
1.76276687958842
1.76661562423021
1.76201380765063
1.83022930614369
1.92898912335491
1.80571083566889
1.91602858747275
1.92415679630616
1.95783231683613
2.15514222071413
1.98569833697156
1.90337254820313
1.95873066375928
1.96778472329973
1.71618160619188
1.77817700619458
1.86595173024692
2.14590499667728
1.77304378238498
1.81174569672466
1.95629710072297
2.26162378353914
2.36252795496661
1.99614137839057
2.00030440773699
2.08349642325524
1.78718997645502
1.83253635729481
2.06014256981517
1.65294818640774
2.02120242594913
1.81345315241257
1.75421307624042
2.04260014379356
1.87525335813388
1.92879123294952
1.36416790378985
1.86405491965765
1.88634413516632
1.96867607459267
1.85848145712928
1.55377203031656
1.90130188144013
1.88134545121296
1.665083240638
1.78521119702051
1.78405627459834
1.87002458049123
1.92650068314141
1.91594800707593
1.90639384533369
1.84703049988877
1.73527763549152
1.83560799843477
1.90152450820819
2.09232508616775
1.82810177145875
2.0004907428691
2.18610928394085
1.68665841390915
1.90979054906248
1.86599833230667
1.75804638934893
2.12653860245911
1.99347570092224
1.87497640309513
1.80892137842729
1.81656098495432
1.91377033283042
1.96860947295008
1.97330054181305
1.97389994397479
1.97912925256416
1.98149455882222
1.96040384789253
2.02638457000912
1.84757009904857
1.75285467896822
2.05681616932418
1.98316125400439
1.78215630179539
2.08565604463682
2.1932945219287
1.81659686016106
1.71902265144401
2.08476312275592
1.83989172714946
2.03421734922792
1.94956782904728
2.02238597761335
1.88532140565096
1.83795683996398
1.88597619206806
1.65995199025562
1.9029369324476
1.8993398594651
1.89758025561113
2.02456396184306
1.77140803436104
1.72568306255078
1.83558758522961
1.88101863037287
1.99109992411155
1.91062506584069
2.19542488624498
1.99463997849639
1.73753471133514
1.89387506690781
1.82254227608066
1.76326514928169
2.06563854837682
1.99672191764275
2.26813957676162
2.05473992329959
1.5366963828867
1.69068985679475
1.84337510659152
1.83844723756789
1.93463706623197
2.1504769763866
1.79847846243893
1.94483871546244
2.01381691745179
1.94853744179657
1.80199152075121
1.81637921215621
1.78965767736866
1.79967099908153
1.64775389221406
1.75974475397399
1.86006662696251
1.79743012166984
1.63081132277151
1.97450059016706
2.06989089041193
1.75666015463685
2.04584877712423
1.86807125224172
1.82271990496392
1.86437938282735
1.92588069782324
1.93065457196179
1.94203426656225
1.94111571654394
1.9414548814287
1.93901046112845
1.93235955924372
1.93745993923421
1.91850886106831
1.93074200908172
1.8359553736799
1.9949143653824
1.92820553331235
1.90267644849118
1.94318649489447
1.97781620775238
1.99850748232597
1.98717326796748
1.98658607047884
2.02772738207908
1.93618473812872
1.75271723973146
2.0872932296579
1.80451077478049
1.89324274988158
1.79389003868806
1.75989825608732
1.90640622737611
1.80195535216511
2.11351582394089
1.89802554614774
1.84936106351745
1.97471834974771
1.95402007748783
1.86078968069011
1.88903977589026
1.99279049893988
1.85240715196126
1.98275697130688
1.8495201736881
1.89852706950715
2.02353311991272
1.83496164039411
2.04602731218265
1.90265680076932
1.80512529177278
1.54572409818193
1.8339237424544
1.71514242520031
1.83347980364448
1.87600786121125
1.75831324722389
1.7234008971565
1.94899049132362
1.89543565111715
1.75177197728959
1.86833756553342
1.72404637176585
1.68036309698141
1.87196365785244
1.95721171054315
1.97445654917899
2.12720705391771
1.88024129366021
2.17497012528144
1.89949025268338
1.86377321723909
1.8582698068843
1.9736842532193
2.01478894413437
1.7544735013816
1.95129878702511
2.16870267591161
1.86601638051406
1.85160777118049
1.87719733542458
1.91748592989641
1.86455021035775
1.85857510179541
1.86179878781432
1.83375595844175
1.87241506950347
1.88038531410845
1.87298803241216
1.86114740535663
1.8527111279375
1.85348899581082
1.85259210413291
1.85984847853893
1.87654659742862
1.90202190252696
1.84688744398995
1.81974434017248
2.04059846172443
1.88292525045573
1.89097765164966
1.79948952060181
2.29016038202045
1.87918202305986
1.82389917634878
1.82057286256163
1.82595405998358
1.82216819460668
1.83086583969202
1.83362961941998
1.84323678374552
1.8265885171323
1.8652608712883
1.90037114829825
1.86193800360866
1.92146614930372
1.98718920213023
1.85453489802928
1.75373459568771
1.85209077894567
1.91595611163063
1.95434858028771
1.86029447204969
1.8577177964452
1.78764049648274
1.74353956282795
1.74531302508258
1.79895791955616
2.05589904268515
1.99399497584595
2.09155696191562
2.12029788693286
2.0271284466003
2.02715099903016
2.02712021165981
2.02713374522754
2.02707699791515
2.02765515412331
2.02689255887417
2.02863047521513
2.02777498128833
2.02699824068136
2.02083535134048
2.01734859994624
2.01734575430893
2.0173381990541
2.01617819439319
2.00880509734651
2.01154284524301
2.00425373253885
2.02244845484011
2.05053378902013
2.03204858129067
2.04034908579632
1.9861278028442
2.04565484799366
1.99660704921838
2.01306623199933
2.19371228938554
1.91523292251561
1.78237495138121
1.81927377198698
1.89562394117818
1.77903886609229
1.86368706670353
1.91664399675604
1.94522228764007
1.78058013686045
1.99755349600901
1.97499976745166
1.83684710702368
1.86731075098785
1.66311340478815
1.97046604428062
1.9082253261521
1.97203644407099
2.07283867171644
2.04421892890191
2.03824695504126
2.01351313107576
1.95203468275869
1.92998574690135
2.04635302564222
1.9255508489123
2.27767393291852
1.72115789992296
1.98775428603629
1.77958272956846
1.74671976707699
1.86383769088323
1.68608617965662
1.93204846897132
1.95542214827133
1.87026981431697
2.09841814181281
1.76028794785923
2.08344953376806
2.08745791908509
1.85680620294019
1.96389858271629
1.85599251632149
1.77302862924547
2.10754412138064
1.79667963512006
1.91242496039098
1.94622687667787
1.91983826443877
1.95727503710452
1.99515636226836
1.77436357009761
1.94980820023826
1.99761291595072
1.99764858310166
1.79336207769725
2.15392830579516
1.74857628634074
1.90735694655705
2.14549666284092
1.84323383462849
2.21410280307904
1.89850655517394
1.64868096340843
1.83855219656954
1.98690515108977
1.93515294735727
1.93556909791495
2.09561286395537
2.19002060529553
1.95228565504087
1.77837220816511
1.84617334625908
1.77456536127872
1.90658087010291
1.96227376923747
1.8929645888464
1.8741441420467
1.82228610664471
1.77947007524284
1.88841964378815
1.86279982203706
1.85595828574331
1.76990781879005
1.79680333099621
2.01435746342511
2.02280788114253
2.10721309333174
1.96993156940694
2.07569479455031
2.06401817716769
1.50209653721061
1.8505683310587
1.65824510955967
1.85093278771154
1.91983354328841
1.88705962214663
1.68087474492256
1.53405262750789
1.80685432266413
1.84779072306376
1.83851041117143
1.94407836869657
1.97085869657154
1.95292719908614
1.94674718597763
1.94922748571696
1.93015039617731
1.93536390556497
1.91516738522246
1.91483465288036
1.94436252843588
1.97200685956704
1.84947281260443
1.87379374657055
1.87889926128497
1.83512361791745
1.84588598063266
1.84643625684089
1.84712607089691
1.85142769853165
1.84804921792944
1.85401922626517
1.82814200337231
1.83174961789845
1.83057319829907
1.8068957771806
1.81615038754021
1.81467879441025
1.81770543890651
1.82044055552333
1.81715621761147
1.81775250144924
1.83610832004442
1.79686426891503
1.71732596436114
1.76168857667985
1.78108298980427
1.74957553395309
1.80060298766206
1.78403647790999
1.97586588405247
1.72045562996507
1.84679436096582
1.99607392212294
1.87627472423879
1.81024265403362
1.92013834662741
1.87119638199288
1.6693684782135
2.17235804779465
1.92391098396346
1.84613141598499
2.00989640387051
1.87365226477778
1.85774742133845
1.8912428227014
1.84527466495099
1.83824553231758
1.87863237186057
1.89102594443399
1.86839468394868
1.85481398073667
1.81667504400865
1.86450828023924
1.5772432772573
1.91632973939706
1.79826346886216
1.81549430648906
1.94709051681564
1.95248113307098
1.94773998083237
1.85033024463486
1.83011714863493
1.66674645416372
1.56042724214956
1.8156358465875
1.72687296416645
2.01423418819959
1.90840649897925
1.82744975596993
2.02232686630118
1.92609392207873
1.67489908922446
1.74172405309519
1.90558833153371
2.00538809776272
1.78792553946728
1.92379778808994
1.84669859009682
1.59756598551834
1.81584791403787
1.91601971951572
1.94828673930405
1.74953387540416
1.90367123003749
1.89167495294501
1.8691902016494
1.86869054972617
1.86718036955295
1.87194524402433
1.87350558378792
1.87278341946575
1.85049251158937
2.04343459428188
1.81755237218552
1.67343746127561
1.87546455726992
1.78854105330748
1.97591004240018
1.98256156042652
1.9485127271255
1.94855355832209
1.79762762543103
1.83316450473474
1.74684474347881
1.83666258503285
1.77467584751226
1.8489540416212
1.84744065657311
2.04334377323514
1.99420325661506
1.85839446014453
1.85266522512512
1.73999699940368
1.93845927180335
1.71395692800409
1.96804789171315
1.89615873833381
1.84199894193005
2.23831959143434
1.89148370312456
1.82011117546463
1.88595829614437
1.80583422039254
1.79516356483108
1.89756307970184
1.83110440389561
1.87709941658655
1.85418416888273
1.76551583359387
1.97749453562426
2.05265046164444
2.1408865124848
1.9003787776728
1.76076913545044
2.10902329008491
1.84834763545876
1.86301454151008
1.91775227506945
2.18826798557794
1.61816675041139
1.93543958252505
1.4376026418408
1.97328637122406
1.84384551113126
2.20783743844548
1.8320027416316
1.84858547478546
1.84548758017264
2.02075595034528
2.0314626796403
1.75181104810494
1.80427487548584
1.7998825510087
1.83606605378491
1.87057133787359
1.89150198942348
1.94080499837772
1.78131994178214
1.76587032473429
1.78412790339395
1.72207258730678
1.65293216565834
1.76956006949373
1.94885002196977
1.80630749698649
1.95191978793333
1.77641172932667
1.7642996328832
1.96505587969345
2.00378877297478
1.92011610586643
1.95012327874296
1.88692038786577
1.83887939639449
1.91196522986238
1.88703828672878
1.8380649073386
1.915970344836
1.71088291418973
1.95011814241355
1.67365274623642
1.92998393667356
2.20812443342556
1.94493574470754
1.85228232589778
1.79486711831046
1.76194026464068
1.96947623101114
2.01225198194972
2.04761326378664
1.84051633511414
1.96979885863778
1.9538749147713
1.94714786395488
1.94193771545763
2.05658290199052
2.0869628162257
1.91838219706175
1.94666949855942
1.98129305850569
1.88543106846035
1.84730532420051
1.74092636831253
2.02033004986392
1.83016166360285
1.92454477915284
1.82971881275382
1.78947007739591
1.76967465242118
2.01576405570238
1.86888316623019
2.01509741995102
1.89016657634238
1.91564207586603
2.03121828238038
1.84849546107022
1.97908575340339
1.73658455076364
1.84724139238063
1.95646815392994
1.86589342854546
1.88133527217208
1.86301389134686
1.93725273421221
1.83303428911917
1.82812196546494
2.07775925364323
1.68855177497116
1.77232112772583
1.64182290700669
1.83769668067251
1.90115209934515
1.89730370712172
1.80555899402837
1.79480494403531
1.88194673195198
1.85476151292164
1.83802477630619
1.85384130925588
1.80193505359465
1.79200843420389
1.81620572906748
1.82192812732843
1.8239953522719
1.78235557110219
2.00399016097593
1.94575144487612
2.07484606475945
1.67857293804138
2.09768722447791
1.99925961600936
1.94576363191888
1.84951490560519
2.0454095333191
1.8620624664713
2.45013225772613
2.10284048205339
1.89332799339503
1.72788119648406
1.91784673912556
1.87256420375402
2.04668973177718
1.86401568072837
1.85195980568838
1.99147147649411
1.84436169104015
2.03474384841524
1.82890742256684
1.93228324155404
1.92579502279389
1.80299065054829
1.70213528743402
2.08276038518743
1.85855583415809
1.91681523872002
1.89982850156992
1.92565838366362
1.65346148470635
1.95772276175846
1.9390429161131
1.97647151578529
1.97598115894941
1.90976845372863
1.47230155086645
1.88330666018903
1.79693532094268
1.97943510047207
2.02895744212273
2.04144630514407
1.84206807519076
1.66390073583672
2.1354610511994
1.74252312548634
1.86443266524451
1.82270555202422
1.91855992213427
1.91407805591662
1.85598726156521
1.8177221572952
1.82697706313741
2.02705717318205
1.98097712529512
1.42430852803769
1.71018311767716
1.67183329328314
1.87066569340065
2.15639519463104
2.14252184796959
1.90951795929165
1.79271626518357
2.10493813499554
1.99162492487053
1.95344868756328
1.89702505722707
1.83929203125635
1.77567778872368
1.86453282249916
2.17612374953107
2.00253225846878
1.92806626070606
1.80013109503578
2.00386402909828
1.77169890040022
1.89275915618413
1.89651764360357
1.75910441907833
1.85320604425414
1.9375376040515
1.60515955977018
2.01333651720073
1.88788862710224
2.00578770046106
1.83124002994416
2.00660702792281
1.88778936584142
1.8841062789017
2.13991853271702
2.1524600596075
1.86602267521251
1.99420140701471
1.96672208610802
1.8162417527972
2.01012040259562
1.99727287182515
1.86223201204261
1.8141709217927
1.87262401487211
1.86422257444876
2.17360033907139
2.01393598377347
2.19192181472895
2.0697188736747
2.18717476556357
1.85768751315328
1.88230737857241
1.85053003621845
1.9206822498128
1.99039059866837
1.98868887774408
1.86523381535093
1.66248126119329
1.81026382027183
2.16833262763525
1.90111341767972
1.7585513369034
2.09510014861167
1.81355498951555
1.87260866966964
1.82650560005872
1.77154370781216
1.83319841108739
1.85217126135769
1.80834922533045
1.75900043718827
1.83150314237111
1.82827689186891
1.95667270821627
1.82731930234657
2.15774108083654
1.89443529624506
1.94802897571357
1.89604859718277
1.97541167613552
1.92712362996137
1.72707700109548
1.88786744857318
1.85159410691992
1.86591911333771
1.92394065442742
1.78580752414295
2.00038723413869
2.03677093502432
1.89922035875298
1.87584978804979
2.0411412461076
1.50214687234259
1.8441463901101
1.85048321501283
1.96125617045617
1.90723680957548
1.95565674236
2.34415171285365
1.9505910268543
1.88862205274278
1.92943096618501
1.99907190692418
2.00929801502773
2.05198641989992
2.0406147474006
1.98254303704699
1.94153879575003
1.87960448153717
1.80342529874586
1.84844437818426
1.91956747053775
1.63535513567683
1.8533538765338
2.04709330713644
1.95603941564879
1.88687413117024
1.82709471011084
1.85469100032777
1.89260354741978
1.80560074527583
1.98889370409785
1.89945228155976
1.72614639187289
2.00074134992626
2.02204890358398
1.78936352009261
1.99724439088695
2.04791791856265
1.94028956019823
1.94363249905738
1.87745577706681
1.94090608509094
1.93484165645376
2.05277058238095
1.92937452847634
1.72695457828579
1.84140039436993
1.96683447041518
1.8388034237147
1.912949416363
2.03497411585651
1.88176883139754
2.02801414241525
1.83739218830993
1.95497319293696
2.09414502541066
1.81142115096915
1.87923898371142
1.87079497656151
1.88633509485243
1.80657277308958
1.73254744689423
1.86315759627966
1.91193213941429
1.92651155155229
2.03382291064409
1.87938123107877
1.85269413254484
1.90699167643955
1.91555610605579
1.99346526521796
1.82657352935726
1.65698357335266
1.98749853436377
1.7372873567685
1.59950073945551
1.8476425425463
1.8700484128831
1.85844696607133
1.88269228545571
2.07090431218611
1.97246292364687
1.96171310236676
1.97189944170034
1.99413228294321
1.89960815416436
1.96415165233418
1.89338842088816
1.93590330368261
1.9458453314552
1.84139583012534
1.8384324264674
1.80347311304408
1.85853928300674
2.03335340360336
1.76965015446621
1.92743262958363
2.0003777440819
1.94059376305705
2.01628957856571
1.99316382530692
1.9724141871496
1.8786320908339
1.86564525067
1.97162575915884
1.90936419082649
1.61215100451301
1.95976949301217
1.65622769870652
2.01349089351283
1.71742070960822
1.73873082282898
1.87525181763786
1.9644057949694
1.96129278867916
1.93465332453658
1.97643027986052
1.83717720037513
1.77707642037168
1.85219627819253
1.99857127503402
2.0052333646808
1.91739693457695
1.95942409051478
1.89840849850901
1.87713565321831
1.87839825564247
1.8674956980601
1.86174977459527
1.86520426923934
1.86853043706087
1.86800041100983
1.86850544092993
1.86868571206079
1.86897833620407
1.86905251364354
1.9147224949951
1.94605638143015
1.79508922388805
1.99746249244186
2.1440467102935
2.01415573057608
1.97384138152637
1.94781515827432
1.93850066609745
2.09074601457296
2.0602459126975
1.95251674591234
2.04615735922478
2.01663879633084
2.02507863851719
1.82740916875592
1.7428823225101
1.9350447681262
2.05502153964901
1.87125035780098
1.80466538604353
1.74076724615218
1.84997359309772
1.85155310645173
1.67477905080239
1.73384066453159
1.92796954426834
1.79068610629309
1.92323334048993
1.74397410928729
2.01775838220503
1.80556754686861
1.82028549578406
1.84551150540457
1.8274689664893
1.828366437778
1.93248863588901
1.79837812469838
1.85587076963926
1.92002184550525
1.83139614244288
1.91522408919462
1.90847352080286
1.87109101187738
1.91127105556974
1.83205021960157
1.93468835200257
1.98507280892248
2.23889133219382
1.87836736977591
1.79248793223698
1.9105928067596
1.85594332243987
1.91684940860861
1.85655168697172
1.87748614020291
1.6237686293964
1.92079883936065
1.90990751861876
2.00193869421104
1.99936980083847
1.80425171579261
1.9184966739475
1.99403820371048
1.89488173512927
1.77196101757872
1.70487163678287
1.9775442045962
1.91671761042462
1.73158808121842
1.98247070483872
1.95170555647741
1.86965860200671
2.06268715789718
1.81348884764881
2.09928373921485
1.86452812386498
2.0174133344412
2.00536020955278
1.77327737993971
1.98213405204632
1.9556225449948
1.86872034064888
1.95204727462528
1.98452983871404
1.82709735104654
1.96120271539854
2.00988960811515
1.66046273777397
1.93151530678098
1.75109633690268
1.76603120948663
1.75093896209592
1.98437978286526
1.74996810828286
1.92385551506142
1.78266640986889
1.99609022218817
1.94010035268048
1.93443099319882
1.91747418830829
1.79600806889485
1.80147906461275
1.798671387957
1.86027141350544
1.89510149064313
1.87401189874281
2.01571565108892
1.88573704108693
1.87281570873924
2.08086291092413
1.90974289981917
1.80098270022152
1.95065088848657
1.86248540799405
1.76423793508936
2.05172315622239
1.92442653138897
2.18634732735564
1.89696173565919
1.99030275345561
1.88183585117364
1.779387623575
1.8943821689553
2.03398333213736
2.05224725030516
1.8632575522271
1.85561108302931
2.01644579814069
1.72007329355679
1.9394628090679
1.75553349469829
1.80913437816789
2.02007325990866
1.96715148261244
1.92769598006492
1.98215611290169
1.98449446071774
1.98284986169098
2.00517830392084
2.02853187950232
2.05722804685384
2.00380301317752
1.96720860379333
1.70876409942091
1.93345686782306
1.86531316505916
1.84755383103165
1.70925642678665
1.55479573305748
1.85835024954543
1.85866349414314
1.89152761870664
1.86799637863688
1.88631480599986
1.71819612184285
1.87105252078051
1.84886142291617
2.04855834308234
1.7200260591897
1.8986594279541
1.91122743162019
1.92989323814921
2.02422519779093
2.26003936069497
2.03319497864594
1.89913356869675
1.96176526957151
1.98012649817854
2.08589041703265
1.8334700367566
1.97625971221744
1.96092805689844
2.07514932265694
1.89054847101413
2.11637334453854
1.81055836472786
2.01439283787868
2.07218985608531
1.93586216708855
2.05006452451983
1.73542010984412
1.99055991716091
1.9711470025267
2.22526495004748
1.95120880166435
2.28734395936513
2.01008789338797
1.78852682253519
2.02069746137392
1.78154259605238
1.96123068617722
2.04487049697577
2.15471614708243
2.15604796000716
2.14350384680731
1.9714861247346
2.12050852561175
1.81812659189484
1.6130881580644
1.83346566305369
2.1124024118894
1.82744032791164
1.83435819415147
1.79347969147195
1.86622947656812
1.7338584614028
1.88261251799672
1.83499971531119
1.82486427826333
1.88034897832388
1.75061637680375
1.8980316718193
1.9659227533674
2.15132840073369
1.90074847886034
1.81053812167015
1.81015790948979
1.87491920465193
2.08513440306305
1.88683369278567
1.92969915885205
1.99864301811503
2.18485124598673
2.02200117780294
2.02347579735984
2.23692504310814
1.45433487832371
