1.4232340847142
2.00907437264228
1.83740112260212
1.79449213419456
1.75498039950184
1.86072499316262
2.0576283161789
1.96096204259515
1.88856126233264
1.52517742210479
1.74453884017561
1.69775929283552
1.74211280892379
1.6433894189902
1.87273347557435
1.96791324505743
1.67739240596642
1.68974278288125
1.76783136008283
1.70386229847603
1.59603179216545
1.57922103663167
1.57380824279449
1.54177746419229
1.8006536773171
2.1742725987634
1.90522885943553
1.92038124024966
1.85509306236463
1.86495810013344
1.62888671627014
1.6658303944969
1.84506789961642
1.42350645294954
1.76965913383181
1.70196876078713
1.46082262180599
2.03379838109601
1.65362238881346
1.61996115173502
1.47396001785117
1.49033061382599
1.76147926887371
1.58962908155735
1.66869668014413
1.93301231813865
1.57919861496314
1.7177838665151
1.51457611513243
1.61351344257158
1.95915945965177
1.53701837219961
1.74373228380831
1.52476205269965
1.86667850327018
1.75004682819459
1.79542627401551
1.7637959168037
1.78445115833167
1.98214293166311
2.01216478394477
1.79208722267737
1.86220491023449
1.96752236049678
2.04338619275344
1.85725344821814
1.76114114626278
1.80116272668553
1.76917413586755
2.03704667018039
1.73915071909019
1.7901732636138
1.93271555585798
1.76556749916557
1.94664823208652
1.69222789992875
1.77150172963575
1.78906338967445
1.66630769829978
1.66348564977429
1.95248372502976
1.50802598065062
1.68999548376273
1.7816968428464
1.86280583392526
1.91750357200117
1.68255106743318
1.92460361370187
2.02259074928136
1.86972344392251
1.75918575901763
1.80353807275075
2.01022145333532
2.03671866712347
1.99941688815563
1.96603539712739
2.00874587381568
2.07492782567371
2.07938690189935
1.93586939712608
1.24156427385495
1.85559804955845
1.88817822809891
2.04001927022421
2.04723238197666
1.6163350503526
1.6505042648904
1.84601041610314
1.72971655690379
1.76033938444976
1.89855545963907
2.35852103679422
1.97079671511879
1.91440571419964
1.97725384492143
1.78374445032064
1.9454767407941
1.90178307444944
2.01094673750477
1.9160612252025
1.92908743577771
1.92483089201547
1.93189864254999
1.967564497308
1.58975838214786
1.92535805543535
2.02807872574801
1.59891726401703
1.80455587598668
1.83691658582715
1.89104638661008
1.72516924983016
1.55969196415501
1.82730212126734
1.86960909112867
1.80650719423326
1.89348280832958
1.81530063823124
1.85875591461863
1.90030751328208
1.89083663486262
1.9262318066848
1.91262107501514
1.80924956528915
1.75066638346243
1.5249049928432
1.80774376023092
1.80522314977667
2.02339795882224
1.7460538086205
1.86948162206041
1.89202553407715
1.40701166519983
2.14894597640785
1.57349093195554
1.66603205931033
1.82212813075986
1.91126095618145
1.83058992032445
1.84474537757578
1.84237965828896
1.85850182165062
1.86611502281908
1.87189978263444
1.76168946479239
1.65712350302745
1.75794104972319
1.82546178675652
1.84933787392115
1.83697086346778
1.66266049438368
1.76436340330638
1.44038485742544
1.81609143948093
1.89968960009302
1.61979416393005
1.80121978730121
1.83746373026349
2.03027986840219
1.94091243041982
1.81251508148543
1.80015439831162
1.7767363867796
1.70387141559852
1.78657984530277
1.55925866450392
1.47416732892883
1.80413586200567
1.85276873617837
1.78116173362756
1.80934755667996
1.86050404876572
1.79422488564316
1.81029357181847
1.88547614505653
1.905686098838
1.88747266370055
1.86745648990968
1.78368372414308
1.76625343150064
1.87278173252228
1.69604911334274
1.53261019301092
1.43997556408022
2.05133900261668
1.83057460528851
1.84779144330998
1.84873142878186
1.8806895481662
2.04126947227482
1.91752929380984
1.91632975109121
1.92654191465989
1.88857507559413
1.86474318365929
1.80895048281837
1.91657849064522
1.70643220566338
1.88000984773823
1.95062262263368
1.44129528130383
1.62507622381712
1.72937029580738
1.79202093529517
1.72841250936263
1.69514518201788
1.69726954048892
1.69702528390308
1.66050767476569
1.71030856956907
1.74391314076363
1.79193120686029
2.29044791301929
1.71988183342934
1.65178501315494
1.74462825080523
1.42248541674668
1.58503729542721
2.04648047447572
1.71473582624681
1.62968814706303
1.93049077042265
1.66541775390514
1.72784978866311
1.80759767421081
1.90336154694602
1.80140827279749
1.68348883703483
1.62104773212063
1.83497213892612
1.73123532689887
1.73666817239369
1.78309005029563
1.81350496318627
1.91102685840331
1.82234759053215
1.68281663008182
1.37403973880284
2.07269291568374
2.09086808980895
1.89882645125051
1.83681313914499
1.76519769576492
1.59536442409847
2.1957214134003
1.79260885930119
1.6823158276488
1.93999177624105
1.97223293985683
1.58922779870837
1.75274225251447
1.84795650881291
1.81463600403801
1.66324611313827
1.65366808296659
1.64891725421955
1.85044966962575
1.85992003435471
1.39523362202371
1.73897340367304
1.60758861585345
1.73951558152668
2.10038918134582
1.47565852989098
1.73044236723499
1.5720649043623
1.88364815776986
1.6966668539894
1.67504575392903
1.91638351357782
1.85628665594612
1.55820232937352
1.64303721054237
1.94110939981807
1.79295483256647
1.83606435031147
1.84283570667777
1.88766330713131
1.70844152939567
1.62859077160535
1.42457506604997
1.5980636931722
1.71275744964675
2.08718118818388
1.87577512563699
1.99048760714136
1.92305870808629
2.01228296127322
1.95719138302466
1.92813680487045
2.05697343956505
1.83303592657704
1.85231984804907
2.02378435239722
2.06844907053472
1.95234833676806
1.82592619583679
1.8767995608356
1.45966687641647
1.57493793817138
1.62678884256381
1.41604395331864
1.41512655454472
1.95233066067974
1.61488995562505
1.56780453595574
1.60280399929474
1.52853502696269
1.61018144911699
1.75878075687484
1.93040120679488
1.65750927381271
1.61486302903202
1.70636316328632
1.6572091879901
1.80290965815092
1.80990815699646
1.8577247695899
2.04636762553724
1.5588534645969
1.78384461558994
2.08674397883374
1.80576536007138
1.78060090174667
1.63968520164673
1.78394258707733
1.81072945500388
1.85356756220357
1.81334613288377
1.90187961318058
1.91177512244392
1.91277670126477
1.91603902355154
1.92120622725669
1.92018807346694
1.91659798986975
1.92672247009314
1.92769078252564
1.93200418557477
1.93258127064114
1.93122299229842
1.94259146080933
1.87628857591552
2.02039881773658
1.96640448164326
1.93167437730748
1.35617813885929
1.59893301184245
1.65968738773629
1.36366179814559
1.53937100024408
1.70078806459995
1.74150154057105
1.68965602870027
1.66564703430832
1.89853673387608
1.59259978330744
1.77783251136747
1.91586643093638
1.81773644357055
1.81012956424774
1.84956931506161
1.64456203623179
1.5484882842228
1.85211725748669
1.93113152301639
1.87895178574649
1.81508459456953
1.91277153745413
1.91413536913787
1.28358731329291
1.46176980242581
1.59014413661473
1.56511500764547
1.69382487591577
1.81982182793242
1.71775971473658
1.6014159610218
1.74541874408463
1.91031325090569
1.85785730638239
1.85896361299238
1.83065211379094
1.76814265771933
1.77423385605488
1.85645962620273
1.79101673622629
1.74589903099989
1.51431298580364
1.43542241434963
1.79619714940559
1.61225507399398
1.57885407310016
1.82581455698647
1.70364917149307
1.90120968554144
1.81074985835175
1.9281737869341
1.72423796770426
1.87428368376486
1.4907944168678
1.86682370021316
1.53296458874104
1.89164646554306
1.71096921453692
1.86377626626232
1.94420685514375
1.8776357128337
1.86369607684696
1.88562779581881
1.89234974123039
1.86088923181731
1.77524820043188
1.67805910290298
1.36820046050631
1.93271261345762
1.89248003770472
1.91982903823588
1.65337130029575
1.76809654469362
1.68003909964374
1.87792458100292
1.78702926602731
1.45888241962624
1.55389981243969
1.81463886374559
1.91702531501539
1.87078408057939
1.76947847470968
1.77046304504858
1.65332018592181
1.98722610862092
2.06257831265695
1.74270365731165
1.85100302614292
1.84947426133881
2.10088733283431
2.148113304065
1.83521321372638
1.75051520160624
1.59461529929387
1.40468781348551
1.8468917117357
1.83521643349283
1.61442363026822
1.20873594081012
1.88516467670625
1.81610912587183
1.86172802737361
1.73463220351466
1.55808383157126
1.84427392775686
1.81691514494401
1.89035428280281
1.91845573986799
1.86633579737257
1.94917975114875
1.98945268321465
1.89267040507173
1.89728353567214
1.87704235764996
1.91757610922495
1.93954719033659
1.93112628654926
1.93518872836529
1.85255940058719
1.8783791829099
1.56926633337447
1.69552585121764
1.76017612511396
1.69103460129707
1.76618296584476
1.88290489799283
1.83743625447049
1.89320481994071
1.8780193268647
1.87356287890004
1.84617430393152
1.85894767298797
1.83562970647636
1.96227730962954
1.93707766571713
1.91397956104099
1.88486350483961
1.92717630352875
1.90126894982674
1.91011063799324
1.89192530288655
1.86362054744925
1.98487235575281
2.09878735651806
1.80522978006622
1.6577534707657
2.07933506993708
1.86818526294085
1.56000538384771
1.78965463277196
1.73399111442119
1.84147942324219
1.91210397242614
1.86892513972786
1.91899799317856
1.94152319641859
1.86604743254478
1.72279917358963
1.59109138838025
1.85748317566686
1.72159588941686
2.07768345453056
1.82206934623328
1.79161647998388
1.79251955947409
1.88355061668583
1.7023324967311
1.58102973467013
1.662497927522
1.56315114766815
1.67068281745467
1.74256008840496
1.64774413490165
1.96541725567865
1.89444915908338
1.94970227053136
2.05121222328776
1.50681941603914
1.78178844462568
1.6020661859452
1.56942829507887
1.88478180143263
1.79223035761059
1.49050551835211
1.83497993603083
1.73248797662616
1.55994499765727
1.22341599778933
1.88562917389523
1.81794355607675
1.56421042668801
1.71915801685087
1.77168548742401
1.77446411824311
1.72211573154248
1.8636625943362
1.87661769731406
1.82899681117922
1.69291964005775
1.92310415722849
1.91256320065852
1.881767566751
1.91725145541043
1.89312836166661
1.92149336139823
1.8692603129915
1.89821794009995
2.24409021207757
1.557605020906
1.66670829036573
1.57094843782373
1.90894021639657
2.06246742858168
1.92505103599885
1.90148489014246
1.88618544339752
1.91465528211076
1.8740719799691
1.88366117274972
2.02393448651256
1.99265873847984
1.94241178184118
1.8912272591105
1.57281530993136
2.42333028492209
1.81459390694462
1.74576298836075
1.84015954591632
1.82316219927951
1.3931514553791
2.18887738838859
1.78872787275968
1.78670581987139
1.76511299478855
1.89165098048704
1.52683307077875
1.87985660558327
1.9563893423867
1.99783096065761
1.73945020990799
1.80789003974528
1.81371610334779
1.8082745243658
1.71528035015654
1.83415784233412
1.82749845428317
1.63552904835456
1.47817289270703
1.47816420946354
1.9169214322454
1.84494800289105
1.76608128106274
1.6010696080525
1.92118365657709
1.78992687270879
1.85927848302318
1.95340597481385
1.77857457733298
1.75649932812143
1.75301591991079
1.76210275160372
1.80077667321108
1.66427898651273
1.35385542275655
1.84667927429483
1.91009922688641
1.51444469107211
1.81114501772875
1.63537954494345
1.61095937620207
1.93999862911418
1.77692619187397
1.84010080079416
1.84909714210084
1.85312621199859
1.8503948108962
1.85235554474906
1.8495144170435
1.85174993432242
1.84935036176893
1.84979073704238
1.84680289743148
1.84812944975658
1.8328906184847
1.80311539442364
1.705424281468
1.8054894334974
1.6744285599649
1.88947335524205
1.70986691563496
1.82840580712299
1.79296030461481
1.94437268730467
1.82560797054804
1.84761768248198
1.89516127795445
2.00461938472214
2.2767158633314
2.03337710951143
1.71739464852491
1.97269061046567
1.82513881778508
2.11180833258567
2.01821313380935
2.03849198761207
2.00725426806712
2.00725601868114
2.0203215780681
2.11821591938135
2.16521392095498
2.01773601834588
1.96992650233408
1.90592592580474
1.78702948742496
1.83801781436861
1.91987907557766
1.67548176624178
1.86817534553371
1.77993835917813
1.8380216615484
1.89283309043383
1.75804905933104
1.79783562984724
1.76727796917203
1.93609326105593
1.81371805945618
1.82027012786868
1.52175207943844
1.48034204329177
1.79204619761992
1.69050740749701
1.52641276743097
1.61987234639531
1.47946566641794
1.77066579168652
1.9989280895643
1.89374434965594
2.0526011088034
1.71462162120997
1.50291283520488
1.55682497711251
1.47057969481498
1.41194830020955
1.58263808686174
1.45597740168269
1.60450739639258
1.76439886631391
1.73692088414034
1.67872835533037
1.43207171791497
1.50586188317333
1.68299306366644
1.78305447966921
1.7657626692702
1.83809023825595
1.78246348727192
1.88701758734007
1.77551482468772
1.46256561091037
1.80670071769412
1.80140983887162
1.73805412329959
1.77787238716533
1.75306894153521
1.75875484232089
1.85635803237509
1.95553960535559
1.85938622314981
1.89890680453597
2.23519573221766
1.99637390352715
1.75369681473832
1.67208046704582
1.81535214865444
1.83714571355776
1.5743759472104
1.72716023306414
1.76532014919757
1.51101598639683
1.80229905880468
1.83669773827905
1.80410672070229
1.67554389263619
1.85778677888767
1.72439961996158
1.8628629757018
2.33929089483844
1.66794777015617
1.81985190002084
1.83772485870203
1.77931614867787
1.73795975026127
2.09346632322888
1.81305004874484
1.84069396635153
2.01220853968905
1.77160460089921
1.43466392540292
1.71785123920457
1.78063492245361
1.55257402261987
1.55335756958753
1.63665242671863
1.53596658505043
1.80231307631089
1.81395486329856
1.67729998252882
1.50225984398104
1.39361555600397
1.75737704734896
1.81043152316113
1.97521409136701
1.92499697361502
1.87862341101237
1.47684537343397
1.6940199582906
1.82602423017193
1.76565498423041
1.79106673169868
2.04165838470909
1.94905987968255
1.91085163241921
1.73310375662569
1.92550752705892
1.95396976982486
2.05933255980367
1.89372513445452
2.07627629062861
1.58379320764883
1.50048648165996
1.64673986362114
1.59792974689951
1.84010580923501
1.94366593686807
1.99147176182872
1.89014877577163
1.79916895045746
1.80923237795207
1.80751140372619
1.78526686843998
2.26635059730356
1.89998782921906
1.86707228467135
2.02791130209195
2.01339669133706
1.84241150275041
1.74341393596402
1.61981254268078
1.79488831946772
1.56284245238659
2.00211574056873
1.32505562608864
1.6652260529014
1.86919568653612
1.79082021272558
1.88771561016047
1.83534526224982
1.84297234311204
1.86490309740502
1.76204272584944
1.81217725691873
1.67766664228274
1.71364877828139
1.86911552423054
1.87516639671842
1.99780876128187
2.06209303460499
1.8393328628327
1.86921635936695
1.78621808714675
1.63013120436036
1.71107619522686
1.65274783087341
1.79394482913366
1.49651546751787
2.16374376488534
1.725348513318
1.82933106377354
2.07843216519278
2.07837709659178
2.07830634660157
2.07824041103795
2.07823554315076
2.07825404046376
2.07817580298644
2.07823044823169
2.07835383792695
2.07790815418013
2.07823048968133
2.07854854506107
2.07943707537038
2.0783923960987
2.07661156432221
2.08146851009106
2.08699988880822
2.08155887792772
2.05720631769782
2.00826434580036
1.77899395008857
1.75240293394173
2.05288822694712
2.06018895952
1.95898066992208
1.96507207244226
2.07456267386609
1.90760170260149
1.90037106002074
1.93741010916015
1.47969088198063
1.65251616347207
1.73399321870175
1.79560132119474
1.75813808998956
1.53839187650329
1.74665115322124
1.71476133653017
1.787928206145
1.78704311524452
1.82764950945163
1.84125902457609
1.95493249921266
1.84551914892025
1.60490352332133
2.21871502044319
1.89120443053804
1.93625417942919
1.86366062605296
1.95131704018069
1.69216853504791
1.8380212228122
1.78889272078613
1.67967275901274
1.59121605446349
1.92779080895424
1.95068416894674
1.74306994728004
1.6572412668432
1.70405120535666
1.80034209267494
1.76664750082899
1.4509997171961
1.88681509300001
1.61439597930357
1.8569185065123
1.42071995394049
1.59847569853554
1.73707634394559
1.99449704885116
1.78657757657566
1.87331044785178
1.73582023763046
1.69043304763518
1.92506674163906
1.71109906387698
1.84767424255684
1.79023469503796
1.7177963516346
1.54576770524595
1.88106776822144
1.85090052338869
1.94396267816716
1.58369391023411
1.7466679722374
1.94012765790616
1.75561497274972
1.55513873357675
1.64130949968529
2.19580861137038
2.08076758245747
2.05203825744681
1.962077627024
1.90617919143766
1.59339783695802
1.66836647876776
1.29638135298498
1.55797663367377
1.54499575034729
1.48741626162348
1.82587394379588
1.81986515806175
1.72170808551798
1.81240624730705
1.84510439800825
1.61716170228299
1.76123990753709
1.84195736793276
1.6388941294703
1.73425073125567
1.68546349005418
2.02908992010024
1.77701629192294
1.80700195966164
1.68752594977786
1.86242023057113
1.85347525942454
1.82897741544036
1.81845604208515
1.81238217101541
1.83138377242804
1.82679652487306
1.68945671270788
1.83560296723553
1.76411773021023
1.78482026669744
1.81557850206467
1.82038944328517
1.82137892254732
1.84199869599837
1.87170672179575
1.85115291136004
1.85206983832874
1.91159086055038
1.89904566172754
2.00373000295901
1.56369477808819
1.72707138143242
1.84918861352002
1.51970680077171
1.82537061691375
1.69563261457418
1.98166342437091
1.86194152675218
1.83030977209908
1.90068139915788
1.83865432451225
1.82818816361877
1.78417188745945
1.90445800839749
1.90968443502402
1.84458385478499
1.48084458900445
1.76078464737404
1.50098123806631
1.96992671230009
1.82752100615753
1.7556268984438
1.86411920464891
1.73585386183252
1.81457565116416
1.9443915023416
1.7616264728808
1.80514919880037
1.83630027576971
1.8121464721656
1.7303019534664
2.01617050388613
1.63259479305997
1.93602040697116
1.67544159061558
1.72259543424211
1.79165692695192
1.78307727866261
1.9478723066822
1.68200622276727
1.87700557843854
1.79737478107826
1.66307897527739
1.81903456872077
1.7170338546494
1.87035598962765
1.75343726263151
1.90282909905697
1.55842005464576
1.65590330232052
1.86898213809751
1.84009844405684
1.86980049424238
1.74903556302884
1.66669775818529
1.72172629914326
1.5995679771941
1.66988697445143
1.80882285409246
1.91585783088755
1.97954552965434
1.84111065671047
1.99258917200508
2.03851878171723
1.65696572275468
1.46932824123743
1.70659866622904
1.53604306348306
1.88316338132492
1.83558601947256
1.92335979203029
1.82122770718833
1.48536827672487
1.73463146392735
1.89839485739801
1.48500320377005
1.80926064631921
1.74881255145905
1.84746622641756
1.92652306123279
1.70059994713709
1.86229687158823
1.93283254628963
1.85207580310052
1.70889834699861
1.6481533921674
1.91531341088369
1.88265307050246
1.84561322267473
1.88278802111425
1.43329062471587
1.63227606635753
1.71096511097247
2.02331903620433
1.96905598232644
2.22311354249086
1.8293760290141
1.78566841200659
1.77116548331545
1.82115390246509
1.84257433599604
1.41862561194927
1.66977588507666
1.70514800518744
1.77779730982947
1.92741952862758
1.89447214138718
1.90329489819829
1.62161460309627
2.04258740766646
1.6448384302937
1.32365090971794
1.63262933436044
1.79962257624869
1.7836767404687
1.59720815444072
1.92391424493382
1.79179518325309
1.91171225787663
1.78299826865975
1.52574477199529
1.68290768267462
1.67578530878187
1.86648583385726
1.51925996607636
1.709516087762
1.74717749233005
1.76122642266641
1.74980496670239
1.68621131569793
1.75691565109078
1.72762799797496
1.75444393021834
1.78044782635336
1.77512293530949
1.84368803355952
1.66303759201106
1.74161075686098
1.72304532359363
1.72293531518858
1.7334581264892
1.70187384810822
1.77740089291741
2.02683636773458
1.73786377313493
1.60194185416054
1.56236303079705
1.7412453610183
1.77523740098668
1.65355481666743
1.7445980437679
1.88299527978786
1.83472256835962
2.18852606960165
2.0590021154407
1.51810920010894
1.44989310526274
1.48310388721789
1.71857159107334
1.98235913622451
1.9977582142398
1.85724671398661
1.98857949916348
1.79640751944201
1.39400284562033
1.84742823646528
1.91334410110696
1.83130775966052
1.81331689638556
1.90223152567007
1.99700571057554
1.7249411123
1.89808048193232
1.99204843470835
1.81497329062612
1.8235901005947
1.85007295002164
1.79028826768946
1.86317224937691
1.75956135382212
1.76409865372159
1.74805614737003
1.79108394160475
1.81483351527333
1.79261995165431
1.73671604592382
1.77415685375139
1.77705169804618
1.77303893995754
1.74709060503688
1.78844026239273
1.75795050114384
1.9185051798938
1.4631902476035
1.77732214604256
1.77238156950081
1.93699743810323
1.92669683349352
2.01487901927752
1.94859817655992
1.90509621744941
1.93476811036475
1.82926323172634
1.88940074056546
1.80973894697483
1.8452608532428
2.034175326505
1.74162169907641
1.83001457282921
1.77398541039306
1.55882733522957
2.12023856458014
1.77251990565583
1.49419794036653
1.57477389213149
1.5215474982389
1.75588107172418
1.76082110559719
1.81862115027852
1.60365088432847
1.41404054798144
1.90082763815785
1.68395674129705
1.87831310804095
1.80867409864406
1.75228654790558
1.9153512194669
1.81689258670942
2.05391069516433
1.74727642623682
1.95559696373613
1.64692449977643
1.99209990331796
1.89348503392727
1.72306089867472
1.76240845851648
1.836164788675
1.88714230610258
1.74802370358886
1.81620132687037
1.74855761476178
1.63358386797422
1.62466931636458
1.79280755668137
2.00753951756625
1.79716348587784
1.54903877673715
1.89207916564105
1.83705888386647
1.91055752150241
1.82200683305688
1.66436686440304
1.98610331489334
1.76659853840176
1.80097074690927
1.78596575840661
1.85478906717858
1.97012268286199
1.92707636106863
1.97058208199461
1.97899019254319
1.97551967099866
1.97767898568423
1.95944903448595
1.87681104472412
1.89660709521793
1.93996007399744
1.99051874191389
1.9226055806539
1.83100465377672
1.81500355719616
1.38488573951669
1.85058552963651
1.75118521893384
1.6654996819086
1.3534577258909
1.60479198198097
1.9608531378342
1.80003359897082
1.85099648871113
1.8160044417071
1.82747805387015
1.64425380169584
1.84007637301605
1.8469985522971
1.91793461875354
1.65376588368239
1.82747102132869
1.86108451081589
1.83542481662148
1.90864469573893
1.97990024499614
1.97395971587999
1.72028666493226
1.74836217835854
1.77484980062321
1.86083763072878
1.83991453534075
1.79116465747958
1.79685237442532
1.89769777893828
1.97892236196714
1.62413054113596
1.89663170470876
1.38824895096182
1.69031979716276
1.59903508351843
1.71808867471369
1.82188308900237
1.89917866100838
1.59236930549437
1.45365535839376
1.93177176130857
1.74349288117245
1.74331540492704
1.62578037625872
1.85972319955847
1.78616998102672
1.29268704623339
1.98663035600657
1.91001428759779
1.98099244268607
1.91409866324399
1.38306569671696
1.574045351137
1.92709642313261
1.83443241032623
1.79704572968164
1.87249346314511
1.93373458274838
1.93169040301038
1.94116042990012
1.93945675182676
1.92898724875006
1.94118635074245
1.93573665860513
1.93223179527187
1.92946126029052
1.92520012657284
1.98458830775001
1.94410707278307
1.88211009665892
1.88844514243123
1.95023905930002
1.93192878380677
1.98721640591522
1.97710712757671
1.99872810185407
1.99063782193472
1.81092205585019
1.79063195857733
1.73044857103298
1.83777750290908
1.53364556844206
1.81774539031287
1.95516827698378
1.77428424683024
1.8612711949616
1.402650315918
1.80662165471426
1.91455244637732
1.87274070520973
1.85140354588886
1.86063939787951
1.83120113191078
1.88205969707007
1.87192910408738
1.5386290281351
1.56427190045087
1.68066316959221
2.12056444611915
1.58860657505497
1.8732998714211
1.78094874026502
1.73224857573415
1.54075018209077
1.70051494120541
1.62419144209851
1.74423266050268
1.80248602957647
1.86960179328192
1.82551056736664
1.53890246521043
1.84505098149913
1.59620891286139
1.81048262761148
1.55594622480805
1.7952945943146
1.65553048739677
1.95045115739252
1.71488907083614
1.4924883890312
1.88447325735781
1.94448606911694
1.92036442412943
1.82044171875279
1.48047800269015
1.51037826093208
1.87332925649034
1.91902011998977
1.61138838915451
1.76306419121839
1.67292296612949
1.87450515318137
1.80425692330702
1.85404416869984
1.83225032698033
1.85522051913577
1.86080781995036
1.84119234781227
1.87929114496193
1.89503052030913
1.85384749491796
1.86193555612633
1.87082162565686
1.85332838409452
1.84663601864431
1.86958556238186
1.87559273997873
1.90678704921697
1.8843081098931
1.72493800089047
1.67225031575187
1.73237089533888
1.89635395281918
1.60706130436785
1.58146349305333
1.79157256299778
1.82719751880774
1.81726792150679
1.82039959108356
1.82384421343397
1.83181351484813
1.83863445065857
1.82736020803139
1.81798593406039
1.87877017151141
1.7779866096343
1.80972511333799
1.89923952485324
1.92156218289571
1.91662521360384
1.91007850354951
1.81974021050115
1.92732084055763
1.92254961906256
1.87549685858161
1.85748870656883
1.75978716943405
1.65793397453465
1.8291141371057
1.83520184510173
1.985781105256
1.85665774275319
2.01192585182559
2.14295869279547
2.02714392384269
2.02716300196478
2.02717296346889
2.02698373703886
2.0270798589492
2.02720017366053
2.02697517154057
2.02708276209642
2.02773915100462
2.02565358600801
2.02198960542352
2.01378918528984
2.01719165584507
2.01681225074992
2.01607812257388
2.01224826578877
2.00717625511491
2.00517856384908
2.01194356770306
2.00579154048289
1.99391421396505
1.97880955053399
1.70656557178176
1.57077401946536
1.96241293163845
1.74281851914702
1.60868931421411
1.86144528022447
2.20814648817669
1.52377839290016
1.61902910087353
1.91712098500323
1.77081973000493
1.8415580515315
1.8503879470104
1.85144553513578
1.86634265793491
2.06056685769497
1.8399846501824
1.70796105264269
1.72237322160334
1.8185751979983
1.86902677895743
1.99413764689349
2.00762037628253
2.15531215677256
1.9690556544784
1.96461699580571
1.91688631376148
1.63535008446396
1.59397515295627
1.47595136360731
1.75203614505107
1.33767675267727
1.74450681919071
1.78609429368477
1.46684615870584
1.37307673776862
1.77460340787499
1.83308558744743
1.94705646570387
1.65971540267886
1.66510361678036
1.52411182822582
1.53587366795974
1.63929682295762
1.88834567880394
1.79619089490527
1.83930187458927
1.69795826370199
1.74306102728962
1.68540786622728
1.58419487540016
1.4684074763974
1.61839582839492
1.39350196794297
1.4073583663784
1.57096876184063
1.66885193543611
1.65591295390081
1.538148988918
1.73722604304107
1.75070589242804
1.51726130347343
1.6894050893216
1.70342420568175
1.6605353216035
1.61873662626761
1.76704569147512
1.80154066791885
1.90672071596309
1.8553558113461
2.10446198429801
1.88864617113111
2.04713681532041
2.00825829005823
2.1014717577967
1.84989956100819
1.8453920076441
1.84978538721633
1.93471113084584
1.88578451650383
1.8536604667528
1.77869266875408
2.01094629946052
1.92866820845448
1.84895087646548
1.86346571905167
1.88667928297744
1.81925576596081
1.84064689833223
1.95885454493619
2.0322790312415
1.92305561299749
1.97370985547949
1.92875676075151
1.90782845095398
1.51829147613093
1.68833466943921
2.22165006210911
1.82087907973588
1.8833873157549
1.67907292311371
1.92056807588206
1.54489387384737
1.75248471412573
1.67586760041511
1.84050635324333
1.94991038750037
1.9681821919013
1.95050811814292
1.95531165110738
1.94040853382797
1.93844960430964
1.92862584673134
1.93649515850688
1.92357527881095
1.94626492434342
1.9532124929454
1.86269985464868
1.81118811692499
1.86745090948412
1.83058295595172
1.8539752144688
1.84563730602646
1.84466947682555
1.85141343339602
1.84683683932141
1.82910807411182
1.8268913273641
1.84196680986597
1.83562716538329
1.80123013531154
1.81583433321282
1.81125254013761
1.81766028615992
1.82068497696536
1.81938163500793
1.81902748751622
1.74868224091794
1.79004713620475
1.79426890480684
1.78596622513294
1.77205157437967
1.78828682527588
1.79181736261525
1.82482889795689
1.96473997267742
1.48158537517444
1.76371541419306
1.91623597457564
1.71862900176024
1.52439640566308
2.00786855465465
1.62288159836306
1.71055212455467
1.9539687096484
1.75387962504982
1.81040759951178
1.72325694493415
1.87341017180818
1.73454172274361
1.86122273425508
1.87183496494286
1.85598762441378
1.87789227724187
1.89948037813805
1.84177894905777
1.85885944187667
1.76877989372404
1.56199039323053
1.76964273179732
1.89400878236357
1.78765388669855
1.88205333438698
1.94008684043205
1.98060467494024
1.92502869519444
1.77308428359338
1.83428427712274
1.62117156584348
1.72346981900798
1.74577092224011
1.85203952005464
1.71295020625441
1.64901073516592
1.56760520834142
1.61158575688812
1.65483501922212
1.70683201944864
1.76274806243144
1.41742402604853
1.60295240066329
1.98833143707661
1.6885062926557
1.60647329434777
1.69897314149828
1.4590484117564
2.22431725769438
1.66672871026417
1.85419359736978
1.83226877471024
1.89614703415566
1.86258741320366
1.86101944378819
1.86565443986052
1.86759337257466
1.87618427243566
1.90944077276603
1.97436408903471
1.94834671894887
1.82082742799675
1.8138426792603
1.95631211718809
2.19550247871737
1.78433421901601
1.98503875921288
2.01350318563311
1.91426811164741
1.87790559633588
1.74832000088976
1.84328038344374
1.77931394021584
1.78838655987706
1.84271084324082
1.85319323851682
2.02671871903015
1.96925193420455
1.81302630319808
1.80142982127091
1.82596168666537
1.79040614529053
1.81800118418747
1.8894153335354
1.88273358706937
1.92861869814588
1.73658570161535
1.76485252726986
1.69361853797147
1.9742739423134
1.78875270548584
1.84295896169782
1.94979569242881
1.82561474564122
1.80511138619912
1.80211659883874
1.73149658167325
1.54303203304421
1.39621247007484
1.55227682469464
1.99451060217287
1.8977822822073
1.57323019328829
1.70884190551586
1.61539226731712
1.78365791561857
1.78270309063595
1.72561108839299
2.00885107491708
1.6129442958313
1.70904116856143
1.7611769342826
1.59646397253405
1.70268205671323
1.91438812522058
1.85980193714413
1.92000755091687
1.66342298761014
1.72842539276454
1.8065690365834
1.80598546608361
1.83119754634977
1.86571826306443
1.64426860294334
1.7484196634531
1.58513305675909
1.36122991009537
1.40742054212072
1.86093971781604
1.31003214036136
1.73955183527782
2.02989583500664
2.00511319735035
1.90915666247943
1.60812650738572
1.7323178425882
1.7481791928311
1.89340857349782
1.87680697892874
1.99236093998624
2.05552964174771
1.74600014581436
2.36522955137792
1.80504442505112
1.8636045084304
1.75305745501142
1.71867862212076
1.95252257786524
1.53906095036869
1.66009321655699
1.99637141780079
2.01434534252894
1.6626984604033
1.38548545805756
1.65917313556988
1.77567700244462
1.57664917813011
1.77071277308918
1.80554095752532
1.46903533766262
1.72892241642764
2.27657952860599
1.58070029055072
1.77716687870167
1.97786881463276
1.55786199138343
1.86187644578503
2.11319784639739
2.06904702095726
1.95844235848344
1.88326736213973
2.01519203402771
1.87223074995496
1.69508332064032
2.07014222293952
1.74794975387521
1.7418443883807
1.87018007109048
1.48117121976424
1.9469467146759
1.88706454184242
2.00547445979417
1.8493610744215
1.44355779581175
1.48837440852212
1.79862376588079
1.55364013898657
1.73316541753173
1.75906287946427
1.78872082182431
1.71398758559161
1.61334850268662
2.02125256680695
1.64024893129901
1.57237421883948
1.90913513715134
1.72707485085101
1.70100250704523
1.43318354149085
1.93994029624225
1.94725648176109
1.75706008385835
1.80964792594545
1.86583499760192
1.86112788520272
1.78535777102997
1.7714846097058
1.80446407150186
1.77159219603023
1.79836385939732
1.86244930808938
1.88163431139785
1.70477125182929
1.89078001719533
1.69152982311325
1.80065766254321
1.7610030635435
1.80317983324124
1.62620921483323
1.43162983410974
1.68691828310036
1.86642457788082
2.15837775385775
2.20095163728248
1.77701095180519
1.79281694652195
2.37008356679141
1.78824453853502
1.79563948117358
1.86424008231218
1.7814296740006
1.88934137373845
1.91897835619784
1.85226859073
1.70888234507183
1.62951615648437
1.76163359924004
1.83963560633594
1.42990372078644
1.92014437826721
1.77784665210103
1.88768142697407
1.79588801504304
1.07481257908069
1.8870482751067
1.57012173978269
1.3669831479194
1.84852327630854
1.93869586283959
1.94919049846113
1.70716283515264
1.51705261216244
1.52624388791973
1.6956950439597
2.10295936066782
1.58708628009097
1.59305264979586
1.59152563996526
1.5939709073466
1.63779630603353
1.61135001779487
1.9290368365566
1.84998079744746
1.69888196352571
1.89578253860434
1.82729603991759
1.89420644066179
1.72901588796884
1.85783783854655
1.35949235554875
1.43215717957723
1.87848264037749
1.63203554881394
1.68003399921435
1.83511972578852
2.22613137496503
2.10675416058932
1.38409740609519
1.82748311413693
1.97799726025227
1.73231461322975
1.84538118507448
1.83937352001025
1.83044893496958
1.99637502378387
1.99408373928339
1.85529695149181
1.90098543420963
1.78984701494286
1.57136309779844
1.72035736904484
1.80149725471884
1.74287078469025
1.81481744725671
1.71826499577666
1.66673638762549
1.80788180541389
1.85583225678493
1.81225679126443
1.59532180961572
1.54035337321168
1.87088751662314
1.84471189461385
1.73504537278774
1.65021658299023
1.85243107422759
1.84142035845329
1.70069133414614
1.49768819744076
1.86529623747187
1.89313868692195
1.92570411192157
1.88241652262264
1.88163440813199
1.83439361028442
1.87909082127822
1.75737114779587
1.73086083119615
1.93780373475788
1.74377150568285
1.48742694438177
1.67355171327457
1.8403240163679
1.83790975187709
1.97397190302313
1.73552159748285
1.63740239494126
1.54755179247332
1.50102419761689
1.77517211833109
1.61292633263174
1.69331147616346
1.71701948904541
1.9857294039305
1.85207290393226
1.87072359225595
2.00484490494301
1.6401156183558
1.78785557924101
1.83344909546711
1.84317964848834
1.73112094660108
1.77189027748072
1.83924918254078
1.53088488374796
1.90593221427103
1.97756803427654
1.67320541356458
1.57198504211437
1.56774750680527
1.45376311201096
1.53986768181164
1.51156770166393
1.3542355061841
1.45909390837511
1.54484457649408
1.36314930693356
1.75227816694731
1.60624290925753
1.85339552868596
1.78263391813356
1.6736665476887
1.87490392353231
1.9318511545286
1.70393495231689
1.53854924790191
1.7484988194519
1.82214068286551
1.95601390411401
2.0411428865216
1.8286547538337
1.79788737248323
1.84663423214127
1.98387294321943
2.00456890565641
2.03572619549266
2.02904818171797
2.02139307152305
1.97341260517264
1.36331639554781
1.39760741511523
1.78004388893447
1.75887090498294
1.92265980953054
1.65460431242278
1.61305394424911
1.80094220421197
1.55683587121272
1.46513067728142
1.39576319314769
1.65868073411521
1.62604060308105
2.05932946643977
1.93403105088455
1.51861440349743
2.07272445007721
1.88787927696721
2.05645815588976
1.95741012539572
1.99024031625846
1.93410371144044
1.84885389021856
1.92121865844494
1.91226685033448
1.8745213381086
1.89550782082982
1.92712898256258
1.81722066641469
1.7499193199543
1.92118239462503
2.05520754007244
1.86059341806982
1.9046181720727
1.90157252035394
1.87880416963484
1.84151443652373
1.98639476978667
1.96988259802295
1.75831581541989
1.60808844249089
1.76411788569904
1.6970584585558
1.67711994079411
1.8145605232013
1.82676204670853
1.90954117336731
1.94524177660652
2.05681531871745
1.9733896949812
1.47711877760091
1.93085943625659
2.08354780581641
1.83421281812065
1.48564260505444
1.64046841356423
1.83013153418235
1.56239621198672
2.41960571326729
1.85768753067203
1.83414792090516
1.86974078420867
1.85297610039673
1.36943055859415
1.91919472059328
2.00922938307004
1.97440230839815
1.97628043190791
1.91746370907664
1.90862874599209
1.91779632426843
1.89078108133207
1.76158433547256
1.8917017428091
1.8522208789904
1.80849719085812
1.82648672921866
1.70633247076733
1.72723873137828
1.50120411369647
1.36855991765069
2.16776601803829
1.97944400376006
1.28224342545019
1.61890548185469
1.62059999478643
1.50831947164428
1.66996043001144
1.6599350346674
1.59604771991897
1.61016445381867
1.53510079271909
1.65158821712468
1.85515178482145
1.69919010134673
1.64623684510864
1.54965778297409
1.57944034160551
1.76872470656498
1.6752630866843
1.57264593676022
1.57570955122865
1.67281117506617
1.83303636113677
1.97281196912805
1.94608172072672
1.89171273233134
1.89068699482744
1.88097015268657
1.87508161597735
1.86593809225331
1.88824260206213
1.8733143077217
1.87151314524302
1.8693700477388
1.86786061687388
1.86776886655066
1.86881473065024
1.86745922470251
1.89439798905292
1.90939399689637
1.9320111408153
2.11999607963115
2.08322586781867
1.98814805385224
1.99502696831411
1.79750812904613
1.87915584361196
1.93581511393226
1.74510676412034
1.71648868716082
1.54923911882927
1.86438151570496
1.77489834017556
1.6081211390753
1.85636063838767
1.4446819337103
1.62768473793172
1.67527021452653
1.82557095669657
1.76310805250029
1.97802040470152
2.00133801008413
1.87061243880668
1.8214560427405
1.89788499642412
1.8415617295248
1.55762057234461
1.60508810453167
1.81360471373181
1.68402312558432
1.80669005113963
1.84804197719756
1.79426652974882
1.93551858271294
2.13112104127586
1.81926964484233
1.87335183329815
1.75444929786574
1.85026996703443
2.05821164484968
1.98890173395463
1.78898925093876
1.91951193101297
1.65046712183599
1.51042063546553
1.70350282762161
1.3556124709566
1.62597426998808
1.81494198199325
1.93785381434147
1.83191095023408
1.67754350667467
1.65653331031903
2.09839847060224
1.72897880534455
1.76070739852613
1.02113009791084
1.9503160681418
1.99556691792425
1.87349864689702
1.90180323876766
1.86600169124811
1.69581459200282
1.3635756837478
1.87696257656366
1.85321718130656
1.68222414065313
1.70645898049279
1.94383867246524
1.37099576197009
1.70503569590066
1.64743662529326
1.56827108288573
1.52920431982952
1.29504621802617
1.6777897015086
1.45711657085917
1.73531748588097
1.71985004822739
1.45718563655829
1.50913809520848
1.71053614031644
2.47950808754251
1.85116843436116
1.55106253341307
1.61772841102743
1.66332436463062
1.84433830391677
1.83628501704148
1.751623355745
1.75334032930105
1.67418477619713
1.80862794053762
1.52905111676348
1.78957744608182
1.86980012575978
1.86558830239786
1.95647267005172
1.83194594339476
1.89688347125904
1.52491855182365
1.70048926234592
1.84048715964403
1.88093544584052
1.81214501994653
1.72425384152178
1.67126040014897
2.08322417574876
2.03778764215939
1.75318198293235
1.86980950094421
1.87922339538422
1.95871100277181
1.91435500219219
1.78743433149465
2.09076750371956
1.71241780790541
1.49940774220269
1.65429632155665
1.83237165602732
2.13963559738277
1.75535252087379
1.78920031634043
1.57174186508582
1.72932078876496
1.52844410142963
1.66761759234942
1.53250098821687
1.84387350862318
1.43675275969187
1.52171350810428
1.89055919707591
1.93207773395577
1.9162215828282
1.98566644558982
1.98507330157283
1.99789080758033
1.99619450942662
2.01284694080465
2.04315345180336
1.8720932482951
1.62287468276149
1.66398506142618
2.26523194460546
1.38257328430213
1.50626597675604
1.84086844397191
1.55048267568273
1.95339474441691
1.86979048654661
1.90447640541744
1.62961069973894
1.92770740290512
1.7630618320551
1.84128917838196
1.62458906302476
1.92388515092444
1.48333739140228
1.7146279160093
1.84360816563808
1.44658009521688
2.15006900812
1.87394381467953
1.91984817182474
1.8853594962476
1.96376298810978
1.91158964215061
1.97037883943688
1.91062690323726
1.91995230681214
2.00580978912191
2.01090545976351
1.97748157948735
1.89804692359768
1.86377470876561
1.88151493097199
1.98512051590544
1.92033996476865
1.77010565526832
1.96298611073745
1.92601501013582
1.97704623343809
2.09579098595054
1.92621246718945
2.06583075250415
1.8028306092684
1.79968996153336
1.87834550521197
1.72489890401274
1.90780283448658
1.76351598354649
1.85909010491602
1.71615989022193
1.78475735411019
1.92551489098152
1.62061135661401
1.77781534528992
1.80987520207469
1.7899846152823
1.87974198228268
1.85332974449059
1.79054554161364
1.80824129972396
1.77683176710659
1.86111771270434
1.79343649701099
1.70122263630048
1.52004612269384
1.61866272489561
1.35536576920619
1.35230377373492
1.5280077233108
1.58665761534505
1.53882945480651
1.58612672511355
1.42707530025646
1.6480236606229
1.82566961608351
1.68726748102024
1.36064244541368
1.34552295109859
1.96712806655547
1.69281918897491
2.06726869676234
1.93514325355956
1.73579317607112
